1000 1
0
1
0
0
1
0
0
0
0
1
0
1
1
0
1
0
0
0
1
1
1
1
0
1
0
1
0
1
0
0
1
0
0
0
1
0
0
0
0
0
0
0
1
0
1
0
0
0
1
1
1
1
0
1
1
1
0
1
0
1
0
0
1
1
0
1
1
1
0
0
0
1
0
0
0
0
1
1
0
0
0
1
1
0
1
1
1
0
1
0
1
1
0
0
1
0
1
0
1
1
1
0
1
0
1
0
1
0
1
0
1
1
0
1
1
1
0
1
0
1
0
1
1
0
1
0
1
0
1
0
1
1
0
0
0
0
1
1
1
1
1
0
0
1
1
0
1
1
1
0
0
1
0
1
1
1
1
1
1
0
1
1
1
0
1
0
0
0
1
0
1
1
1
0
0
0
0
0
1
1
0
1
1
0
0
0
0
0
0
1
0
0
0
0
0
1
0
1
1
1
0
0
1
1
1
1
1
1
1
0
0
1
0
0
0
0
0
1
1
0
0
0
1
0
0
1
0
1
1
0
0
1
0
0
1
1
0
1
0
1
1
0
1
1
1
1
0
1
1
1
1
0
1
0
1
1
1
1
1
1
0
0
1
1
1
1
1
1
1
1
1
1
1
0
1
1
1
1
1
0
0
0
0
1
1
1
1
1
0
1
1
0
1
1
1
1
0
0
0
0
0
1
0
1
1
0
1
0
0
1
0
0
0
1
1
1
1
1
0
1
0
1
0
0
0
0
1
0
1
1
0
0
1
1
0
0
0
1
1
0
1
1
1
1
1
0
1
0
0
0
1
0
0
1
1
1
0
0
1
1
1
1
1
0
0
1
0
0
0
1
1
1
1
0
0
1
0
0
0
0
1
1
1
1
0
1
0
1
1
0
0
1
0
1
0
0
0
0
1
1
1
0
1
0
1
0
0
0
0
1
1
0
0
0
1
0
0
0
1
1
1
0
0
0
0
1
0
1
1
1
1
0
1
1
0
1
0
0
1
1
1
0
1
1
0
0
1
1
0
0
1
1
1
1
0
0
0
1
1
0
1
0
1
1
1
1
1
1
0
0
1
1
1
0
0
0
1
0
0
1
1
1
0
0
1
1
0
1
1
0
1
1
0
0
1
1
0
0
0
0
1
0
1
1
0
0
0
0
1
0
1
0
1
0
0
1
1
1
0
0
0
1
1
1
0
1
0
0
0
1
0
1
1
0
1
1
0
1
1
0
1
0
1
0
1
0
0
0
1
1
0
0
0
0
1
0
1
1
0
0
1
1
1
0
0
1
1
0
1
1
1
1
1
0
1
1
0
1
0
1
0
1
1
1
0
1
0
0
1
0
0
0
1
0
1
0
0
0
0
1
1
0
1
1
0
0
0
1
1
1
1
1
0
1
0
0
1
0
1
1
0
1
0
0
1
0
1
0
1
0
1
1
1
0
1
0
0
0
1
0
1
0
1
0
0
0
1
0
1
1
0
0
1
1
0
1
1
0
0
1
1
0
1
0
1
1
0
0
1
1
0
0
0
0
1
1
0
0
0
0
0
1
1
0
0
1
0
0
1
1
0
0
1
1
1
1
0
1
1
0
1
0
1
0
0
1
1
0
0
1
1
1
1
0
0
1
1
0
0
0
0
0
0
1
1
1
1
1
1
0
0
1
0
0
1
0
0
0
1
0
0
0
0
0
0
0
0
0
1
1
0
1
1
1
1
0
1
1
0
1
0
0
0
1
1
1
1
1
0
1
0
0
0
0
1
1
1
0
0
0
0
0
1
0
0
1
0
0
1
0
1
0
1
0
0
0
0
0
0
1
1
0
1
1
0
1
0
0
1
0
0
1
0
1
0
1
0
0
1
1
0
0
0
1
0
1
1
1
0
0
0
1
0
1
1
1
0
0
0
0
0
1
1
0
0
1
0
0
1
0
1
1
0
1
0
1
0
0
0
0
0
0
0
0
1
1
1
0
0
1
0
0
0
1
1
1
1
1
1
0
1
0
1
0
0
1
0
1
1
1
1
0
0
0
0
0
1
1
1
1
0
0
0
1
1
0
1
1
1
0
1
1
0
0
0
1
0
0
0
0
1
1
1
0
0
0
1
0
1
0
0
0
1
0
1
1
0
1
1
0
0
0
0
1
1
1
1
1
0
0
1
1
1
1
0
0
0
0
1
0
0
0
0
1
0
0
0
1
1
0
1
0
0
1
1
0
0
1
0
0
1
1
1
1
1
0
1
1
0
0
1
1
0
0
0
0
1
1
0
0
10000
731 1 172
524 1 330
235 1 481
386 1 287
213 1 305
670 1 290
94 1 424
539 1 237
595 1 146
231 1 432
979 1 461
189 1 308
744 1 129
860 1 471
253 1 373
382 1 227
402 1 379
985 1 231
50 1 415
682 1 72
280 1 500
556 1 215
918 1 248
593 1 41
81 1 296
311 1 17
28 1 135
682 1 346
37 1 406
267 1 51
251 1 6
21 1 164
686 1 346
739 1 312
349 1 166
636 1 178
177 1 200
537 1 239
316 1 494
857 1 384
205 1 64
73 1 130
42 1 279
865 1 350
268 1 460
57 1 118
900 1 142
678 1 147
241 1 494
722 1 13
527 1 372
5 1 273
842 1 371
988 1 276
726 1 71
743 1 4
122 1 365
6 1 437
385 1 332
117 1 144
803 1 288
780 1 498
543 1 231
274 1 280
405 1 27
261 1 294
219 1 84
531 1 301
267 1 306
233 1 102
302 1 498
956 1 14
974 1 216
332 1 34
230 1 436
606 1 278
99 1 359
851 1 172
73 1 159
969 1 182
468 1 389
332 1 449
936 1 73
920 1 429
279 1 243
863 1 111
400 1 424
485 1 397
883 1 297
189 1 376
271 1 73
446 1 365
576 1 98
493 1 125
445 1 36
217 1 106
392 1 348
749 1 227
650 1 119
893 1 139
991 1 37
170 1 99
834 1 295
728 1 346
706 1 18
165 1 123
344 1 102
527 1 401
610 1 174
508 1 8
221 1 244
44 1 499
719 1 209
840 1 330
775 1 3
338 1 145
6 1 354
542 1 452
170 1 125
498 1 303
373 1 373
90 1 380
785 1 317
131 1 431
630 1 56
917 1 467
943 1 472
653 1 121
776 1 458
84 1 299
900 1 97
699 1 387
435 1 90
729 1 376
978 1 329
42 1 356
604 1 1
865 1 319
790 1 230
646 1 236
355 1 235
91 1 204
351 1 98
284 1 454
908 1 102
706 1 446
149 1 466
889 1 309
369 1 224
421 1 430
159 1 22
300 1 222
716 1 283
49 1 1
573 1 425
932 1 340
56 1 106
811 1 227
77 1 303
496 1 453
122 1 253
284 1 415
227 1 110
329 1 144
335 1 434
780 1 123
287 1 295
359 1 120
788 1 435
326 1 95
691 1 470
397 1 68
985 1 465
295 1 162
547 1 84
174 1 292
211 1 454
500 1 483
428 1 71
503 1 86
449 1 317
645 1 369
48 1 330
509 1 167
364 1 353
297 1 255
240 1 478
844 1 479
559 1 61
229 1 433
20 1 154
370 1 85
729 1 181
871 1 117
639 1 17
124 1 130
993 1 135
210 1 206
355 1 5
266 1 345
869 1 194
446 1 112
975 1 144
645 1 24
31 1 183
987 1 178
324 1 6
354 1 359
914 1 229
186 1 396
232 1 84
532 1 477
605 1 52
637 1 131
127 1 340
853 1 368
230 1 468
198 1 356
799 1 11
542 1 357
382 1 25
16 1 189
125 1 453
38 1 111
107 1 500
656 1 232
226 1 479
277 1 383
816 1 452
858 1 172
181 1 363
840 1 138
149 1 122
266 1 460
448 1 225
490 1 288
479 1 170
721 1 28
753 1 420
595 1 348
332 1 131
866 1 273
824 1 383
76 1 436
345 1 40
541 1 259
768 1 465
647 1 423
352 1 13
855 1 311
498 1 27
167 1 164
469 1 47
456 1 485
241 1 361
763 1 224
692 1 318
487 1 248
635 1 40
443 1 231
758 1 388
868 1 131
601 1 192
314 1 265
698 1 248
604 1 5
162 1 342
467 1 455
398 1 485
408 1 442
444 1 94
138 1 373
782 1 188
614 1 423
392 1 354
419 1 457
219 1 422
294 1 82
63 1 58
799 1 181
667 1 421
705 1 2
725 1 122
848 1 226
838 1 411
168 1 311
653 1 407
817 1 329
269 1 195
170 1 489
696 1 150
660 1 123
596 1 127
276 1 148
475 1 257
255 1 61
676 1 3
916 1 228
454 1 369
558 1 440
446 1 388
305 1 463
228 1 173
455 1 94
175 1 459
255 1 393
800 1 411
413 1 200
632 1 5
3 1 486
671 1 377
539 1 464
688 1 242
960 1 433
749 1 288
93 1 301
142 1 475
515 1 476
653 1 62
522 1 178
329 1 301
511 1 33
124 1 124
185 1 93
979 1 333
98 1 493
989 1 405
413 1 133
981 1 162
829 1 493
67 1 286
859 1 331
539 1 189
988 1 76
525 1 20
421 1 108
116 1 388
199 1 147
346 1 91
143 1 18
65 1 271
811 1 388
211 1 155
377 1 444
861 1 385
551 1 440
969 1 260
374 1 158
635 1 489
905 1 340
491 1 159
896 1 57
386 1 98
231 1 428
652 1 17
194 1 166
170 1 365
870 1 255
952 1 487
544 1 27
113 1 105
14 1 346
18 1 94
702 1 285
279 1 188
869 1 129
522 1 138
455 1 78
67 1 476
105 1 107
236 1 154
655 1 478
456 1 109
970 1 437
762 1 262
673 1 279
667 1 421
337 1 283
235 1 397
95 1 6
705 1 101
318 1 135
821 1 470
961 1 322
446 1 490
295 1 227
729 1 288
703 1 47
108 1 275
975 1 142
530 1 421
468 1 356
788 1 219
644 1 94
315 1 458
860 1 461
82 1 323
972 1 136
97 1 136
247 1 151
291 1 246
122 1 114
320 1 365
425 1 397
299 1 133
225 1 439
200 1 500
464 1 460
666 1 484
962 1 116
518 1 72
221 1 256
9 1 115
829 1 306
386 1 113
74 1 91
55 1 309
686 1 174
381 1 256
848 1 238
106 1 126
124 1 284
322 1 74
177 1 463
303 1 379
700 1 283
261 1 481
742 1 463
488 1 46
843 1 243
472 1 336
218 1 407
18 1 91
14 1 263
921 1 219
572 1 191
805 1 270
741 1 439
809 1 145
3 1 216
831 1 449
469 1 77
278 1 344
830 1 28
898 1 100
19 1 15
400 1 474
899 1 51
731 1 106
907 1 366
291 1 401
208 1 150
878 1 234
406 1 420
62 1 475
743 1 371
195 1 473
836 1 406
760 1 226
613 1 385
730 1 218
263 1 390
554 1 319
486 1 414
415 1 223
45 1 63
793 1 176
905 1 480
224 1 444
76 1 484
716 1 155
409 1 226
910 1 316
128 1 447
507 1 203
225 1 47
28 1 446
389 1 334
816 1 472
900 1 393
740 1 173
177 1 392
159 1 344
779 1 156
38 1 452
436 1 5
307 1 211
779 1 470
372 1 292
807 1 316
474 1 51
333 1 304
532 1 339
421 1 261
35 1 105
285 1 226
4 1 122
476 1 497
69 1 477
924 1 5
840 1 231
831 1 352
522 1 373
83 1 439
13 1 293
818 1 156
735 1 336
433 1 397
500 1 110
436 1 31
543 1 237
113 1 91
749 1 467
706 1 382
877 1 80
553 1 224
346 1 316
403 1 259
16 1 182
806 1 184
859 1 114
154 1 31
429 1 13
318 1 32
910 1 167
653 1 75
579 1 300
970 1 497
282 1 101
474 1 477
660 1 143
573 1 451
201 1 166
84 1 126
72 1 390
168 1 394
554 1 5
993 1 14
678 1 275
558 1 81
244 1 307
367 1 300
788 1 100
598 1 7
244 1 410
932 1 183
678 1 400
839 1 493
520 1 303
512 1 95
109 1 243
261 1 169
350 1 392
790 1 148
708 1 220
412 1 113
225 1 51
46 1 488
395 1 481
797 1 258
299 1 261
921 1 264
328 1 73
921 1 101
829 1 72
937 1 176
723 1 92
11 1 187
66 1 206
172 1 139
146 1 129
975 1 451
163 1 134
813 1 4
39 1 443
777 1 397
500 1 222
350 1 172
548 1 40
526 1 444
498 1 339
673 1 400
757 1 200
383 1 174
668 1 271
153 1 383
794 1 131
555 1 122
106 1 495
849 1 355
428 1 113
112 1 246
117 1 267
955 1 388
394 1 254
821 1 277
663 1 151
54 1 303
848 1 138
426 1 264
129 1 58
869 1 313
67 1 350
832 1 404
491 1 178
418 1 239
763 1 191
609 1 290
241 1 219
696 1 286
518 1 468
334 1 114
61 1 65
70 1 242
424 1 77
862 1 476
656 1 387
111 1 444
314 1 195
300 1 475
657 1 250
375 1 280
541 1 429
957 1 371
809 1 325
698 1 430
447 1 494
954 1 319
834 1 500
483 1 58
902 1 447
160 1 47
198 1 488
976 1 359
2 1 144
550 1 14
849 1 68
370 1 103
632 1 442
859 1 409
211 1 386
301 1 308
686 1 91
453 1 325
286 1 383
916 1 108
161 1 496
510 1 209
185 1 256
579 1 336
633 1 486
231 1 151
201 1 54
184 1 396
721 1 23
394 1 137
500 1 170
86 1 324
549 1 247
437 1 145
868 1 176
608 1 289
959 1 124
218 1 449
775 1 130
233 1 277
747 1 347
289 1 54
915 1 110
246 1 354
217 1 412
522 1 500
619 1 179
81 1 347
133 1 433
11 1 45
751 1 275
800 1 107
697 1 277
559 1 90
936 1 454
151 1 331
291 1 292
779 1 431
272 1 198
778 1 193
759 1 473
386 1 143
38 1 258
899 1 46
479 1 245
496 1 71
98 1 202
241 1 186
60 1 455
591 1 431
93 1 102
278 1 172
290 1 76
801 1 460
629 1 213
933 1 110
93 1 154
21 1 489
944 1 164
860 1 28
689 1 110
520 1 93
4 1 390
214 1 165
694 1 56
415 1 72
555 1 328
308 1 188
423 1 310
416 1 57
97 1 452
885 1 87
993 1 350
27 1 468
730 1 92
622 1 332
123 1 108
664 1 265
367 1 457
594 1 69
44 1 240
423 1 295
664 1 410
335 1 205
185 1 197
127 1 140
630 1 359
669 1 25
679 1 172
630 1 413
199 1 100
661 1 308
437 1 29
616 1 399
417 1 418
183 1 59
833 1 500
76 1 169
147 1 237
787 1 341
896 1 333
580 1 112
208 1 426
167 1 14
704 1 201
190 1 96
616 1 431
246 1 147
470 1 18
787 1 95
728 1 429
845 1 99
158 1 488
755 1 431
658 1 473
991 1 8
798 1 150
641 1 206
775 1 497
691 1 172
323 1 412
600 1 139
263 1 254
926 1 322
445 1 248
501 1 211
267 1 134
650 1 107
712 1 290
986 1 185
507 1 321
389 1 308
613 1 159
625 1 401
638 1 119
12 1 160
702 1 60
840 1 171
604 1 86
678 1 97
77 1 271
562 1 360
573 1 478
745 1 228
546 1 116
451 1 220
95 1 2
317 1 68
879 1 174
376 1 291
391 1 128
845 1 36
141 1 109
683 1 335
610 1 23
168 1 434
618 1 179
502 1 311
320 1 392
856 1 152
568 1 133
509 1 300
135 1 107
974 1 127
199 1 409
852 1 230
357 1 383
544 1 180
238 1 286
173 1 26
868 1 224
224 1 491
958 1 181
931 1 266
562 1 301
920 1 57
932 1 165
325 1 404
827 1 300
701 1 77
759 1 48
492 1 327
904 1 108
914 1 1
303 1 299
488 1 251
8 1 71
394 1 26
448 1 356
193 1 171
692 1 319
513 1 118
168 1 2
727 1 336
643 1 429
801 1 43
579 1 239
594 1 64
614 1 422
116 1 319
145 1 67
16 1 114
929 1 190
506 1 167
127 1 72
354 1 314
193 1 291
156 1 146
811 1 12
783 1 141
710 1 9
56 1 178
183 1 484
165 1 350
588 1 107
707 1 333
289 1 254
503 1 321
437 1 217
608 1 443
684 1 269
376 1 144
746 1 452
775 1 214
804 1 17
709 1 335
724 1 53
651 1 434
493 1 185
866 1 378
167 1 193
753 1 270
928 1 278
463 1 6
511 1 426
57 1 129
776 1 41
895 1 328
87 1 24
587 1 315
352 1 169
391 1 310
297 1 333
665 1 138
881 1 374
152 1 217
748 1 12
39 1 169
548 1 496
233 1 196
170 1 319
799 1 5
141 1 450
21 1 436
656 1 418
459 1 410
186 1 260
374 1 278
379 1 279
292 1 434
863 1 247
293 1 114
236 1 300
674 1 201
634 1 189
201 1 131
296 1 486
459 1 398
693 1 238
274 1 445
503 1 100
145 1 339
530 1 261
748 1 218
314 1 293
187 1 269
354 1 260
888 1 91
138 1 247
232 1 79
354 1 320
308 1 33
912 1 390
969 1 158
390 1 414
633 1 47
733 1 219
205 1 109
774 1 221
327 1 248
281 1 361
879 1 465
697 1 183
606 1 56
611 1 34
665 1 391
332 1 206
419 1 257
869 1 327
80 1 175
502 1 322
444 1 404
33 1 106
181 1 419
698 1 22
235 1 260
480 1 206
286 1 182
295 1 13
626 1 63
279 1 202
657 1 388
16 1 483
235 1 123
401 1 347
608 1 259
636 1 173
909 1 469
185 1 19
273 1 215
760 1 480
281 1 350
183 1 482
65 1 313
17 1 465
539 1 105
631 1 317
519 1 169
27 1 131
127 1 349
771 1 451
917 1 393
978 1 138
977 1 207
998 1 410
423 1 361
388 1 54
512 1 54
533 1 394
133 1 6
117 1 491
797 1 182
421 1 4
286 1 388
573 1 136
692 1 147
602 1 486
693 1 294
626 1 177
914 1 258
220 1 147
391 1 484
595 1 120
967 1 148
556 1 462
591 1 115
726 1 7
384 1 354
716 1 26
885 1 52
571 1 4
465 1 297
476 1 185
21 1 487
553 1 40
131 1 151
302 1 498
423 1 130
48 1 286
753 1 325
313 1 443
38 1 24
2 1 109
642 1 339
371 1 279
568 1 229
540 1 166
927 1 457
193 1 149
124 1 434
226 1 250
334 1 160
766 1 334
410 1 396
777 1 463
132 1 160
58 1 418
417 1 290
773 1 407
720 1 166
253 1 10
860 1 170
133 1 359
59 1 442
499 1 400
868 1 361
722 1 446
356 1 93
392 1 300
229 1 84
581 1 299
818 1 146
805 1 64
576 1 11
434 1 218
184 1 6
947 1 121
582 1 373
394 1 372
89 1 80
783 1 47
700 1 212
462 1 61
225 1 500
4 1 419
337 1 153
86 1 227
605 1 239
833 1 367
44 1 483
404 1 10
936 1 110
672 1 414
408 1 459
858 1 285
353 1 96
59 1 165
247 1 337
728 1 100
582 1 139
776 1 99
974 1 139
409 1 139
270 1 405
714 1 497
821 1 223
151 1 329
889 1 466
99 1 16
934 1 85
65 1 44
542 1 23
30 1 207
886 1 64
804 1 372
180 1 435
184 1 50
622 1 58
815 1 261
483 1 27
697 1 148
474 1 37
526 1 201
342 1 255
600 1 364
637 1 484
20 1 482
822 1 67
943 1 441
21 1 202
912 1 40
930 1 458
197 1 167
369 1 144
34 1 419
575 1 276
246 1 41
744 1 311
945 1 202
217 1 156
490 1 349
359 1 164
577 1 483
107 1 94
230 1 389
131 1 316
874 1 380
653 1 238
384 1 56
950 1 330
44 1 251
298 1 241
525 1 420
462 1 159
732 1 456
455 1 122
931 1 337
164 1 126
924 1 300
511 1 297
311 1 83
177 1 157
599 1 197
348 1 321
395 1 113
765 1 366
873 1 56
671 1 331
89 1 1
114 1 239
640 1 313
965 1 106
48 1 81
131 1 101
458 1 226
834 1 145
35 1 85
585 1 285
927 1 60
246 1 113
518 1 459
97 1 187
470 1 180
828 1 374
958 1 411
142 1 478
338 1 303
189 1 350
425 1 42
15 1 212
782 1 434
978 1 78
29 1 229
431 1 54
688 1 378
815 1 184
975 1 456
748 1 377
386 1 412
247 1 296
768 1 72
201 1 74
594 1 274
987 1 396
48 1 363
407 1 324
382 1 64
126 1 170
685 1 400
277 1 98
674 1 41
250 1 428
940 1 29
990 1 52
380 1 452
712 1 155
90 1 142
33 1 149
643 1 125
690 1 218
883 1 162
807 1 360
381 1 397
214 1 369
736 1 103
311 1 51
69 1 185
479 1 305
144 1 244
35 1 420
501 1 275
603 1 81
781 1 252
653 1 356
228 1 266
523 1 361
273 1 88
217 1 374
598 1 75
235 1 167
586 1 377
249 1 316
651 1 136
468 1 295
627 1 437
887 1 365
877 1 37
612 1 396
669 1 479
503 1 466
23 1 417
141 1 433
368 1 100
573 1 144
318 1 237
543 1 459
469 1 342
972 1 301
727 1 142
152 1 481
471 1 93
230 1 202
94 1 55
184 1 195
918 1 43
861 1 464
942 1 358
357 1 273
207 1 169
549 1 310
794 1 268
372 1 37
284 1 106
150 1 382
77 1 68
280 1 201
710 1 199
326 1 89
216 1 379
55 1 356
809 1 102
752 1 123
414 1 305
544 1 95
981 1 58
904 1 70
444 1 75
437 1 31
992 1 77
239 1 321
375 1 277
652 1 389
236 1 268
474 1 143
409 1 473
813 1 458
44 1 219
287 1 118
899 1 236
762 1 214
656 1 237
922 1 56
523 1 361
87 1 116
753 1 430
41 1 73
437 1 493
511 1 129
353 1 68
862 1 30
532 1 60
650 1 137
777 1 74
117 1 455
400 1 425
150 1 100
837 1 340
320 1 428
395 1 461
396 1 422
989 1 30
522 1 119
995 1 54
174 1 68
561 1 20
696 1 290
558 1 491
424 1 385
232 1 218
748 1 484
224 1 430
615 1 487
539 1 112
685 1 35
998 1 431
984 1 77
611 1 237
2 1 360
871 1 134
956 1 108
318 1 307
592 1 331
896 1 183
974 1 331
777 1 73
537 1 377
28 1 337
513 1 153
770 1 497
762 1 424
924 1 429
40 1 395
753 1 435
404 1 31
595 1 280
687 1 384
375 1 321
28 1 146
376 1 376
52 1 275
826 1 97
604 1 342
821 1 488
125 1 124
106 1 169
151 1 111
174 1 24
616 1 497
846 1 375
58 1 11
887 1 54
405 1 329
86 1 115
130 1 319
677 1 408
138 1 383
279 1 468
354 1 448
690 1 203
67 1 25
545 1 398
276 1 23
762 1 377
502 1 77
381 1 78
820 1 439
753 1 319
843 1 412
368 1 374
299 1 368
127 1 416
671 1 227
79 1 83
892 1 171
932 1 468
42 1 254
589 1 492
865 1 497
267 1 456
857 1 475
587 1 352
246 1 201
134 1 171
581 1 474
977 1 460
99 1 265
828 1 249
732 1 218
331 1 140
804 1 171
187 1 245
445 1 292
647 1 396
76 1 466
63 1 155
870 1 329
290 1 230
883 1 30
936 1 450
522 1 248
506 1 414
806 1 302
826 1 14
266 1 392
285 1 380
866 1 443
807 1 260
571 1 16
723 1 25
623 1 336
995 1 213
220 1 286
985 1 399
901 1 250
991 1 316
838 1 180
764 1 88
532 1 320
701 1 160
877 1 45
333 1 463
570 1 238
485 1 203
954 1 320
614 1 409
841 1 111
3 1 232
87 1 151
243 1 386
557 1 233
117 1 197
584 1 443
481 1 363
362 1 368
276 1 283
617 1 426
318 1 131
275 1 152
848 1 241
935 1 16
978 1 471
157 1 319
984 1 98
377 1 308
206 1 378
814 1 424
361 1 436
593 1 76
557 1 248
716 1 231
964 1 18
259 1 145
188 1 162
158 1 249
835 1 376
865 1 198
799 1 325
317 1 459
243 1 2
570 1 260
582 1 495
331 1 233
483 1 353
415 1 168
2 1 123
77 1 226
636 1 281
32 1 259
431 1 498
311 1 51
432 1 172
375 1 396
36 1 88
9 1 88
221 1 478
822 1 429
707 1 359
339 1 11
899 1 284
655 1 418
948 1 465
235 1 11
827 1 85
575 1 103
539 1 317
813 1 96
217 1 145
538 1 305
142 1 500
855 1 251
670 1 491
267 1 342
570 1 435
897 1 251
741 1 497
77 1 24
435 1 263
279 1 435
507 1 328
465 1 54
242 1 23
513 1 438
181 1 232
167 1 124
32 1 203
895 1 41
610 1 143
851 1 108
465 1 49
481 1 169
728 1 79
246 1 147
651 1 203
74 1 209
716 1 431
389 1 194
435 1 19
144 1 347
50 1 319
763 1 143
677 1 11
794 1 251
438 1 72
68 1 48
616 1 236
800 1 369
697 1 311
235 1 68
536 1 473
620 1 205
753 1 80
419 1 405
243 1 37
28 1 440
228 1 461
416 1 443
815 1 143
138 1 99
356 1 211
171 1 409
784 1 486
205 1 92
825 1 285
804 1 38
646 1 271
588 1 337
686 1 337
575 1 7
359 1 109
650 1 100
441 1 246
239 1 337
182 1 233
470 1 464
376 1 478
233 1 286
822 1 108
629 1 312
754 1 399
518 1 484
539 1 231
672 1 411
462 1 23
434 1 187
788 1 265
660 1 75
575 1 179
543 1 223
936 1 359
225 1 227
9 1 38
828 1 176
272 1 473
176 1 425
48 1 240
735 1 219
120 1 85
177 1 439
432 1 202
853 1 258
376 1 272
544 1 385
731 1 126
966 1 299
507 1 207
868 1 171
869 1 35
296 1 56
510 1 83
643 1 374
859 1 45
163 1 241
824 1 430
259 1 373
359 1 244
45 1 226
856 1 396
434 1 372
621 1 27
605 1 86
939 1 86
245 1 489
26 1 320
908 1 479
359 1 358
960 1 182
619 1 200
75 1 267
18 1 312
789 1 109
506 1 427
62 1 254
310 1 202
89 1 23
88 1 159
974 1 43
179 1 348
39 1 115
751 1 210
421 1 261
209 1 425
972 1 36
333 1 24
461 1 5
603 1 282
618 1 480
940 1 75
391 1 59
662 1 245
268 1 76
137 1 68
843 1 42
944 1 223
8 1 159
317 1 123
205 1 244
770 1 432
603 1 390
939 1 70
570 1 147
145 1 227
363 1 372
30 1 349
241 1 75
987 1 336
964 1 24
388 1 434
543 1 348
198 1 488
840 1 291
385 1 251
860 1 299
467 1 122
462 1 95
183 1 64
79 1 350
782 1 298
643 1 248
55 1 103
164 1 32
745 1 407
663 1 156
247 1 226
339 1 7
649 1 357
150 1 223
991 1 287
356 1 302
884 1 499
456 1 325
133 1 465
968 1 454
289 1 499
322 1 169
613 1 171
703 1 114
636 1 74
389 1 38
290 1 463
511 1 450
226 1 226
512 1 202
182 1 290
878 1 93
159 1 436
489 1 500
406 1 190
778 1 285
221 1 360
225 1 281
152 1 299
434 1 404
811 1 374
796 1 43
324 1 105
279 1 428
194 1 102
595 1 439
874 1 312
925 1 235
256 1 440
484 1 308
552 1 478
910 1 55
725 1 135
39 1 399
307 1 292
176 1 268
917 1 425
733 1 27
872 1 390
894 1 98
839 1 243
631 1 102
705 1 433
822 1 127
814 1 431
973 1 487
177 1 14
221 1 43
397 1 192
17 1 101
790 1 30
525 1 365
896 1 122
129 1 412
454 1 347
79 1 319
268 1 51
364 1 282
183 1 224
743 1 405
737 1 200
697 1 57
779 1 142
365 1 28
58 1 302
662 1 293
736 1 239
62 1 352
493 1 292
550 1 127
495 1 442
481 1 171
972 1 28
6 1 67
886 1 382
488 1 454
212 1 91
571 1 422
162 1 305
432 1 128
332 1 375
27 1 280
78 1 171
932 1 249
251 1 276
622 1 74
381 1 133
256 1 145
545 1 42
5 1 348
583 1 299
404 1 165
766 1 175
348 1 308
764 1 104
584 1 24
752 1 477
592 1 375
884 1 13
922 1 370
383 1 370
562 1 31
434 1 438
932 1 391
353 1 115
682 1 386
812 1 18
140 1 143
759 1 152
869 1 389
284 1 441
245 1 351
836 1 69
827 1 294
958 1 142
984 1 199
247 1 112
42 1 361
151 1 120
254 1 79
517 1 79
744 1 426
933 1 45
724 1 134
287 1 101
214 1 115
997 1 313
117 1 180
710 1 489
13 1 462
179 1 301
937 1 431
541 1 204
417 1 368
86 1 279
125 1 206
167 1 137
606 1 34
94 1 375
627 1 384
104 1 480
923 1 63
709 1 371
859 1 259
609 1 245
264 1 162
857 1 435
483 1 147
499 1 82
129 1 8
73 1 262
820 1 12
939 1 125
600 1 277
476 1 286
74 1 417
540 1 347
380 1 86
703 1 396
524 1 176
90 1 384
777 1 162
155 1 490
661 1 29
701 1 375
515 1 92
375 1 472
11 1 477
689 1 221
648 1 176
850 1 21
582 1 199
199 1 488
15 1 51
142 1 50
503 1 422
317 1 148
173 1 296
165 1 475
902 1 434
375 1 28
109 1 231
626 1 222
473 1 355
661 1 412
618 1 143
756 1 180
570 1 144
75 1 127
517 1 413
202 1 465
611 1 445
841 1 318
888 1 322
461 1 110
592 1 325
693 1 349
682 1 494
591 1 62
869 1 380
820 1 99
74 1 215
495 1 351
891 1 368
23 1 66
275 1 369
726 1 307
902 1 408
368 1 413
606 1 337
55 1 173
356 1 170
248 1 480
417 1 90
718 1 277
51 1 217
106 1 175
755 1 491
967 1 415
448 1 222
660 1 269
805 1 464
154 1 16
526 1 264
107 1 454
651 1 457
376 1 8
729 1 128
934 1 203
769 1 385
343 1 201
327 1 129
676 1 497
537 1 309
888 1 133
248 1 82
803 1 372
842 1 291
737 1 427
893 1 57
452 1 141
716 1 382
243 1 115
705 1 238
353 1 381
104 1 74
36 1 294
67 1 436
641 1 387
859 1 211
526 1 116
724 1 74
680 1 425
740 1 447
364 1 355
494 1 417
669 1 279
907 1 385
940 1 169
271 1 85
732 1 230
110 1 390
112 1 146
410 1 151
493 1 314
528 1 356
282 1 10
688 1 126
571 1 150
829 1 308
731 1 491
789 1 382
110 1 144
786 1 177
664 1 300
184 1 205
563 1 171
125 1 75
112 1 325
365 1 333
34 1 256
166 1 70
854 1 451
824 1 256
106 1 53
327 1 171
365 1 87
673 1 22
843 1 210
948 1 222
329 1 441
111 1 147
592 1 196
324 1 326
469 1 31
573 1 287
772 1 172
210 1 377
320 1 340
263 1 289
616 1 28
121 1 483
939 1 170
549 1 278
454 1 401
836 1 295
576 1 160
432 1 367
236 1 138
138 1 128
294 1 423
181 1 474
317 1 119
312 1 317
252 1 251
875 1 242
217 1 420
803 1 353
341 1 319
470 1 290
236 1 74
808 1 213
353 1 352
553 1 260
41 1 364
569 1 271
446 1 123
458 1 422
492 1 379
735 1 242
41 1 131
285 1 166
975 1 450
100 1 305
640 1 323
179 1 247
171 1 11
826 1 84
730 1 375
212 1 259
113 1 35
465 1 385
489 1 319
635 1 272
759 1 257
478 1 299
244 1 249
129 1 123
731 1 366
347 1 307
954 1 312
69 1 344
125 1 11
566 1 257
521 1 218
669 1 16
208 1 258
346 1 399
444 1 263
444 1 401
301 1 118
269 1 389
90 1 45
321 1 115
43 1 339
126 1 239
938 1 10
996 1 427
146 1 356
48 1 34
50 1 254
368 1 386
700 1 158
116 1 218
941 1 84
418 1 51
387 1 117
60 1 421
163 1 467
162 1 491
544 1 334
898 1 258
374 1 395
674 1 308
584 1 364
773 1 451
985 1 68
107 1 474
952 1 309
417 1 266
600 1 38
895 1 22
991 1 263
603 1 312
611 1 229
815 1 123
256 1 320
724 1 306
87 1 378
23 1 9
976 1 499
909 1 24
461 1 499
626 1 429
158 1 199
979 1 473
432 1 64
952 1 439
594 1 390
835 1 271
736 1 232
816 1 313
285 1 421
499 1 194
525 1 445
568 1 413
324 1 42
356 1 380
823 1 352
358 1 287
543 1 16
186 1 178
725 1 179
437 1 488
728 1 224
53 1 307
657 1 156
635 1 95
106 1 362
406 1 371
922 1 448
926 1 191
599 1 122
98 1 309
456 1 253
71 1 19
725 1 29
846 1 125
154 1 318
871 1 414
386 1 500
228 1 39
244 1 246
600 1 236
8 1 478
315 1 202
145 1 100
3 1 179
583 1 24
659 1 196
427 1 165
982 1 416
545 1 93
839 1 45
945 1 35
522 1 466
620 1 62
8 1 217
789 1 293
6 1 365
951 1 15
775 1 347
151 1 445
532 1 344
851 1 36
849 1 189
190 1 172
183 1 172
607 1 72
37 1 374
124 1 495
130 1 14
853 1 316
8 1 256
468 1 108
843 1 421
671 1 31
37 1 392
989 1 393
377 1 376
29 1 111
572 1 463
564 1 250
44 1 158
464 1 238
606 1 305
586 1 204
62 1 458
666 1 21
727 1 381
862 1 426
643 1 369
963 1 250
218 1 396
417 1 127
895 1 363
156 1 37
435 1 209
899 1 65
142 1 485
968 1 386
438 1 92
975 1 8
597 1 389
615 1 206
881 1 201
811 1 195
962 1 266
340 1 173
491 1 490
865 1 133
521 1 378
478 1 484
18 1 441
29 1 315
251 1 266
57 1 143
372 1 267
534 1 240
295 1 485
989 1 206
765 1 213
401 1 308
691 1 350
816 1 141
907 1 185
819 1 181
631 1 447
157 1 406
254 1 317
462 1 6
610 1 479
727 1 283
408 1 375
47 1 257
396 1 199
813 1 55
596 1 395
217 1 119
531 1 94
471 1 377
777 1 289
230 1 21
685 1 481
248 1 123
584 1 417
129 1 440
969 1 355
959 1 181
832 1 8
65 1 356
363 1 425
204 1 427
838 1 58
949 1 169
539 1 159
100 1 432
561 1 171
713 1 482
210 1 351
202 1 380
449 1 494
599 1 361
498 1 2
887 1 67
689 1 381
143 1 395
930 1 49
375 1 41
437 1 115
321 1 215
806 1 220
86 1 307
753 1 182
275 1 90
263 1 330
933 1 58
184 1 397
933 1 369
228 1 410
782 1 399
992 1 441
559 1 284
731 1 479
392 1 500
221 1 102
970 1 197
366 1 386
218 1 458
932 1 204
765 1 51
251 1 352
998 1 200
819 1 352
936 1 115
527 1 226
571 1 6
525 1 341
755 1 307
487 1 227
444 1 252
975 1 30
604 1 375
467 1 74
47 1 112
551 1 358
942 1 75
591 1 245
11 1 82
150 1 350
627 1 166
621 1 54
147 1 145
237 1 426
328 1 117
498 1 460
206 1 222
57 1 211
147 1 388
75 1 12
217 1 421
390 1 377
714 1 336
353 1 347
872 1 294
602 1 201
790 1 302
666 1 414
711 1 350
104 1 276
703 1 427
920 1 500
12 1 468
218 1 422
338 1 362
367 1 362
269 1 486
912 1 497
830 1 252
438 1 3
854 1 127
265 1 153
862 1 477
928 1 471
954 1 159
261 1 115
454 1 381
599 1 273
885 1 362
605 1 151
889 1 12
471 1 268
76 1 332
915 1 39
531 1 245
765 1 163
758 1 479
262 1 192
155 1 52
173 1 159
878 1 196
264 1 176
135 1 174
637 1 457
69 1 235
491 1 249
346 1 479
386 1 371
964 1 160
304 1 153
482 1 162
86 1 397
135 1 323
675 1 336
854 1 141
217 1 380
139 1 6
279 1 125
151 1 104
148 1 233
518 1 480
563 1 255
775 1 253
104 1 168
237 1 459
541 1 291
899 1 127
429 1 309
635 1 71
326 1 53
380 1 327
760 1 195
512 1 401
957 1 22
328 1 158
332 1 342
158 1 316
101 1 433
228 1 445
912 1 491
811 1 275
255 1 256
478 1 233
602 1 384
885 1 77
364 1 153
494 1 113
545 1 111
971 1 333
360 1 33
414 1 123
928 1 9
424 1 338
845 1 337
616 1 360
402 1 463
981 1 78
760 1 296
830 1 338
161 1 366
995 1 57
136 1 447
894 1 310
280 1 284
669 1 453
868 1 340
855 1 91
595 1 495
687 1 239
362 1 364
326 1 353
350 1 24
816 1 204
43 1 368
530 1 271
334 1 103
398 1 285
771 1 75
352 1 12
235 1 35
652 1 244
605 1 114
135 1 408
160 1 58
354 1 8
230 1 212
585 1 476
327 1 359
338 1 19
844 1 437
563 1 235
555 1 294
24 1 230
818 1 102
998 1 254
559 1 382
901 1 44
772 1 493
540 1 73
733 1 477
550 1 167
286 1 142
331 1 174
703 1 231
85 1 396
928 1 326
934 1 48
331 1 447
212 1 431
974 1 106
22 1 370
313 1 31
157 1 130
44 1 240
850 1 55
681 1 223
742 1 415
834 1 146
919 1 387
138 1 323
707 1 487
381 1 280
594 1 473
537 1 85
639 1 249
203 1 337
3 1 146
151 1 369
596 1 251
138 1 44
909 1 31
832 1 314
117 1 306
12 1 93
668 1 112
898 1 407
757 1 4
929 1 469
388 1 68
423 1 326
349 1 113
902 1 475
717 1 133
989 1 309
139 1 17
341 1 13
550 1 220
10 1 455
279 1 132
189 1 233
241 1 292
517 1 299
51 1 255
983 1 222
957 1 210
234 1 6
833 1 259
426 1 244
196 1 287
208 1 357
555 1 440
599 1 132
55 1 355
789 1 110
81 1 300
537 1 334
143 1 4
816 1 342
298 1 103
762 1 247
578 1 450
150 1 106
622 1 421
959 1 186
466 1 455
489 1 474
565 1 301
423 1 465
563 1 407
99 1 47
359 1 126
77 1 298
830 1 469
577 1 265
947 1 241
570 1 89
655 1 366
457 1 89
858 1 348
975 1 5
390 1 117
488 1 421
837 1 126
848 1 82
635 1 80
692 1 238
601 1 350
94 1 11
357 1 11
404 1 240
110 1 346
407 1 262
26 1 358
386 1 201
54 1 198
374 1 429
195 1 139
663 1 434
581 1 247
257 1 322
353 1 499
135 1 116
365 1 397
922 1 120
632 1 242
87 1 272
484 1 438
33 1 55
690 1 292
926 1 430
992 1 13
250 1 177
276 1 376
627 1 273
500 1 148
311 1 133
290 1 78
176 1 66
224 1 259
365 1 418
313 1 257
774 1 183
832 1 95
743 1 73
963 1 214
116 1 244
649 1 176
10 1 273
842 1 426
621 1 90
548 1 218
790 1 53
672 1 415
337 1 67
329 1 405
708 1 185
35 1 101
776 1 412
638 1 85
751 1 275
613 1 22
587 1 190
161 1 359
623 1 372
37 1 314
258 1 51
533 1 385
582 1 410
910 1 96
907 1 32
779 1 237
582 1 66
521 1 273
274 1 359
713 1 12
15 1 487
19 1 478
660 1 27
758 1 52
90 1 484
816 1 181
923 1 414
623 1 313
477 1 455
588 1 473
221 1 63
232 1 238
197 1 11
592 1 248
37 1 105
649 1 468
266 1 318
651 1 338
878 1 171
19 1 471
255 1 88
407 1 209
685 1 283
675 1 243
208 1 241
87 1 143
768 1 270
39 1 178
493 1 478
581 1 12
264 1 124
628 1 207
864 1 239
755 1 390
516 1 182
796 1 349
268 1 59
590 1 402
653 1 108
92 1 38
744 1 250
126 1 97
152 1 177
281 1 402
351 1 299
197 1 286
106 1 279
906 1 379
356 1 192
834 1 183
274 1 488
1000 1 212
778 1 264
943 1 109
220 1 79
723 1 210
449 1 300
738 1 417
377 1 456
479 1 84
405 1 328
10 1 226
40 1 428
845 1 292
895 1 82
873 1 245
6 1 242
34 1 194
19 1 454
427 1 272
185 1 224
184 1 5
339 1 343
254 1 346
373 1 443
716 1 312
60 1 93
729 1 361
113 1 214
318 1 1
513 1 408
792 1 461
115 1 332
98 1 297
115 1 201
58 1 297
83 1 44
983 1 191
225 1 466
53 1 292
15 1 287
769 1 270
830 1 225
690 1 307
327 1 26
391 1 348
263 1 401
644 1 259
876 1 166
567 1 19
540 1 353
350 1 99
997 1 332
39 1 247
564 1 204
461 1 343
647 1 438
650 1 491
12 1 352
981 1 14
586 1 25
4 1 283
380 1 308
687 1 491
641 1 23
468 1 440
145 1 194
958 1 53
526 1 419
819 1 224
337 1 298
269 1 311
393 1 452
765 1 230
448 1 417
490 1 251
818 1 148
3 1 440
741 1 293
152 1 384
176 1 484
680 1 341
338 1 100
201 1 37
738 1 178
820 1 75
840 1 489
211 1 110
250 1 58
574 1 421
282 1 436
359 1 158
953 1 60
444 1 359
553 1 345
757 1 373
186 1 459
384 1 292
79 1 262
383 1 375
83 1 70
444 1 103
422 1 357
232 1 172
995 1 369
700 1 322
33 1 185
608 1 455
200 1 358
489 1 262
357 1 237
66 1 279
906 1 71
837 1 43
648 1 487
756 1 32
378 1 254
766 1 405
241 1 418
869 1 132
295 1 182
385 1 137
517 1 205
862 1 153
566 1 121
549 1 384
200 1 390
332 1 436
101 1 202
781 1 52
861 1 484
617 1 68
591 1 245
806 1 247
961 1 61
81 1 85
588 1 411
222 1 245
266 1 133
509 1 282
911 1 42
291 1 411
7 1 186
179 1 231
625 1 399
543 1 51
457 1 48
724 1 361
347 1 389
312 1 31
188 1 15
587 1 86
604 1 10
970 1 224
56 1 172
814 1 243
667 1 186
621 1 359
93 1 175
893 1 249
176 1 242
394 1 71
971 1 304
782 1 144
673 1 109
16 1 27
211 1 282
35 1 29
273 1 487
209 1 140
705 1 161
124 1 210
761 1 34
897 1 283
354 1 13
688 1 429
106 1 102
917 1 9
987 1 152
430 1 497
494 1 113
965 1 222
750 1 463
248 1 16
541 1 248
308 1 26
3 1 407
669 1 324
539 1 489
196 1 226
794 1 39
843 1 458
477 1 381
899 1 108
209 1 2
73 1 68
689 1 462
82 1 159
150 1 53
573 1 410
648 1 397
666 1 146
921 1 313
757 1 92
401 1 428
638 1 361
50 1 83
206 1 325
405 1 283
575 1 418
862 1 362
3 1 470
151 1 392
748 1 154
709 1 13
976 1 67
571 1 149
821 1 264
577 1 103
389 1 412
433 1 161
515 1 282
677 1 370
417 1 385
196 1 109
368 1 116
495 1 441
212 1 137
679 1 296
188 1 43
770 1 268
320 1 124
802 1 422
305 1 297
375 1 372
598 1 9
710 1 456
239 1 443
217 1 311
724 1 278
823 1 208
443 1 218
431 1 229
541 1 72
473 1 294
238 1 464
3 1 373
746 1 260
986 1 346
185 1 326
11 1 451
282 1 218
796 1 451
58 1 77
654 1 376
733 1 345
639 1 36
178 1 347
586 1 335
328 1 87
411 1 126
924 1 20
922 1 244
533 1 292
521 1 265
847 1 216
863 1 442
211 1 226
583 1 19
367 1 334
855 1 271
501 1 290
506 1 483
590 1 201
302 1 229
149 1 344
641 1 369
392 1 130
369 1 89
952 1 128
722 1 98
941 1 192
203 1 283
482 1 304
814 1 469
299 1 185
502 1 137
878 1 236
767 1 343
290 1 498
326 1 42
922 1 97
991 1 135
648 1 446
763 1 13
869 1 469
134 1 475
219 1 69
753 1 302
981 1 163
611 1 253
643 1 287
131 1 178
427 1 377
763 1 89
323 1 82
684 1 414
501 1 244
749 1 142
610 1 278
332 1 232
102 1 466
258 1 192
22 1 442
697 1 358
224 1 442
752 1 75
104 1 213
204 1 207
882 1 245
351 1 84
815 1 77
434 1 321
609 1 276
597 1 31
971 1 320
665 1 353
764 1 301
937 1 240
86 1 107
921 1 20
725 1 305
69 1 377
477 1 156
104 1 63
264 1 94
715 1 265
719 1 256
636 1 1
784 1 60
673 1 415
347 1 25
858 1 350
613 1 334
807 1 273
161 1 301
91 1 110
949 1 312
285 1 12
473 1 270
189 1 244
933 1 11
869 1 76
730 1 428
42 1 51
215 1 346
115 1 192
126 1 78
184 1 315
412 1 8
824 1 363
306 1 359
91 1 23
645 1 323
882 1 274
166 1 46
480 1 494
508 1 414
432 1 351
79 1 199
747 1 160
678 1 201
957 1 217
209 1 4
117 1 268
59 1 396
29 1 213
688 1 156
845 1 13
736 1 47
728 1 8
695 1 55
718 1 216
756 1 27
251 1 224
449 1 253
70 1 120
792 1 99
218 1 373
106 1 174
58 1 214
249 1 332
427 1 353
352 1 210
142 1 391
446 1 4
271 1 336
257 1 170
559 1 386
347 1 333
855 1 488
522 1 203
628 1 45
655 1 340
534 1 285
787 1 115
98 1 461
630 1 110
406 1 252
493 1 496
519 1 179
146 1 242
595 1 219
317 1 320
912 1 279
176 1 174
536 1 433
404 1 165
967 1 493
903 1 235
520 1 312
76 1 403
59 1 370
210 1 425
481 1 442
545 1 416
638 1 457
484 1 102
803 1 235
506 1 238
896 1 370
837 1 472
364 1 124
412 1 265
695 1 360
10 1 34
893 1 271
347 1 467
770 1 466
673 1 329
147 1 486
701 1 310
734 1 103
986 1 427
485 1 231
12 1 242
558 1 289
82 1 114
393 1 351
452 1 201
965 1 306
664 1 73
648 1 417
407 1 139
172 1 113
330 1 374
980 1 62
487 1 70
618 1 158
326 1 153
263 1 435
310 1 361
842 1 55
292 1 62
570 1 361
70 1 241
142 1 227
788 1 74
737 1 237
240 1 144
43 1 192
396 1 417
554 1 210
891 1 265
671 1 149
818 1 7
184 1 34
580 1 81
994 1 292
226 1 351
267 1 271
14 1 35
240 1 137
347 1 489
828 1 104
131 1 177
394 1 156
619 1 43
92 1 347
264 1 384
292 1 449
14 1 222
827 1 100
229 1 212
404 1 22
27 1 277
790 1 237
240 1 210
670 1 401
387 1 45
51 1 57
305 1 283
496 1 491
679 1 419
707 1 411
723 1 94
962 1 57
480 1 378
554 1 113
642 1 232
502 1 225
743 1 167
662 1 155
596 1 453
673 1 178
211 1 441
26 1 315
572 1 470
162 1 405
791 1 102
978 1 41
473 1 141
679 1 419
187 1 189
882 1 497
762 1 448
61 1 238
854 1 43
483 1 444
977 1 234
382 1 325
314 1 418
183 1 463
760 1 199
910 1 182
691 1 336
925 1 256
577 1 382
466 1 33
995 1 107
737 1 439
734 1 60
343 1 255
122 1 400
732 1 163
252 1 322
827 1 265
430 1 183
426 1 219
24 1 86
576 1 171
509 1 486
451 1 341
948 1 225
265 1 452
936 1 211
242 1 402
525 1 395
204 1 458
250 1 158
460 1 251
476 1 483
291 1 220
906 1 332
434 1 396
925 1 385
307 1 31
638 1 337
437 1 357
926 1 186
46 1 213
225 1 42
664 1 140
725 1 305
162 1 180
583 1 6
904 1 277
675 1 75
189 1 68
354 1 473
797 1 189
484 1 217
733 1 155
422 1 347
565 1 407
832 1 95
895 1 267
119 1 108
801 1 373
217 1 95
804 1 337
954 1 429
189 1 125
295 1 148
278 1 295
342 1 48
345 1 134
890 1 397
508 1 13
690 1 492
964 1 466
987 1 369
638 1 409
856 1 264
811 1 469
398 1 309
539 1 117
122 1 417
184 1 111
740 1 275
946 1 451
394 1 299
414 1 128
345 1 356
368 1 459
489 1 128
401 1 360
480 1 240
581 1 4
808 1 67
329 1 483
31 1 289
164 1 448
613 1 219
698 1 398
129 1 297
577 1 114
476 1 233
732 1 430
777 1 407
797 1 158
270 1 315
387 1 4
254 1 78
760 1 127
90 1 48
502 1 405
926 1 76
244 1 187
238 1 372
392 1 249
574 1 151
892 1 283
663 1 211
62 1 295
889 1 254
254 1 447
214 1 392
560 1 439
665 1 297
436 1 257
160 1 369
49 1 125
495 1 415
454 1 437
338 1 209
123 1 359
48 1 311
913 1 231
737 1 183
449 1 115
214 1 313
811 1 40
877 1 59
29 1 76
119 1 4
815 1 198
370 1 69
955 1 216
596 1 107
249 1 51
847 1 187
496 1 144
142 1 111
732 1 165
813 1 276
109 1 282
96 1 433
194 1 463
286 1 435
152 1 381
556 1 17
509 1 180
874 1 497
625 1 232
473 1 482
639 1 144
191 1 169
642 1 1
794 1 71
962 1 392
367 1 326
291 1 411
204 1 201
647 1 130
298 1 482
180 1 197
862 1 251
337 1 409
360 1 377
638 1 66
599 1 469
719 1 268
767 1 175
411 1 49
436 1 355
337 1 394
538 1 206
780 1 66
457 1 212
556 1 348
485 1 461
528 1 248
697 1 429
410 1 257
524 1 398
484 1 12
359 1 207
878 1 226
127 1 231
410 1 155
962 1 331
288 1 275
668 1 29
444 1 292
336 1 339
575 1 76
781 1 272
348 1 151
198 1 242
568 1 16
956 1 119
682 1 121
595 1 58
953 1 93
233 1 260
127 1 447
945 1 283
509 1 419
722 1 152
451 1 14
266 1 270
87 1 75
181 1 364
775 1 291
39 1 332
132 1 31
427 1 67
529 1 360
960 1 376
790 1 469
346 1 268
94 1 154
642 1 31
846 1 1
519 1 299
480 1 178
916 1 42
722 1 141
658 1 406
357 1 86
914 1 70
657 1 211
575 1 162
549 1 294
241 1 1
360 1 288
428 1 204
300 1 311
316 1 151
959 1 401
406 1 460
540 1 95
908 1 158
165 1 92
170 1 24
205 1 466
479 1 138
114 1 370
767 1 327
923 1 379
569 1 404
400 1 486
549 1 24
236 1 316
304 1 257
966 1 39
133 1 168
148 1 244
563 1 28
381 1 52
210 1 439
325 1 423
896 1 48
724 1 380
807 1 213
810 1 361
406 1 88
826 1 204
667 1 132
853 1 388
525 1 46
368 1 345
475 1 481
605 1 229
106 1 487
228 1 238
666 1 221
475 1 76
177 1 324
150 1 459
424 1 500
816 1 396
312 1 316
990 1 358
422 1 272
857 1 491
517 1 244
198 1 211
409 1 460
501 1 2
840 1 290
608 1 405
568 1 470
557 1 38
818 1 317
995 1 273
451 1 99
542 1 394
144 1 19
677 1 315
18 1 258
537 1 307
665 1 227
248 1 154
730 1 480
804 1 375
249 1 86
876 1 103
103 1 388
28 1 289
406 1 120
221 1 67
655 1 167
126 1 69
266 1 397
648 1 306
905 1 287
650 1 114
567 1 300
750 1 459
850 1 235
11 1 104
168 1 270
386 1 465
524 1 65
209 1 181
599 1 306
517 1 174
397 1 14
62 1 192
938 1 101
478 1 202
414 1 86
797 1 60
790 1 251
549 1 290
203 1 198
170 1 489
660 1 468
109 1 269
39 1 114
860 1 273
454 1 445
928 1 248
537 1 299
742 1 48
83 1 179
854 1 424
445 1 422
58 1 335
267 1 285
423 1 436
524 1 206
34 1 143
224 1 145
966 1 330
48 1 259
786 1 446
203 1 480
781 1 3
66 1 346
769 1 294
379 1 427
252 1 117
231 1 500
91 1 377
294 1 133
344 1 409
556 1 490
109 1 150
431 1 415
59 1 196
994 1 23
524 1 4
32 1 230
136 1 29
573 1 359
736 1 461
264 1 235
903 1 253
696 1 148
107 1 399
977 1 445
28 1 65
202 1 393
666 1 256
447 1 406
551 1 140
404 1 360
509 1 36
709 1 336
734 1 447
704 1 318
848 1 323
7 1 214
608 1 81
258 1 267
509 1 19
777 1 311
74 1 312
249 1 292
966 1 203
337 1 219
825 1 427
804 1 139
451 1 34
221 1 14
113 1 78
886 1 210
109 1 425
814 1 326
9 1 268
719 1 383
883 1 364
112 1 116
283 1 112
873 1 207
80 1 160
47 1 437
840 1 324
215 1 425
409 1 226
843 1 163
107 1 110
386 1 198
426 1 175
199 1 325
904 1 290
277 1 290
691 1 194
298 1 72
43 1 298
888 1 206
198 1 277
708 1 9
140 1 444
115 1 368
721 1 340
862 1 156
819 1 390
614 1 370
270 1 2
6 1 439
598 1 305
610 1 404
640 1 443
489 1 117
897 1 177
661 1 130
270 1 43
41 1 471
398 1 238
442 1 431
381 1 94
859 1 311
614 1 65
271 1 435
668 1 292
592 1 7
426 1 47
281 1 385
283 1 363
722 1 69
469 1 211
27 1 255
78 1 158
892 1 453
423 1 155
171 1 61
627 1 294
442 1 204
514 1 102
947 1 80
838 1 131
286 1 466
596 1 420
924 1 40
417 1 358
594 1 153
179 1 486
732 1 163
139 1 493
247 1 78
728 1 311
549 1 333
924 1 67
385 1 418
465 1 197
676 1 424
714 1 77
874 1 354
325 1 426
96 1 155
911 1 12
795 1 379
811 1 159
341 1 276
47 1 482
914 1 460
982 1 74
986 1 105
490 1 442
858 1 275
777 1 212
422 1 12
201 1 92
575 1 488
846 1 122
106 1 304
480 1 297
292 1 202
427 1 474
823 1 5
622 1 429
895 1 366
51 1 112
283 1 367
61 1 449
322 1 443
275 1 441
185 1 98
283 1 343
293 1 413
420 1 345
498 1 452
101 1 304
187 1 368
633 1 239
343 1 496
770 1 244
823 1 327
548 1 215
755 1 35
16 1 138
813 1 463
872 1 428
350 1 163
409 1 1
116 1 276
967 1 258
178 1 303
888 1 290
41 1 87
65 1 85
31 1 101
146 1 180
533 1 317
813 1 407
719 1 53
272 1 151
208 1 361
609 1 137
659 1 130
838 1 349
595 1 13
485 1 332
232 1 301
421 1 492
225 1 68
252 1 478
370 1 47
705 1 262
336 1 274
810 1 168
449 1 162
323 1 129
304 1 413
246 1 421
552 1 352
344 1 406
970 1 157
737 1 205
917 1 129
743 1 344
749 1 180
758 1 3
233 1 427
736 1 392
715 1 75
423 1 186
128 1 250
285 1 446
217 1 472
1 1 484
171 1 71
403 1 154
593 1 383
120 1 377
49 1 319
88 1 411
739 1 314
506 1 469
379 1 430
162 1 215
325 1 305
250 1 267
337 1 96
954 1 332
718 1 439
995 1 294
2 1 181
219 1 405
668 1 334
678 1 104
551 1 374
474 1 48
776 1 295
193 1 173
683 1 189
576 1 459
851 1 100
262 1 445
39 1 221
110 1 424
281 1 276
62 1 386
750 1 110
196 1 264
444 1 36
6 1 302
283 1 193
143 1 470
901 1 225
744 1 388
640 1 429
915 1 262
305 1 54
420 1 126
280 1 248
384 1 426
487 1 244
729 1 105
884 1 221
910 1 361
247 1 114
374 1 304
68 1 481
6 1 464
936 1 184
358 1 119
186 1 11
943 1 228
458 1 275
810 1 383
476 1 427
46 1 107
901 1 247
404 1 400
669 1 119
364 1 279
905 1 84
353 1 225
166 1 477
51 1 298
898 1 68
5 1 259
710 1 439
597 1 465
500 1 480
249 1 426
551 1 219
759 1 378
623 1 475
121 1 26
887 1 120
805 1 272
531 1 143
825 1 325
584 1 108
236 1 499
451 1 279
45 1 222
917 1 304
307 1 213
358 1 83
737 1 387
971 1 183
907 1 188
43 1 2
909 1 202
493 1 370
182 1 449
644 1 349
367 1 341
726 1 54
744 1 35
669 1 137
594 1 40
422 1 59
33 1 161
85 1 424
46 1 236
783 1 367
431 1 228
433 1 213
54 1 71
81 1 48
152 1 456
338 1 153
210 1 243
373 1 398
851 1 156
191 1 308
919 1 350
7 1 230
247 1 225
768 1 64
300 1 239
308 1 359
563 1 416
406 1 311
400 1 61
667 1 73
470 1 151
220 1 459
617 1 219
553 1 403
516 1 92
936 1 34
905 1 135
885 1 226
542 1 182
454 1 174
125 1 262
42 1 230
826 1 276
666 1 278
491 1 167
595 1 206
502 1 426
184 1 203
455 1 94
929 1 314
864 1 154
670 1 404
190 1 221
852 1 336
534 1 47
995 1 233
351 1 187
558 1 26
617 1 1
240 1 453
864 1 467
104 1 310
365 1 152
370 1 494
456 1 67
61 1 8
348 1 402
570 1 314
549 1 84
311 1 61
922 1 383
277 1 335
86 1 18
469 1 339
167 1 29
336 1 282
657 1 182
205 1 19
48 1 488
919 1 90
544 1 173
986 1 370
3 1 345
381 1 72
768 1 64
312 1 389
25 1 257
152 1 76
478 1 401
547 1 72
911 1 314
507 1 484
981 1 101
649 1 342
12 1 225
789 1 68
448 1 317
722 1 183
466 1 374
131 1 5
823 1 340
990 1 208
98 1 343
149 1 423
98 1 350
734 1 160
750 1 387
444 1 326
390 1 488
502 1 380
670 1 39
289 1 381
574 1 479
384 1 2
559 1 276
641 1 336
465 1 194
249 1 214
754 1 327
979 1 194
298 1 199
817 1 445
286 1 272
338 1 140
756 1 185
94 1 351
336 1 104
895 1 79
570 1 25
154 1 203
128 1 209
59 1 293
238 1 421
420 1 372
853 1 94
60 1 319
962 1 369
116 1 219
702 1 194
260 1 460
882 1 464
954 1 210
409 1 463
292 1 56
178 1 46
26 1 26
759 1 156
109 1 409
93 1 96
287 1 63
689 1 285
540 1 288
719 1 228
803 1 127
769 1 348
333 1 210
120 1 406
982 1 188
595 1 344
744 1 252
479 1 120
762 1 384
543 1 20
675 1 214
773 1 201
99 1 366
79 1 106
261 1 163
751 1 130
695 1 145
31 1 232
447 1 156
723 1 320
635 1 39
825 1 30
780 1 298
266 1 74
87 1 359
455 1 207
440 1 123
404 1 15
454 1 134
977 1 55
582 1 426
749 1 43
773 1 457
141 1 445
750 1 341
817 1 271
760 1 467
485 1 94
359 1 286
434 1 111
865 1 34
517 1 198
146 1 416
829 1 209
652 1 469
738 1 416
977 1 229
265 1 372
423 1 60
925 1 139
21 1 314
213 1 413
192 1 358
897 1 200
89 1 28
542 1 471
81 1 215
487 1 310
141 1 291
295 1 132
560 1 316
431 1 273
881 1 81
410 1 499
255 1 76
832 1 241
109 1 298
373 1 64
779 1 469
76 1 195
96 1 303
315 1 242
415 1 18
521 1 163
60 1 185
896 1 117
838 1 412
897 1 9
575 1 448
210 1 101
634 1 320
889 1 232
820 1 240
124 1 35
756 1 473
182 1 116
987 1 487
658 1 105
776 1 432
381 1 406
719 1 258
334 1 207
261 1 454
792 1 172
695 1 126
989 1 305
137 1 294
412 1 463
658 1 232
752 1 77
420 1 255
540 1 346
947 1 56
661 1 392
64 1 474
819 1 293
132 1 82
745 1 35
147 1 223
830 1 334
991 1 451
820 1 420
891 1 358
600 1 178
981 1 3
995 1 216
255 1 58
306 1 434
83 1 184
34 1 462
128 1 132
151 1 242
125 1 306
658 1 257
334 1 414
544 1 2
677 1 333
905 1 278
594 1 243
112 1 170
899 1 200
112 1 45
309 1 121
141 1 175
71 1 104
344 1 350
355 1 178
539 1 153
53 1 307
34 1 422
129 1 439
184 1 116
729 1 165
470 1 17
662 1 497
684 1 226
165 1 242
967 1 86
193 1 398
68 1 339
78 1 367
622 1 335
746 1 152
714 1 379
722 1 452
15 1 135
829 1 488
694 1 389
499 1 306
58 1 375
456 1 387
987 1 23
543 1 248
979 1 165
213 1 457
609 1 18
335 1 130
105 1 486
633 1 264
802 1 335
714 1 354
357 1 353
437 1 253
59 1 425
136 1 230
215 1 311
637 1 435
729 1 319
349 1 113
394 1 442
140 1 446
696 1 246
815 1 192
717 1 369
43 1 297
830 1 30
57 1 117
147 1 493
377 1 117
899 1 238
306 1 378
227 1 371
308 1 131
533 1 55
216 1 79
31 1 377
226 1 158
260 1 362
627 1 58
878 1 422
649 1 14
87 1 391
751 1 223
586 1 342
870 1 176
935 1 371
567 1 200
877 1 343
336 1 15
58 1 48
892 1 101
289 1 429
504 1 442
163 1 209
955 1 315
971 1 23
70 1 448
451 1 497
568 1 237
270 1 198
996 1 7
148 1 286
403 1 294
928 1 56
54 1 160
345 1 125
840 1 179
507 1 39
661 1 103
130 1 120
577 1 420
68 1 9
638 1 447
179 1 433
67 1 283
960 1 152
361 1 480
503 1 432
845 1 116
398 1 236
527 1 257
187 1 229
879 1 216
848 1 414
852 1 293
609 1 207
285 1 22
992 1 173
70 1 431
87 1 216
555 1 353
957 1 291
762 1 487
420 1 152
291 1 435
56 1 432
775 1 214
183 1 371
84 1 445
368 1 435
485 1 19
667 1 296
745 1 75
853 1 198
346 1 21
910 1 91
93 1 331
173 1 413
973 1 154
24 1 455
642 1 71
689 1 27
260 1 457
129 1 408
508 1 404
90 1 242
827 1 26
163 1 236
288 1 484
679 1 28
535 1 216
195 1 319
487 1 120
293 1 379
977 1 302
624 1 203
833 1 302
914 1 257
126 1 211
760 1 24
42 1 311
262 1 136
153 1 314
172 1 415
794 1 236
836 1 157
224 1 425
791 1 237
624 1 137
689 1 359
424 1 392
544 1 58
85 1 497
392 1 344
112 1 429
959 1 392
557 1 83
700 1 91
609 1 452
259 1 286
643 1 410
692 1 164
567 1 331
325 1 237
756 1 415
333 1 289
527 1 57
182 1 195
288 1 488
483 1 81
360 1 77
38 1 142
405 1 133
294 1 357
661 1 183
33 1 244
329 1 132
157 1 174
761 1 19
61 1 380
893 1 153
515 1 420
22 1 276
948 1 205
406 1 5
740 1 99
366 1 405
942 1 423
523 1 470
609 1 326
635 1 414
173 1 13
655 1 403
281 1 266
948 1 192
330 1 202
4 1 258
687 1 421
559 1 210
274 1 36
801 1 491
258 1 218
534 1 361
264 1 364
386 1 226
88 1 288
749 1 333
50 1 176
609 1 346
223 1 430
117 1 219
403 1 342
94 1 82
421 1 204
742 1 245
80 1 204
27 1 129
977 1 38
374 1 152
532 1 76
231 1 480
797 1 354
35 1 335
730 1 261
883 1 355
865 1 207
713 1 157
602 1 84
547 1 475
849 1 348
152 1 37
528 1 496
342 1 36
167 1 343
320 1 40
662 1 91
543 1 4
385 1 398
296 1 12
516 1 432
152 1 24
350 1 210
436 1 391
827 1 281
512 1 48
504 1 149
32 1 283
922 1 383
26 1 330
597 1 442
549 1 467
515 1 390
8 1 232
429 1 125
284 1 85
342 1 331
74 1 159
906 1 195
554 1 208
859 1 352
217 1 18
899 1 344
253 1 238
705 1 288
88 1 416
923 1 257
96 1 126
427 1 223
815 1 121
733 1 262
309 1 391
25 1 354
619 1 463
679 1 246
620 1 136
253 1 425
42 1 487
967 1 299
70 1 424
95 1 264
687 1 387
69 1 380
881 1 92
456 1 427
327 1 371
681 1 333
319 1 191
643 1 89
112 1 37
758 1 72
167 1 433
20 1 226
240 1 382
117 1 454
409 1 208
838 1 410
99 1 359
905 1 15
295 1 15
247 1 39
7 1 494
374 1 229
11 1 398
539 1 16
492 1 413
887 1 408
638 1 68
468 1 328
827 1 295
267 1 163
377 1 154
997 1 39
143 1 130
285 1 4
522 1 172
633 1 95
504 1 360
425 1 314
672 1 496
41 1 65
363 1 21
789 1 194
442 1 424
837 1 209
601 1 80
116 1 423
742 1 28
604 1 30
540 1 477
289 1 466
934 1 341
591 1 48
238 1 127
107 1 238
960 1 296
843 1 489
421 1 311
185 1 50
632 1 187
567 1 372
699 1 471
200 1 55
413 1 492
592 1 251
592 1 272
248 1 262
297 1 468
573 1 82
615 1 210
6 1 343
828 1 10
563 1 482
835 1 256
301 1 90
291 1 211
744 1 429
597 1 1
808 1 292
798 1 369
123 1 451
798 1 344
41 1 147
585 1 16
233 1 353
204 1 219
416 1 369
436 1 334
576 1 354
467 1 472
549 1 374
252 1 20
779 1 312
854 1 287
224 1 92
72 1 18
894 1 392
254 1 232
78 1 181
119 1 220
383 1 293
455 1 299
259 1 451
144 1 216
878 1 361
201 1 131
478 1 237
663 1 416
85 1 275
821 1 137
128 1 490
856 1 45
14 1 276
828 1 117
329 1 20
548 1 139
698 1 83
263 1 307
412 1 75
687 1 132
314 1 116
456 1 444
112 1 38
204 1 131
438 1 425
475 1 207
314 1 304
587 1 31
775 1 7
492 1 62
367 1 359
371 1 9
492 1 441
625 1 261
131 1 485
272 1 372
481 1 203
533 1 34
628 1 450
858 1 483
604 1 367
592 1 100
613 1 100
215 1 295
81 1 250
924 1 42
431 1 450
55 1 169
849 1 265
17 1 402
415 1 390
799 1 398
304 1 114
418 1 250
872 1 60
751 1 435
806 1 339
871 1 471
754 1 324
855 1 209
550 1 177
428 1 153
357 1 81
839 1 91
494 1 262
909 1 400
833 1 457
830 1 201
515 1 465
56 1 393
610 1 228
777 1 21
293 1 354
572 1 330
348 1 376
988 1 397
823 1 434
885 1 351
654 1 84
676 1 273
748 1 293
814 1 436
657 1 16
665 1 301
133 1 396
912 1 208
772 1 173
282 1 460
407 1 209
711 1 424
261 1 443
936 1 199
947 1 389
311 1 420
625 1 343
118 1 22
252 1 136
7 1 342
839 1 369
136 1 334
483 1 422
594 1 267
497 1 173
721 1 457
7 1 311
482 1 333
633 1 431
794 1 331
960 1 320
181 1 444
493 1 203
718 1 2
656 1 62
269 1 479
834 1 96
797 1 203
743 1 353
804 1 224
122 1 108
962 1 45
725 1 65
411 1 116
381 1 208
253 1 97
222 1 64
124 1 437
643 1 179
271 1 3
548 1 160
681 1 169
575 1 22
699 1 73
51 1 273
704 1 205
345 1 287
642 1 185
995 1 70
746 1 203
534 1 199
46 1 143
737 1 432
129 1 31
963 1 268
237 1 246
89 1 329
378 1 378
485 1 319
572 1 235
386 1 294
696 1 97
523 1 63
981 1 136
15 1 245
945 1 293
798 1 285
617 1 427
865 1 467
558 1 345
793 1 336
783 1 296
384 1 462
599 1 322
754 1 477
68 1 173
299 1 135
313 1 492
79 1 31
829 1 420
377 1 119
930 1 245
545 1 170
473 1 190
796 1 430
416 1 197
371 1 115
365 1 98
810 1 116
777 1 184
119 1 91
86 1 305
876 1 258
604 1 442
277 1 52
432 1 351
953 1 357
111 1 104
861 1 478
862 1 244
228 1 150
968 1 423
492 1 248
673 1 358
390 1 479
743 1 122
798 1 77
138 1 132
978 1 4
558 1 21
963 1 116
631 1 170
58 1 299
738 1 71
358 1 40
321 1 405
455 1 212
710 1 378
753 1 238
803 1 33
861 1 252
951 1 312
648 1 453
870 1 71
441 1 77
160 1 327
668 1 427
826 1 258
669 1 427
872 1 217
896 1 388
497 1 116
508 1 36
338 1 478
270 1 73
127 1 218
520 1 294
99 1 160
160 1 189
146 1 384
816 1 311
434 1 145
594 1 226
375 1 447
163 1 349
326 1 478
739 1 474
762 1 107
378 1 214
168 1 48
929 1 487
986 1 455
865 1 103
500 1 169
65 1 115
250 1 370
969 1 139
392 1 20
443 1 422
862 1 177
319 1 177
397 1 82
726 1 120
579 1 76
142 1 14
475 1 5
385 1 311
52 1 288
316 1 267
566 1 397
189 1 207
379 1 176
368 1 81
35 1 206
930 1 16
835 1 75
721 1 389
886 1 142
94 1 152
849 1 187
418 1 440
601 1 410
604 1 79
270 1 245
892 1 283
860 1 96
216 1 152
300 1 456
604 1 130
618 1 103
662 1 232
345 1 88
666 1 131
644 1 432
858 1 141
117 1 463
962 1 434
137 1 77
759 1 151
787 1 168
414 1 240
565 1 280
68 1 209
552 1 43
239 1 134
799 1 304
599 1 494
766 1 332
771 1 418
863 1 383
362 1 368
438 1 242
801 1 57
276 1 87
235 1 367
304 1 364
896 1 479
861 1 74
491 1 138
47 1 482
574 1 108
136 1 450
713 1 10
937 1 417
790 1 77
868 1 431
937 1 261
38 1 170
898 1 398
678 1 30
954 1 101
985 1 399
227 1 214
835 1 417
365 1 22
483 1 283
677 1 206
790 1 247
161 1 283
257 1 181
447 1 1
807 1 210
753 1 228
445 1 34
53 1 161
515 1 351
949 1 53
22 1 480
235 1 216
922 1 110
639 1 289
344 1 422
974 1 287
893 1 318
896 1 86
569 1 58
599 1 356
17 1 346
288 1 469
865 1 217
4 1 340
207 1 404
364 1 489
218 1 37
740 1 91
614 1 487
810 1 363
9 1 468
487 1 145
808 1 221
986 1 120
700 1 453
901 1 360
538 1 145
230 1 264
618 1 209
831 1 253
105 1 253
543 1 441
949 1 158
8 1 90
590 1 10
128 1 354
79 1 392
883 1 461
636 1 468
246 1 144
88 1 136
386 1 351
580 1 64
960 1 60
103 1 468
912 1 353
906 1 332
596 1 469
453 1 185
581 1 313
326 1 299
558 1 272
242 1 41
304 1 366
470 1 221
901 1 396
767 1 478
392 1 196
14 1 212
335 1 243
66 1 234
539 1 65
851 1 209
987 1 313
820 1 378
15 1 122
6 1 481
278 1 49
330 1 257
769 1 68
28 1 485
565 1 324
758 1 352
668 1 402
669 1 176
639 1 153
642 1 71
487 1 302
724 1 353
672 1 365
284 1 11
350 1 303
673 1 232
677 1 83
46 1 207
467 1 241
3 1 380
472 1 190
210 1 175
25 1 310
59 1 224
901 1 180
453 1 429
983 1 469
975 1 463
140 1 152
92 1 101
807 1 307
46 1 178
378 1 488
529 1 155
740 1 178
183 1 293
488 1 354
109 1 52
588 1 174
273 1 62
359 1 307
253 1 359
308 1 464
788 1 239
775 1 291
330 1 298
256 1 386
858 1 280
972 1 281
741 1 450
198 1 493
675 1 98
931 1 368
934 1 242
782 1 463
729 1 454
154 1 320
698 1 410
262 1 411
915 1 168
16 1 189
655 1 242
685 1 13
644 1 374
662 1 183
71 1 187
570 1 453
66 1 203
706 1 265
191 1 81
368 1 458
807 1 413
198 1 427
933 1 471
404 1 231
449 1 326
154 1 390
193 1 342
345 1 394
268 1 191
553 1 144
183 1 421
468 1 381
720 1 427
61 1 212
654 1 392
262 1 281
676 1 180
410 1 433
256 1 496
902 1 197
23 1 389
487 1 471
128 1 490
914 1 140
203 1 248
370 1 358
606 1 325
369 1 34
135 1 398
609 1 363
36 1 121
870 1 127
659 1 37
115 1 115
206 1 431
963 1 370
546 1 323
997 1 308
553 1 48
965 1 200
243 1 316
319 1 443
628 1 198
778 1 121
207 1 52
378 1 397
686 1 134
230 1 384
368 1 160
717 1 434
761 1 357
736 1 264
985 1 230
956 1 352
60 1 436
968 1 13
187 1 479
746 1 386
965 1 111
799 1 380
153 1 472
545 1 431
655 1 346
578 1 63
149 1 450
214 1 155
591 1 52
188 1 482
749 1 496
646 1 271
666 1 386
88 1 156
117 1 201
807 1 232
938 1 306
281 1 414
316 1 225
810 1 382
845 1 304
635 1 144
726 1 28
212 1 454
360 1 386
657 1 122
951 1 157
830 1 118
835 1 192
17 1 399
787 1 483
582 1 235
193 1 90
500 1 126
59 1 18
130 1 99
607 1 322
253 1 336
119 1 407
746 1 171
582 1 245
974 1 417
248 1 116
361 1 159
209 1 105
180 1 53
197 1 55
881 1 174
819 1 438
796 1 446
818 1 359
639 1 211
696 1 25
461 1 298
345 1 280
836 1 85
27 1 95
960 1 485
534 1 266
810 1 387
74 1 91
41 1 36
3 1 220
273 1 199
2 1 141
787 1 83
296 1 358
630 1 144
685 1 252
797 1 109
250 1 344
834 1 130
576 1 38
488 1 237
767 1 224
441 1 210
759 1 315
966 1 5
148 1 197
617 1 43
30 1 375
409 1 129
129 1 473
549 1 245
66 1 496
777 1 272
499 1 443
73 1 312
261 1 16
396 1 164
511 1 423
397 1 145
827 1 392
234 1 150
72 1 410
667 1 378
894 1 464
662 1 484
355 1 257
503 1 67
132 1 35
740 1 254
478 1 116
336 1 461
960 1 41
78 1 331
604 1 383
484 1 349
430 1 197
523 1 483
601 1 141
300 1 218
123 1 105
216 1 179
900 1 314
44 1 230
317 1 73
620 1 231
526 1 148
410 1 443
685 1 451
338 1 249
593 1 74
935 1 471
167 1 101
729 1 396
654 1 215
584 1 172
435 1 343
730 1 384
598 1 152
235 1 380
383 1 298
425 1 256
645 1 243
549 1 304
684 1 181
420 1 474
200 1 316
840 1 458
287 1 69
280 1 10
640 1 118
578 1 433
636 1 307
157 1 42
391 1 401
72 1 433
73 1 357
139 1 275
217 1 204
922 1 57
983 1 460
669 1 370
607 1 103
716 1 232
391 1 415
534 1 291
830 1 17
568 1 126
166 1 396
300 1 210
108 1 475
670 1 91
443 1 218
926 1 422
513 1 360
389 1 207
262 1 351
556 1 87
373 1 72
2 1 123
972 1 378
730 1 86
51 1 155
75 1 176
14 1 219
428 1 434
707 1 269
934 1 252
55 1 303
58 1 61
610 1 65
402 1 8
298 1 173
220 1 363
354 1 178
978 1 478
589 1 210
208 1 381
686 1 434
847 1 407
25 1 313
243 1 145
15 1 230
683 1 214
876 1 269
339 1 142
60 1 490
88 1 146
925 1 253
606 1 173
407 1 273
253 1 49
227 1 492
660 1 174
4 1 43
263 1 494
951 1 248
145 1 282
832 1 389
698 1 262
586 1 119
589 1 354
518 1 58
278 1 444
713 1 472
263 1 268
40 1 205
459 1 44
531 1 15
757 1 473
730 1 497
265 1 23
330 1 385
739 1 318
769 1 476
609 1 164
147 1 183
628 1 238
75 1 43
284 1 442
515 1 3
96 1 109
768 1 41
838 1 203
642 1 50
377 1 375
302 1 246
773 1 252
855 1 493
768 1 129
759 1 11
831 1 295
502 1 119
586 1 248
403 1 203
355 1 160
878 1 469
692 1 258
684 1 447
902 1 156
341 1 57
113 1 451
480 1 103
749 1 355
479 1 87
458 1 345
774 1 410
202 1 396
571 1 290
295 1 392
96 1 72
673 1 487
177 1 328
777 1 85
388 1 42
281 1 109
699 1 349
37 1 445
475 1 254
163 1 396
500 1 109
636 1 472
71 1 291
963 1 288
928 1 161
783 1 354
1 1 77
903 1 342
222 1 309
361 1 224
404 1 437
37 1 495
416 1 277
199 1 316
791 1 334
272 1 33
489 1 319
997 1 371
604 1 354
616 1 379
606 1 330
445 1 488
308 1 492
513 1 236
177 1 488
743 1 495
918 1 298
695 1 336
197 1 352
372 1 154
194 1 241
893 1 482
787 1 156
683 1 100
22 1 353
886 1 312
600 1 274
813 1 280
185 1 496
710 1 11
200 1 437
532 1 314
607 1 454
822 1 107
131 1 163
735 1 339
521 1 173
677 1 97
963 1 384
591 1 235
211 1 204
107 1 242
621 1 107
318 1 401
984 1 66
940 1 236
119 1 2
770 1 266
41 1 73
927 1 322
681 1 339
795 1 299
553 1 66
626 1 342
413 1 167
514 1 245
908 1 389
81 1 489
927 1 423
970 1 311
188 1 286
820 1 241
688 1 177
828 1 461
74 1 33
278 1 30
194 1 336
863 1 345
742 1 132
699 1 37
447 1 102
652 1 50
323 1 238
485 1 205
980 1 108
596 1 325
194 1 468
870 1 421
24 1 80
671 1 323
205 1 470
982 1 284
636 1 406
227 1 441
120 1 345
896 1 419
400 1 374
459 1 248
703 1 300
551 1 143
111 1 357
455 1 159
270 1 244
916 1 188
418 1 466
301 1 115
165 1 143
409 1 277
468 1 72
193 1 284
967 1 282
423 1 146
183 1 180
44 1 226
53 1 310
222 1 448
230 1 408
41 1 229
975 1 255
501 1 275
836 1 347
171 1 374
197 1 159
964 1 12
635 1 175
143 1 497
318 1 188
450 1 359
866 1 283
676 1 86
142 1 395
106 1 69
18 1 487
197 1 151
23 1 135
865 1 238
191 1 241
6 1 92
651 1 295
956 1 296
146 1 19
466 1 49
168 1 377
617 1 447
285 1 87
215 1 338
978 1 172
648 1 85
372 1 38
584 1 371
148 1 427
302 1 398
851 1 273
861 1 180
417 1 374
753 1 88
69 1 353
235 1 146
932 1 119
356 1 406
489 1 474
475 1 279
496 1 372
123 1 372
446 1 202
929 1 311
232 1 97
636 1 111
827 1 127
304 1 212
347 1 330
315 1 190
294 1 451
59 1 105
230 1 78
988 1 91
752 1 268
365 1 271
148 1 445
795 1 227
51 1 251
747 1 105
573 1 44
728 1 463
246 1 158
74 1 420
71 1 346
529 1 74
595 1 221
124 1 434
517 1 116
941 1 242
509 1 349
406 1 19
817 1 179
327 1 410
19 1 34
930 1 148
898 1 87
593 1 300
115 1 215
698 1 6
256 1 473
35 1 78
426 1 407
156 1 476
357 1 326
483 1 200
352 1 128
569 1 407
858 1 285
166 1 106
150 1 67
542 1 209
304 1 239
691 1 45
746 1 325
999 1 281
923 1 86
646 1 21
933 1 78
505 1 439
925 1 132
70 1 66
704 1 181
177 1 245
915 1 143
359 1 239
932 1 273
395 1 475
889 1 132
209 1 78
724 1 375
111 1 216
619 1 258
137 1 3
835 1 222
112 1 62
521 1 73
863 1 405
508 1 158
393 1 85
756 1 248
311 1 382
748 1 102
547 1 286
831 1 317
157 1 443
356 1 462
742 1 342
622 1 2
527 1 8
654 1 32
38 1 23
862 1 333
457 1 46
587 1 142
537 1 350
992 1 130
803 1 427
499 1 274
678 1 205
51 1 375
741 1 485
54 1 373
684 1 120
547 1 160
16 1 201
224 1 298
941 1 480
797 1 284
902 1 495
939 1 96
890 1 261
436 1 146
849 1 163
747 1 3
501 1 255
948 1 170
867 1 427
257 1 412
566 1 253
882 1 465
202 1 275
314 1 390
13 1 380
804 1 195
37 1 152
780 1 481
972 1 42
899 1 422
448 1 173
84 1 55
972 1 254
860 1 157
126 1 446
183 1 234
484 1 260
907 1 378
434 1 493
830 1 243
972 1 292
594 1 59
401 1 482
503 1 164
360 1 390
484 1 241
208 1 280
18 1 477
80 1 126
175 1 197
419 1 96
140 1 203
558 1 426
406 1 290
932 1 443
133 1 460
286 1 175
832 1 161
857 1 496
174 1 433
635 1 184
985 1 227
413 1 406
278 1 49
718 1 184
591 1 437
651 1 451
880 1 304
664 1 304
594 1 305
221 1 102
326 1 424
473 1 151
817 1 344
511 1 25
783 1 494
857 1 472
680 1 222
384 1 314
915 1 187
353 1 149
829 1 388
889 1 494
329 1 421
776 1 236
414 1 282
17 1 411
49 1 138
869 1 190
892 1 294
350 1 397
3 1 428
72 1 433
547 1 85
719 1 327
208 1 166
170 1 62
223 1 13
159 1 363
987 1 378
6 1 306
930 1 306
1 1 414
961 1 151
151 1 21
620 1 496
582 1 177
686 1 273
50 1 449
725 1 239
844 1 63
273 1 42
324 1 469
92 1 97
772 1 118
49 1 450
579 1 374
843 1 194
110 1 78
100 1 156
590 1 389
66 1 48
147 1 47
710 1 471
144 1 160
985 1 221
72 1 391
217 1 160
540 1 2
983 1 191
268 1 432
801 1 496
458 1 472
737 1 355
209 1 367
967 1 167
753 1 399
335 1 216
873 1 201
277 1 63
768 1 444
619 1 114
467 1 317
694 1 56
518 1 137
243 1 467
249 1 185
712 1 397
217 1 120
553 1 234
574 1 114
666 1 87
236 1 324
94 1 353
809 1 359
994 1 186
420 1 446
834 1 8
294 1 141
652 1 48
896 1 296
434 1 130
652 1 56
894 1 195
584 1 286
472 1 189
39 1 451
144 1 319
683 1 68
573 1 388
285 1 84
1000 1 394
262 1 412
304 1 467
133 1 281
457 1 407
304 1 417
86 1 149
433 1 2
665 1 109
851 1 285
517 1 93
704 1 474
314 1 487
83 1 347
593 1 50
119 1 133
431 1 348
789 1 195
996 1 301
989 1 163
176 1 250
974 1 365
363 1 390
22 1 235
910 1 188
497 1 320
763 1 92
443 1 340
170 1 14
288 1 440
147 1 488
727 1 335
190 1 248
911 1 233
917 1 252
83 1 76
486 1 287
225 1 320
689 1 483
855 1 462
236 1 243
669 1 91
695 1 5
950 1 465
85 1 70
412 1 409
156 1 13
619 1 324
778 1 208
567 1 36
621 1 34
41 1 179
571 1 328
206 1 88
542 1 339
480 1 29
396 1 448
262 1 167
644 1 400
479 1 494
669 1 351
486 1 359
584 1 77
944 1 135
416 1 145
929 1 458
856 1 298
844 1 481
591 1 266
394 1 282
443 1 461
521 1 111
625 1 298
740 1 321
689 1 313
703 1 143
980 1 120
100 1 136
211 1 46
591 1 488
124 1 22
185 1 486
872 1 101
919 1 175
951 1 320
794 1 226
305 1 230
40 1 6
304 1 273
724 1 214
285 1 387
871 1 390
91 1 321
798 1 80
26 1 265
63 1 364
245 1 331
583 1 130
639 1 378
538 1 244
780 1 325
316 1 80
224 1 215
200 1 245
461 1 289
672 1 235
588 1 229
236 1 299
549 1 98
728 1 412
704 1 63
267 1 349
21 1 151
300 1 151
458 1 275
156 1 366
903 1 154
865 1 243
894 1 318
278 1 386
463 1 18
560 1 488
307 1 466
872 1 479
289 1 94
755 1 141
56 1 280
390 1 478
533 1 422
113 1 174
1 1 324
39 1 108
99 1 97
241 1 160
981 1 360
661 1 407
404 1 354
538 1 276
877 1 348
912 1 365
3 1 106
663 1 136
258 1 143
575 1 104
193 1 407
463 1 64
173 1 286
866 1 206
171 1 294
379 1 213
981 1 327
918 1 133
845 1 172
391 1 231
822 1 5
553 1 237
592 1 40
375 1 106
52 1 263
933 1 387
848 1 176
338 1 380
52 1 52
726 1 472
553 1 351
863 1 498
449 1 397
160 1 411
16 1 87
919 1 160
93 1 133
319 1 48
317 1 176
115 1 187
49 1 475
794 1 29
674 1 251
733 1 174
40 1 360
728 1 241
91 1 303
675 1 102
178 1 159
3 1 418
64 1 306
562 1 475
65 1 242
145 1 47
66 1 396
577 1 18
576 1 295
147 1 107
997 1 3
39 1 315
970 1 29
350 1 3
579 1 320
689 1 319
872 1 472
853 1 70
852 1 407
687 1 431
405 1 68
524 1 450
513 1 348
528 1 338
929 1 247
731 1 397
54 1 378
359 1 179
393 1 193
928 1 14
544 1 183
249 1 62
980 1 18
575 1 457
375 1 188
58 1 129
344 1 293
960 1 313
593 1 181
226 1 222
398 1 261
659 1 479
194 1 355
544 1 289
455 1 232
578 1 363
440 1 385
237 1 357
667 1 75
545 1 130
664 1 324
650 1 137
170 1 184
766 1 379
427 1 280
900 1 151
872 1 252
853 1 464
878 1 235
20 1 433
666 1 455
575 1 425
483 1 486
734 1 238
867 1 438
712 1 112
773 1 74
410 1 369
441 1 275
378 1 311
978 1 154
650 1 98
254 1 122
470 1 280
675 1 217
633 1 219
736 1 481
698 1 483
434 1 296
269 1 412
442 1 197
212 1 342
402 1 443
366 1 163
731 1 61
684 1 42
255 1 345
830 1 477
966 1 27
281 1 309
266 1 330
312 1 232
956 1 282
838 1 348
830 1 181
419 1 306
738 1 453
1000 1 131
304 1 232
742 1 130
335 1 360
416 1 58
949 1 370
506 1 395
123 1 418
478 1 381
511 1 423
474 1 210
247 1 459
705 1 157
525 1 392
100 1 125
77 1 208
514 1 388
8 1 354
88 1 163
535 1 23
737 1 484
363 1 256
656 1 387
983 1 482
885 1 360
325 1 78
588 1 164
126 1 408
823 1 97
568 1 38
641 1 371
931 1 31
11 1 286
477 1 355
492 1 118
564 1 34
645 1 86
514 1 485
830 1 240
359 1 160
310 1 96
142 1 307
143 1 75
942 1 2
108 1 82
911 1 85
742 1 425
314 1 366
340 1 17
46 1 405
502 1 495
762 1 282
673 1 266
222 1 424
172 1 442
248 1 237
95 1 405
286 1 33
682 1 25
370 1 126
145 1 16
117 1 210
76 1 463
409 1 476
920 1 69
615 1 476
405 1 48
500 1 383
673 1 37
460 1 90
791 1 262
769 1 34
486 1 374
133 1 24
496 1 485
495 1 442
148 1 33
994 1 455
960 1 215
54 1 382
884 1 291
132 1 152
838 1 300
316 1 165
438 1 452
862 1 420
619 1 280
889 1 43
523 1 48
734 1 414
969 1 170
215 1 329
251 1 250
436 1 491
260 1 228
238 1 276
617 1 139
385 1 136
998 1 251
53 1 107
665 1 210
789 1 467
926 1 291
933 1 126
487 1 423
599 1 164
832 1 283
855 1 352
740 1 76
23 1 378
99 1 254
716 1 197
96 1 141
664 1 445
549 1 410
394 1 287
311 1 359
143 1 470
674 1 377
181 1 407
729 1 415
580 1 391
237 1 314
700 1 91
258 1 292
239 1 163
730 1 231
506 1 42
805 1 126
387 1 467
637 1 415
290 1 165
711 1 255
156 1 467
221 1 312
865 1 63
53 1 141
361 1 272
301 1 226
218 1 20
831 1 360
275 1 191
789 1 69
553 1 320
610 1 164
464 1 291
215 1 178
699 1 367
306 1 128
833 1 462
267 1 27
681 1 258
51 1 196
800 1 250
716 1 166
430 1 11
789 1 302
789 1 259
399 1 33
632 1 252
618 1 192
325 1 473
922 1 77
641 1 484
745 1 249
679 1 351
877 1 465
115 1 325
924 1 384
640 1 71
684 1 209
948 1 282
606 1 216
572 1 314
511 1 223
46 1 149
136 1 134
67 1 70
278 1 472
993 1 118
295 1 217
330 1 319
38 1 374
929 1 310
486 1 276
946 1 22
431 1 262
434 1 326
880 1 341
615 1 358
709 1 411
503 1 179
460 1 459
496 1 217
464 1 178
991 1 287
172 1 231
395 1 10
842 1 460
123 1 204
961 1 227
290 1 354
330 1 12
229 1 185
402 1 221
469 1 177
612 1 346
374 1 280
325 1 417
340 1 44
625 1 78
311 1 197
60 1 435
179 1 476
408 1 315
104 1 475
283 1 476
399 1 248
401 1 86
177 1 406
470 1 41
962 1 240
336 1 238
493 1 208
634 1 473
742 1 326
1 1 39
368 1 228
133 1 380
396 1 183
910 1 489
559 1 135
480 1 321
101 1 34
928 1 245
11 1 124
350 1 384
278 1 401
78 1 4
608 1 181
948 1 229
913 1 116
610 1 109
350 1 101
827 1 264
824 1 34
858 1 265
362 1 161
15 1 230
507 1 487
235 1 403
84 1 448
181 1 412
586 1 74
694 1 119
966 1 329
195 1 465
537 1 416
805 1 372
799 1 196
30 1 394
834 1 399
596 1 438
224 1 374
129 1 331
838 1 290
867 1 62
908 1 242
231 1 237
794 1 496
986 1 275
906 1 465
473 1 373
203 1 459
559 1 84
412 1 290
642 1 84
839 1 358
268 1 485
377 1 224
695 1 245
153 1 366
767 1 457
638 1 96
764 1 43
37 1 128
347 1 190
446 1 298
904 1 351
242 1 467
889 1 174
468 1 44
121 1 130
136 1 48
64 1 285
497 1 44
281 1 356
256 1 214
648 1 252
528 1 480
39 1 92
473 1 311
633 1 385
379 1 229
571 1 391
92 1 92
767 1 330
450 1 290
9 1 21
489 1 15
134 1 456
126 1 227
121 1 479
917 1 243
833 1 156
110 1 454
466 1 58
142 1 372
138 1 383
493 1 349
911 1 436
538 1 339
889 1 440
466 1 327
853 1 92
554 1 369
374 1 165
382 1 257
173 1 230
391 1 4
695 1 50
275 1 352
999 1 22
857 1 385
678 1 224
910 1 260
365 1 198
898 1 315
931 1 93
1 1 99
595 1 417
202 1 385
667 1 211
171 1 447
42 1 210
214 1 355
968 1 272
266 1 221
984 1 471
960 1 325
345 1 34
340 1 180
6 1 149
331 1 411
668 1 335
266 1 468
355 1 187
99 1 148
730 1 171
63 1 473
60 1 73
138 1 104
81 1 256
226 1 435
906 1 338
525 1 118
281 1 184
101 1 43
606 1 9
212 1 129
189 1 457
254 1 13
205 1 405
248 1 97
936 1 31
520 1 441
396 1 235
622 1 53
170 1 152
842 1 124
330 1 329
683 1 106
62 1 388
577 1 57
804 1 455
640 1 193
854 1 224
165 1 473
697 1 76
724 1 130
970 1 193
525 1 223
436 1 121
232 1 380
499 1 265
843 1 58
710 1 477
862 1 300
155 1 230
384 1 426
673 1 458
708 1 221
200 1 335
271 1 12
476 1 212
270 1 118
450 1 466
651 1 134
910 1 354
476 1 39
821 1 110
960 1 327
216 1 207
896 1 294
766 1 297
752 1 364
901 1 432
712 1 358
725 1 450
72 1 27
934 1 438
289 1 323
34 1 18
241 1 418
392 1 104
30 1 245
922 1 146
157 1 222
848 1 392
987 1 163
713 1 419
621 1 135
869 1 205
856 1 465
575 1 17
459 1 10
93 1 437
553 1 40
857 1 460
648 1 106
582 1 55
374 1 336
66 1 126
444 1 387
768 1 333
413 1 381
645 1 150
273 1 402
692 1 392
458 1 310
580 1 195
483 1 15
788 1 225
257 1 444
642 1 320
249 1 293
866 1 430
662 1 105
840 1 305
714 1 189
86 1 397
167 1 196
183 1 99
459 1 255
341 1 389
897 1 23
730 1 80
734 1 66
244 1 14
537 1 44
979 1 221
531 1 428
95 1 119
921 1 380
391 1 371
966 1 12
345 1 104
913 1 380
187 1 45
141 1 206
645 1 147
332 1 435
877 1 311
942 1 195
773 1 314
300 1 166
47 1 397
729 1 117
673 1 175
923 1 55
943 1 368
695 1 426
939 1 464
367 1 229
297 1 311
859 1 401
158 1 49
557 1 272
606 1 356
179 1 477
121 1 309
646 1 416
337 1 31
333 1 40
168 1 308
434 1 306
208 1 163
452 1 223
969 1 47
352 1 113
757 1 26
648 1 303
133 1 474
200 1 365
938 1 33
487 1 155
936 1 320
636 1 86
556 1 311
1000 1 127
329 1 333
78 1 401
997 1 435
828 1 83
568 1 49
703 1 93
569 1 335
132 1 250
15 1 340
509 1 386
389 1 153
982 1 459
811 1 294
532 1 119
484 1 47
171 1 427
478 1 127
643 1 216
267 1 403
406 1 324
702 1 115
600 1 61
646 1 163
202 1 305
507 1 92
587 1 236
456 1 428
421 1 443
159 1 397
34 1 208
252 1 306
142 1 305
121 1 207
912 1 356
745 1 12
30 1 294
348 1 352
756 1 258
352 1 108
536 1 468
442 1 130
581 1 337
60 1 128
797 1 402
16 1 192
732 1 386
657 1 159
106 1 433
146 1 20
295 1 56
765 1 183
561 1 40
28 1 219
58 1 166
273 1 279
855 1 239
745 1 417
285 1 357
879 1 170
761 1 387
290 1 9
794 1 327
478 1 395
285 1 292
20 1 243
290 1 266
653 1 119
818 1 49
304 1 371
647 1 310
536 1 156
840 1 416
352 1 6
363 1 106
757 1 236
758 1 415
861 1 423
503 1 120
368 1 499
534 1 386
48 1 450
472 1 133
68 1 402
130 1 292
590 1 22
358 1 230
942 1 284
851 1 384
815 1 300
695 1 172
906 1 37
380 1 12
333 1 200
685 1 492
621 1 231
374 1 52
147 1 186
169 1 34
706 1 32
952 1 48
194 1 55
211 1 361
192 1 81
806 1 301
89 1 279
751 1 312
591 1 137
230 1 245
589 1 140
2 1 341
241 1 121
599 1 118
867 1 390
663 1 199
313 1 212
136 1 177
822 1 99
678 1 19
188 1 490
399 1 350
634 1 396
667 1 125
925 1 497
807 1 214
347 1 16
282 1 338
100 1 316
880 1 84
912 1 464
977 1 170
702 1 154
866 1 325
990 1 273
720 1 253
241 1 265
2 1 179
715 1 299
290 1 12
297 1 335
183 1 323
720 1 227
353 1 488
916 1 324
543 1 97
738 1 177
507 1 177
857 1 307
130 1 156
746 1 93
190 1 62
94 1 188
847 1 435
676 1 332
255 1 159
606 1 248
190 1 386
637 1 412
367 1 485
924 1 117
133 1 83
839 1 345
886 1 176
881 1 177
313 1 163
287 1 82
570 1 326
498 1 164
426 1 239
528 1 292
515 1 343
108 1 397
817 1 140
647 1 442
590 1 67
631 1 38
989 1 190
271 1 361
846 1 139
40 1 487
283 1 442
966 1 176
669 1 381
574 1 458
16 1 221
398 1 291
194 1 203
994 1 106
102 1 17
113 1 156
721 1 14
784 1 37
204 1 217
692 1 222
736 1 189
710 1 430
571 1 108
39 1 207
385 1 409
890 1 323
968 1 336
43 1 152
575 1 101
77 1 53
161 1 17
60 1 78
146 1 480
884 1 145
589 1 8
389 1 354
661 1 317
780 1 251
167 1 413
133 1 17
962 1 224
104 1 361
214 1 137
867 1 238
844 1 277
110 1 126
998 1 3
156 1 300
552 1 415
530 1 153
688 1 486
292 1 268
893 1 215
474 1 309
654 1 488
822 1 118
620 1 253
599 1 67
673 1 500
845 1 55
771 1 146
252 1 79
816 1 407
955 1 148
415 1 268
828 1 9
98 1 67
484 1 13
535 1 282
746 1 179
393 1 403
29 1 68
319 1 372
964 1 269
382 1 428
806 1 75
479 1 390
368 1 108
382 1 454
784 1 31
149 1 250
867 1 436
399 1 234
189 1 87
982 1 74
394 1 143
384 1 206
471 1 75
64 1 3
268 1 86
41 1 77
161 1 140
519 1 261
228 1 157
24 1 166
784 1 26
291 1 38
492 1 489
874 1 213
129 1 490
530 1 215
654 1 338
957 1 85
283 1 14
754 1 482
939 1 336
333 1 66
713 1 244
821 1 312
950 1 16
524 1 237
285 1 126
103 1 330
492 1 485
904 1 185
911 1 267
925 1 387
871 1 199
402 1 324
74 1 476
151 1 256
304 1 114
608 1 379
301 1 155
672 1 376
636 1 310
511 1 185
124 1 136
160 1 238
528 1 206
911 1 475
9 1 118
163 1 148
879 1 264
182 1 125
232 1 142
243 1 54
910 1 29
993 1 404
578 1 238
928 1 312
582 1 38
765 1 203
799 1 372
533 1 55
11 1 197
777 1 387
292 1 41
369 1 178
458 1 446
336 1 364
828 1 14
761 1 292
849 1 325
321 1 263
944 1 297
416 1 220
688 1 373
399 1 35
693 1 92
399 1 220
465 1 427
120 1 324
95 1 489
276 1 44
516 1 328
30 1 165
1 1 444
114 1 97
794 1 335
119 1 284
967 1 233
909 1 204
60 1 102
56 1 223
720 1 428
108 1 164
897 1 3
670 1 113
218 1 236
988 1 471
867 1 480
193 1 140
126 1 280
291 1 249
420 1 110
509 1 173
46 1 378
741 1 396
445 1 73
209 1 325
122 1 40
665 1 458
487 1 382
596 1 198
818 1 101
621 1 431
193 1 478
901 1 318
752 1 410
219 1 450
159 1 58
303 1 470
150 1 131
737 1 490
445 1 49
194 1 286
670 1 183
449 1 124
824 1 201
848 1 484
101 1 205
182 1 69
926 1 129
807 1 202
125 1 150
861 1 437
504 1 303
44 1 22
718 1 435
680 1 359
815 1 135
702 1 50
463 1 368
986 1 42
8 1 165
587 1 103
166 1 9
685 1 457
949 1 499
695 1 42
750 1 72
28 1 386
747 1 179
670 1 419
751 1 409
24 1 215
160 1 189
212 1 315
214 1 298
849 1 298
529 1 124
308 1 104
777 1 46
680 1 2
196 1 473
67 1 27
472 1 334
511 1 121
1 1 343
953 1 336
404 1 298
949 1 230
386 1 180
390 1 78
74 1 406
227 1 385
811 1 342
346 1 194
361 1 340
176 1 161
866 1 159
682 1 165
698 1 404
419 1 94
639 1 244
217 1 244
814 1 380
201 1 92
955 1 325
597 1 120
449 1 95
251 1 359
854 1 439
469 1 49
77 1 88
881 1 454
128 1 189
668 1 79
228 1 135
110 1 262
892 1 444
526 1 477
322 1 405
873 1 226
624 1 72
599 1 479
947 1 268
884 1 93
654 1 155
183 1 269
789 1 87
256 1 58
686 1 383
773 1 450
411 1 4
43 1 41
926 1 231
895 1 485
990 1 370
271 1 417
819 1 329
662 1 449
461 1 471
500 1 87
816 1 128
896 1 349
244 1 249
51 1 125
810 1 445
467 1 9
657 1 481
891 1 150
105 1 127
490 1 380
750 1 233
723 1 49
903 1 202
111 1 328
748 1 103
712 1 457
394 1 481
895 1 140
52 1 72
463 1 411
818 1 387
172 1 159
860 1 343
853 1 182
517 1 296
956 1 354
959 1 123
762 1 478
415 1 162
832 1 238
77 1 159
254 1 302
616 1 401
766 1 333
302 1 169
441 1 233
456 1 212
899 1 154
659 1 153
341 1 301
71 1 106
508 1 327
881 1 102
207 1 191
479 1 461
790 1 171
296 1 29
427 1 333
436 1 346
375 1 77
157 1 24
923 1 403
207 1 302
411 1 261
266 1 132
11 1 371
646 1 362
186 1 324
315 1 113
313 1 418
112 1 252
728 1 310
775 1 73
829 1 264
652 1 247
170 1 66
864 1 261
592 1 402
740 1 197
734 1 386
668 1 237
409 1 376
220 1 454
458 1 425
402 1 445
529 1 123
86 1 51
690 1 461
596 1 83
131 1 160
250 1 486
635 1 463
962 1 92
905 1 363
831 1 25
46 1 182
283 1 341
738 1 218
726 1 290
914 1 197
617 1 22
360 1 422
709 1 53
105 1 102
902 1 326
895 1 447
830 1 326
844 1 4
629 1 70
248 1 385
323 1 196
296 1 142
570 1 498
900 1 20
460 1 419
710 1 67
555 1 368
157 1 34
595 1 413
818 1 114
838 1 329
792 1 459
445 1 377
915 1 201
73 1 352
688 1 220
537 1 359
907 1 274
455 1 7
461 1 132
956 1 433
125 1 440
697 1 343
978 1 371
189 1 14
940 1 434
742 1 167
705 1 83
569 1 472
313 1 180
546 1 399
175 1 415
930 1 385
623 1 172
225 1 207
508 1 84
927 1 26
384 1 238
375 1 358
336 1 145
554 1 26
806 1 31
145 1 251
475 1 139
916 1 443
275 1 437
212 1 271
780 1 358
307 1 179
481 1 91
730 1 370
602 1 119
870 1 64
29 1 345
342 1 224
189 1 338
202 1 491
337 1 259
96 1 455
90 1 400
647 1 82
57 1 173
625 1 477
382 1 195
776 1 382
535 1 422
615 1 251
63 1 386
710 1 436
331 1 407
331 1 285
193 1 171
535 1 218
538 1 48
707 1 222
939 1 194
734 1 4
384 1 8
42 1 395
301 1 63
652 1 167
101 1 129
612 1 406
102 1 459
672 1 492
887 1 78
377 1 149
793 1 275
622 1 440
57 1 240
809 1 347
240 1 180
295 1 227
633 1 258
679 1 11
978 1 73
632 1 426
363 1 309
807 1 105
565 1 76
23 1 92
186 1 279
731 1 200
73 1 359
273 1 187
371 1 358
616 1 19
706 1 269
432 1 194
682 1 331
569 1 46
541 1 234
147 1 133
207 1 200
573 1 50
232 1 193
850 1 476
577 1 418
79 1 39
652 1 197
380 1 436
40 1 415
487 1 151
857 1 211
856 1 35
907 1 254
471 1 303
503 1 148
297 1 274
424 1 286
659 1 387
312 1 423
338 1 88
140 1 7
764 1 444
863 1 161
938 1 143
408 1 460
396 1 412
777 1 434
210 1 189
488 1 46
280 1 1
881 1 94
580 1 261
247 1 404
768 1 236
324 1 14
581 1 280
206 1 298
140 1 177
191 1 228
721 1 94
250 1 252
784 1 487
284 1 296
861 1 495
594 1 50
806 1 245
889 1 468
960 1 316
455 1 126
337 1 270
43 1 269
241 1 362
991 1 366
342 1 128
387 1 243
738 1 494
288 1 244
213 1 20
106 1 418
951 1 152
393 1 480
507 1 8
879 1 361
255 1 186
418 1 22
29 1 440
85 1 315
262 1 47
845 1 388
508 1 293
978 1 31
302 1 478
538 1 70
120 1 183
795 1 479
253 1 197
253 1 455
801 1 250
241 1 50
840 1 145
694 1 248
328 1 164
512 1 446
25 1 118
629 1 399
678 1 450
976 1 370
58 1 364
216 1 349
780 1 61
905 1 174
984 1 83
428 1 311
605 1 420
244 1 266
159 1 443
432 1 362
970 1 290
95 1 458
721 1 417
892 1 48
323 1 392
679 1 333
119 1 414
716 1 11
710 1 233
140 1 461
259 1 59
973 1 38
624 1 157
604 1 140
834 1 248
379 1 446
419 1 354
829 1 100
528 1 174
391 1 13
687 1 106
353 1 232
108 1 157
704 1 132
84 1 423
241 1 96
207 1 267
587 1 101
811 1 117
280 1 216
408 1 57
788 1 316
695 1 236
839 1 272
783 1 324
179 1 76
429 1 294
780 1 487
653 1 12
949 1 424
365 1 116
823 1 341
408 1 29
759 1 52
7 1 440
166 1 88
845 1 111
884 1 430
480 1 422
714 1 42
272 1 236
621 1 337
839 1 380
540 1 257
796 1 485
510 1 303
85 1 345
486 1 296
228 1 41
646 1 411
402 1 192
639 1 415
19 1 416
229 1 114
772 1 410
407 1 14
468 1 405
191 1 288
88 1 155
281 1 400
736 1 56
803 1 19
693 1 253
991 1 374
168 1 191
972 1 338
291 1 428
127 1 380
422 1 489
867 1 402
997 1 351
59 1 180
891 1 23
354 1 143
539 1 191
660 1 60
415 1 405
144 1 429
118 1 344
963 1 405
348 1 102
881 1 53
544 1 312
478 1 134
380 1 446
114 1 47
802 1 500
772 1 3
1000 1 275
221 1 352
922 1 289
108 1 83
939 1 200
229 1 326
948 1 90
737 1 200
946 1 21
604 1 327
748 1 461
714 1 306
851 1 435
921 1 476
792 1 164
144 1 211
322 1 477
503 1 443
76 1 28
584 1 415
17 1 19
258 1 407
86 1 194
82 1 349
172 1 79
157 1 56
735 1 52
568 1 379
836 1 241
587 1 147
943 1 348
989 1 468
984 1 139
278 1 369
536 1 491
765 1 458
788 1 116
833 1 147
608 1 456
616 1 140
803 1 172
927 1 298
795 1 212
801 1 113
52 1 466
495 1 119
919 1 186
463 1 238
74 1 186
879 1 160
812 1 344
472 1 124
947 1 415
855 1 437
578 1 403
298 1 158
801 1 138
384 1 397
692 1 306
451 1 442
101 1 3
134 1 98
286 1 279
269 1 38
713 1 12
218 1 370
375 1 274
138 1 223
854 1 490
289 1 129
100 1 403
147 1 323
213 1 2
696 1 167
10 1 491
938 1 217
282 1 213
627 1 278
9 1 437
818 1 222
233 1 355
910 1 304
395 1 222
213 1 343
324 1 196
525 1 339
674 1 422
60 1 4
793 1 306
584 1 161
158 1 92
506 1 357
715 1 56
977 1 254
594 1 470
520 1 399
788 1 77
681 1 295
375 1 253
653 1 384
500 1 67
839 1 235
87 1 496
806 1 103
367 1 60
162 1 5
493 1 136
541 1 277
563 1 218
551 1 118
9 1 101
831 1 42
8 1 428
322 1 59
563 1 216
80 1 14
214 1 464
334 1 40
213 1 39
993 1 377
11 1 248
603 1 390
494 1 151
620 1 148
187 1 459
907 1 136
862 1 168
797 1 180
712 1 474
298 1 472
324 1 498
350 1 265
997 1 54
647 1 341
753 1 411
190 1 23
628 1 383
361 1 140
32 1 380
369 1 209
704 1 204
232 1 450
588 1 30
658 1 373
806 1 164
475 1 15
521 1 254
706 1 349
177 1 118
208 1 420
994 1 226
675 1 76
262 1 500
125 1 277
568 1 491
154 1 4
729 1 200
53 1 331
195 1 87
857 1 389
465 1 130
993 1 234
566 1 177
445 1 498
539 1 84
856 1 480
416 1 87
562 1 266
609 1 397
265 1 486
49 1 479
730 1 218
969 1 22
351 1 116
835 1 274
537 1 60
832 1 146
511 1 345
756 1 428
416 1 288
672 1 396
416 1 495
761 1 491
533 1 480
284 1 158
515 1 23
976 1 461
138 1 57
987 1 308
509 1 106
589 1 425
308 1 74
333 1 366
574 1 90
691 1 261
232 1 165
656 1 134
396 1 363
705 1 440
411 1 175
663 1 222
12 1 266
643 1 136
347 1 44
848 1 180
427 1 170
622 1 71
680 1 402
572 1 48
129 1 255
786 1 438
844 1 466
447 1 393
876 1 310
429 1 30
738 1 129
867 1 285
460 1 412
292 1 199
224 1 276
364 1 228
862 1 400
199 1 406
650 1 267
599 1 343
123 1 142
329 1 205
846 1 235
49 1 444
840 1 337
667 1 150
39 1 419
299 1 456
419 1 104
465 1 215
174 1 421
27 1 160
64 1 286
869 1 258
126 1 202
151 1 474
577 1 431
164 1 149
831 1 182
700 1 342
530 1 2
85 1 95
289 1 224
370 1 468
767 1 407
339 1 328
814 1 443
250 1 158
202 1 90
980 1 203
218 1 476
393 1 341
550 1 314
605 1 290
591 1 11
807 1 243
395 1 87
575 1 60
179 1 489
968 1 282
877 1 261
532 1 473
170 1 473
994 1 334
691 1 491
163 1 295
567 1 112
497 1 132
980 1 171
782 1 150
122 1 225
376 1 377
939 1 118
16 1 68
342 1 367
809 1 246
575 1 21
94 1 340
956 1 86
124 1 179
337 1 149
255 1 224
281 1 47
75 1 16
574 1 436
475 1 499
308 1 468
471 1 218
863 1 485
409 1 59
635 1 273
420 1 405
966 1 253
722 1 267
818 1 28
531 1 326
301 1 180
933 1 329
802 1 499
954 1 341
920 1 471
915 1 234
30 1 416
469 1 106
456 1 465
424 1 201
809 1 145
874 1 485
332 1 239
255 1 484
424 1 460
153 1 117
93 1 185
160 1 235
336 1 24
3 1 335
653 1 219
831 1 356
329 1 319
380 1 27
459 1 112
673 1 398
219 1 57
837 1 13
178 1 88
807 1 445
670 1 464
733 1 21
163 1 373
74 1 448
692 1 334
612 1 127
778 1 394
500 1 396
922 1 258
455 1 452
631 1 214
497 1 400
16 1 43
385 1 334
409 1 449
633 1 141
816 1 361
626 1 137
291 1 367
29 1 483
310 1 127
631 1 150
61 1 157
34 1 311
801 1 240
61 1 184
801 1 354
942 1 216
727 1 380
427 1 203
483 1 166
495 1 111
56 1 133
152 1 95
801 1 403
219 1 220
734 1 140
497 1 404
441 1 177
542 1 118
661 1 500
838 1 356
134 1 403
696 1 39
131 1 76
729 1 56
497 1 166
324 1 26
47 1 3
574 1 298
507 1 3
453 1 313
760 1 217
533 1 465
829 1 435
551 1 22
143 1 467
986 1 175
653 1 419
739 1 330
419 1 9
737 1 225
631 1 228
32 1 202
176 1 302
456 1 246
789 1 164
498 1 328
810 1 263
568 1 454
928 1 311
104 1 228
535 1 498
724 1 358
535 1 349
671 1 294
912 1 268
992 1 492
399 1 53
869 1 450
173 1 439
558 1 201
673 1 282
742 1 260
384 1 304
46 1 260
542 1 243
679 1 223
956 1 246
332 1 455
702 1 128
149 1 213
748 1 144
123 1 114
382 1 140
448 1 85
571 1 221
145 1 161
532 1 467
131 1 400
973 1 434
564 1 316
820 1 294
805 1 475
685 1 160
605 1 353
149 1 217
182 1 193
384 1 491
314 1 277
333 1 445
827 1 113
215 1 400
551 1 206
566 1 292
801 1 454
714 1 19
629 1 107
956 1 491
595 1 434
859 1 93
333 1 115
570 1 380
328 1 437
261 1 356
649 1 409
349 1 448
435 1 403
268 1 190
540 1 354
473 1 429
768 1 288
808 1 26
635 1 346
165 1 154
591 1 214
459 1 312
542 1 306
227 1 53
961 1 297
289 1 1
925 1 410
194 1 486
432 1 14
253 1 335
587 1 233
89 1 380
425 1 355
539 1 243
980 1 469
983 1 454
76 1 303
233 1 450
771 1 208
324 1 120
438 1 387
361 1 219
609 1 267
89 1 122
623 1 461
839 1 129
226 1 262
523 1 161
693 1 451
494 1 392
326 1 144
326 1 11
761 1 203
158 1 404
394 1 422
282 1 421
237 1 109
927 1 37
647 1 142
390 1 104
707 1 17
639 1 45
434 1 65
695 1 381
775 1 93
859 1 226
452 1 217
243 1 50
80 1 423
531 1 214
254 1 130
985 1 353
85 1 50
470 1 332
541 1 309
831 1 425
146 1 474
73 1 442
431 1 263
572 1 368
854 1 13
783 1 33
765 1 499
795 1 244
292 1 342
812 1 127
589 1 387
845 1 375
151 1 79
448 1 356
287 1 20
385 1 268
376 1 77
497 1 95
672 1 417
424 1 36
688 1 491
834 1 436
580 1 37
975 1 375
305 1 408
668 1 231
687 1 22
508 1 123
943 1 178
600 1 145
750 1 388
311 1 190
199 1 273
648 1 90
102 1 37
690 1 432
711 1 321
185 1 116
469 1 348
630 1 484
339 1 246
13 1 11
829 1 177
898 1 65
577 1 216
550 1 81
865 1 390
807 1 163
150 1 329
725 1 442
72 1 459
426 1 200
390 1 102
693 1 336
483 1 165
478 1 385
111 1 97
795 1 469
497 1 361
283 1 415
208 1 430
253 1 415
786 1 398
593 1 86
511 1 322
784 1 158
473 1 402
23 1 127
335 1 320
25 1 341
587 1 131
76 1 441
989 1 58
668 1 195
982 1 444
959 1 489
871 1 49
591 1 401
10 1 472
150 1 461
798 1 196
758 1 150
210 1 441
664 1 123
243 1 45
983 1 94
617 1 339
965 1 409
335 1 29
67 1 196
500 1 192
778 1 243
415 1 102
32 1 462
179 1 365
370 1 327
901 1 379
961 1 261
334 1 145
460 1 91
39 1 147
629 1 297
230 1 76
246 1 59
649 1 126
845 1 200
754 1 98
714 1 153
77 1 444
657 1 62
874 1 216
499 1 289
867 1 400
49 1 254
758 1 62
379 1 1
611 1 163
968 1 495
256 1 465
626 1 378
425 1 69
713 1 58
959 1 143
282 1 223
439 1 385
905 1 478
998 1 450
315 1 267
174 1 262
364 1 437
859 1 464
887 1 148
506 1 495
446 1 441
444 1 251
842 1 84
658 1 352
395 1 37
572 1 33
962 1 362
174 1 8
392 1 23
224 1 386
949 1 282
912 1 286
240 1 111
854 1 175
65 1 435
500 1 400
465 1 105
593 1 420
204 1 163
268 1 219
37 1 125
71 1 343
125 1 174
171 1 416
65 1 465
582 1 330
587 1 207
734 1 225
919 1 297
802 1 160
350 1 374
600 1 428
75 1 260
78 1 142
197 1 5
961 1 168
675 1 477
644 1 47
90 1 387
412 1 485
924 1 190
556 1 23
766 1 24
862 1 1
916 1 351
738 1 373
542 1 147
456 1 80
975 1 472
753 1 4
231 1 303
750 1 453
20 1 467
118 1 395
405 1 384
394 1 185
315 1 148
101 1 170
376 1 294
701 1 341
911 1 85
307 1 192
288 1 59
342 1 83
632 1 454
672 1 337
657 1 83
281 1 265
633 1 271
251 1 337
854 1 215
974 1 257
322 1 133
541 1 109
732 1 264
100 1 80
479 1 87
792 1 412
291 1 225
315 1 224
102 1 285
605 1 119
243 1 422
930 1 22
923 1 180
762 1 49
955 1 249
22 1 347
239 1 460
323 1 214
902 1 216
417 1 158
936 1 313
78 1 441
724 1 412
307 1 204
305 1 392
425 1 288
802 1 476
474 1 47
883 1 154
989 1 336
484 1 370
662 1 256
289 1 294
567 1 223
500 1 333
724 1 162
582 1 255
952 1 3
567 1 166
84 1 29
100 1 279
463 1 101
95 1 303
812 1 120
792 1 87
42 1 118
41 1 428
113 1 101
217 1 109
798 1 35
838 1 162
446 1 324
38 1 168
817 1 71
421 1 65
857 1 104
828 1 423
432 1 491
783 1 237
547 1 445
807 1 296
878 1 293
749 1 353
277 1 377
310 1 185
862 1 174
165 1 195
34 1 148
220 1 2
737 1 181
244 1 295
733 1 247
40 1 481
589 1 311
707 1 468
867 1 130
619 1 491
599 1 164
783 1 360
932 1 11
580 1 378
943 1 77
663 1 474
60 1 298
799 1 260
541 1 6
271 1 183
573 1 452
197 1 247
962 1 116
771 1 79
595 1 218
425 1 462
870 1 289
770 1 352
622 1 375
463 1 220
934 1 393
179 1 433
145 1 266
733 1 122
968 1 306
933 1 342
663 1 500
395 1 114
964 1 172
3 1 234
116 1 350
550 1 106
758 1 52
916 1 28
23 1 33
930 1 65
718 1 129
618 1 377
15 1 259
933 1 162
268 1 54
420 1 45
739 1 493
685 1 421
606 1 415
693 1 293
643 1 42
624 1 226
336 1 353
119 1 497
707 1 102
220 1 327
322 1 86
524 1 315
629 1 386
711 1 402
912 1 417
796 1 429
17 1 201
651 1 358
81 1 425
128 1 263
707 1 487
685 1 12
758 1 355
404 1 215
281 1 276
944 1 424
421 1 396
89 1 327
701 1 105
723 1 466
596 1 264
691 1 89
735 1 108
234 1 268
609 1 97
412 1 381
796 1 195
46 1 259
533 1 469
89 1 11
693 1 65
873 1 406
572 1 475
396 1 444
467 1 261
87 1 252
658 1 239
564 1 499
373 1 101
882 1 165
785 1 241
321 1 495
734 1 79
86 1 435
549 1 449
754 1 240
824 1 59
138 1 324
367 1 484
171 1 360
586 1 154
637 1 70
344 1 367
187 1 52
210 1 428
380 1 160
769 1 274
946 1 385
865 1 114
252 1 105
512 1 237
850 1 282
692 1 337
527 1 290
522 1 99
987 1 85
641 1 491
993 1 186
606 1 51
783 1 290
374 1 422
811 1 335
445 1 217
242 1 84
147 1 147
96 1 432
472 1 173
347 1 438
794 1 227
492 1 265
716 1 349
220 1 212
935 1 125
449 1 163
404 1 236
817 1 276
199 1 105
476 1 291
198 1 411
678 1 352
147 1 445
327 1 72
179 1 25
644 1 71
319 1 35
605 1 34
895 1 378
375 1 164
976 1 245
369 1 37
62 1 335
207 1 192
836 1 197
114 1 97
922 1 216
948 1 273
134 1 169
787 1 335
188 1 304
916 1 301
511 1 33
141 1 363
98 1 121
714 1 467
792 1 495
886 1 353
698 1 152
122 1 229
448 1 357
546 1 16
584 1 219
454 1 127
838 1 79
128 1 308
488 1 300
213 1 435
258 1 387
487 1 306
680 1 243
773 1 305
468 1 111
138 1 224
506 1 15
889 1 89
280 1 469
686 1 297
594 1 53
474 1 124
298 1 444
184 1 258
271 1 66
305 1 345
899 1 175
560 1 102
331 1 472
442 1 428
641 1 500
442 1 267
747 1 233
855 1 205
367 1 345
856 1 134
467 1 261
976 1 157
241 1 183
60 1 12
957 1 39
874 1 130
506 1 465
910 1 430
524 1 257
395 1 353
402 1 445
275 1 411
47 1 228
443 1 476
256 1 28
183 1 235
531 1 447
979 1 245
654 1 460
993 1 280
172 1 494
92 1 345
20 1 139
504 1 244
785 1 396
990 1 308
836 1 248
813 1 496
362 1 428
329 1 108
574 1 66
826 1 25
395 1 147
755 1 205
682 1 270
78 1 257
324 1 233
6 1 351
767 1 76
365 1 309
310 1 111
188 1 436
873 1 386
953 1 444
663 1 406
208 1 375
119 1 11
37 1 385
892 1 16
744 1 147
825 1 157
800 1 26
130 1 490
532 1 226
747 1 178
89 1 198
494 1 131
477 1 192
43 1 37
67 1 278
293 1 256
356 1 390
264 1 379
898 1 466
209 1 467
448 1 368
111 1 61
68 1 203
308 1 143
653 1 107
409 1 433
301 1 354
401 1 429
861 1 429
936 1 261
973 1 341
164 1 258
733 1 296
120 1 30
65 1 320
62 1 416
486 1 102
286 1 438
326 1 317
512 1 60
144 1 29
109 1 341
645 1 398
258 1 77
88 1 251
444 1 328
643 1 131
223 1 18
558 1 216
709 1 472
9 1 330
232 1 437
223 1 422
343 1 363
840 1 463
692 1 164
911 1 407
694 1 351
467 1 308
544 1 431
457 1 445
520 1 30
2 1 286
206 1 261
446 1 178
503 1 163
780 1 311
108 1 2
603 1 180
345 1 477
746 1 338
312 1 300
98 1 407
731 1 159
835 1 345
257 1 244
530 1 220
450 1 91
122 1 397
267 1 243
129 1 228
935 1 269
91 1 205
878 1 291
548 1 216
702 1 437
997 1 352
390 1 365
59 1 253
351 1 441
846 1 117
457 1 267
334 1 131
834 1 341
106 1 384
215 1 204
341 1 466
923 1 384
676 1 132
958 1 2
254 1 398
759 1 252
766 1 43
2 1 164
636 1 44
562 1 171
439 1 441
672 1 355
612 1 206
426 1 481
940 1 473
401 1 147
728 1 114
783 1 61
1000 1 3
968 1 108
846 1 356
838 1 166
939 1 111
778 1 235
393 1 302
341 1 351
754 1 336
89 1 324
561 1 293
536 1 209
577 1 102
863 1 396
936 1 93
376 1 384
839 1 86
715 1 459
943 1 343
988 1 459
397 1 73
53 1 477
171 1 297
604 1 76
468 1 266
280 1 390
56 1 73
581 1 121
265 1 395
545 1 44
934 1 170
284 1 376
653 1 338
118 1 425
291 1 329
280 1 59
2 1 306
334 1 371
564 1 464
839 1 90
740 1 479
134 1 263
916 1 126
895 1 304
568 1 65
367 1 342
859 1 394
630 1 281
676 1 5
108 1 95
504 1 37
62 1 445
503 1 441
672 1 241
180 1 288
688 1 350
27 1 302
136 1 243
984 1 421
977 1 303
698 1 166
993 1 112
343 1 416
388 1 223
932 1 186
233 1 274
325 1 159
587 1 428
779 1 480
973 1 474
726 1 18
415 1 97
916 1 500
906 1 38
246 1 77
435 1 289
781 1 248
402 1 480
237 1 120
907 1 441
345 1 445
54 1 233
962 1 469
59 1 377
933 1 465
10 1 291
893 1 135
396 1 237
817 1 47
55 1 292
143 1 334
389 1 4
900 1 143
753 1 336
846 1 35
65 1 228
649 1 173
264 1 8
468 1 300
899 1 422
131 1 483
814 1 45
311 1 439
175 1 60
69 1 362
958 1 494
394 1 90
908 1 231
478 1 469
766 1 4
253 1 239
797 1 426
731 1 97
205 1 347
28 1 134
222 1 159
492 1 36
418 1 403
76 1 297
265 1 81
602 1 147
654 1 70
263 1 259
376 1 116
810 1 97
908 1 45
977 1 41
169 1 195
372 1 147
282 1 92
413 1 87
908 1 255
317 1 367
467 1 240
495 1 211
204 1 246
52 1 123
214 1 172
749 1 58
30 1 257
283 1 499
925 1 363
285 1 212
745 1 161
826 1 223
927 1 100
191 1 456
713 1 64
446 1 99
181 1 201
349 1 470
395 1 407
162 1 382
543 1 264
47 1 481
971 1 377
499 1 40
657 1 122
781 1 494
928 1 114
980 1 89
906 1 277
725 1 35
502 1 419
18 1 173
384 1 433
934 1 116
609 1 88
753 1 491
99 1 286
77 1 144
397 1 366
350 1 195
523 1 292
194 1 467
874 1 187
669 1 365
19 1 373
73 1 466
885 1 465
323 1 441
303 1 357
333 1 239
169 1 425
172 1 431
168 1 438
822 1 143
197 1 345
826 1 455
221 1 452
105 1 128
625 1 434
23 1 233
606 1 435
131 1 470
454 1 186
163 1 371
855 1 94
922 1 95
318 1 455
768 1 473
967 1 39
945 1 489
443 1 344
611 1 92
578 1 412
374 1 254
522 1 122
992 1 72
752 1 36
127 1 230
95 1 197
186 1 19
549 1 142
34 1 145
989 1 27
570 1 498
735 1 135
627 1 24
571 1 108
167 1 27
782 1 457
487 1 187
748 1 247
665 1 138
73 1 496
221 1 42
220 1 186
253 1 473
572 1 202
851 1 303
289 1 354
236 1 189
939 1 81
522 1 302
170 1 282
948 1 287
27 1 58
209 1 150
566 1 176
581 1 112
265 1 124
465 1 438
202 1 200
772 1 475
339 1 241
631 1 35
502 1 341
16 1 343
115 1 253
57 1 53
128 1 155
828 1 98
732 1 129
262 1 26
55 1 268
251 1 459
916 1 233
508 1 252
451 1 415
15 1 264
407 1 182
400 1 67
889 1 81
143 1 378
229 1 22
802 1 22
817 1 209
285 1 277
393 1 68
788 1 316
322 1 36
111 1 208
930 1 346
909 1 103
827 1 341
483 1 142
441 1 160
461 1 417
517 1 339
385 1 45
352 1 118
268 1 467
989 1 428
375 1 470
134 1 111
162 1 293
602 1 139
265 1 169
781 1 411
853 1 84
46 1 220
557 1 478
984 1 460
909 1 278
634 1 430
650 1 369
449 1 325
906 1 382
315 1 284
483 1 421
141 1 360
852 1 103
729 1 494
333 1 253
631 1 146
989 1 89
390 1 288
983 1 94
734 1 257
165 1 373
656 1 90
464 1 434
112 1 480
876 1 491
113 1 163
203 1 238
389 1 189
290 1 444
788 1 391
278 1 242
327 1 89
542 1 215
926 1 255
191 1 222
513 1 74
334 1 8
255 1 280
974 1 238
986 1 252
550 1 438
693 1 92
648 1 217
220 1 37
631 1 153
921 1 475
511 1 214
478 1 70
435 1 337
502 1 267
388 1 273
182 1 123
63 1 143
666 1 186
546 1 77
631 1 144
909 1 110
123 1 379
24 1 168
322 1 279
823 1 221
515 1 495
728 1 356
782 1 214
857 1 414
204 1 327
400 1 38
330 1 3
786 1 312
987 1 186
23 1 197
871 1 207
190 1 370
643 1 288
236 1 3
346 1 341
911 1 60
729 1 269
482 1 200
297 1 187
229 1 73
120 1 154
636 1 48
161 1 269
569 1 182
529 1 153
703 1 483
39 1 223
921 1 335
807 1 277
154 1 17
872 1 371
560 1 289
655 1 134
334 1 338
490 1 259
309 1 71
119 1 114
830 1 214
318 1 181
386 1 468
445 1 291
783 1 240
200 1 295
355 1 13
717 1 297
536 1 67
112 1 34
4 1 388
116 1 351
284 1 469
549 1 231
775 1 321
265 1 81
315 1 26
628 1 72
541 1 109
964 1 268
133 1 103
784 1 221
652 1 5
831 1 113
888 1 193
722 1 380
577 1 57
490 1 180
783 1 152
766 1 12
885 1 86
705 1 329
125 1 398
254 1 402
250 1 498
544 1 372
304 1 26
959 1 337
318 1 414
602 1 108
681 1 160
460 1 299
336 1 181
850 1 342
338 1 296
526 1 235
416 1 368
26 1 448
255 1 74
550 1 28
434 1 164
242 1 100
550 1 192
503 1 122
840 1 155
31 1 490
536 1 401
163 1 116
323 1 413
675 1 17
709 1 38
474 1 336
870 1 419
507 1 301
952 1 38
190 1 407
718 1 154
120 1 77
576 1 83
908 1 160
392 1 289
41 1 407
661 1 321
899 1 179
351 1 353
928 1 97
63 1 290
11 1 311
745 1 432
526 1 398
99 1 326
60 1 214
40 1 158
430 1 440
905 1 378
463 1 92
571 1 29
72 1 412
113 1 305
913 1 496
483 1 370
931 1 167
621 1 104
846 1 341
876 1 115
212 1 154
64 1 22
956 1 398
375 1 287
402 1 210
800 1 322
591 1 35
41 1 30
293 1 9
713 1 447
893 1 120
287 1 458
862 1 386
521 1 278
893 1 376
678 1 292
961 1 277
327 1 460
754 1 273
856 1 317
133 1 415
252 1 220
222 1 148
48 1 391
125 1 55
691 1 291
754 1 109
294 1 307
652 1 307
269 1 340
502 1 420
730 1 256
323 1 312
107 1 364
851 1 393
464 1 268
638 1 301
33 1 167
976 1 389
948 1 240
267 1 215
799 1 369
119 1 155
185 1 429
32 1 163
884 1 168
574 1 328
216 1 212
507 1 438
429 1 123
867 1 479
395 1 415
383 1 319
719 1 323
422 1 253
838 1 346
68 1 459
35 1 85
529 1 15
277 1 26
963 1 338
986 1 76
361 1 480
417 1 335
194 1 249
428 1 488
885 1 500
201 1 465
148 1 478
532 1 45
629 1 87
931 1 460
736 1 15
930 1 8
578 1 6
151 1 10
978 1 68
832 1 420
462 1 353
298 1 111
293 1 108
81 1 130
947 1 471
819 1 464
321 1 60
181 1 216
41 1 170
346 1 222
958 1 239
278 1 378
379 1 53
323 1 171
635 1 373
973 1 189
184 1 254
644 1 169
9 1 461
228 1 356
465 1 410
268 1 111
162 1 410
130 1 265
280 1 293
742 1 394
629 1 432
599 1 49
865 1 53
602 1 481
528 1 328
251 1 263
663 1 115
865 1 224
133 1 14
29 1 147
722 1 479
885 1 124
102 1 372
551 1 33
320 1 240
674 1 403
418 1 299
232 1 255
189 1 412
581 1 18
68 1 125
184 1 95
248 1 341
321 1 198
495 1 66
368 1 245
515 1 360
333 1 183
586 1 449
196 1 287
150 1 169
736 1 221
391 1 4
878 1 273
420 1 284
341 1 84
77 1 373
789 1 127
236 1 8
505 1 500
656 1 176
897 1 70
490 1 84
80 1 210
445 1 149
90 1 308
772 1 368
615 1 412
453 1 474
34 1 56
781 1 310
84 1 265
728 1 366
213 1 105
596 1 250
533 1 426
954 1 365
23 1 49
545 1 261
711 1 447
716 1 485
385 1 491
666 1 440
985 1 492
829 1 313
819 1 284
827 1 50
979 1 245
746 1 13
896 1 126
926 1 337
230 1 326
263 1 430
854 1 156
772 1 139
323 1 108
710 1 314
37 1 3
538 1 309
210 1 124
586 1 282
852 1 51
305 1 141
626 1 316
182 1 390
166 1 200
723 1 488
531 1 459
519 1 248
368 1 241
956 1 284
666 1 193
899 1 388
806 1 74
767 1 374
305 1 310
670 1 354
87 1 88
300 1 418
786 1 98
655 1 361
577 1 411
445 1 346
312 1 206
917 1 386
935 1 18
846 1 38
280 1 323
779 1 487
208 1 261
114 1 425
718 1 120
371 1 308
918 1 380
547 1 254
268 1 413
129 1 302
425 1 146
474 1 396
478 1 123
497 1 216
210 1 143
653 1 399
698 1 250
867 1 371
14 1 267
180 1 438
466 1 429
281 1 310
44 1 19
346 1 391
440 1 317
667 1 223
315 1 416
851 1 245
579 1 139
102 1 111
8 1 85
929 1 284
810 1 259
63 1 434
578 1 64
721 1 169
710 1 351
27 1 367
271 1 195
415 1 46
1000 1 157
790 1 398
19 1 49
446 1 373
1 1 485
855 1 169
207 1 466
302 1 410
381 1 353
970 1 285
346 1 5
100 1 204
163 1 306
477 1 188
539 1 399
856 1 308
19 1 113
396 1 290
946 1 331
333 1 201
125 1 200
201 1 20
573 1 164
654 1 180
708 1 79
714 1 192
657 1 447
954 1 376
369 1 16
443 1 188
159 1 191
235 1 303
811 1 370
884 1 26
934 1 36
348 1 140
510 1 385
27 1 129
705 1 116
407 1 98
934 1 393
55 1 249
569 1 210
850 1 57
153 1 306
732 1 5
2 1 402
824 1 413
739 1 229
873 1 84
925 1 330
583 1 483
667 1 24
150 1 18
950 1 478
265 1 95
287 1 42
894 1 453
972 1 386
568 1 308
835 1 100
98 1 392
745 1 190
405 1 295
934 1 246
407 1 235
972 1 386
906 1 345
642 1 433
407 1 178
125 1 364
74 1 455
120 1 428
192 1 139
523 1 387
677 1 474
306 1 8
923 1 98
225 1 315
733 1 286
107 1 313
356 1 57
330 1 75
666 1 431
336 1 253
492 1 376
203 1 303
698 1 114
310 1 367
652 1 367
596 1 28
926 1 387
351 1 202
482 1 118
340 1 53
267 1 481
176 1 207
661 1 399
307 1 252
870 1 168
307 1 261
297 1 223
353 1 113
344 1 250
899 1 202
969 1 142
688 1 83
793 1 429
123 1 405
159 1 290
499 1 351
114 1 415
762 1 404
464 1 89
199 1 311
110 1 466
969 1 46
530 1 284
542 1 140
936 1 183
746 1 174
932 1 216
280 1 287
371 1 354
566 1 483
624 1 73
896 1 18
151 1 312
831 1 277
8 1 490
205 1 103
531 1 144
614 1 135
92 1 452
43 1 441
278 1 33
882 1 455
262 1 266
731 1 317
623 1 52
76 1 499
83 1 278
324 1 430
114 1 235
189 1 396
171 1 177
890 1 467
628 1 306
750 1 31
706 1 338
278 1 334
273 1 448
22 1 206
537 1 142
901 1 177
535 1 446
639 1 319
853 1 77
200 1 138
910 1 161
257 1 203
483 1 245
292 1 398
588 1 195
698 1 227
645 1 54
811 1 422
873 1 341
195 1 229
66 1 428
796 1 371
763 1 28
116 1 190
254 1 29
299 1 160
738 1 459
728 1 195
185 1 144
515 1 197
156 1 373
854 1 218
698 1 143
431 1 430
362 1 199
879 1 55
548 1 303
697 1 497
589 1 476
99 1 71
822 1 348
878 1 299
269 1 498
915 1 296
72 1 80
222 1 403
141 1 319
922 1 165
523 1 130
736 1 428
119 1 449
674 1 389
663 1 412
967 1 137
758 1 188
839 1 182
573 1 213
478 1 409
433 1 16
998 1 302
230 1 457
255 1 381
81 1 337
986 1 400
746 1 77
596 1 100
370 1 106
283 1 342
91 1 237
227 1 184
805 1 441
41 1 431
428 1 318
536 1 234
814 1 187
143 1 412
39 1 417
468 1 245
169 1 477
424 1 485
710 1 473
705 1 125
244 1 307
870 1 272
889 1 287
726 1 353
323 1 452
533 1 450
582 1 205
293 1 447
88 1 448
248 1 166
821 1 134
639 1 357
737 1 148
258 1 41
345 1 419
77 1 336
306 1 140
978 1 336
986 1 369
939 1 122
217 1 13
774 1 104
984 1 198
328 1 280
60 1 97
64 1 182
529 1 137
506 1 72
925 1 458
475 1 116
896 1 429
366 1 332
318 1 221
960 1 434
404 1 29
806 1 258
95 1 320
252 1 196
349 1 133
745 1 74
397 1 400
384 1 211
262 1 5
510 1 451
510 1 269
660 1 112
160 1 211
469 1 63
604 1 166
686 1 414
487 1 157
707 1 222
709 1 431
358 1 442
240 1 280
705 1 44
490 1 473
849 1 136
133 1 286
837 1 353
923 1 483
990 1 429
451 1 54
252 1 371
198 1 24
793 1 172
524 1 164
272 1 298
306 1 472
574 1 470
882 1 269
565 1 261
49 1 192
872 1 231
837 1 406
203 1 83
211 1 482
830 1 2
104 1 133
234 1 321
530 1 328
25 1 366
429 1 41
400 1 45
610 1 84
861 1 188
706 1 89
68 1 463
568 1 59
308 1 193
542 1 188
507 1 92
909 1 177
276 1 476
458 1 155
657 1 362
986 1 203
192 1 484
522 1 169
398 1 26
492 1 203
157 1 222
225 1 91
889 1 489
466 1 192
529 1 2
579 1 214
631 1 318
131 1 331
149 1 186
12 1 1
279 1 185
888 1 28
526 1 101
434 1 78
120 1 22
272 1 116
95 1 483
768 1 449
270 1 207
433 1 410
157 1 323
187 1 60
501 1 256
830 1 46
98 1 214
298 1 28
416 1 141
795 1 112
81 1 174
537 1 215
748 1 446
965 1 232
702 1 337
898 1 18
366 1 373
570 1 135
24 1 314
463 1 166
259 1 213
865 1 301
828 1 283
799 1 25
943 1 69
262 1 264
441 1 383
970 1 310
952 1 183
919 1 379
496 1 124
173 1 396
692 1 6
194 1 446
133 1 99
48 1 114
723 1 333
943 1 321
336 1 321
140 1 174
922 1 29
21 1 57
254 1 119
153 1 90
696 1 256
16 1 469
203 1 223
866 1 68
206 1 438
223 1 495
194 1 441
755 1 30
296 1 60
461 1 47
419 1 171
17 1 162
214 1 340
379 1 131
672 1 500
494 1 377
533 1 100
538 1 51
247 1 225
733 1 138
201 1 131
127 1 428
135 1 136
514 1 114
476 1 244
834 1 101
172 1 483
826 1 422
804 1 146
602 1 52
733 1 30
80 1 318
649 1 139
575 1 380
339 1 485
887 1 84
679 1 156
545 1 70
2 1 275
407 1 397
190 1 77
996 1 192
18 1 171
440 1 341
417 1 128
663 1 484
729 1 422
358 1 428
326 1 199
537 1 477
513 1 23
161 1 131
661 1 335
543 1 331
534 1 492
239 1 40
566 1 407
223 1 291
18 1 146
754 1 54
70 1 10
291 1 78
896 1 264
335 1 50
160 1 249
73 1 115
132 1 49
379 1 330
318 1 107
130 1 236
907 1 315
653 1 277
184 1 479
308 1 458
900 1 396
714 1 282
181 1 272
396 1 187
163 1 26
103 1 121
855 1 443
97 1 106
203 1 407
394 1 116
182 1 171
741 1 68
523 1 209
345 1 415
593 1 345
860 1 334
106 1 269
922 1 26
61 1 233
3 1 141
424 1 124
422 1 148
1000 1 319
678 1 197
115 1 393
526 1 227
424 1 357
240 1 474
300 1 275
908 1 153
576 1 186
874 1 170
534 1 81
718 1 347
17 1 485
235 1 150
66 1 240
248 1 63
980 1 261
91 1 4
431 1 459
565 1 194
570 1 370
467 1 38
776 1 137
431 1 274
738 1 366
982 1 6
347 1 357
895 1 13
479 1 1
62 1 407
681 1 383
561 1 141
813 1 366
597 1 283
37 1 473
781 1 466
591 1 145
171 1 473
955 1 66
772 1 368
121 1 474
647 1 235
177 1 453
654 1 243
791 1 39
568 1 348
861 1 319
377 1 302
268 1 259
469 1 349
496 1 61
594 1 288
876 1 20
400 1 42
925 1 163
434 1 379
268 1 137
813 1 145
685 1 288
213 1 137
686 1 302
560 1 119
942 1 83
175 1 434
806 1 429
392 1 1
61 1 40
523 1 450
946 1 35
317 1 297
942 1 393
926 1 85
197 1 129
577 1 260
837 1 286
424 1 463
259 1 292
29 1 263
650 1 58
622 1 333
757 1 355
70 1 279
375 1 489
902 1 284
890 1 495
517 1 3
63 1 188
640 1 13
219 1 224
105 1 196
428 1 179
725 1 479
618 1 178
912 1 39
608 1 94
358 1 222
696 1 74
956 1 333
341 1 101
915 1 29
858 1 499
235 1 402
385 1 336
491 1 391
727 1 293
74 1 281
16 1 121
797 1 340
976 1 449
3 1 167
808 1 385
686 1 164
68 1 179
851 1 118
54 1 149
686 1 403
13 1 477
321 1 433
963 1 53
344 1 329
830 1 204
140 1 338
382 1 146
968 1 153
923 1 299
549 1 371
585 1 321
155 1 337
803 1 426
676 1 447
307 1 175
323 1 66
355 1 213
736 1 187
507 1 72
472 1 88
290 1 216
782 1 191
34 1 107
271 1 244
996 1 94
310 1 21
123 1 347
974 1 23
163 1 475
148 1 166
519 1 169
317 1 282
35 1 258
143 1 140
