61338196
52148352
62343432
51423592
72894078
90360
94275672
10927116
27012330
32712942
1212400
530654
21581820
1573340
85409592
11229334
936
29715596
29976214
2528322
15956726
17474892
901996
73342168
30697240
43946456
40786110
40717082
3164686
12466942
31130974
37187372
106793824
3044006
3624920
7722336
1866360
55669488
16044378
98907776
1414548
3658100
111620512
46512334
18413628
13807920
72048382
85021810
67894728
472868
8158674
5544986
1733324
12907098
3813492
45084664
83261734
46400984
1806024
476874
69836576
53400694
32272488
44002820
97479142
26230532
2628758
8640556
9186862
70163916
26290732
81563164
10170298
50214182
38964660
4088004
52618982
16497482
654356
1129864
9393328
5613300
68230054
7022744
4306616
6670
47310710
60963210
1237916
38408076
16017240
947912
8855580
70835118
2222034
10927400
4385998
59097594
87973782
14523718
66465744
37645736
29110880
6304702
35570340
61950958
75108644
60588944
24351124
3560524
96909654
4659632
32788180
13445288
46951292
661060
22263818
12411018
7448058
35302622
39799798
4500322
49874094
16981508
16396082
1315132
87546974
26274636
40798600
52008768
13098760
37124272
36923624
29926942
5647418
500116
58482386
4846844
19041664
5392706
11370156
22563458
55250726
47854740
70817040
33039908
66650472
2736
1017192
71665128
202744
40687124
36731030
21018738
27500150
57450664
4135530
7052156
76349348
107682
74916762
42792894
11432438
22268088
55308332
3672796
108778056
38818292
8011866
20415664
40796094
5705128
33368666
79645500
34209008
62768612
25692366
65217952
50102716
59932610
8859224
7291758
28921676
5208292
40378384
1513960
33742362
26561318
1806840
1919716
218170
28419050
12118512
88996442
1302458
31464990
20723254
40626182
72081028
8235764
1526806
27894526
16844322
17096870
416474
45496264
65078140
30651694
12615130
6577766
13736856
9321116
33967198
26920492
33679278
33636162
15442790
1264
14802276
11052542
70689228
58501984
66670668
38344822
36959276
33574772
35754076
101988952
1545298
8596476
76784052
39985884
170108
18246604
59962874
49950340
8645128
27490688
81789914
58549204
116307574
33742108
67805792
30856402
51904324
34809266
30242976
74856212
4266802
31261216
10775218
11178636
43092508
71451770
43891254
14026202
70434710
5140434
42234792
71708048
53512028
110242964
5219986
63076072
40081680
104654920
53423908
14003060
90202814
10013504
70606860
14720094
80801854
20783868
49740122
10724896
8679364
49825646
63309556
36622810
82150632
53862416
11267260
92891008
14003964
9733636
6030384
4745720
27021576
57669318
53611752
43840990
35571688
5944662
30444604
13950150
1291530
55608482
50208360
3251050
55317648
18768208
22335102
55318458
55359458
56433826
19042748
15416016
1024502
23871594
21780442
11209360
515142
46648732
81705488
35586302
4840662
102241032
35448214
9973742
46296226
27717264
597664
38866438
6710884
48114920
28201000
35857160
3878320
113578972
25513348
58769866
21262278
6969194
6398248
77476442
33610786
97152246
2271722
989066
68568076
446358
21912052
9220978
104773316
60003460
26121764
17294258
70093272
62279440
7251026
6865598
31619256
91564810
31734650
7407042
23227392
18106614
89373070
17599032
70802426
268560
4390880
93456722
21044008
38090524
54611008
48336180
490724
52809676
38497754
78681372
1061314
26064960
58616380
13109336
329278
6560294
5223494
80494596
94746418
92584
746998
818040
279926
42307792
33114612
25224894
1196962
26070986
86248804
3940642
312134
7891008
63810576
82720598
40961652
72540526
82441142
26667488
5891482
12758298
28895974
1989648
85361174
8826226
93922038
13781872
19056380
246744
70183288
9433116
14383226
104657720
77776922
38636886
18803160
20689642
3737224
89887686
49091066
60547818
84599088
35348194
2243310
83530838
1775664
33319452
575358
46755272
6094060
34941730
30976082
86995920
7385608
14007826
30626216
3712882
40684300
62728672
69104276
76984944
3239632
6483998
31214282
48183506
24152134
10112930
61160310
82577160
28387040
8094520
35439276
99298844
31297734
6085522
33360230
12088762
796758
62185672
32413674
43030372
30981802
7211348
24875204
72805108
90203978
10816988
5348074
15008624
72293816
33505824
23797014
57040208
5324566
5905222
17975474
2294926
17971526
86250740
52338510
230446
55856284
70080092
9120496
19683430
60253380
3565220
15028558
3654814
69378214
69442816
62673502
414734
36905522
44346348
1657012
71804168
1572922
3529638
65200808
479290
38604232
96643832
2560162
6282468
17338238
63030820
43270612
10896452
79061020
188312
16611562
17821204
50217078
12179324
2300504
8845092
100686468
52954572
52467550
92375384
54046778
36927538
52346622
41302938
22635928
44857710
16605678
22173532
24277208
4810560
82427532
66832856
33099874
39540494
16634604
24448152
43471506
9473800
62365072
16014626
51444886
14541580
41772748
35755098
27778042
13363262
27439756
69117620
41023142
71711124
1735402
18116228
3876204
102496944
44164682
41871408
17531600
17717766
31356404
67861122
4709386
103634824
29837650
32554180
16536718
40129028
33610022
17229648
36294864
80007190
398654
78606846
88523592
68601018
42936530
8426846
35416964
8813608
47126402
24270230
2957246
36810988
20683494
145104
51213000
44873378
36889840
36309596
7918764
96616048
178496
7651676
990702
47869150
43376012
10742024
16975706
15834696
5183554
11154430
22919508
84115508
93455266
58179756
9810888
79597650
2569258
13870802
7003800
57250922
9369530
46574460
19473854
29744
28438222
1293696
26967000
64262842
6891936
86847070
54445494
84590364
85923840
20664420
6228540
11657806
68160854
5061356
14053872
20470500
61972534
5415270
66488874
11349156
4745124
7777854
76474290
3318866
25971196
11326988
52992664
12840992
34210930
10275776
96069058
39340256
59567642
39453574
69868972
70268504
356656
18584908
10900866
37162482
41299738
4979440
3619624
9462198
5364524
58953270
18541728
1480956
24283894
49216686
18009200
9572210
56878388
13156738
4012210
105096850
78099628
13713304
13193610
766014
6473288
26121478
77616288
35963944
14607084
2419458
18339494
22942456
1421248
22083450
41331366
10282946
19742038
51800720
60424494
72428038
35407798
12414078
75692324
103341528
64159476
51215192
58337188
102372540
16288604
28697970
22597574
35910736
62445610
600996
59852876
44312098
33711126
56166442
63707738
22065668
5829304
66323486
32194404
2015720
8715554
2105980
6496884
65147242
35316304
3718300
57300590
67000630
7906064
23361640
14641690
8057438
15963826
560810
26063218
15848158
41063208
66998964
1184092
81317386
14675050
44970350
1173856
61689834
33912028
37101332
9113566
10451238
76318476
25703372
32712654
7016568
49328268
63198156
37644684
55771864
16610870
648166
504394
21944382
35751406
40081346
26611458
38812132
23190742
57790854
11863610
251206
14871862
27722606
91613880
1606268
11773034
6849398
588910
29647672
39944310
2557486
84634590
14032124
46593162
88448
6397248
71614660
243826
39532454
26896780
695416
69076546
672624
45317086
35480684
56252750
96195566
8267812
60220796
24487112
77229380
5002406
760802
32286464
11076418
38695128
65547398
28919348
54450386
73462626
47366520
10791880
513856
3924614
38324458
11297324
66083670
6365422
35515868
24502158
10452528
2545090
70605522
69100878
87799554
31005844
57974838
55410614
29470620
820386
2172930
15473292
56386646
101114
6785808
8813016
7318212
1144546
32613608
666950
3050502
34521558
7053468
17198234
8634356
20076022
17892208
13102830
38308418
43725778
8424884
1967848
22503120
14064784
53197264
75933754
26269754
41500980
54943304
17315002
36415048
60911020
12918736
55752072
72588882
67295480
4038694
85163992
29547778
12456926
25819970
44954232
25009882
20346056
6900658
29197064
8335250
39765862
30932934
37814446
18705438
18486616
46359968
85324580
8785412
52836516
28797664
68816640
73494824
42688
98402916
10011514
64279672
44070998
22679936
6080030
8459452
15036168
42967588
4493136
62843476
26427146
12603676
74938748
19298574
515510
11308168
3280614
145266
94355472
16824488
18289202
2003836
53980632
66972946
21570232
54434444
11470094
80196188
54473620
41901718
46614908
18131586
75250058
33340612
12368138
43646936
1331572
19241496
8762684
43938120
69906432
36862410
27989798
60585804
73831924
10825472
11195462
57065394
25760296
46681352
5926450
32919208
57038418
18098682
47648148
11038802
66032856
56378382
56191692
6018044
2723096
67494200
91814358
20828424
52303660
26532824
94669712
29140662
43231548
21453038
72347228
65061836
33649748
44713354
14668046
54512042
59221220
13860890
1216534
11819078
82721676
71743796
99165418
4131816
3799234
7877946
20900618
17839174
43689688
87767370
50016142
47557048
43329718
13395092
4455184
7190520
652468
7781046
2079188
43582616
80619110
347116
9007504
51600734
85005014
5473732
19140040
74453646
74047084
2566948
12070738
11721436
6038828
10892266
16380528
59840702
53214422
15344920
35524416
3007330
28128128
74613310
4895852
13170864
39880466
69936140
42652088
24553824
38439198
35827602
324584
9314826
14994644
2760648
2338858
10001602
10905138
24411840
106199012
86137830
81791468
22701980
110091526
3541040
27040382
21230086
2527378
92145104
21763378
45618796
64652724
75489258
41621012
75974498
75578000
82211432
4347122
74885642
2471676
58014118
2048600
56826788
16564764
92120054
22411402
18267374
1349468
20835294
15749266
25672998
26098982
34883324
55472052
95788746
80193556
32745972
38878510
10384142
38024006
35605894
2056740
70611780
3368806
84597320
457914
43976710
64331634
77707554
47333584
40621216
10106882
48216752
16835278
9170460
44148804
21907048
30164604
55064016
39472
79708836
16456812
74553760
38917886
68328116
41996582
38195702
47313438
71903048
12155182
61808822
8779314
8504
4463194
6680668
20996770
14124790
1159468
12765322
15422078
15831288
50645368
73435788
40766496
2194330
17973340
13272668
381164
21406996
4729782
43001752
66165316
50193018
46786080
22198732
23112
21861236
106503086
8235306
71057690
53086748
36379644
25011066
15547238
14805574
6720780
33381326
64244522
13187604
16228676
80626786
45039116
35142524
77949462
35650410
83237348
112306698
6135062
51405514
59420846
54618826
52390304
40725490
16848064
76660962
97710798
20734228
27827508
55521582
52073646
51704234
25130468
70379854
15409934
48073590
111983296
8467194
11292274
1535320
454094
11450102
31132294
29332174
24677022
22572
81276830
76929060
16150358
26842070
62868524
28784478
184804
59343308
22079350
10426296
74010796
4113378
2325684
36133478
1720232
35733432
50737354
22038460
49753168
12309116
1772786
45010250
22064014
28687658
103434186
21631668
46214982
63679494
1420726
56381696
25758940
14795324
8122692
43102038
462194
34553216
918834
78146290
40233930
621240
65567422
22079748
27852354
261096
2066130
13208548
13576494
7147180
55020200
59838396
40270724
8831494
86347002
22696962
436860
25060728
19659150
34797552
20461522
22382952
34213206
58931348
30026946
19398688
21507406
14255960
7808146
42949570
62414242
40135770
5556502
75827416
63492082
1725250
80797504
38435990
21785288
51967130
92565800
17769622
47143476
1904854
51442572
23176822
28019704
18407518
2931512
33348114
59328402
19584218
5140486
10504768
77906692
51584482
310676
4273276
8415514
17821800
119538838
2367624
4941050
24967912
6070582
10709732
5159250
86801158
3615368
3651824
61619978
7198086
34185398
71441964
687250
2194068
31386628
50572390
2943468
2892468
796468
88572336
49100868
70796426
98134616
76799266
2433010
25053396
69929420
70368778
1100750
10664738
38213416
33349602
37050788
33596478
185622
2901664
32829938
47127648
73807788
15401062
34676648
4396936
20312842
54727342
19464916
82616344
7584142
375096
16647612
23028034
37188456
2514842
6509084
81303248
24945086
11292852
63714948
65325528
7449544
3869630
30195020
1030078
9480696
47642950
7434636
10698
43538950
110440940
72061000
4909248
77871332
55212704
89985520
1123476
55309802
107333664
64699258
74174616
981758
106112036
231988
60228278
26821956
17300368
1394880
14392208
52288262
10703992
59429992
59830962
3694058
21476
56424974
5508742
1462830
61809300
46006796
32815738
10094114
38406238
87409972
432118
875098
11172758
4449882
12257998
23006302
48485898
919388
56908376
83467876
9965918
54259134
17551130
3713838
211804
59712116
69394936
10184600
84087384
9774158
5853628
78697224
44443510
34481936
62284200
108826610
65478544
4805222
15420952
624520
22318236
84949526
42780548
17667390
26420336
6843692
61701496
43254110
9917290
33107350
51370084
34373104
78894512
36172658
62201878
71200106
32620030
625182
50384148
46587512
6904032
42486086
1295648
37508924
5603680
53908234
2593024
36247060
65679064
12694850
64261218
77032
76845146
13962916
4579288
59193950
42342598
30085128
77828902
46660972
70379004
66338996
58629898
74725582
3549914
67178782
39311692
48673176
30612378
1999720
52725550
64392230
31200184
22955772
12197136
19330910
46791476
6747374
10508352
80568518
58371322
55084338
44186648
13125804
16776022
13029960
43950442
91931636
23523832
10080802
62574352
55019818
7850596
243982
22312220
432402
21168798
16134492
56282054
86488700
1580040
88099764
37963392
10541152
42981642
67838138
33806776
44818998
8680338
50183938
84964266
37930674
22161526
4238368
20338110
78036144
116671948
30777654
118374062
59539710
66926118
30635118
13250632
199864
42514372
6657802
46630628
86479000
2350264
52142574
26773170
90364358
5274670
2053050
36915734
7563590
36910422
518160
5865502
4185596
97652034
1697218
31175160
40198410
53003566
27258028
9129440
4841688
4407584
56188626
3850240
50313784
33917464
2110094
78547088
33552448
57382418
25749240
107012824
49183690
54514552
77614840
10981594
29507964
42069512
52103076
7374876
1326658
18336454
37534418
17960570
8344
334302
21068074
35110578
39442248
83696376
5139700
42631570
22356968
22484294
12904648
45244424
49286430
57480968
8380582
60054828
86398136
1175756
2495868
32343868
12538366
8799380
14917700
41467228
37123930
70257714
80195052
85306
52411704
32460000
4258198
47233954
78399156
67854614
105885684
32717148
35085914
44739696
14067900
60432280
9054316
65700788
21219306
88210604
19931206
59414422
48403046
110806990
93643226
16497454
27900052
38360280
60731138
45577010
76331594
40601436
49454564
18873030
79997572
61170872
82401134
31544622
18654762
10648042
67403678
26934020
34035878
18102262
12544820
54669944
45198972
90572906
28380278
67110034
5471684
3755636
15812696
63509116
664680
75447716
25683486
24716586
10814064
44277138
2282810
45102720
53249774
11859510
1508966
38415718
50664172
47306672
28843374
59010746
35680580
14263060
16552436
2834578
54753968
10623042
20202896
15319560
85676012
50757212
33114890
14450692
74105398
32872130
33471628
69765502
2839550
40191642
45312586
29044804
1506460
109493948
19376456
9908502
7977568
50057746
9168308
26118698
15071312
82914868
383754
8349298
1905690
1727886
1767112
67458142
42260332
73398058
97435318
82435392
12135302
11306240
32279998
46118430
44789556
92329542
61620762
5759678
15349286
3725044
41029774
93203946
71522262
33928468
25194564
308416
8801516
8908130
117381064
18776230
15642476
12592166
57047102
687086
13636426
84874
9192470
14035780
4636294
67501586
38032902
16784656
7672994
5925044
14152784
106481084
67329206
19411982
50656154
18913254
59052048
14730048
8647948
16371148
26255546
1657924
198394
14688894
4922168
8667790
87935300
3636152
62981234
74861398
13475192
63638858
94420010
88531206
18692618
4626728
3155470
73893530
1630926
24041238
1373628
17925622
32337834
14833608
39201796
64782656
7191162
2149030
39204000
250856
21030744
25420242
17564904
52408816
371796
762484
49585784
30143294
1122328
736692
41503568
1024012
83791140
944028
35439554
55871564
72179668
72492946
2780926
51676582
540490
48316936
32650494
50786098
40157392
52172928
18631358
25183476
5480198
3806854
1839986
23920830
96017350
4166224
34356860
49342256
32797618
70168044
1449968
10723788
35415134
20959158
67342250
48476610
86180772
1661330
8647278
35986232
29375454
67726566
53079556
79725752
5074970
34830436
50570384
93832200
3874760
43857654
48331238
31348436
35044350
2203380
7660642
9246100
2371886
77815128
50244842
63240914
47658540
77384524
102194844
30750780
39311682
50476296
64744134
60277652
982756
37661782
98576860
54793644
97814490
11304076
16151472
58863922
54465016
3613768
22186494
49728032
36672292
15920134
23979176
29051382
70252802
942638
26876082
85855712
108912926
107802
58893230
38500514
72324276
3882450
21821500
74391404
24680466
273530
29949022
14832976
14530496
47412596
1555962
34126504
37398032
26126080
55130164
1629422
47394
22755528
4140122
46511528
27562538
85671068
32423728
88433288
953278
28721780
27032738
142050
5534768
69789876
62168362
24659176
28954126
527068
18907544
19140548
18650088
3382844
52241380
47940798
19877774
758418
19613470
32314874
7568652
15966858
41791928
94249398
14507350
8336118
523228
11977476
57717482
10095622
90171522
5461102
18512498
89393726
14915832
25976704
2201340
55152830
28803158
13917158
24053754
17452292
19721902
20696634
58539610
74299520
41817480
29951562
26612086
60868062
45751216
61720872
56072890
52006046
37513530
16205398
45582300
15487152
11621368
72945016
2823130
80729998
966612
60642464
40490172
2744830
22980902
11449008
12752422
75642378
565040
100172038
26277932
49234162
165084
278726
667054
2798522
21170944
50977388
48954578
33830742
20224784
37543132
14782174
93215060
15162394
37991876
48039474
8595076
86265582
383022
16973414
15517306
68077648
71515502
67568170
21696
3744432
14849106
94140958
71495074
15423192
523710
58004370
16193872
71017316
27141130
53273150
42762152
39535420
52888614
56059766
20423208
46047778
12121510
36119572
30339820
1826484
5429590
10357180
10420
92905872
31675410
20234884
49955262
40506246
1723882
12189234
22081046
67800118
33353178
7748072
27891098
30446066
53756524
48068432
58518972
99926478
54648048
27506772
61884204
17999586
1021844
114019132
23458892
12837764
6577284
298964
72431640
3531962
80133064
39801010
1128100
63000958
58528850
9181012
65080634
59451994
2133708
67903866
10330930
2756892
22348778
42303756
16946398
60421168
18648768
30726556
80251996
11228
39823240
45356138
44026114
21999902
25001992
64122
25616414
62662900
25738692
3209468
48147740
42593402
40562902
1450242
2113298
14854336
78356926
15367708
11005962
77280478
4751534
76486714
6452466
25915992
37742968
5734756
21101572
42891260
11557570
5096828
17812414
20323768
25056332
34690688
94064666
27721144
3166692
3544646
14103908
17969794
28201544
14778634
8543498
35303454
4910336
57647430
22631346
47223660
107273730
8505312
4528030
16637638
81864790
47829084
28773906
10359886
20145798
31814028
83023482
20305090
68416492
126960
57035136
52666106
37880248
1795134
11420878
13544936
73755086
36491204
59000798
3659388
53180690
48758650
55343248
30350828
23808342
207322
15013964
62058648
89930550
96492986
80705018
2591566
47752782
103356110
6068932
43238834
61062252
41676612
28354740
42879960
27438942
11389456
11660662
38359022
77007336
4511434
72118566
17103024
2134368
2677548
1696508
1418418
5835100
82045272
57684794
63673784
17510288
9293886
64084712
1223174
104343376
75812340
99298800
5295234
34656844
14934
130042
10461916
7705546
33379950
16486794
79331210
28618996
4074730
25860652
1331838
27584618
13336244
45738916
2686648
19506528
13010318
58616500
38600020
32566010
23485320
539904
21145486
82378642
90527708
22465846
86244944
8472574
193588
12089652
32401788
17109036
8025444
12122180
63307856
30700730
5803808
56834698
68975024
104616384
1159712
618266
2909918
15999730
76052314
25341292
10614408
68878246
7674154
22847148
498454
12642014
41273726
6918326
2496902
55745824
36000860
60173160
4335280
37566
41871576
15221732
32264148
49200350
66078538
53964
115852102
50824280
43098250
71934328
27178562
2597190
47685012
7036242
275580
22700150
1619472
4165270
40159960
23106332
31867054
54171442
5240040
26085192
13005314
35547138
10383980
80407096
56894664
21036056
14158306
24436612
8840126
15703758
5465050
16726
36476634
35604068
21792340
46036672
4544992
61511138
3584162
26309776
43996142
68651030
45670
5304554
95751902
62359804
90487228
61051858
79109112
36233428
68708338
77414800
84059590
26084550
415894
91528596
17847724
40408446
98430228
26512832
1881994
27510084
86636
2828610
44362
7874874
34791194
42596118
14280570
97563474
97821554
4816248
123156
12632592
94643366
24176496
41367066
34779082
93000036
752846
80632474
25817328
61158722
126242
14196066
57684492
16371792
59178878
5846828
18042122
3426152
9697068
25511166
12793908
79486950
2906548
77849264
602314
30011404
9291258
27290112
74091780
31734
26329150
26009234
67023696
70327226
54761466
19179250
2775924
8108450
86983076
77227804
70872324
49206488
48740052
78364780
37833702
83421940
7993588
52395736
23468926
1880506
38775350
4342454
4070386
26248538
2652078
42841842
952460
40098182
32311622
58131846
19739786
67533358
99432528
3922522
32167698
21466250
31067478
28435802
77704
31506114
17992024
42173910
51813706
29603996
70767692
74179772
84502706
28046392
95450
21214578
52206362
51120696
487790
5296200
73524102
34200000
54078966
22093414
16599906
4344106
12595076
27163496
9326424
83554452
87834824
1426668
24122902
29949762
15557738
62557664
97294480
43689236
12668966
35702966
46403732
35900534
53640724
174640
10433466
524880
57954382
808226
1345158
15922956
11440796
62175438
22226648
53062070
383108
38065264
38650982
40776172
61940716
25003056
64222044
63174172
1768916
33772800
20520620
72769842
700910
4145322
12621110
6281782
20210052
39587194
65812762
3032
40214060
35972546
92951792
17796054
16997070
36914296
15257786
113205920
5711746
5007076
29149712
71716018
71253368
99089940
30706152
26772254
13561056
23015898
29967876
36667904
13256194
86348922
53384124
38742460
25432960
3384958
66825722
76212646
8715546
72466062
30804166
75887702
2848226
68630118
49454830
24264394
7379602
33039266
82439486
8437306
9497540
13073188
5733714
78420078
24679136
15586576
12917688
45174870
58964638
7764872
508822
65073076
69100942
36247134
59084694
23269132
69308342
13580848
5588826
11763778
56875054
5596492
262896
310218
76080990
14124094
8452196
3843974
41466036
91086952
18593040
27041108
79049196
16288720
16422812
16773070
37960474
108130374
10939454
20067310
40874164
44568828
52350068
11862714
29048610
60932144
72586518
76916322
54340422
82368
23235204
13848156
9070660
13747536
6775082
64114404
46536024
8984170
59123654
68026702
32716052
8313654
108717540
110367668
34411788
51054768
97433358
19893182
54553126
71898434
48724060
85050130
82546346
39396938
61233420
59845552
15634950
29734596
17212242
2374490
4798498
8930660
54650634
73014536
22945474
1358412
19506682
2782114
35596788
78517220
81535798
127802
8514168
49148638
65381678
46023586
2317300
51727040
16592432
70661354
19552526
17363908
66302310
16431550
93258338
31519952
50678552
13995482
19726844
70103058
879250
65474356
1097000
91956762
70253126
15933276
11424988
72326076
7437758
71084
970104
39701976
10180098
95018746
567972
90418496
60750928
6890300
27948960
74708152
88078956
3512174
18225772
50588782
9238858
26962810
18588704
68779586
29143760
14016226
33731250
6664566
8017276
65230324
30827084
1390928
36536938
29328896
27055230
17526282
14292870
13682948
3326860
2391400
25801304
16081704
92578190
99776146
5221310
303908
36022274
17485206
69450448
52899750
22007404
4784236
68901748
29681786
65954194
53979680
71372494
92478192
24177134
70243328
64926288
41547294
25568340
15218908
30394946
65294902
16646158
48928736
17773510
99886510
8735048
19665910
60723904
22409026
97192696
107040392
78081136
26427654
17660442
32171298
74734092
21747866
38225970
13637196
41458062
3064280
94295488
11254082
73826026
66496448
37797304
4118040
20223106
12247464
23193338
57426722
22530148
78233582
114263968
71461704
8239212
81492894
44765400
31079672
38996008
27000278
3671264
24598444
54021458
19417978
3828994
43268924
16238114
910958
104203778
63640184
15678584
20364922
18236370
1855880
22440428
11161032
70589896
310910
103531670
27957434
27959422
32824168
59395126
63510070
2814412
37998832
11797926
19146424
15329458
56578550
14760690
27596756
54832026
53180204
80247636
5554804
36545362
15706184
249120
25362460
5574218
67908208
1929790
52757386
62577174
66577638
48821726
21818304
65824750
4014640
553378
13373648
3646260
321174
6160766
4702608
42360322
15276742
51430922
63254796
36655062
18062034
93529926
47142820
55330154
2542910
47634106
10790370
66379514
24630120
107785978
14542050
11137432
11931618
25871986
30682710
14773160
52256728
6749554
19264738
60701466
15443202
252558
7535832
69059758
36560680
76558256
59636678
52324088
49049082
7886184
45406510
14638110
19132176
16640376
8803792
102289822
47339036
5228238
1707576
24512996
66746552
84735874
19226476
8213946
72556942
26806024
15319786
3819214
66757442
44254826
50533260
112001256
57856400
89005202
57591600
1101258
94441358
3505360
2527352
2669840
548998
21605032
32094020
9513358
1036202
19052934
17622282
90554294
91537384
2381404
25361428
9032344
49366620
12254778
70583264
38971242
21185646
69499560
26812040
33782426
3758230
19905270
10771526
30923032
18839252
43291404
89512610
218250
57100282
65892740
7000174
14301950
52958930
61511928
47538062
59597634
13031386
79016260
1613344
15511038
635464
1293290
39162982
28977980
101331208
79981352
9290398
46328662
1245042
34374590
24250050
8495676
39291990
29110332
61036158
13569604
13150068
56652030
72035810
12929952
28006778
44711314
40907642
46233248
16933826
66648846
30853292
6193572
1907148
10122750
65310226
71499804
20650600
56602632
10899800
57302064
18615850
4339854
721868
58137466
24036960
2394462
57894600
30297472
34283540
2893224
90067748
22148012
32613990
7057608
44953110
2210418
46526548
45216502
63311862
17285904
22029876
32240208
3758372
13205704
39297072
35828142
48669584
18204052
87262778
25992612
10481052
20326558
75314174
38249318
14959140
15328336
51896214
51432002
19404256
75258472
33896728
2152712
2019774
45824854
56594668
6672244
8763676
46795578
15130920
80081684
13967268
19756348
25120926
72577172
2328976
27195892
48191458
21583742
7863516
78731180
3562560
19514290
20794504
49788668
14958402
85915552
43815986
4637690
39378260
43455778
61219492
9915180
71302030
10138576
42396804
87371774
952976
40144632
530186
64246914
1492820
80669514
42590718
3350868
9055172
6691964
85954810
24951814
107259890
19967970
5455278
17958628
1950150
1517940
36142274
8769018
2730036
80468650
4267756
89702704
7969724
66463232
87060538
13842888
99529256
45633138
50107608
49761442
18722932
40670798
67133488
51846286
8099820
12484410
28718194
90898074
50502
48857458
1019160
10493860
35679674
70546268
2945690
22468416
46295288
40793144
39175484
8480434
70847516
754312
69903524
60558446
7174258
36415700
29560792
2920110
23904232
29090358
14463344
13788874
70989190
14557308
23376732
18928112
70759202
59683064
39278260
56516982
78228806
61201494
13213380
17875238
2606714
31229308
1606602
31657606
51060680
14696814
21528086
70633486
19295198
68546196
23353176
361802
61861610
44588168
66909102
38198798
12342784
18212806
10366952
6495950
40982874
17533978
64054834
15068944
6552030
52340340
77562228
72625732
49166076
81068198
4551996
4343188
10817422
36852098
77040430
14013758
44609722
58429782
437516
2543704
40897188
21452834
83242038
10351452
3482756
10521364
65201648
6702968
403790
4426350
12693906
130058444
201166
19940408
69801976
93519156
3315142
68535702
10923424
24106
50728072
35529592
101304966
84369352
15037458
15234
9524326
69829486
23220538
180982
4563756
11404028
46215770
90467060
54090274
68902254
72780740
118217550
88069286
3245144
34308774
5942972
25005738
2549178
66350894
4617272
24222022
50607070
12858892
111065988
44533128
14735592
10325416
84112746
19429950
15145586
27466530
23249900
15720718
58719784
29395900
76715110
63629288
43997746
934404
32512734
54442344
41668648
4590024
22138522
38094974
77624156
28922748
14411858
82501822
25335636
87391620
25284384
70134768
71558204
16659896
3653408
72974306
261214
9186920
46427414
76374686
69492734
2004538
26882202
52044178
63243286
2189212
37754338
1089530
41624154
17600646
14166472
39491078
22480080
733860
20283794
18564058
71296412
25602952
25684794
15581346
828566
34166218
896888
17525718
18322306
15552666
6332666
40646882
7783680
60888660
65151990
19980868
1198412
26709100
7260472
4212934
7911060
834952
55866374
9927250
18257300
18340638
84214994
12955038
54186062
40493974
10769358
16918964
46548098
36445006
11386052
3412756
92795994
83004698
6796450
44368250
35567186
31687294
28312530
114654824
77370708
86981738
20342634
7321564
30412
29037204
9579042
45271142
47263948
28683176
42407448
338004
516190
45406266
30033092
109609810
33138004
17280258
11912820
43771142
32767102
18120040
55846602
57107948
10443586
13864640
58937294
71144520
77211698
74196926
55640980
16779570
4106120
1926600
39438104
5679976
1590522
27251028
25189002
15392050
63257912
3116456
80879136
39599986
27055710
12982302
56039394
46217354
22718714
23504316
26205266
30007876
16924392
4106850
54617330
54857100
32025404
4462034
22517950
12140362
17822142
20359094
22898048
29189826
23584800
17903304
10559966
44442020
6608654
166228
54437766
7992598
12481992
86277410
12320422
31171284
14456
38658788
41903568
1893018
20935058
74325170
15967386
4919998
27700404
12525164
5041314
6044
13670586
106342232
462802
43006576
7326178
31963906
69399722
45136986
23854520
490156
10436644
69095692
238980
11123886
91044360
89463192
9306254
10910530
11998926
7001588
72941692
66783782
21929058
22574902
31089964
21136168
4298950
16334946
81608330
1207512
4422904
2368456
69721094
25330260
88048528
47183386
71512
4524312
73316622
21503616
290950
74409982
68414108
5500882
97243750
42622054
86777704
39367410
12891562
10734880
35393510
74988042
34595432
2306278
56717372
58671704
11563714
10007200
4179286
108021722
27935602
24577838
18122492
53729860
11676910
63058548
56602514
8648864
65538084
9629968
57924568
107348280
7702632
42510406
91557780
28435128
7274872
29233136
72685384
16561160
84613466
2043438
78178068
79509918
27739380
14725902
9399236
68030770
2497768
870566
60512532
25297576
16850794
6853812
6069216
41274106
29884956
6645166
28088606
6150814
8366122
811530
76757692
29971076
33077590
55834804
83867546
93418200
1174172
12184222
1223118
8651972
22738436
10124502
24715582
50467212
5148076
457624
28032750
6620612
37619028
3173732
41244182
56581192
63973930
2035650
1647926
89594954
75549596
43071826
31525918
7406890
51476856
15111046
63385576
49193532
81507366
14697022
49773288
26456554
4105776
65479300
16248152
14309924
29281092
67730888
47601680
707302
33312028
66098670
75557042
68628350
47280624
13511024
39472496
91662448
1992680
39570120
39667048
108131488
61350210
13922364
36529938
11838310
269100
98463566
34526998
2634908
674596
40916498
1991348
113232
96775278
20981564
32876874
42840638
1701134
3737460
67214116
6785206
82034942
124642
5636252
12022538
52724016
15583258
34695368
6289980
37501492
27752846
3288764
37732590
10277146
10664432
14553578
16871626
997624
90927508
29622424
11556210
12122936
5671090
6721858
62417876
15785198
12794996
16900192
6709996
61739418
98232172
34520156
22050792
833058
47563910
758066
56573290
27379904
21228914
100755222
9243188
18832464
42433840
470060
3254236
36873510
14017712
54613568
91017874
83262608
41056772
36999538
23116822
24119512
27089156
33057712
18248966
89741254
38270880
24011442
4873396
30928888
81608804
41533380
25800822
18567288
86656484
24537768
53292906
3834744
30033252
31956652
41958232
17792818
19753844
1102700
1202620
113697446
67795032
6043804
43133852
26933816
21608754
7505634
26914716
30195642
8998882
28586640
37538262
106816070
40613180
16739510
39320392
12383778
17944934
6025624
41123054
7599934
1230722
69820442
592922
4124218
24490264
17191776
83202048
56625218
32509732
113437440
64996072
11124010
66242112
54092936
17242598
6460076
56316978
46487084
27168866
48554418
19551262
95789704
4187556
10202564
27051814
32526878
7008296
15753834
84401520
41562768
38341746
111275766
18330714
18656204
80607870
66257216
23321950
1622238
12783578
28102110
7121474
29361044
9060430
64303724
15784900
12194292
10335710
99863736
5614742
10385774
9654920
103832456
43763532
18904256
62079712
44904804
50747274
31031830
55362636
2591460
41242390
48070690
20040314
6375926
1324140
91029838
25468178
22726796
32143102
50707642
1044976
17638516
79916768
2958488
39180658
4173110
94477016
53115562
46915174
47124806
38252250
20613596
7881274
13017910
13092974
4660676
36836750
33574372
9964780
37684552
32775014
22694788
49733174
48632386
23084352
61900656
29281198
40916108
58525384
61827262
73853696
3314812
26883964
60534958
2893516
11921258
16567418
44915410
26987910
17073432
59564046
62006826
78474952
59975150
4137048
67379098
42670658
92169750
925480
26108798
47020338
40984128
174270
2502
7022898
21443426
23930624
56661950
430078
119502234
28836242
1054522
3217454
8661918
71587046
86585090
49856498
80161596
92613874
10934532
21441544
48709256
47868992
50460522
16293152
62034954
49821084
6309390
23264476
54545618
37582224
9100820
247594
76618492
15366194
29625646
9847414
63562626
2244426
25379748
48523070
133360
87820942
1075102
38655954
1669374
49578664
38534388
9282762
73500832
40275014
23241358
70530460
35012206
51807994
14474408
94514770
49894788
14096606
9140614
94131826
40608978
740402
11284426
6740256
38969388
56058700
979656
28993130
64673780
13207462
20039966
20206026
90514590
540170
55678610
1022232
31389748
33781180
53894776
15843438
85956668
94129116
18433422
62978994
41671042
40765186
57568676
62959336
49834326
36800616
15788548
56365344
82982212
68430116
774780
103505174
7455082
88624936
102953052
35051318
35793278
11493270
2103044
75963562
5618138
41961980
28465258
7714952
26680864
53032264
57866604
10175476
61770998
15800074
48891240
1246940
48888742
61731802
6185376
1223788
90141522
109638
10724716
54739770
40048696
26030396
86987224
76323746
75343374
15280676
98657118
7904636
889178
72134106
4569310
8327236
16097566
16677032
42525192
28708962
24675714
29943436
5466250
16900290
12079318
11069508
67844456
17363432
85090996
30188612
57239222
38906426
2830248
16164852
1120912
76383110
18649480
58643904
33346974
39611882
38224866
50894838
1038498
54124966
31538770
10373768
59201322
25403060
347610
20352060
1699484
19919270
45063326
62822726
12458446
24083320
40045998
7256086
42742710
25600770
92604012
6052950
49489804
68752954
921520
41023224
21962928
29224632
12679732
26735824
81188778
21972944
51846488
15701092
26199448
9055730
33776328
13087206
38189010
21546518
32944542
45458554
4631856
25744630
55801544
82609254
1650330
26991198
12981458
44034506
49460128
69090506
20968906
14985426
30632338
273380
45018724
60248660
46972748
69279146
86003330
434558
8184338
73625450
6826344
65176414
46643582
38654470
78602582
98145394
37098866
38847354
4556740
49721298
36017556
12113218
64256484
42527450
1815422
76545274
37728736
81887214
29002480
51378
103696708
59202914
14183632
62832958
18604828
20607654
2423070
17775638
220388
34194096
16220534
900198
99323260
46129700
2754774
15082340
62870978
2164554
67344
68788256
59318334
7133322
15451602
27602596
45610604
14789732
45412492
3871382
28430196
9992484
9438500
47877492
92894686
41579900
10702412
27437848
1579656
11521534
80154730
50063092
7254856
27405698
2350680
55557208
63095832
59225408
37651798
86155962
85185002
121060
35245496
3697230
4197518
62429782
3122208
70356870
29320574
39780246
101581174
62373284
18249426
33435734
101428290
103025468
56207014
21262886
1489014
48167840
9774688
11289898
4119336
60626370
21675936
29588800
14403602
9594922
83198584
13018892
14323854
1759034
33428240
1117938
24176156
86110914
33781442
5222488
39044016
58680370
11422126
43838974
3589760
70944482
57014672
11120924
107404730
5568590
8465922
60467864
30863418
11790540
71456692
3644280
68296874
37808834
9135882
10839354
11516520
101935976
1758200
356382
80781834
7171122
17266662
1008418
7915026
45374992
43562278
9477074
334762
71937720
10954782
54013186
69499354
50355246
52224994
89381156
2606726
70704574
27692634
9302638
3159414
7347002
12230172
31107704
18525890
31857520
65582946
6791646
44950916
60817396
3848754
53061702
78712414
5985818
28202186
200266
71354418
55633482
3833664
83038720
76673880
47190032
66074402
3006740
55479648
10254730
34137842
21308660
37969326
31540796
4968048
27047842
9622180
12282236
40889676
4905426
11982196
88917722
27682020
9526476
42425040
12639396
921470
55595150
21388512
58512804
27068858
25096580
19022180
67651232
95290698
41625648
74832096
86470050
11734884
72899706
46141434
14563190
32306952
40828488
17254376
1887600
23231316
44132774
88089060
14943122
53819706
59415256
23805696
3264924
10592954
73833396
45135828
29064234
38115758
78636796
22963420
23031310
55295802
111144
46208064
38731000
41113826
14291336
5158408
17218166
15811528
95671966
75499256
53092412
1106524
37635028
33789814
23595992
56987368
36765374
70864094
62478836
26692096
8388504
38462660
1029950
32334600
2471538
85867554
9279152
53048634
1433260
9956484
23349682
78723942
51760344
3013834
3067042
4400650
23055040
593894
45931848
235640
60549202
1331952
40660982
200696
69874094
60969032
5073978
58073276
16750520
71082268
62209432
1490072
1324416
10646224
23729022
5709002
59240086
4118288
21871226
67165668
22420672
3797346
28482878
50299690
22084864
9046594
88560030
23130926
57868664
48093638
55086330
15418400
77922928
22691338
14329326
17997142
44275074
29364264
7890510
46226738
3959582
47079504
24895280
53256984
47453722
91434430
18363286
2679596
516754
28096432
6685482
24469500
13192380
56923422
2737196
38667972
40742664
77325216
34287702
83829518
86664444
98777472
93447268
92988670
8042942
44949594
4456338
40931398
78319332
2896814
53621524
79588978
197600
25219632
8893274
1543808
7048490
20995094
15496776
43842202
17445936
76062804
36502912
68973408
12909338
8122646
72924234
73373834
25061278
67676928
93768076
12565596
54777646
1227568
49764190
70585770
32148034
11946926
20884080
8936
11172730
8193624
37876712
15620642
13022838
20220120
57546188
41346132
20599488
100356910
3159320
48142942
30472868
10605084
98362608
2444726
2643952
3114588
97337466
23737226
860812
53500464
21311986
60801194
8428732
1728066
10950958
6352288
56147168
60013230
33687206
4845916
5377736
1449004
13110750
61845526
66583940
30506820
10508014
22685864
76672610
76964762
16923784
37291528
15382264
41108320
626890
3156
180764
45166056
56834770
9292574
4797124
4382290
72515798
47814372
149752
33825858
21629792
23915740
79315012
397062
5473186
17518064
7205572
45402338
30160666
16568346
42257920
58559702
242934
47769062
58611344
19679820
41627414
31898314
26044698
5936488
30570668
413638
16027580
19595952
53801046
1835562
17597066
33036660
3547420
77554564
62946504
38954814
7143044
80679270
23481572
23051712
73614492
81261854
12749960
22097670
60548852
11056894
52516272
93461528
49227202
75113604
65240824
312912
24550104
55939696
34315200
17986654
80492776
67643354
27250094
85701992
15638220
32689804
20298982
2123180
74030820
1864986
24588424
16836496
39361284
555958
11508040
25895000
9846300
33970
8104222
36346868
26522978
16365680
78304658
44197446
69835100
8591070
10232082
39730694
53659164
58072986
16111056
13863736
376700
25906070
41875940
11538870
34146522
14089816
13336788
30837926
76670566
47649668
71828284
1858700
5259556
52079292
13134276
23777142
18580082
32243920
8275414
482970
354098
62457516
1974248
7408830
29755224
3166236
84658470
351704
79644832
18964102
40412628
11139518
9572852
32927892
53887802
1876320
103560098
19474016
59896264
76984148
64226250
39819186
36292
72768580
67524628
82916726
53040640
2642526
48239940
6801094
30368264
55387244
53320324
14837468
62664920
9995136
87697818
7596112
11284506
6753526
16023414
40765714
13250696
76264244
10721980
9038706
318676
57633792
60251448
77041322
40722726
6074726
279724
4283640
13877998
8334328
83609558
331026
48839072
18564300
11568868
1480848
2085894
4344238
44497804
2030442
95127116
2450700
18720982
75845814
81285660
94995922
96253630
43260728
25749668
48904986
20686366
48670878
15916830
63644904
2135664
51265052
20884132
12507236
181546
54657754
67139202
19051326
56701728
64408514
31616228
30706924
43171764
11336880
28211296
81137216
17959894
88135890
7996574
150804
11434626
72355286
11024856
28700956
20695238
30025370
5347262
34728274
13878034
12100264
20827788
56677344
27535888
65888408
81572816
2249728
18327486
31568678
20369244
42690738
23826350
92818284
27855940
14629146
102067206
10125906
45161982
8175766
5954138
1894278
39130658
46561544
44645720
71103146
61513736
13463830
66035964
19550188
25217108
921032
38878512
2245092
78520746
3771096
2621756
24816920
68999580
53623816
18398534
7189040
50041062
8541448
2453378
581790
410832
73639562
70174376
15922270
1313610
22617750
30181184
16882
3685758
10573328
95434394
84134252
61904140
5195576
26859262
28276934
51201340
38563638
91291098
8814778
1146224
31402160
8438466
11730432
44672724
34842542
42988168
77717556
28165990
60396590
27215092
629264
82567658
91350632
30009886
74015330
117931574
33850520
94802418
35072820
24758970
53539186
5281408
34062706
58806886
27964128
1513512
95617784
46654654
27996978
16587546
105869228
25747066
50551296
32562976
34943712
1939520
18879672
2859508
64469446
25213324
54046
821912
18239302
71113922
28246534
74314036
1514060
6256026
19880608
20665510
69057548
26551910
3842138
3503868
36314286
53554618
52924082
64481094
75037002
32656596
74488048
28504508
50813002
1507526
4964156
26800044
70525412
2737710
6428846
39279998
65883862
5419102
2561002
55976592
2759098
14204198
62877044
8326462
44078364
3797020
51877072
5256248
47753716
31846288
102638266
14158568
32760154
4079012
71463988
1070516
20140506
54483218
19171928
16206634
5891770
37147922
18456778
57998666
37690796
58596962
8071488
29139154
13092658
487078
72947136
5048470
7862530
33920746
18834420
16977428
41495888
67427386
51346164
25956242
45510092
34203332
4972404
289062
11963206
23855592
30613088
50525066
10378968
7345046
56996564
77297944
9802524
34479032
28295460
23388344
29053514
31347978
94319126
6896682
85506508
67999350
14401236
12257788
10464272
6978276
10569488
32941356
81912136
36314514
41648372
9240158
98693428
30147112
19701350
13202870
4606022
48216004
3507746
33769446
1869808
17328478
64209384
66228280
77646442
34934334
64648216
9324980
50233894
74058544
46337812
47417744
64025870
873166
11295860
63554140
30342356
24072500
2799440
74636734
74833254
9618408
82682350
8523138
72476376
3420498
3717504
43305702
51211946
16141904
52598286
64808092
26214132
85527418
51869682
85923948
27180852
22787586
23544430
61789098
50081504
257284
66184600
25520500
608424
74286658
110226384
15514772
1859544
15788716
86176896
94532
11375792
41727674
8203974
11276182
44562448
52922956
9231196
162478
19901644
98050668
2890406
4169724
47308678
14823802
40656100
75074346
30744374
67999794
18265808
8347772
98690188
77184946
91828610
16086760
3988896
32137718
11014426
4874648
87874772
7531086
37158416
12596798
9372158
63667676
39782602
399048
93361748
5543140
65652916
486580
62449726
101053372
93683944
52206220
43977212
70597708
49118182
62367564
103226478
41431056
75725274
7887516
16026340
36861216
5063670
89780430
611156
62608798
61665682
21225536
1358280
14301898
75538348
47373444
100659658
56019210
95705282
77704350
17019404
12677192
89086396
24017314
20358320
20094016
4415078
13422586
4624680
24928350
1322888
19020926
41961234
235106
14334952
63144450
10982828
3560988
68686982
69576402
5422826
461688
76298078
78048246
35967520
31585726
63262674
21921222
56024582
16989612
48978366
5345938
24461178
36749102
60414682
48501396
15950088
9967018
55787950
94237320
3968996
33225752
602048
27627472
82460220
17904616
50780878
54154
33138160
2219618
342396
44608916
42027936
93352398
57006928
43882484
6430844
16523388
58170318
73733712
62363834
17307594
17829426
62356498
54635250
9245200
14118450
95967490
57489282
1368602
12526282
489214
8495564
11292216
1165892
2129470
70478418
104116510
58257046
82986760
27297400
15905970
17450562
23349316
52528846
39183230
87967686
72458544
58484610
32765766
44186866
53968
14159782
38893452
12044106
100347684
7321936
6881410
12716284
25985174
9308024
5550136
15345174
90783464
14389424
88897918
15329984
8144784
34598678
45898136
76354880
17961424
64385146
28043276
70669406
21290204
57392502
30912866
7540418
90901412
8810204
46474608
17200656
70592202
7203664
14634776
55154498
14817028
21513554
30551300
2482248
34283426
95161832
86290402
15244472
54560298
6213634
27730548
21567004
56899630
40670790
1349592
1605442
79383600
49430346
32376274
55357862
63902000
9469022
33432258
58268710
52008684
30652816
29627058
26109980
18964966
1725356
1318980
26336188
47582330
36406712
29018354
80437520
29310766
6409066
20668616
36460096
15734512
35982368
17626434
76892854
32248298
35647246
100583180
33744896
20537718
26277298
72311558
3319988
25436646
60301328
93601462
41308016
93831170
748744
60356956
11241702
17496040
18345810
83785326
175836
3546502
1227150
23391874
28663168
9705830
27499850
19195462
1544310
86034916
74753906
24905822
8849916
28443856
1036762
72957944
39574704
45341368
15755164
49662538
3829550
64874222
2115776
11932360
30574364
35290794
799492
4178604
3950864
73547368
964412
95469586
31996892
337576
58450476
50191662
71137904
70547218
70840892
11639426
67346346
1287738
2542012
33396170
2326912
20767614
4399406
12284682
44331156
88061748
6311150
68659638
6773610
29547378
62262106
201814
67676652
51407754
68307572
71090858
10213520
62405030
268000
8196218
3712658
8510188
43991238
34782524
7920142
31754332
593398
38209698
4786848
48317000
50531296
46474484
52251874
14959468
50729936
19437456
13149002
4568040
11871908
60225522
29802106
43620240
22175292
58644360
66022806
61230322
9424584
54195228
33630560
45064904
1692082
2129802
84291670
35467938
446178
4368918
30975960
4712248
22663470
61701916
57525060
1574432
4438886
41972964
28486920
19717236
19290220
69854642
38327696
31085166
5996424
42230242
47128714
113670
2379264
7432286
65921408
58949974
82238082
27225686
23167202
13981398
59068862
44483354
45547674
67483436
62433568
44038654
50868590
77356816
20583290
1003896
42498824
30426222
93862926
45963052
88884642
181446
47850796
38751712
14016992
5871298
769602
4383738
45465576
1659396
62534030
8352522
93954846
23871450
21913474
41622200
79866282
103149638
72905412
106968212
61155310
63453746
43156076
77314490
83715640
93214604
37202812
40105684
76408348
90436652
12071582
73003586
8723768
41725358
28457750
3746502
8903366
2415762
7454924
62276348
198590
2788082
48542962
770452
11172356
5395166
81561228
1125376
64304632
8231376
83190232
931168
17273232
9444726
88589160
53644528
3563638
6583374
38242676
55292384
63831684
4739394
42005246
113994338
46197674
78147958
10609018
49198806
28052852
5264188
17362242
8372726
18533756
3753568
75965814
101825558
4654140
68439984
51918330
28745226
5023084
12578012
6534394
8137544
12571016
29449678
29786206
98018792
4745348
7800960
42859704
81842448
48075754
1073352
34612174
52057344
21498354
23198110
30698778
28753402
76040004
296752
85981006
29555120
6645770
47120284
57254302
13991276
15004898
30659592
6177788
41881488
19444804
11543742
49785716
34824074
74278218
94474930
1837864
468994
18406546
31504306
52993908
39964454
76604814
71435972
15019414
4381672
3393260
37621944
40291962
21378520
33339026
33123032
89662390
8856794
706380
14433338
33363666
57591124
80452306
72202178
94596278
14811476
58890488
94052080
23332872
33236836
65022518
9235534
13505068
69918658
62601404
49218920
10663762
7666990
11802442
56883158
122524
58330854
277756
93405358
45005596
95788072
12340226
387128
95683868
57400828
29800736
20732632
25058624
39225590
1440966
22516820
4754020
36487284
2284518
2308200
90150566
5816634
90891736
17197496
12101156
29585334
19235246
52659524
86225592
6338416
38059114
83440486
57351148
6081180
34751694
20859658
74981540
38029736
2009118
64906284
65237926
68244374
80723504
201986
17704088
50006156
110331124
27501986
25106526
50888808
84081804
91090032
4620716
4868694
13944082
45810030
56914270
17418846
77053852
62158838
57091762
348494
86295010
7529306
55043010
3202272
26524722
3348296
94245638
1381534
51591506
60125864
7473430
38758352
75528620
79136324
32278908
14496220
7508250
112650796
97726490
61056664
9672710
24835396
3223134
36378490
855460
4622398
16093748
9320748
63864296
35602174
25383974
6685346
50077120
60585142
89119628
2815248
80940646
13410490
26180840
46449394
13754436
2919546
3954222
3407370
2705814
80399018
21663894
86749144
6502948
17646050
15466216
2539730
23045150
75350392
58219478
6284782
61819086
4048292
26564664
14996976
53891144
3762272
86541014
98413768
5131902
57187880
58405172
68916674
70603678
44783846
4372170
105385158
65213704
29238712
57462358
148338
26656426
53556466
35410372
16820908
10654458
12072478
57068406
28710818
3692704
41348640
6329446
12718758
12520646
41586740
19463242
65086930
1923116
8427156
39391998
23992932
5132722
64155588
1102458
89064152
90074100
78535356
7935788
46867460
54874522
5968210
5622420
18918270
11925186
61523360
52635300
36623250
35490430
26320922
2554340
53737740
11428432
90699134
60430660
50655888
62097150
31789582
43625888
1086024
42152706
94915978
59048240
76553790
46856136
77020996
5266268
5287534
42958548
104804872
6378536
1689438
82269024
20961204
41760912
106172036
21868228
56300276
6789718
30556224
82329914
49836582
4353048
24486650
35078176
905506
77115322
9851802
57265238
20329716
29492968
11682196
17263526
19616200
92585026
27767276
42572672
3395784
31743260
70027044
67189190
57181720
7008498
24113016
15419388
33952732
85067898
24354376
11098962
10921052
48580550
81539164
12829350
40563900
58166980
69182378
90453362
22776290
61500204
7774228
6795354
70780914
17813588
48987470
84117726
95190784
8904690
6388754
66981372
98434730
27316980
640036
56084206
48662
12565946
71433430
12401478
2865104
60269018
52225130
73798680
80372186
40670330
52687446
36577428
13546988
771326
15631386
94695930
60378290
39783904
30371838
40828834
694
27913118
29788116
4110342
50346824
12773038
8731138
16976926
24243680
4236590
327212
103916796
20519932
50056378
42059658
1528586
27066228
10636968
11646678
78063842
85414890
61983054
1984086
27566486
1092656
97780338
10031354
13030030
23866152
34400644
24291884
90772324
1670794
53813732
16585126
4702250
3144
85919692
61778334
4753852
589980
8095512
92270622
14722366
12481988
18215106
17380924
95097418
17088594
7907656
20265894
44093492
35418048
1787836
24529964
4556360
52005314
80078632
5800234
36414624
64998792
8040456
105942720
19688288
9493994
5247072
19671494
3232708
84233114
22481686
11927290
39537628
82812740
45747016
54151812
12484000
36493208
4293406
31881660
32521440
7943282
2413548
11735370
2988448
11356908
13335324
13288722
44474360
84287082
15168672
63758082
61438962
2929992
39547630
121352
81374694
75785728
46846748
44924598
30361070
43947558
22895418
4325024
20747760
88465746
223024
74682232
45836318
85484740
11533866
57703592
31674264
72103412
66548958
42813508
1294220
43384670
30488
427288
25795852
58816128
61171204
7028940
16080544
3762076
11979338
4105642
3446494
1104132
10378182
50211578
12863802
65213618
54414450
5200976
6803114
12243358
24437524
100263184
16106052
41857412
1272784
6208824
38959966
32749190
90325036
1969950
15764920
4745004
7695264
43361178
1380612
28174922
34933422
829288
82974684
38150442
323004
76883446
44093940
89843830
26257436
18177404
15626386
7801734
46476634
25722278
7996006
96733430
38149458
23751724
24745218
7313706
23990890
2221124
1247182
7437654
81681616
7885116
23315610
96123566
64183380
29706066
29702700
71905832
6393150
259446
14491348
42383256
3277244
12383704
28257488
20461098
6851748
31240402
47256336
76163676
28343400
13698872
54650272
23313590
96864476
42463216
15065124
66013266
11802142
30044766
32189178
45108148
29703618
1929340
94422714
68651288
66171698
4630610
38003860
129742
64383892
10576176
87820212
35642894
27333692
24155210
5552142
34947778
63269576
69312768
3746096
15725994
157130
34865536
38295682
17267738
56847616
35564220
9186578
67661994
65080802
45656016
3229686
57134986
26599260
13176354
10766622
4921694
5749164
69836424
77281348
16708792
35791248
14091780
15487630
2902360
40192358
1228702
11753870
8745778
21576700
842162
81036064
1666132
36524588
66706338
53312632
8851924
2719114
61461908
4671130
808292
73645672
35664440
14252870
29166722
42446056
87943172
519156
51419456
37054022
50425168
1330946
27234772
57367628
14539232
81070322
85562312
87355048
65596232
52190370
79521844
2518836
90283800
80683172
11944412
90872620
2836130
1067606
40461236
67527598
13014820
27623742
46209280
2117706
29606148
64984694
61798108
9670688
25750130
9485274
89196542
26522626
112806582
55727048
25530
26277840
1010194
9182946
5350666
17359292
88506694
13425668
17530536
52392702
37553352
53712312
79181236
31471424
77904086
83614284
5623634
39510078
100107568
10579702
42148420
19577696
98200890
118051188
52186192
91720524
75811174
5212258
6683294
7194848
85476064
20348852
60990600
4191732
68088148
32329730
72542942
82678786
19811464
472232
12635310
68090020
63797654
65935614
28726506
5930478
36900934
33250668
1535660
20310796
65931728
21689248
6458962
1525180
6889352
56892946
29723410
36114274
44057802
75742692
13210500
32989100
616842
1830688
3935378
72536822
58878310
1045916
107217338
32680590
27540176
10231338
99668748
39786228
14947202
16712062
19530210
16006958
49675198
29665102
53221278
2784664
3502
10445756
15054960
51879756
5060086
67256308
4662638
35907974
27836238
127266
1983032
74568
8581748
23545358
62286870
5988060
111340384
91103224
61763458
37725252
60449518
44239512
39733598
59420354
2054446
541966
19962280
13288766
15610576
90601320
4664112
86042450
13007702
71694202
12113846
1431756
68360088
22858996
1499498
87076522
1263414
75983774
6478110
6689708
1330950
9965904
9140868
32982514
26336704
534774
16764578
11584892
26895066
23535922
16112208
96595248
71844330
23828652
6736624
67000438
16262324
63953836
23141854
37597786
15502596
63850484
20241096
69661644
5343100
44752356
11791436
59180246
3284424
74970132
33215880
173242
22522252
10589628
67881192
30252264
64635304
4113150
78631428
27059894
41488398
31779446
61848036
9255844
43696684
12662020
117298196
38751470
61347018
20202190
39518158
7784632
1241860
52725982
22794970
103992160
15489644
7892286
581944
42800680
48634920
32608664
11254312
32019960
67554710
6866164
19116054
60312826
27822182
4595134
29657978
14305732
7304382
115515848
46984600
3479352
2076210
15221432
30329350
76848866
71123376
7543244
4568882
76348104
34574766
23161816
606694
65542754
28323176
1628386
3744712
58153508
14377516
74083982
45915912
6862788
8188434
19412740
13765236
58169190
92512776
14600244
8655644
29276884
1531866
37695534
17169538
2325800
12228216
1594686
6684420
49183804
29769044
52174966
40590802
44074378
7328582
47680840
42672112
77634598
18113214
78222880
89473598
19732694
3824470
39545274
18638000
47840548
1909026
11878866
6320174
93057084
10374680
15532548
4088220
55531392
3291252
5248606
77539916
78966498
241190
22134218
19616596
2405700
414794
65978678
3260298
82033626
62549986
31292148
38094686
88815096
61905946
52568162
36179432
35845072
7144988
2568152
19594492
86957448
12162750
6273846
19158
13847776
6546128
89882206
60332576
35409384
263068
2930902
1517782
71064456
22828960
45202208
47698056
5388048
77789396
40931364
82538318
49803792
105896386
35403140
35398424
12030260
48365564
12780546
38270068
48302394
4145050
29325818
38452
4339094
41187196
10344094
78268872
3857008
65939958
1743818
50613632
109701122
25170544
76399328
62785278
8832906
79398486
19516634
92025516
21692678
1684018
72970436
739152
2238352
45044740
45259632
7520900
23494620
51318408
20014988
5718
21412746
5938004
16476864
30329978
7153728
12915130
95685714
20809856
9777904
7390144
12546246
67264182
27986720
9895232
10126678
27045478
38649402
106972616
75955714
19967498
3389804
14058848
73079208
19871384
12190332
16903252
32980
54606508
9878866
12945490
4944064
27771578
36398856
48522118
47763202
94599112
45593804
52003664
10386904
12670074
105390518
18530468
84575434
81677866
84298570
20946608
62847028
12779068
57371414
27239452
57596220
45707974
1559494
27451314
76590810
13314766
54332122
13505456
8666768
49138494
31191902
21360940
4100
25594944
9426102
84689158
55947904
10025098
1762056
17489596
6160982
3640806
53897018
3050726
8482306
16562356
40576920
22842028
16987610
62999084
16800450
19443046
54497130
20130400
13962158
18823346
85308540
17202740
1498642
59172248
840268
16784406
29223916
13597676
10694386
3651252
32594832
46046282
7422112
16004014
157242
9336432
74628906
2229160
20283560
32758112
265482
22796880
57169856
60157510
4400160
22135894
10144774
4142400
7461756
47885148
92218
33813076
60672444
71563530
10051088
59516520
33655664
11729672
105960102
56469374
51927838
72986638
26866220
16218062
74106074
10520
81860550
20249676
57898394
80548168
8538042
16849982
1135368
42316468
25667612
92914014
5605162
60039990
119848308
800716
77794448
1267476
59468352
23001138
11116098
28269934
28226160
56592468
82432958
45315586
67342998
478330
56309994
2330948
64926934
4188576
39645208
27416436
70073384
10632226
27599072
91248448
20978644
13110522
78751142
47631208
27362588
26066054
123998
8027374
65290160
25394788
33623920
67295826
45389016
19867482
62104018
20478732
1974888
78942354
14973970
70268878
22048120
70152306
67238208
32035946
34166890
32615638
41857696
16909126
291034
10827574
1291704
25719750
84442540
20833754
61582946
72723432
4237606
144258
69515466
1402096
5426766
90254064
24692954
5964212
51079846
18160440
404300
15482462
101914170
81676228
9424914
27562768
760940
16426736
29983216
55870108
2839546
62199476
20439152
22405780
5442600
35568876
60626388
7864652
41230574
31816132
62037530
58112082
94982794
30926996
76946070
7636552
2925100
37678574
7996888
31793872
74798002
1501430
106882140
11654668
79680
47671996
98063148
31399022
87105124
41543384
65989036
55194532
111420
64528606
50321978
36683314
15695262
52597030
37430488
1765704
86607942
44444680
7934160
16826802
82673272
36006850
35877604
131758
40084606
35819316
31930762
15331952
29659358
41065994
43200814
47119868
4102104
92657858
35774968
28640180
15083566
72016882
7547994
13197434
4231550
3662952
53615924
256
66492872
47022808
27593534
41526580
68056426
18773734
1435910
6230590
199080
39429078
25192138
45375012
33838534
776212
2575766
40018866
97487748
10227548
67395314
51533996
36032612
799304
27279926
244018
26241014
33973244
32036328
65105620
12733144
18022838
16291592
35073736
94884
8408224
18592514
95405420
16974482
19916792
18500880
816552
4224754
81190280
66921792
70160892
45997966
86644078
849458
12795332
23068860
30355832
58907154
1290664
55134740
7963840
5078228
58487102
37969012
20577872
17756256
6602106
102095058
55175452
16585678
31640974
963720
14433922
40147688
60488438
71926562
58442310
10078770
997046
14287866
12930614
13606430
13503426
39693156
4041600
31231650
73412020
6360426
63864700
49466808
57776918
60515486
22050312
974926
33285220
2254652
46043988
51887234
3676624
84410924
9335800
29200072
28586970
21577700
19431144
54993708
68755994
13345382
103182066
59004832
53883222
69242700
29856594
19614494
43750012
48602048
22356310
14061634
11582308
28931818
8875062
47792780
35945226
325710
15166688
14485502
709306
98783316
62755672
47009150
51927380
6523924
8880732
34563352
18248280
21140750
39805112
2805278
69809568
65673792
112717580
25886782
15998142
309892
14018638
33261874
78010270
1850262
61889302
65223860
7641418
2325694
2806448
2023070
23360636
153872
62376888
85329560
51377624
54056942
6884034
62847274
94291762
17313566
37446752
20796232
3212652
58098088
24760396
28701964
66571744
2781472
76154356
62024240
31336950
72843380
81210742
11715768
9267308
188048
59932352
7803174
13001884
102377698
58392522
770668
38357192
44361268
47016328
53986440
53603850
23008958
1824000
20966728
50496838
45965614
24729858
6338942
1612814
35231254
24268840
34670894
1792150
6967254
52790276
31920080
6660532
7006686
32176780
15578666
1978910
2379602
1116990
822322
37016458
38294594
42280254
94362072
46435584
164540
91812
28200396
15752376
54965218
43657896
30954826
65660502
27854736
78730566
20289446
11416884
19902752
37804394
40235710
20740178
44062
12363814
9349772
81619628
15224258
39981046
26601452
13160396
6375584
87988948
7813976
4595044
53554102
87558524
64210164
100907846
54004396
51173534
10317018
66947284
6495122
4004652
2030398
20852240
46693640
61515920
90503578
8526822
22420578
347060
40322974
10097336
9697596
10069534
37873094
64418470
63859800
2306102
63220378
31760798
26253868
56601642
19616926
21252724
22693010
58530528
46934196
67367062
21136312
2964620
5561050
5836882
76397920
29867976
61943606
2339704
66678940
28323102
5143394
90087728
1039994
1303458
43017022
10623412
77525184
78112994
40932880
55506002
17871082
48205646
1601690
24267476
1545566
62975216
46248240
13424468
16729874
68593498
15163270
1441904
50522056
79183452
47388736
5013954
19530306
15571128
79619556
29824220
63599948
9272262
60156680
13040616
966854
8874254
5876702
13504242
12762370
29616342
63888258
11675322
2574
31974348
78582766
10498168
31094566
2991214
3572214
30725042
29850686
12771696
44955016
512834
5333538
24878802
36281770
41368878
58823840
1490944
65966636
39460024
48338400
2072234
73571612
112858
74046070
35437984
18518438
50532858
58502836
70390504
27466616
14340712
10707188
15359078
21380882
21459592
43025590
9069326
47056698
110325496
22872380
14304812
17845766
16143488
161276
3934568
18666512
24592166
1223178
124527780
106090060
23131220
12929134
435098
43001074
14339804
52028
9613638
240146
56726490
74076
3397258
13770062
48919618
50622642
64825964
16744012
62055168
401064
54761990
740146
102328548
26609944
44402702
48594862
16989052
79639716
8250958
61755952
3930672
21762190
9217772
5732854
2915116
13373872
110144314
1853116
52102520
53891504
43153174
59274744
50449876
67625408
18914970
58006234
14496354
19883796
29053456
50320766
82943654
3284136
4225038
10940266
61603516
37431554
40574592
11813292
1645956
66885168
29712500
9343512
90724168
24737722
14919086
75936474
27277392
4911446
78514110
31822732
270750
51951522
6776886
65834468
36759006
2938884
70725456
552864
25087328
4557584
8713108
61779812
46840212
79814570
7898568
3741482
66390
22916764
67745230
4090838
7796330
70729396
6641122
16424314
30005774
160172
70184658
84062208
79098528
39966990
58605112
82147534
8748300
7607538
66652842
11855444
34085840
531302
14611522
26519014
31731862
39891420
48333872
13897408
66553108
15005434
6874090
1251696
65377172
56100360
52333426
9697404
60914148
11596336
46721252
103564670
19603002
15490638
57620702
200424
8608494
37522194
28232162
21244836
11117860
4670816
16989124
59648464
29734946
21268266
27689712
57103442
79570642
66409926
10114922
28132698
3808726
384096
5228868
83357156
55068396
83735232
80317248
12769772
1404178
12904292
11065328
12302442
57417096
18712280
86347458
55864800
16283096
93973164
60223480
82699282
13406130
58637386
41438988
3372974
23033612
22753228
22260512
5450048
53720644
5957856
7865242
54814932
9696010
16982100
52017008
28744980
14022116
20902814
1449276
11541590
731362
67000964
42704068
54863894
16023834
17877364
60658034
14972320
23064766
3688838
315790
43337536
7038372
10712378
50172906
21546818
73957990
10324620
1870240
73985514
27293804
5331054
7155674
32113544
17232136
20300934
95280660
82105894
15381412
4354326
54434636
80592014
3926700
78333328
1096444
68936940
962142
58078880
1083738
231336
32547108
80086664
38512880
12254280
9088812
48037262
1354104
49222768
5027854
43267574
74456390
64264332
88985378
60523502
718666
52211324
7345016
8212976
105660892
10310324
42146446
69544968
1425696
55257238
51079730
5509546
58933010
20389190
20857116
2594008
82998646
14159596
69830270
62084880
76913398
81364126
35841706
3974242
33472368
8714412
1882950
38719002
45669098
21457714
10682548
7172862
23997660
7578734
7331364
23776552
5520992
1572790
27468156
3643170
20528292
31637862
37902960
70294596
5047396
4996602
30504392
3637142
31598106
8890854
5014196
32672248
75823724
87456526
59404380
56498960
21527348
4632236
40103290
20613884
37506726
36430206
67726232
39493806
22623430
30989354
16520534
35443372
27171238
67666534
28147036
37025940
81825844
99582000
8160100
1765778
67911566
39286896
17553012
33535632
3323884
46804160
64851158
29597458
14265830
97313404
26954236
65055818
82272150
749024
6663694
1950810
21280398
37553884
33681308
14602536
76068
24903058
2402708
48614328
42969546
41764428
82467094
4260992
297126
48179616
55019472
8127318
66341356
47845478
1670154
45265264
108195798
142860
13181922
45042824
7958610
29510550
74685924
278058
62152774
10037412
49150532
5688522
38806988
97057166
37554712
98532598
51797002
27829404
82221184
61265894
56654294
5445504
63086154
29936300
14944514
1593824
50339542
608274
19145084
48528800
12276646
70115532
3005732
23026872
62633512
92846844
96028326
56606616
23120498
63799062
60088072
23293806
12895474
22454090
102508124
803272
20685604
47994710
44466516
36477246
37421644
27964058
29343652
89149926
43484636
82944684
56261960
11751130
4813204
20908306
84254820
53377914
12037060
4152080
5398036
23632522
10168988
4308256
7168716
70325488
15476428
12261338
17342198
41099704
10754742
75459240
2900796
24408104
60597554
85798518
22484552
66559774
17475398
42248420
34095930
903008
44456278
75631396
46178416
21614012
654688
44553778
104768514
34699310
86137154
1400334
16420206
37011138
12060954
104064210
6005906
2911754
11216828
54371686
14479466
76469622
80858874
67552572
10657664
29168154
17153898
10651764
26148910
2674976
27617140
12971110
79383274
93106896
39911668
8324728
49532836
13211014
6271900
54263780
39722798
81301610
30707180
13853292
64529118
572022
113210440
5804642
90467922
40715748
2631244
29846004
2846542
34737988
880372
96839592
13170078
89299780
27632408
2214094
5877634
51560082
19220818
63432842
22070966
13535622
41499384
68464228
3119394
24301272
33593120
46217424
32172282
74230124
92159994
248926
59593128
24921598
57844784
37495722
48582796
51281422
67111270
58061404
35435314
255328
60049114
34959446
3719948
23571972
53983992
10673432
38467554
9847886
4246116
1804180
3904478
33200212
22892524
672354
81971164
2001830
33908208
10652816
97367816
3960644
65099940
92889302
75002486
64268092
35805618
24034624
19592066
10588640
10706408
544722
18374814
4097254
46837824
2514
14076932
67823162
32094190
56347086
25376028
32664020
10312636
32310756
71625568
45026064
10753106
57645416
106190316
40474000
70862312
94967228
4797234
8367740
41239032
54261350
36355506
13049000
3560340
38770750
64353902
48592872
32749730
10886662
47748094
21840252
28642800
40445834
43143048
33313448
79819762
60724202
49924174
1681554
13566562
3312956
80507220
27596966
90733782
53241418
10472430
45510552
56766238
14196442
59187536
88682994
16788174
37452276
20888486
8222920
8467636
637054
10545096
44943094
16765270
70351618
27579698
20477348
67732294
24884760
25405084
75828708
46037716
5200426
17221598
62441760
63811460
44370664
9748374
29706254
55934626
35561030
5734046
53341124
56330652
64827780
15171394
21459940
44522354
15622318
91896316
2139722
7508342
29400006
427742
1871230
33484036
1153558
59037016
44938916
26587816
22327512
57830274
464080
49596402
84511454
73596368
1752532
51246
19589456
76068440
983244
43827626
30330640
93520312
43294720
83964032
54711002
39606296
37843246
16586802
18538844
35202026
6398680
47019510
66990940
60935608
35064324
2973614
16301902
27393408
20099148
15780662
50296368
28820586
59063448
34312142
22622114
36154890
33973540
36592250
43250440
2038622
32553214
48905660
9745520
1445274
34801796
38838052
3775384
7209066
90274390
62498594
9032024
61907924
65626030
75986892
91218776
12011206
60327396
30890112
44570670
79909812
33110166
77032796
1437936
32226876
783126
3745080
2683936
12449242
44040456
28424172
33990220
12480394
22616092
4118144
3070694
5864036
66358222
154552
21330810
15811594
228718
76310242
3765172
26145202
6348912
52465540
28778222
8852244
15789104
8633836
85703404
42863758
2328420
41935554
24041098
44239734
43780356
40862758
12369056
37233318
101128778
32080448
28608756
5602578
54996980
19089624
25214150
4182654
799418
32049076
26515554
45361166
58383460
69700454
83262066
36002852
59776158
31315280
4643306
68984300
65030454
48571676
28059226
66871208
1434824
46344204
14636582
6172720
4953014
10983550
9764310
45736368
17218306
45449492
94732602
13584686
44927732
20568172
59785194
2813740
63199998
56188734
10280964
51196964
61987968
29593056
58842326
43969816
17478410
83531882
30721256
50471392
29471640
22248740
7471286
9126634
76856448
37196980
6813264
66352468
17923380
7792518
76667320
56281696
29123654
1032832
32890142
17267412
71765542
91626636
59778512
67286940
2971252
62973758
47916354
22559032
9338276
61384754
81547178
945056
60117062
11702944
45004094
27868834
1054286
14085496
2387978
45753826
86691746
55924270
55695926
30936552
8892320
1203408
41399912
61122800
78900244
43051896
34769814
18363222
46801940
94003390
57394206
60818330
25362978
11100972
400090
21235718
74680264
1346134
11165990
19201062
386750
47036236
31466016
70464040
20945628
44410998
10032188
6108694
26308026
1265032
52412610
65382652
27839328
346818
20092966
15161950
107042208
65801506
24175788
56579934
38997258
1068324
42007206
30776850
71463960
64936260
8019130
84459418
70495808
6590822
28646700
9550504
2647714
2440672
29416130
543014
72408360
15244096
74247960
76648134
12746752
4472872
132906
64153176
13878388
5455168
1517344
98091616
27676126
5314210
18698052
32294930
30233076
16369442
7889298
10463668
53649940
5600118
75117164
11954766
23609292
4618670
73805918
62828824
21492440
85118012
242344
16156676
103018482
49369902
36744678
58193586
36201352
71117506
26846676
26602100
84873022
44068662
70702472
68331330
11697688
12181422
26043892
15048306
17182778
28653044
2707760
47492930
1729410
40354202
26519490
17067872
5108362
73154282
25802268
56267092
32074822
2500530
2910700
47938584
66939390
2830030
6980382
24650238
12985398
10933714
1582584
32348524
52743156
15723284
12472872
60572198
47504274
42753858
8757140
17023644
38863474
282780
4303454
92180260
74617650
46044446
51863084
26837888
64780516
5015956
5970946
54102224
73528
38159430
78396796
68719512
85541736
21880364
53010856
18429954
33484414
17844390
9100554
1685638
21951082
20104756
1434696
56844780
5347820
94254630
7619728
1179966
40889570
2767170
74579460
7347396
21778530
17755412
7814638
17715494
10246468
16385336
55507766
67533138
708312
45755854
25732266
52946412
60778364
7643108
23675012
56851026
8114284
65169714
4389994
32698946
63620886
69522762
32760974
22090494
19797146
10397544
78895428
532108
5551270
5250758
79900778
31152170
107162124
20740242
9092154
1137782
2841790
20968434
25094
97842546
31835132
3180708
95059128
23643840
45316192
33807966
12953546
62281334
4216164
61292248
120524
55982626
22977590
53600580
2081170
441004
26968288
8459308
60596212
85328664
1542336
74062244
29580730
12107960
11744716
81354396
5824692
1884046
59872774
76588264
34930488
21311392
40594428
9152140
67747446
53345592
15034038
85698744
25956524
20933134
40721546
19176544
35571264
19643710
607234
20135442
27333800
60862364
64228348
2600352
49831906
8234100
1685650
11874758
59592214
88835152
6810766
7193376
2705852
68206146
86502696
14144584
54299760
40189660
44033800
20051060
10764946
70056494
38554294
19980724
341660
13788236
1411872
6142068
26688532
35262468
23816750
21838434
90094572
43306212
81638086
11347118
28264220
66614
7150686
60336882
8174378
44625718
1000280
3530904
362542
26140512
47775116
62403852
78073898
2084714
65373652
52815248
8001260
16500054
1847036
1955146
110676820
884434
7155674
4316006
17598942
19589196
46484930
23674578
7165880
75892816
52859934
649110
48618146
13203266
72704422
64129804
34679078
44713638
105085384
16428
62485136
23904154
36117788
11435540
52146402
46526784
16217726
5386428
9721950
74585608
64776946
10202596
91851270
7638278
20366016
37659116
64759726
9918380
85072940
8676686
53037750
39944032
22898402
109629614
16982846
50980692
15895272
80565408
15687394
6389920
80124426
45762226
13516486
36083670
5262762
5633780
23892646
22203092
48760404
78771026
29560304
76771568
58991834
74060010
32834978
17079734
70756804
18950136
45877504
57783238
35643520
45302748
53784010
82960296
73224138
1019148
11210372
90138722
71178296
24979556
37966484
14336402
50775742
10251456
89055782
16767254
18521730
7403834
4864330
40638756
5808816
18850708
1354886
23029642
21246746
75959676
5741164
8136574
2738358
32897486
39006082
2613668
81923474
45273970
11859046
1681078
28963232
6491670
2407320
23391708
53278990
67024986
24543518
107960376
10422802
18301208
36650834
16592290
23826494
53248550
38713708
50165626
43710688
45911642
22322144
80656806
68701726
52346136
56716180
12363350
29782052
8616602
3587258
66210040
40786612
8308828
71863810
63527774
20234106
5252446
62447066
32119302
62072022
76528190
34774364
7852314
3826176
40523532
27696418
53966836
25785692
39440548
4349018
92813290
46180092
61661488
77744324
44839164
67294010
61463378
20400594
2060954
18141748
53513124
974300
42821834
4621544
62397678
45193156
2080976
1857798
2612682
73625410
70284386
64608302
61722554
21095704
14331926
3843798
3249490
38113506
101923360
1739632
12498308
47244506
9554972
6040428
27311378
43435722
12686386
79448936
64881614
7510634
123982
33140576
5974020
54671770
43633798
67523310
10907918
67199826
94473390
77700246
39727654
24437288
7323194
33378260
12436108
31009102
97740192
37446554
53256860
14975458
35402550
6383644
24913956
9380090
28567452
36425320
47784792
51870294
18376858
7993220
75794658
36463838
17023094
6647822
40901544
92219296
29166896
1241036
15772472
20545716
14398494
94029422
93285896
8426730
69024816
5068370
95260268
87959786
28142404
31332930
27445330
58600468
45922242
13889940
79708822
70120508
2409558
99718276
58661898
11094364
58667928
21740480
77226628
4152294
85389252
64871902
16820494
80641630
9656412
34247274
11301298
34296186
788260
59910760
20359500
30825646
12610050
73988888
76907300
80084214
91329774
9794250
90308302
641598
23274638
15150326
51207454
43232130
5681794
204136
14815252
70906518
46692212
26101390
9192226
16359596
28913378
58553130
27049184
30850934
48315974
34316888
32192104
24685844
19902600
17927024
56621138
64793128
91340288
1075376
50774820
52180
11603426
16228848
1200288
8621742
81514926
28116016
6910686
59231328
715432
26603600
26279092
7674474
37923236
7667344
86590010
52154552
59946668
50596888
27085364
873302
90188400
13222152
57504324
21779646
63937616
56114
19132012
47274700
7352082
48959378
32199580
394432
50013866
35951054
9496796
57059646
88111656
54771842
3114520
689334
77703628
32880102
23070168
8926840
48688100
102140504
6677706
13614154
16461710
1549154
67202134
6790412
31204474
1351438
36843972
85444508
67314628
36445206
31609912
14741088
61799716
29312850
2619996
13184554
34299594
15513090
9491020
3858340
66639750
107009356
96319616
32289072
69415178
27787618
31115648
13789546
60125446
10890264
2801356
87312278
9071610
33144526
13364086
43931668
25205638
56151252
36344460
34359050
69864804
32655704
29236672
36308694
267676
20475200
54352590
1039658
13087678
34621134
422876
65231712
52672788
84097136
12909816
3250320
46845098
3859222
9338358
10966506
42319934
54613354
36575320
48922
25579550
799472
85994164
14511472
18003396
61798898
3293462
24194188
40770014
14188120
31987734
95985080
44321238
28213440
48377598
18627626
49141708
14365782
77479566
1292966
32456850
74138872
55619666
17731870
40267206
602494
76734994
11233482
57886770
5349902
5996878
88401902
58067956
29937524
29873478
57532750
3923228
85634
4279044
26096204
20629120
89759766
11608394
5769748
103590784
13941448
46603290
25674372
6559648
41465018
1858712
6039690
88039900
7718318
2272666
102346888
16667156
62524368
28848508
107417422
16238058
4590248
34902726
64231132
55359556
15152300
70269880
30264574
74234840
43839426
7960698
2222158
87156616
46540948
6601116
9517816
23656666
42181714
101293066
12347126
2193068
99469662
57633406
15030798
2104430
10997514
3396314
63789336
43931242
263678
5842122
12941342
11872418
7694870
21098498
9253956
59580600
34735902
10425986
67041370
4270930
4166736
59881868
3893776
41827678
46035192
7866726
13834946
55408588
26622680
35293224
8512600
734112
83316630
36335142
11245358
6760770
81023120
66424630
68022190
41364024
62724064
167158
6040320
96377672
63446980
4690224
4364770
24263858
19163356
24020222
2540532
42223092
58609310
30080028
26778554
2592462
41810400
13536620
18099614
61548186
64416572
17715452
12592868
50644824
13654678
5812426
18990532
60504268
60402696
37818700
4219704
20148722
8862486
11583324
67522640
112946378
1979124
98473208
27279682
51405216
2077746
42256682
74411196
65118774
3366842
8430094
26837972
66826466
74735676
10232924
99596210
25756596
7641626
20904370
57998470
1496790
90164106
76910406
82349906
35483478
64136650
7456362
20667454
66341944
7463630
54721548
6993824
31464546
4294502
39457338
22952
49483916
634102
2510848
1049276
357126
4086582
12033268
3828620
12618542
72240638
78241528
6032668
50479496
36703906
24979504
89208694
16081218
10716090
27413912
59672216
44221796
7555704
65081500
58456220
33573976
92746262
26839820
28715344
12895376
29489704
31560436
88934158
27051082
14584070
2364828
32836584
42660484
31426004
19169242
56724358
42748230
38161908
45840496
42987778
33840760
89646372
38076776
84904878
14384192
40695086
27919910
11172130
38958800
34887406
69499896
38401790
4662396
14124424
42090244
9640298
20196388
49611312
10936894
2117926
2119304
64849338
29108170
5184924
9237044
3234360
3886160
10658144
10839608
38907314
51351330
2703688
6108488
27446198
20931188
15714626
8794396
17561254
41527080
95932096
63033884
67676132
35691328
8580072
43858980
6234216
58951680
16765480
65571506
12500938
48910818
7646598
24570820
1143058
46545460
58273106
40091540
24387168
49286582
11793118
84484642
89620684
55226190
51299874
33257964
21587470
31914438
17958432
37971198
37525754
8509958
85878506
31295566
57490566
72932814
8326188
9371286
60332080
561278
80256360
7676500
9922352
38046490
80873250
2262
35048174
84757816
97687052
93497332
25784912
44224314
3678464
10685414
24041652
121310736
30129688
632424
6716960
37132818
3518856
57059004
3987668
22928916
52840574
8429094
14668242
313994
12620976
33541298
84402134
62598702
1706304
63815286
10772164
8329222
29694198
47106892
66255758
15722114
57036730
11092678
4642874
7691476
73178290
95327364
4654220
41531630
24987446
69019804
19703982
35469334
50358178
16452548
13253032
25725374
24338220
4774798
42301626
90585162
23476922
4356868
38389354
12791618
8575348
2573116
67626550
62646526
7235604
49957248
80080592
12166072
26320500
10329482
8199854
36956172
66597676
37316684
35315882
35126804
67806810
19636230
6886628
60244336
76940
30338906
4991446
5381588
6650496
68475500
39296446
14867634
82817910
109232818
27702874
2768172
15246104
14889492
4416652
35188246
30526226
27017730
1318244
67648508
46932216
40084870
884704
65175274
3622968
999356
25482404
78187492
633850
77377638
31146782
2910412
61240342
18375228
6946014
3562288
16696824
34698810
109337714
33024318
5084170
43315176
12883038
39295782
7249904
73506158
26721444
5776734
23935856
2511104
35897846
104516746
94504
52948412
1009784
48245188
68960912
99297168
232028
33408884
12594420
2992746
6929366
38695882
272582
4004190
13433204
68975586
14584942
93139434
36304758
58188476
67649270
3879854
65517606
3782812
68596578
45110734
35573416
23736296
1221038
779194
1914494
35077000
42756626
38520294
34112714
16089318
1765432
26680946
22535794
3834694
57432306
33288258
92357734
19010760
64196896
77828736
27259878
20514206
11649750
24272630
61291850
75801324
61745992
106310692
4645996
15588578
3271694
88598294
42702682
76430916
45579836
552824
38104738
1533774
40626248
79873026
5657498
32952888
25843750
44966608
66764024
82650528
2793684
8584644
5483722
8696308
67602620
48142286
53969844
7041266
81964974
15735070
8542166
9224890
40612124
2087422
12205652
17190746
75494228
72902754
80784474
6096152
41164478
10826234
6010912
6446022
19877334
2319106
87812246
38364960
106308624
72665208
644126
25670782
21798086
8219918
81189696
3928818
33545714
27261210
69393636
42338988
6156870
97900966
4529882
30663892
111456826
11960968
28744552
15297606
38297540
994144
55557738
80225220
575552
36436942
4170228
39129010
75311076
35385444
72434108
58252442
30165568
70776040
100209424
85398676
52839174
15584788
45496278
39906278
2180690
27408812
9266980
25081820
61631694
10491136
5936846
2284790
6806990
301476
39657416
13323686
58972030
2449718
27555006
67903522
354274
14882612
82806410
37410090
24083912
2459360
73807100
28592588
17488398
32110884
12598666
69257066
6082692
1520730
978
50612624
18388656
12525652
64076970
103873558
51982684
77385306
23414714
72238952
4034300
25746648
45674908
42469740
38695124
564000
87281986
47046668
19896926
17316874
42533294
28975912
8371066
80771950
58712026
18196468
26806100
16865506
35404362
47310200
15889534
26679428
45827478
14783266
311712
2729134
34277706
16723106
28355182
55634974
38344122
77306938
43468040
82746212
35502366
8716410
57368562
5821360
29891830
85248254
51875228
42385480
109204162
40031792
96530830
61554224
38429430
31847488
71803824
63139258
43193026
73896840
31781884
14520738
81091076
67308682
52541470
57474134
12058846
36591022
56294094
13605790
91303826
85328800
30452966
38146134
21498350
78887648
35879814
62313542
24050336
69044750
11265218
53369506
25040738
9150182
11754652
69493688
8344012
71785518
111295552
33347268
41485520
8587974
38385476
1326630
83639652
2943572
359304
46172826
615602
94462634
31838090
11348034
774056
19343120
3949258
26050200
61358066
37166990
52065234
4652144
59659614
11714180
57973822
35675214
1739500
49403818
16694192
12926240
126265594
34771174
431194
4832438
62617234
78803768
11706470
30239144
100048
14080042
3633890
97797396
4436966
113345178
96151828
91322
1927498
33791008
78246038
60734922
72604902
27136216
39355652
54304838
48350026
26361116
31911934
26633026
19399988
118084
41263716
58747894
13884998
54851836
20553296
10731428
42006844
56743108
1782186
63903342
9699714
19654098
24006664
20216588
7220860
46721810
681726
10928160
10760092
2543004
26243700
19292216
1190462
72250300
3049852
48101042
35976752
12662984
72421702
487872
29698286
42658840
83571310
26885054
38997024
247630
89666574
3548998
118127824
89395914
25026436
80681602
6786250
79992322
24396216
8412814
47328350
13645998
66196052
65145254
23859094
33007500
16135572
27953870
64287410
27715736
22268642
47902332
31416084
14422136
46207798
768206
63599250
19574410
26831942
30831404
47484696
77335316
74673522
131488
10121554
61366070
10369716
28660212
55077664
61421994
85586708
226154
23338218
78462700
50012130
8737216
7014210
41253464
69621940
25505860
5597760
29515890
102399786
61923572
53677632
81038914
75191804
14156866
2902518
6502246
36428688
30909492
2965694
24096334
3598416
16025426
57783580
13209896
20944790
11962396
11850604
40253312
7958990
23654822
47573014
52907594
7245468
55745476
26619122
106522954
60839238
61210786
33800444
1920084
8340264
20589358
28082150
12551074
19835324
6218950
59913236
62862852
82216270
18761780
90461398
90198664
18649006
13933308
2445910
54788914
18999492
32478414
18560910
794624
62366270
9629596
1975074
21546140
30859450
1232086
105377478
88613518
25012772
32719784
61923724
101723766
62656408
82212658
111395202
1601500
39116802
45155758
17626350
45543016
359542
963200
77326854
58404052
13366510
397818
95378856
7378380
8351746
41998906
7758680
718280
10467180
22446708
82286762
42869274
41890894
21893706
23664166
8592122
8746578
982578
106312298
26629318
8482578
8513148
21496286
5208100
91315540
25871462
81684916
11406134
5521014
38907994
2049154
20403826
18451704
4605498
49667838
59364220
5541228
7348458
470942
29416344
40490266
89490726
27692166
5830698
987546
66242404
947050
1520012
5433808
3450146
26421662
29591680
1506922
4763378
9158068
27824758
17243264
13266344
18267252
29985968
54447654
583214
49048950
91991160
28080640
29423960
61645600
1757208
19801696
2070628
38200660
27319808
4936288
3847720
10867604
56857708
50089410
92211708
5982438
28328690
65021560
50112574
1571416
33115212
72250722
40561790
37676860
12073272
76727036
29412444
57246084
387042
64246748
45066518
229694
1203940
11806846
41624984
61616186
52139578
28512938
1450390
65411084
61887396
16094314
49224938
80027794
63017870
61008780
1536428
72360472
31332190
6572620
59585582
7086116
307790
83904860
34620846
1184302
15612250
35274618
66704402
2548702
7354224
15496042
94422472
64754526
68679734
8797232
15258716
511602
5741348
57113796
1395974
964834
75198664
7582622
4981306
21691162
5462896
50429236
7902
47877046
38515272
30615966
26715538
41146786
41649720
51420248
9336938
25326800
149574
6234926
28066498
34422232
3654258
41548944
81732
17365004
17167644
3509322
15202152
33142322
61127322
10933816
50626840
16811680
447072
273426
24805530
111384064
18102694
53112400
74611478
34127352
10168860
18459848
98074
72945462
7740156
11896902
43038636
5535862
78118264
108882998
901894
17484840
3128900
4445696
70157832
37464748
2767614
36854186
554924
57504590
37482846
25758072
35517274
25387930
2321134
26982700
16555158
14809432
6353994
23068250
9745142
1160596
23530296
14084928
68407680
5186658
71287504
5268098
89649546
31025378
16402166
19677034
61664724
3258280
10773036
45099636
26302436
1621638
15661404
88064110
24234194
3623732
25489048
1110838
87952
85240272
16153028
97462058
44529990
35298358
2503414
49337130
85755104
110122
20798698
12170628
61840508
71511602
16109068
7061202
57502250
9097484
13579380
67507860
43717696
38024228
55271890
672402
6756214
60356590
811538
11735034
107861170
89854508
38697406
7476240
5067188
32642966
59324492
35673652
74084280
22494338
10985814
60337898
15829368
30915646
24292070
88765332
60018328
5574830
27447674
35952116
35232680
1783962
1958796
54407690
17022270
507666
7817582
7915872
4590604
59845726
2604392
807752
1062556
90314082
47752196
1659898
85494482
756596
51370440
17088258
6705200
1356448
11890638
32337496
77690778
69530788
1313620
5745538
41292090
49692624
11213144
470780
28661914
31153370
16752884
68839508
55418770
102104728
102032360
60188594
199926
83758054
11266604
7367946
50586262
7688818
39194252
9176192
28028200
57501708
7202850
15920730
77893026
24670644
11444618
80239122
45272258
70153206
392730
23720370
1004578
70611382
52825564
89827796
31560426
16027916
10323882
11969376
777996
9858380
34290200
37828630
107967174
16190
4237096
14575372
33378186
76966440
357478
9118812
8206142
20072826
21747846
21571196
50588554
51036776
16787230
15671882
21043848
67091678
18070664
74802562
58771528
9490474
358616
53218678
57328914
1823992
29701636
39341910
15495722
52387664
67645676
85632086
42328296
66888614
66544014
48882364
10534538
31747366
11266354
13395638
83942680
5806724
84846602
113187346
463948
20347674
49313528
34662340
18015600
1109396
732776
58640706
39336036
12454692
16138580
21834048
70224184
76473340
85527920
16838874
19435548
16605520
20509170
46226862
931204
807446
9587420
437168
13888640
77780742
42645480
952328
52058042
29017394
18066000
60118266
239170
59570742
372690
68604702
53767554
6448068
21352998
32580182
805854
2229294
23312164
15500696
38514974
43825992
51947066
109046524
54416506
7969314
1632764
34595448
86154184
107917610
23831312
12630214
7561756
3831160
74783188
34958718
48923180
13503430
74249612
2169690
143052
6572988
56561556
2051382
42785636
26383202
38907874
61089500
