28698
161382
291712
792756
581012
1016806
1350604
275178
25994
197516
1504880
66654
201168
494876
587894
243604
115778
981392
1416914
47882
311490
221146
174052
1031542
1316296
944232
48866
11044
490736
192744
974058
281906
1289304
21876
259058
396048
458316
383174
263742
999286
963134
133674
188460
636360
638386
1064016
953652
905546
49626
10626
942540
24692
746792
23392
73396
1300040
855056
1289944
86568
22660
214998
43528
3092
468084
126842
176604
627578
423234
97320
187740
127896
913274
458636
1221780
196224
632688
1012260
4444
372852
922394
46486
1366388
176896
636092
1364010
407534
622350
1087216
129392
38992
376770
173992
522036
194514
1347158
212704
766492
54072
1899232
466124
140136
58346
65670
119690
177668
697662
15082
420816
566560
87320
314370
184528
17674
926534
847908
2346
310476
226946
846448
1076692
613252
1682286
1069044
395750
21944
345198
183876
406462
364976
1685700
114678
1056796
116986
1027276
451484
4074
759424
1264880
963178
559978
981848
1285958
871482
724516
360688
118910
220326
371452
1454186
820196
22722
540932
307770
564790
1058868
169360
271374
784166
192554
217212
1460096
59672
1046926
1317732
1312566
42868
15038
911782
226306
285462
7534
74204
9710
360
12970
152844
270422
104694
224412
648120
394062
345104
266062
970446
70486
1081990
64824
214576
532978
770682
64954
126800
458272
1116326
3986
61882
101156
420798
346904
1626300
1233170
355200
360868
646820
742434
922456
203082
1759494
1339078
249690
1352284
379544
51252
735220
378854
239086
21526
1281530
5656
1048622
127394
260392
882874
1236520
939772
106818
743104
499274
105400
1695508
1449710
1645272
5710
459576
2396
570756
124066
21136
866554
1022140
1016728
841612
204072
924208
748438
805774
143562
2200654
1159212
936292
1170912
93472
696348
846484
1733842
8318
416
33770
1061466
97450
874268
867536
10886
130292
746456
692208
199122
1097042
409616
70140
420086
2246520
1070874
1556282
862436
1506354
123130
777312
53800
525342
421976
1126994
735056
207196
268164
795782
1024000
124398
317002
1517970
87122
134820
117186
3598
35296
735522
346586
1852008
52
1256346
477086
14374
1781016
514490
421018
9024
949122
69726
1388448
304832
253286
339338
110818
64892
34984
394958
139474
499638
21608
285270
393738
60940
170992
1563368
389482
1528452
181954
234922
220258
204
216216
876080
53710
796442
527982
21918
195210
647862
182698
192050
511052
464246
420470
287254
987802
374390
840182
110626
41108
105452
20200
566640
656436
449916
556780
392968
146524
89554
1707186
245228
568416
27900
63584
156248
253862
252086
771066
507334
2044374
27766
592202
266650
860690
298894
12438
149972
500104
26486
777758
908386
244620
1020994
658
45650
999190
427378
76536
14332
89516
1324070
99594
237394
27818
579638
18118
137116
74100
1267846
907788
1571958
385366
1919332
760472
337464
462664
475738
1333806
1115464
512202
1314312
72158
1409252
1500342
21150
529818
378064
155944
475274
1231424
1225138
714172
1224050
558406
644932
247254
256758
130868
591250
122550
518414
247448
7498
53744
1205910
268
7360
801434
936938
166418
280970
1859064
4428
190040
995406
119114
6176
158234
547334
63582
1198474
839708
111736
20626
1188080
616222
9098
493352
141310
963842
204804
760622
122186
1195024
326984
38866
1170804
907976
781038
553794
1354
736848
19994
197928
95814
682646
504310
260028
67170
88842
671304
770432
409554
248374
1059320
4416
493764
310876
1072980
72914
1103674
214828
25998
325584
1068340
429106
470856
493896
2006790
888816
72476
536610
73920
106054
136302
239942
1617354
472792
643022
357340
498580
47612
177792
52678
205320
482374
445058
1352598
352622
28068
362196
794046
1344238
35692
1189972
238072
915136
159280
1264452
1144592
933520
847140
1977606
477486
1511424
140448
283778
758382
925206
1281420
375126
54020
864538
87214
1182326
997610
377494
555958
29440
164054
1621090
1106622
384804
163760
64214
1167128
545252
176418
89124
791012
673722
14944
563232
705434
54216
2052398
207612
649918
236170
432314
1593068
1924500
255066
990902
1107670
560482
527898
1782874
16086
472574
738046
1320840
1307192
171152
468908
859480
94084
1248606
2142414
471660
905814
979062
37132
805716
585114
989250
255736
546946
1214956
77572
59120
916734
18040
134114
1354004
194700
855618
488828
496724
63810
183282
306048
178188
1189908
1195946
790640
1513386
242678
1405814
296164
148374
715264
32790
1349224
1602698
1071740
392872
103386
1183270
817184
827390
7254
161928
658474
100988
463576
657696
273556
299666
147112
385582
423648
852156
1259760
965362
946040
1698796
602362
54866
423068
386150
612688
576522
536602
236312
96682
1325508
967088
249100
1939464
65068
213252
18814
44686
31738
87862
7358
396754
415710
698646
288624
143980
284448
903244
1386436
236722
128378
21780
40768
673696
206136
1041632
135542
405034
513868
785516
100922
555716
62574
112950
43578
677028
182766
220520
695442
101332
1747028
29688
602974
309826
671916
1068100
1946342
150894
22886
905402
271004
1772510
435302
149322
180512
539624
1355842
199550
621934
452360
676918
582112
1149704
596936
32552
306624
356802
238612
1264052
153414
682888
617504
690990
1258676
166248
68868
97314
609032
2830
650388
1211766
363306
57130
85828
15588
1071996
479006
198976
570498
1257856
516502
106
526100
1233248
293760
139128
428340
78036
409032
443064
83272
765588
132400
695308
443398
176426
723430
47314
121524
313490
997966
1011568
1147596
394586
465064
42864
2287928
591488
60776
735712
31348
710868
64624
428240
798958
299274
420046
608440
391276
643586
9326
1912644
1295420
573348
488376
70312
1063920
126614
809848
94122
661408
1306154
30238
57506
2082024
1228362
500412
36348
153738
361480
529792
260254
810
1178060
1056340
4072
1264488
892200
22238
222184
136904
571850
44500
777664
341188
37858
94958
54638
1081822
269000
276436
19606
287334
228442
683054
472138
173516
102896
1065138
270624
1152
100556
1285428
55176
1922852
1132348
256616
329340
293968
6766
1133946
421538
15440
754432
301756
10280
231246
13128
193244
259984
1076372
1095480
339622
1904772
180992
92472
1275334
1241784
462174
1153912
231904
1268474
1206966
530570
838376
841190
890816
168996
1448968
299402
1640938
3378
1014262
776504
591998
383928
645880
592584
28212
118684
1138264
1421104
6322
240898
4466
666862
727900
584024
22982
20572
320244
184916
118436
612180
559544
505978
456120
525946
1742784
104920
1139492
915368
1971186
18740
729488
314216
399630
883632
506768
28
1115814
21396
127296
1009146
7158
247728
261586
674730
43392
253382
6052
836962
1596750
5428
343048
939910
107826
480512
600434
1118524
1210398
48124
477210
859606
244766
832648
1243412
208614
1333390
32040
890610
153724
303080
255552
1176004
626354
797970
100838
741142
303378
532338
304834
462774
179726
28796
1491432
1048384
721224
496486
270
43342
525610
377084
987404
23198
322742
31128
739158
798134
162614
300490
625108
530046
512942
421046
1693314
859226
251174
943630
63908
726724
82708
566078
1277208
1596174
401434
652600
411650
641394
842662
1155154
223548
130518
1278
326978
179458
1313592
278684
344916
1121964
57700
886600
530316
219380
2934
791338
58872
432402
24280
40938
164276
217128
342270
477546
42990
206786
1076732
52770
637890
559692
726416
30024
100856
653312
39320
20840
641104
303134
504470
555534
115040
461274
684332
95318
517316
30902
216202
221264
578
11610
28010
6642
82190
1049426
689338
359612
73804
1413890
1542170
77614
254674
798762
339346
779966
890208
195964
1209214
1209280
1936
1844168
691132
99004
243712
1200078
771966
1838856
446446
62666
359854
405792
40336
99316
386804
5446
961570
745202
35408
1115948
257090
641690
2149044
1836142
1538352
427468
105698
6010
1063208
272124
42592
321372
483992
1206704
733276
175916
446670
22870
138996
667246
1170840
559474
972246
1718118
117842
148748
110990
31316
1025268
1246038
115614
148576
1580386
275202
306018
858540
595606
24078
1073088
1830
328570
7432
57840
209020
1140730
600704
33106
1455630
581218
56750
172738
158558
967068
1288434
94260
18744
527612
813672
451602
39228
467604
1175990
953068
1830186
5214
1325278
70466
732294
625552
778324
1209908
209192
1330432
86836
580482
9142
3388
95476
69688
76784
359516
162982
27810
1520952
1179852
246044
1092356
280636
1136662
226534
136102
763728
626492
368090
922886
248212
391238
294656
108512
1708670
638
1244928
983754
7110
447238
777156
448982
1129478
15672
1268032
485110
344420
20636
27380
851806
696982
2300974
580088
93200
170668
300396
681962
100268
583750
193866
35034
161562
1296550
64236
61666
1958348
1255306
626172
98602
1654184
99060
1149530
250444
1253550
553434
107652
113448
565894
47078
37436
425238
55692
1184742
1106544
512382
1715622
61754
74154
1187456
149710
34060
1200258
740378
440862
796556
50770
753138
393104
133902
27420
795548
1096692
1482282
428
1192570
866590
484510
283710
221848
415704
1568262
481756
306896
788286
591212
1021696
324612
180608
104658
652226
1189932
609322
190354
9446
679878
91866
912350
26872
1104726
1501528
1580968
1199150
711776
381322
905060
1698918
692690
14202
283308
663482
504398
206628
205442
198638
350690
257886
1667474
1104244
309078
577504
241478
622202
1423356
220482
4080
153132
545062
1119556
140018
290178
224932
1036982
13956
29362
158046
357906
6486
844572
672622
221704
1607792
1127696
429834
1083092
429660
45748
749600
70370
436636
90976
258560
183604
22386
290582
82964
222106
525888
1217302
309892
521918
74118
2502
7080
439060
1186806
65352
772292
546568
39658
89708
11496
743956
1499538
15482
4728
363506
462896
1074196
881838
26944
1265510
185722
588024
454272
591232
1025586
180746
11180
67440
571198
419898
399426
312088
240742
211920
814446
116636
667536
244302
1282204
1138
903638
573270
1037542
751418
223254
187558
605362
1009750
1095714
368132
1143114
1303302
569980
26014
571832
44908
267472
843978
708866
73194
381896
1283662
406258
1211930
308144
864276
303048
911880
531444
205992
1486794
728002
448984
385398
136072
256230
1028898
229194
10762
1186488
1049268
783460
539220
34464
674588
576600
427674
547208
390248
1581488
219442
328856
918214
100814
230290
1120550
557488
1561470
1119720
418470
1045802
1103748
26344
377694
843968
137640
14706
434374
137114
622076
484890
150634
58786
909952
6910
899486
177706
10800
183366
947218
306348
139706
63882
1244124
840160
302718
461852
1622140
1424806
129414
234352
921278
1164826
1287860
1485420
618166
208088
279492
567202
352586
250936
94550
1153998
30194
822872
504086
862422
548302
26576
22590
84216
101626
85866
108346
287600
500250
341544
1284878
31660
700722
97272
493644
1139020
1106834
302526
535384
795644
270960
785844
1266726
381522
563602
683336
230986
574880
150180
101914
2540
1432462
1590894
43754
607288
245460
90074
1964434
678410
13940
20906
79188
1183250
646554
1078134
221614
2093146
551006
839732
179936
1375846
44058
11570
120676
1279426
364422
147200
1220862
127766
1380840
1921736
1079292
534840
1945586
473236
400546
643022
1506686
182356
207950
528586
284076
329530
5880
246496
1097072
53590
234952
306628
613598
132448
141390
1185020
271966
288234
424464
198802
280384
285718
865710
744630
1272762
139528
565612
393030
487028
234556
554602
34398
269378
323074
11430
1236710
770376
485624
560982
322980
1532432
223224
21132
943794
193156
8386
742488
236310
636856
665606
598818
492134
215776
362452
122890
835374
2278868
267168
42374
1856164
629614
631114
201504
355668
1121542
902732
55238
747364
99308
1034026
1183388
1632668
965004
594496
126524
204900
172322
933638
16334
101490
102014
709324
510612
18018
11386
336960
1026734
1288068
6992
352060
1683480
36104
129856
406934
88728
1304476
61206
409128
1766284
679338
67034
756550
540376
519786
879486
128376
202620
396498
1155516
289658
316342
151764
52322
561702
1112238
469634
677228
1106644
401164
416372
1312664
1148336
74824
138158
62288
11794
1453872
25676
536184
212978
987302
324770
87774
1010380
58012
836210
470706
225230
78102
400332
36594
1230262
704390
155026
272426
205070
418440
56482
394308
346300
976810
623678
585994
1354602
361076
140954
329636
1592970
677092
1066
151314
1550016
1278704
9192
922530
663794
186988
191128
814208
83720
104478
271748
1224884
54594
568198
674488
10542
1568720
28200
1368458
927684
781248
486332
202230
1323478
165048
251410
631656
199156
116628
185078
883402
1886390
187290
971642
1260400
1407034
1481718
318880
1146572
1096338
80870
61552
133704
898
95196
690778
22868
15770
128906
409696
12946
176674
326538
608192
41220
312344
1160602
226820
128080
9330
2079566
853864
290448
109050
3662
140702
150344
1086914
66640
54684
157060
287044
392494
253002
687612
1700662
61372
117508
822860
675484
248140
56030
368998
553694
132122
71856
356086
1103362
496434
451112
543580
1577734
22854
679542
683432
722430
296558
1469780
185504
38006
997656
1261654
449850
414040
156702
2988
616398
911146
234752
447548
477158
1209610
123532
186314
913234
1163892
1374048
101776
161476
526
292832
12416
57560
1024266
20124
602676
1006360
544530
1040560
76490
548196
100032
435008
454
180298
2966
237266
67348
725888
265770
331744
1629176
215936
203178
18724
56780
461572
1200310
18232
670624
47232
1118498
967992
601564
621878
943528
548800
1359988
174462
994582
842232
1615732
2320054
545358
30970
323138
617020
669922
536214
5560
1578298
346184
128190
559270
179230
451804
102
312586
708854
51648
539082
1439740
26560
243924
31644
1172452
1273310
1774088
562436
1397026
233184
1136966
18866
1225612
25946
922206
104028
189028
198250
86604
572504
563440
441434
812620
258114
49384
374660
632414
1659712
211514
336520
1769542
114616
1492212
670208
658812
981294
544428
1294914
640620
145222
819436
672708
357096
435468
935838
1298518
1022924
428682
162118
379722
28690
85908
986742
162826
354876
59646
295238
282402
1867022
367444
62926
2874
115484
63100
364666
669000
1136546
365510
52530
1690172
414602
985482
567626
85862
1141716
687108
136488
110440
1043046
433046
1156712
867710
140664
80486
292312
1739454
1286
106956
1114656
1373680
1596286
102766
99854
147400
1016002
424386
870
8688
645944
22290
251130
1007838
47406
1896150
2262
113210
1840680
901190
81732
1449940
2245672
233704
1179140
39700
1552270
109684
580048
1000
349292
1388354
1158846
897860
26238
1248294
71564
716336
762134
184170
710294
1123856
302618
959026
450366
867376
194184
173932
1358786
22444
649296
906368
7858
315386
878256
1071300
847258
298440
832134
991300
1831358
194700
280950
135754
76050
1469032
45672
233040
189846
25134
248024
875650
1645848
525064
1017716
1446408
713654
2934
7554
531894
171314
102558
401136
184694
74384
146008
183164
141624
180308
45506
67416
2279390
400076
1025770
1082326
76728
1046570
8510
506154
132316
121994
649068
990290
250904
82070
642928
494314
770156
887092
411916
20698
191746
337048
1094376
391208
364176
1382090
18328
1395200
815630
26290
312830
1480640
1076412
1720316
1021794
301178
336220
215322
426478
389350
347428
231958
561826
1483988
703062
833536
288224
1531618
826076
258998
1267386
90330
513094
1369258
120868
110922
4802
1358236
41904
889748
760040
522138
284428
244720
2160326
1455186
1277878
1520346
468820
278732
170736
31554
893708
87316
826286
1190116
504226
38578
165434
1748198
258728
590754
267668
1218740
18380
1136214
20694
14310
1232282
345590
85144
31214
940916
379108
974636
1205282
1455470
100208
147084
12882
1950
778700
108136
3280
715414
580962
1181044
171762
1189812
510724
90850
136924
247784
235530
179820
734412
202270
6210
1074346
903410
1584080
4156
3626
674578
56370
146958
528638
266094
141352
1075532
2016334
1459058
789662
1342196
823044
265794
503322
1026842
332284
35438
915754
824724
7502
199758
238706
1267678
329672
735044
430080
140962
284378
41302
954624
135058
1539800
774792
134040
981704
102420
818558
577372
97390
26
1126180
7006
1028902
586468
974074
331974
82636
1223784
7666
17520
307204
82284
105018
232736
1914994
60336
1250956
871270
109372
693984
14788
303484
2636
503386
483084
379672
23708
325150
2394158
727764
804922
318
328366
1716186
593974
215202
94456
2148654
77050
175846
8582
756452
46736
454162
176380
789458
384848
630948
385740
170176
790202
960552
501326
856170
1314374
367006
1078224
868142
26460
2302
267528
256536
1030204
1116590
90178
157794
242138
31598
833008
1149130
38516
134326
1580500
1156002
1037070
1342126
1055710
1821160
886994
750384
866724
20746
1281776
14338
1566636
354992
755800
895262
1489586
182856
693338
651882
122510
1120174
817770
397898
330258
345734
584468
6878
835178
361646
16340
374442
1151130
1323958
217956
636576
612274
358770
18586
702844
17864
64910
430926
540902
388834
287806
256928
197770
1304590
771716
22322
34158
920572
69380
870174
703614
830
303946
78086
1521180
765056
344178
1630736
251898
627726
244106
164156
96052
1311102
73870
468172
151816
268270
645310
608016
1383608
339142
1005442
1302638
1104648
1411464
816082
414776
323434
347530
908516
80030
1108128
1447646
551092
149724
1533662
954520
1281246
6098
253978
345100
27190
156376
76398
16804
1248
391070
40312
719398
67104
161114
1202120
209298
190834
174822
195356
122430
374598
678070
123532
2051880
15920
568944
434048
247462
1299892
1248154
230264
634742
841544
549514
872158
811326
512542
933768
852220
479272
1092242
1193836
905032
467548
505770
50872
1261110
846408
1472494
570996
1201138
699888
835298
928756
413012
421628
85104
740444
1662052
147322
807690
74290
341874
364696
1700
76592
1734204
837614
340014
131512
344082
639088
41360
685030
481514
215462
796526
227116
1095224
304654
1009848
217630
151804
108158
302956
467640
84488
1317144
1230498
44878
1623862
1043942
1060480
8458
856808
614016
3944
363216
926606
601828
312522
1006270
2958
406704
419886
1596718
105652
239814
652454
308850
715944
41984
184
175064
8288
7432
636990
520304
1398326
465738
622950
41082
604272
605412
393368
1208332
1093190
31254
809684
80196
1115410
860000
942900
45654
606142
1287522
453092
387702
116538
625724
7452
3498
1237358
234996
12484
265906
123734
472990
191628
242568
81654
753298
443162
1958
180140
402726
235400
654686
365610
242922
766374
12432
1182926
770882
822110
1439236
286152
705518
159828
147164
400966
186878
382712
948912
595688
111538
371932
1644646
375406
1854686
262498
81918
664958
144608
64032
308682
581142
551084
720930
1193792
29568
666116
30306
26300
863240
490402
10502
2046218
1132698
8012
342042
1236554
137326
37572
186924
116436
2011392
133482
278866
22340
440322
383450
335890
689198
1090070
1616312
403424
31738
184020
701126
164678
1093228
1093140
20406
128372
219132
195326
257952
428076
637324
15012
1025468
1690318
1226820
1193362
301336
457406
995894
998100
110786
1448036
150530
41222
170130
291612
1602792
424438
224682
285818
243076
1573440
82710
262018
1313636
360532
247726
227942
14440
830542
1411010
1025184
389136
253678
324094
926152
1358774
955518
6284
1144222
497700
502872
125654
1054360
328098
213328
57850
261960
378818
624094
506328
235802
742312
891238
415202
7534
1768
1407306
558254
643226
195656
979588
146828
444570
606056
444028
772
41256
581672
155250
27022
801190
325432
416528
586
960552
285088
274150
324740
325542
1406330
113354
187472
884394
188252
240570
1714294
1054520
1039262
1025214
65714
922206
1139032
1110136
146384
194574
50850
332
149894
1098838
542356
542876
1517456
352074
404868
825384
1389576
1388198
441446
1109674
216584
20936
282922
60340
310058
7924
1024078
414806
93644
369274
1408920
135474
169468
139094
1278962
60406
900478
1070372
755698
1369734
651394
176
643816
466744
1735406
195400
1645366
16
1132370
884834
49760
21662
681286
969934
866572
3626
88108
41734
1482
744128
419358
21400
364924
499858
1155258
165126
127506
373378
694982
1046626
1030424
1273242
38416
874224
1897278
561098
298190
769526
100722
502722
1254220
706730
746524
1334610
473000
745710
21242
916570
432680
114474
162504
1152934
856756
235322
536474
187488
37678
719580
10726
1385730
741894
1215160
30644
878444
368778
444010
787712
277592
930600
168580
7938
1120624
964656
476886
83942
730856
24328
408522
563546
54854
207312
45850
395954
193494
334676
397956
98742
583696
1652080
1636104
206810
553190
1169340
209754
415360
511742
65078
1117506
316096
519796
1915660
11040
1059154
13738
115326
1476016
550724
150168
419874
92992
1343986
433746
995390
539278
520404
131000
527536
261204
35844
115604
185068
1000044
1042488
195146
16680
454278
364290
215782
442110
61608
1361952
957588
635226
71864
999706
262518
138440
784454
757254
1143038
753740
1472970
1529800
593036
1444240
106872
248208
16
7952
913786
1312922
173638
331796
1219254
89892
192964
879334
884256
650766
649300
1448904
385610
52102
1457156
886166
835872
278810
553422
1151242
460862
580584
174686
799202
319046
180126
181554
583168
653640
910290
149188
806596
1907806
1065380
123768
1331392
344876
1350494
2117784
154868
118048
548134
275718
779638
408738
295716
1326002
1137936
482306
118276
46196
1711014
131698
50644
681752
230360
1171790
28598
763788
387856
1048440
54514
308108
555762
656456
335938
400632
811132
959868
200696
47806
915098
1438966
1744008
1214100
4148
1887746
66990
88854
35362
348450
227104
443510
339192
478530
321546
822502
973988
21070
887964
9848
1662292
20396
158878
519810
209508
513480
198880
21836
928610
6034
177904
964456
700700
1273758
760840
337572
981222
1104954
685966
1350624
1574010
2404
103282
475928
1615654
124280
397858
222902
1660
243866
315078
41720
326306
445432
39856
527668
133682
1299202
815456
1549862
942412
1354786
54974
379930
194016
1301408
53356
890934
564384
446700
967200
213328
694472
711598
54258
497788
357570
287240
406528
259902
34888
992468
16676
1549706
213494
908636
272184
398374
140762
167974
772852
614598
319368
360330
215412
32472
2006984
1277924
14768
107892
288528
1486252
148864
620456
4052
653646
19402
1399600
301272
240980
433466
885176
121502
868916
431766
851516
628754
100120
282800
457792
1852846
1194716
22250
1055564
95898
87612
2204402
1108798
109302
1103070
2237234
967296
478234
358244
550852
129176
1035866
106836
1122
475860
313254
584118
1219450
255370
631916
1433570
878028
541136
432846
857260
2912
111828
964334
607070
1013872
651614
3250
528964
363484
1922352
478070
803182
144432
16328
944446
108638
137362
198346
1160702
38044
1032
297082
844548
34284
245446
801608
729972
651052
668888
107780
193932
188816
249570
1814092
18830
1546860
400706
203106
699032
843342
1610344
1006890
487218
705038
71018
753826
247418
222
327406
39840
851014
122372
294462
1642614
983258
102856
15796
340362
1060950
1064640
78072
922992
1503648
35874
80546
697634
317400
200496
941472
845932
195108
114380
957156
286410
239004
767886
1340398
939898
714540
1707490
75542
1748468
653224
33040
1244678
783266
1339078
1072046
354076
11804
1050250
111612
385368
46540
449352
341092
517282
1148038
530956
65454
975658
1108950
475276
1374498
12188
216264
208216
1374482
1417948
932668
382868
624324
605106
6766
1166204
499450
193454
1287208
1225194
155824
375656
55114
1864870
95000
20208
287336
318646
233724
1491024
37154
678094
589436
565522
7218
816330
447590
240340
1360686
707596
393578
124806
857562
140856
564734
26092
7446
63464
202434
1179708
1390622
257124
148574
4836
452500
152896
8954
63872
882050
30058
581946
264854
1281124
64934
1332562
33384
1422734
778294
391258
1811706
1137614
1011050
349144
223364
630170
181646
1210140
789414
539290
83782
1514384
761728
208276
1168558
1531506
254692
404138
202286
657548
2090610
879938
330992
1041078
342632
152834
782346
850562
267052
593582
2408
1424632
82526
504076
842210
392858
197062
590666
2050
78600
1509994
985074
1044278
494794
1218932
10278
2019820
611956
23956
52802
1857156
1392
1162936
976860
247268
526730
362576
37386
4920
984650
460794
385036
644662
115400
21422
317676
143870
367558
1460
224
1005718
69380
591574
21160
123956
737464
440198
364790
528558
1253202
292822
1547820
1658260
914058
306104
220410
1031924
150746
1360672
1290862
129852
234990
1146626
2058120
974932
32764
1175620
378616
441474
811254
400894
491508
642558
407004
316280
1107354
259018
122314
82792
262060
45172
79714
289560
839092
55522
242896
6672
1361930
11676
161594
1630702
1559574
438962
158072
1277632
534806
255068
674922
966102
851192
460312
828310
602824
265672
631826
96814
537186
175202
16176
170766
282576
137560
13200
342378
562678
27256
115784
8342
384082
1699932
86212
275474
169676
781804
86410
1030472
679338
27502
157692
175186
114462
16660
463946
410652
168056
222434
210058
311742
1187436
83566
575670
35776
1067462
99116
951812
934546
1149712
930854
94108
1058626
626296
12300
570672
2066886
1490656
459116
419906
325980
1616
1026884
561872
14206
538026
20782
362216
2860
999074
57418
593024
429362
612520
214442
100826
831846
973218
253374
98784
42180
214840
465556
21608
297000
352954
1401676
41890
490208
1325290
185712
1747852
770422
949330
608124
1283180
632920
464076
820978
1265368
613532
367424
31060
632306
770340
1268766
7142
373076
1026806
379602
75764
1073478
288838
185344
30728
1685722
366808
901240
733982
225672
385440
908936
716600
310976
396068
918912
16698
1273542
399488
650638
635554
190444
356036
151124
595794
5292
243414
964750
861020
802752
621038
79792
51544
501724
282902
4844
410212
292134
976998
154260
210288
877336
561050
129928
87906
44760
1113618
680
736360
26232
10008
119334
67664
474768
739850
30496
877536
1314340
20166
13722
51490
796436
746244
1251740
1101650
1636028
218072
439522
455634
350878
396976
58454
1173172
487620
1407466
156572
72682
488948
1030336
1069446
804688
302968
279790
237192
6166
1111396
505128
622916
1706962
1064394
444140
63010
466184
1487750
38096
503950
211178
108182
736152
982312
257428
224102
389360
22234
123154
63352
1111070
1505260
565546
32810
810264
174988
1184264
1010336
303162
1798876
39670
574602
320926
103874
73368
737730
646626
573210
540350
692944
161626
776000
55464
480506
489912
818986
8598
694154
546248
1658918
528776
371754
1356818
392346
53588
135426
92846
98430
82162
100512
272022
82490
363460
309690
346630
15294
176
834942
349760
7704
755300
224464
2914
1010160
72198
512202
25680
964440
335760
329034
695348
5938
87452
253568
133628
50550
124912
346836
931940
1236476
38744
925440
49948
1881386
71874
344786
184
115808
648090
40734
833496
1145726
17840
770588
388960
189480
1097684
41318
22860
414780
903478
67486
497554
434892
1783884
461730
1194928
370896
130270
39842
333958
672516
1211532
1736724
463392
262598
48840
3302
46356
52836
828220
343222
170416
1093460
275708
295406
43578
453816
249166
17622
833000
828540
52554
1191042
20844
15592
30428
38520
137682
45386
728942
75080
1112182
7010
702438
314848
36676
1033270
767488
1666242
89520
484
138656
146246
492740
1248396
539242
455442
226176
129634
19990
850590
319192
1304726
1636774
73710
2100800
330642
356892
1308186
1648724
1319758
405392
73932
21894
842620
198198
22668
924096
555328
2101734
281628
1078820
2088794
729752
457610
1063228
1254016
664334
125636
1632
190118
356230
1750266
109578
465392
488260
429942
69626
392460
3284
323574
1331924
276482
117994
18676
947308
153644
144948
2044788
409542
226362
531404
243006
621162
607714
607228
75456
1248
271386
1856114
1024542
116600
49862
66824
239686
126106
173778
713404
607998
1952292
17478
783586
1303550
493974
946864
451938
323034
799884
1208986
153010
577196
423444
675494
160818
455710
105230
107678
51000
492434
910886
766886
7436
461532
504134
609764
1304718
1187260
40322
423114
830032
909768
6190
1035514
215466
754820
41708
673370
183790
367774
1425498
17108
120152
205442
1119388
331896
156044
995022
29476
816076
823936
32506
2151730
803624
201662
1388746
278686
21764
129216
336016
77178
577254
592482
122912
38932
2127690
311418
3500
181786
175992
288744
866658
573826
657326
84768
1211992
825390
226102
42
635502
160810
153028
267496
1444250
46630
42866
144020
44308
211122
52
240738
457114
46
106332
1024868
555778
408242
118332
660290
513178
1015674
14998
1271552
1046502
104874
229682
1351744
25584
28832
1123618
410862
68694
85790
226124
1593942
447106
193086
1517372
539954
1945222
399416
273582
1041550
1337688
185466
11412
1184466
1116
134080
426742
151494
1491912
569148
191988
757972
83616
1551134
295294
196508
613204
26396
516858
250212
14542
581732
1322348
287564
33378
273884
1696668
106954
1780810
949148
733342
311984
1175142
167234
981286
35846
20648
668092
925310
295814
162884
1532236
98418
1681370
52806
233512
385180
355364
343658
257140
242756
1213868
394782
330582
225308
241254
379476
266452
501740
275758
15940
1068762
447098
744422
726498
1652802
75728
458696
1149658
329000
683060
1621066
1402306
368380
879088
12290
154956
773322
565580
98874
17420
1454248
202724
319662
1078806
205700
112684
36016
391194
1016726
23412
275522
632328
356320
191984
460332
887224
1004736
46782
240748
79774
7188
917764
1025222
22688
135120
294638
281868
776374
749024
745314
1469210
775518
107582
419066
451448
1024674
91524
137458
9794
639134
300784
1056032
449906
180180
235028
759548
7338
70608
294366
856538
769366
455870
1419812
51232
1175632
12442
2330
43652
1130450
1194658
1064034
388786
287926
1115784
1233604
987540
1125228
442062
1906440
794630
1259930
19856
261242
30740
2095556
8
207546
15658
1286216
126068
2050
11312
1644868
1302230
161820
1302748
709992
732766
51380
678304
1239210
154722
2039066
91990
4722
191484
2209042
28188
52046
44
587474
144212
108668
1064770
111658
2108
2086362
240882
178120
380038
20160
412718
594730
105914
281286
257178
631560
823882
263700
1644516
173940
1324602
325660
187712
130724
1630770
49558
76578
1126728
482946
137416
1825994
7042
1255864
68764
1729554
172990
804430
720430
625888
180598
1208752
998480
78748
265330
2016066
144378
1519430
408964
272
1449056
227490
18438
21484
532886
136380
1631966
143810
1262652
931506
851782
566500
297908
11536
430
314534
87010
1142844
757954
52570
190942
1243614
403126
199078
136714
403958
100140
1218102
1480392
982896
321358
479816
566544
62208
1490164
1765780
332302
447200
289726
136570
364092
590326
629390
1340590
248400
52238
2294
1370498
818884
1473916
356214
495980
1109434
136168
414564
9530
58304
1118082
974806
248894
330406
155278
1254596
1168510
1369940
1119728
330756
282
11388
45460
613324
111520
678766
1128170
1204442
553166
570164
2097542
35904
18126
1352462
585774
347144
232
1201790
125566
488562
9670
219112
1726156
1302340
894596
10806
178850
84580
201476
1807442
805414
887614
1275094
13710
124718
160858
1211490
1022876
119094
6488
210140
399660
609910
94134
911988
18888
500516
169950
1215838
1264460
1117956
1761116
432492
20316
34304
124252
771116
763058
318216
666106
1459926
40626
392836
28348
17754
158138
130746
664286
347730
27460
198284
670424
1007320
744178
5254
228882
300
166848
1655480
346126
1094638
490284
877104
41424
1290938
118722
527734
590258
704374
502392
14004
392286
15304
659142
1551768
200340
224656
138386
1433336
74398
1114374
129028
588
1400
1928094
290158
1553490
233294
332352
1156792
61760
1156864
31916
45202
782434
1057612
1343838
769974
671554
1389214
1895140
17490
409860
60248
263410
1436706
581572
1004676
382844
59062
984756
362620
462196
707524
145918
33646
908706
792424
1437470
143560
29402
964408
43744
1944466
291776
535702
406064
1179302
76542
1596452
210200
1203606
356076
844944
92218
1040290
122708
566970
336730
413342
601196
249986
685098
1329518
2053668
599770
229726
1789920
144946
461984
459128
185542
333386
28920
501578
646494
658672
1343100
105710
361642
485578
38682
108886
77500
3938
1684
1599896
257574
166788
807404
1888444
153012
110942
3192
1612228
51444
340614
1258156
295062
792056
95978
270472
1077054
1204210
691858
289760
1292882
82036
1100260
1305574
36130
1233216
128696
191648
1619508
1636658
96964
420
1027856
1248036
1166860
370662
657064
449984
754
352960
1717360
89694
114614
640222
2001708
213258
29336
1073494
1208432
1100380
618
384338
1481062
481442
385564
629512
65978
774410
26548
942654
650280
534434
1286174
944268
3398
303164
1251366
13582
102052
204336
660558
99536
555432
1263454
94636
287348
152388
136174
328924
231442
734102
328372
1278768
307804
539024
882960
248368
52590
1152602
214788
566432
632756
604392
2335250
1232302
1763108
1189790
223776
162196
349180
13412
109418
1127900
1396048
679618
5316
198466
1218168
729612
1072516
993856
568236
271318
381830
1520
805152
257912
1050218
95036
1139662
1530980
361818
210518
2000
808170
385910
1448992
93794
851036
98480
1069348
114870
1065260
1290434
796896
255046
234596
10244
2244032
494768
662546
249618
58372
332472
592086
677862
1142008
757428
1020322
1301642
16840
129874
26220
164434
127734
24498
639518
116094
270436
368378
508828
50392
1344946
10204
1118188
1330066
217290
124328
621130
427688
84048
1943586
576880
200928
534410
55494
5696
1205000
1285234
1054
724
53350
189284
737642
1252250
60296
52508
542004
518032
154834
19122
212268
715232
719070
332360
57142
20014
198976
253430
748414
1063160
868252
709616
983370
1291978
806058
352634
94404
1321060
4444
498606
129200
13858
122486
308186
1880678
108988
72128
590378
769476
115844
945490
652026
1027730
671270
1429682
166450
647476
196606
62072
105590
5908
61636
600708
286822
761554
468402
147724
551886
1035844
416176
220950
81994
416310
23782
901292
155324
1716712
804370
381496
2662
907742
1412522
95736
880110
378622
239602
44334
392606
1011210
596082
23872
57148
339980
275376
229646
257402
520002
1070386
32178
1782830
1758564
48302
895288
2476
620738
257742
138974
306112
802746
215408
1362390
165794
84146
216502
216104
12488
1759134
933612
445582
487900
421644
288122
250442
269310
465384
947504
971142
622936
1405518
214526
417176
1407010
275212
743990
239348
570310
270454
642936
362446
861358
1600814
1076272
117724
193060
368686
197072
240162
170444
306366
32
15998
1337174
1213364
209416
550274
536598
671786
829616
1010224
900
537570
397402
1245782
25024
250264
29758
847330
25098
28664
572168
115780
844078
336910
1099158
207576
483318
56884
764868
1263456
905166
1093560
226814
8680
447812
36216
713520
301374
574218
211202
623998
520082
2034424
427104
324202
505964
391628
297488
71924
28676
1924890
2058052
63150
216086
283286
729736
105994
384
1184092
8094
11150
847454
286218
1063276
134656
817464
355836
6774
17120
1309260
112792
941486
131658
939736
12842
657140
250884
315046
1562450
343840
426694
916438
12562
70994
204500
1426820
28114
1378452
1081506
1483430
638090
190
477002
27782
165916
159940
12790
269286
366282
636358
37394
9212
527498
394820
1349296
358530
3386
1361178
22402
116940
179442
1673936
305984
591270
968070
630580
1025202
837948
347932
76124
73622
297400
27798
43800
163946
229156
613748
469610
253536
188018
648056
30138
326560
78458
254374
257538
6672
86948
269502
383544
959628
1811726
472302
20236
637216
1651828
1711964
39192
202518
759142
68668
121192
1012160
397990
2385224
263396
782682
12198
236386
23266
405224
83874
259364
1761478
1079420
509018
36628
1450108
10438
1801736
281394
782134
253022
685722
582580
393272
605550
1252192
284934
216476
1451278
530284
174624
1268254
2116014
46062
1937024
1165136
698866
14234
735554
784
626714
1360622
1299700
15622
330870
172588
8572
1635360
592098
32086
57032
1142784
885488
41984
600284
72404
111836
355556
26812
1286532
566794
234872
1151946
194528
633636
1011164
107754
1562084
686818
484278
179022
601782
1129182
861026
1134732
608636
1708
281544
107730
235308
715706
714262
176476
23682
759812
57324
400252
214166
60740
1039286
17992
49422
229904
637742
345504
350742
600932
174158
266536
2742
112988
167202
1215890
1811376
1755158
1505024
576096
794384
77810
606692
549280
662638
351774
189338
744870
1400056
180840
375826
639840
27628
527726
574246
1190970
737772
437118
2050364
571546
930830
1052608
52378
163944
8362
983558
40822
998662
1124062
2030162
308828
419720
26366
12080
369650
1014374
897544
1892774
45884
78352
898444
1082340
631584
664840
1152380
820154
1096330
83402
603558
92018
610884
2512
78126
968630
241060
21916
1314626
1740278
543862
509012
1345054
221244
827970
1529170
203780
99778
1821138
1317212
95424
1088872
426286
718278
340014
8264
317150
676440
1218082
143500
26552
2784
133858
331716
9746
1275040
585860
102934
1670406
659282
464188
1815362
654132
1112550
1237028
531752
488950
852424
286300
721570
733314
1188700
1325460
361868
702376
280860
52260
868100
630
332196
182722
1167860
166860
153026
22034
642056
40778
1458834
263318
1308800
102010
294808
989722
203786
41470
197276
176808
938056
381664
1702978
298304
198570
1364634
716150
738520
268030
606900
693410
497982
607234
214888
194274
277456
1980882
759624
1023840
73900
898576
292178
105966
888558
24236
119154
1019660
795126
425028
153528
642518
158986
444398
1976608
484654
38064
301950
41022
944568
1289138
990256
390826
1970
1697272
1786118
465502
249870
1580076
470530
971004
362446
9052
339310
299258
1259468
60314
1004516
105084
369538
904826
1108864
300172
28414
86558
38714
894662
630264
833466
164120
245040
287982
438546
1270182
296288
304334
4620
633284
324928
1071632
354900
282998
1255618
473940
312780
241946
1173078
678968
122798
1113628
935144
1043252
79748
1355646
1174618
94958
40430
1218674
541818
56784
27846
94408
4738
111142
351074
755374
45296
1213316
540988
248702
1436894
337002
378668
899202
1098178
1595990
114852
1048140
1091988
935870
516756
397572
1759034
301430
818458
85132
727490
10006
661166
1290764
133152
14590
555686
88818
1032688
71978
289486
211922
581078
762688
1378114
286072
1170822
1040440
1339128
117928
294002
124910
13468
30830
1215426
121602
1291804
1457414
1194074
31870
826
1329730
193738
716058
986508
490460
184892
242056
489524
942234
973704
1330978
1822310
407688
573190
996464
576070
285902
523032
223142
1594260
1913888
61168
8108
1535992
80028
718768
1038
938864
1045588
119288
161412
1101788
423564
789074
655858
814238
503564
1010746
296524
94366
615682
784494
381248
171884
264652
28768
1110390
86498
314404
1233562
1168
122054
640964
87156
380038
817302
1373294
269972
1637852
1068168
809178
857976
311348
241194
1066184
1380958
1008806
490816
358220
1301150
179008
1170726
905570
1490834
449102
6422
100582
94168
825208
260586
304660
153200
335928
275452
150706
1166400
17574
25706
764204
157996
456678
326162
1165798
646248
130220
1338094
2200018
2088580
933722
473470
97442
229512
529380
301678
634358
668588
424986
438268
492064
252900
1207750
105958
5382
317928
256726
9060
69448
377392
501510
211320
884348
449846
1730484
1697850
164456
144394
1364582
808622
244046
1459418
974542
21826
22484
5540
1055040
417382
371448
1193058
1120706
61676
41932
699864
1911220
332774
607406
231250
1795044
381842
767970
625312
62452
489938
330926
96684
136306
1013886
1178750
101334
309850
499546
1189770
53500
299556
1070
792914
111356
638370
16766
504468
253268
1968256
949072
183086
3570
519436
69856
1105932
168030
449500
62302
761592
1560978
1226858
914128
1377870
1109262
690028
470664
1207346
152026
503208
960710
243374
512956
1108696
952494
581658
414252
251174
446534
1390804
665238
146290
1062658
618436
1057854
34584
579954
617238
102350
143002
1660540
847480
130584
1250702
1113974
20064
139230
662930
43412
908418
619278
880990
639878
132450
894790
952818
121094
48026
1118662
50252
1676718
388454
1346006
353836
388156
88912
406014
1206736
87728
444806
98966
121906
277340
300904
181294
269868
489902
18154
1024376
314762
27710
321190
4460
505162
9382
688946
622194
1500126
159912
30728
1648170
1632564
87252
487440
51942
247224
1071514
122802
138056
217786
63672
385412
547126
491864
78468
1090340
952844
2149864
251778
487476
780172
6790
752110
39506
634816
850546
857340
450264
196356
951886
1236
81320
125368
145506
7942
2032570
816488
619624
613612
1235746
188132
245384
1945228
931282
611016
378450
1193146
53408
12408
502036
424406
304762
825574
397600
330526
279246
9238
28294
24692
837208
23778
128874
260316
147638
2484
700636
1213662
2095960
1207644
151642
62666
272112
314618
1909932
84542
944820
13334
57788
344332
1824082
483992
621792
522530
21556
360862
1306508
192482
1210
285902
1669488
64704
614798
52070
714588
839880
1291514
968578
93126
488020
1060
336186
93484
128520
1403460
1076476
637452
912948
1364028
1163672
1276110
76280
156496
79980
1080892
845536
1280614
381288
628240
863624
700064
1579016
104866
615412
388448
310734
226596
743860
15972
999134
64542
255630
281858
1343680
8552
300882
683436
33976
241358
1345050
203844
89620
1314240
1128782
113454
1838986
1888252
1474008
142370
182508
3848
8
203270
630582
1274862
39168
1256452
18390
988180
963562
29170
508570
444364
77466
1050254
880986
1243502
74022
2370
779364
1155278
332072
10686
803586
1279542
112108
1774470
1532176
1369128
969290
125842
701806
36430
10252
956836
1134656
69990
1522388
1619068
452312
240166
124824
1504516
193926
290072
290884
472684
154708
33054
968458
194072
557314
673392
452208
491948
535182
2004136
368088
240696
172534
207150
16334
723266
1234034
1192240
1163868
420118
117352
54468
276860
680810
730234
1510218
504408
559708
2053022
11674
839650
89468
4626
677688
1838
20006
637136
5938
815318
402264
177986
591896
22968
1505800
987334
676300
979400
23534
43498
483050
970816
1026386
162352
267354
471158
1250200
422924
988984
1568284
673502
1512138
1073846
271646
547398
410226
392712
431794
429326
46218
1563588
1170346
170450
334924
76244
94442
1074328
205876
68260
532972
331596
554648
128522
1062046
1032498
154152
1353672
296618
766008
1284970
540512
33450
650630
142364
76042
437910
25396
153308
177448
1348868
245236
396026
675518
99528
152910
544212
289572
1442356
1118814
12562
952282
19772
78520
56568
767488
926490
273958
93186
832226
443106
52038
985202
1661454
172842
6518
36926
2113744
355388
2101178
820940
1669216
251162
1782956
1228142
79152
1479886
255012
263878
794678
335176
82460
248534
51150
381976
3272
2
625730
582194
385976
566282
527736
125264
283196
929136
86574
57440
227662
357424
28902
978652
67986
260842
1137120
199328
998848
84678
191846
580754
160210
905832
612742
186234
516244
1025676
622574
1229806
672656
162500
320860
1023990
1289984
115716
472604
385106
2144730
101128
1040480
313770
798422
1152404
1497506
930804
1004118
565862
1006346
491706
942900
304686
291574
408634
239828
289194
391568
846376
263804
199716
1235886
1004452
1290600
972456
1211920
1678102
233898
452556
140964
1027544
921114
548562
812564
233390
775082
130162
790594
672396
713316
1602064
148766
1359436
833180
782572
1785882
15344
551454
431718
517752
593920
1713586
279328
66494
844776
1087924
1027434
101594
154954
324446
21446
991732
162786
386930
150072
42018
1419926
117070
1331068
845238
633488
135602
204150
793498
289020
1189258
227866
533436
299204
25780
1182146
233366
466104
111490
239572
482686
1439904
184058
527946
540300
491040
500382
1473516
1826882
1480076
604728
1711512
147064
188966
583364
594408
1193924
178124
486948
253504
1094704
137250
158794
28280
266242
385658
21746
271004
19338
490286
1018584
392946
1129680
65476
269472
2077180
249358
32940
1034650
5544
1192846
318334
864968
1213226
662978
1260078
660378
780042
702036
588254
1308434
119718
557432
924060
829326
98490
569100
251032
21944
501512
22818
281478
328974
23192
724286
729108
83470
112004
1556984
548362
26782
596258
1066216
12152
780616
813444
1078670
950004
736442
611430
10102
1139038
662476
106670
261686
1331288
612884
536250
108722
974946
98296
804470
4722
303450
500192
1369258
618504
20994
106136
382054
68776
221070
1328898
793360
206872
179014
290290
12554
618092
420990
408940
512386
92068
267630
190960
1973336
1111568
1120798
737862
381016
43612
84606
82346
1422006
575798
96174
225318
304516
1389630
1477750
1335966
498556
167406
204922
1042320
459754
296690
1004880
762624
1213044
630942
750
539762
1077794
1868116
1449354
381596
198266
223508
602640
112
113434
11444
26228
1140
357184
1078902
1324668
139204
844936
1501812
224218
155098
889238
300900
931428
292600
65478
802792
1117858
166722
1450472
43228
1038274
777394
1146228
1471246
207656
308924
536448
375784
825624
821120
388
84008
762680
1814
180434
1379158
36
189224
420494
600072
161392
778940
86676
1237632
1084300
692730
798748
713790
376816
277190
46412
1087386
576710
656766
424980
1187024
19196
192804
77224
1881884
1766152
4154
26438
212098
1329718
18440
299086
1172970
818790
855000
3060
367246
333632
671944
1239996
392682
852720
1447794
1898
1003626
1329172
139678
60026
1720360
680292
22424
1743688
304238
915550
1170552
227428
212770
27780
724134
9262
206440
527714
943124
65090
1540652
18114
23272
843384
98254
766618
669570
389650
105080
141956
791184
1288424
870668
32090
313560
51810
348062
81818
662046
702322
557142
48
590646
1140988
284170
18704
118352
25676
1553374
708794
598126
1017626
253830
69740
6370
208
92414
428960
448734
1010400
206042
997362
665008
139364
94056
779662
1160622
189156
780150
793738
1784570
384544
1317370
1244858
405020
499662
771016
246
975080
102394
610812
22708
55014
72250
176892
971684
2000492
238256
133422
256872
46668
1380694
1106142
981146
215598
321568
608314
415570
1593660
217058
944410
1989056
352606
448118
242086
659978
665412
276724
103874
1034
974562
338032
314286
1318014
1672274
246904
1099526
476134
855888
870892
7506
439528
614828
382
582910
122958
448068
330460
298164
508466
76566
18326
1259552
1728634
539492
1107328
353094
14786
139106
763074
1038228
538
204138
615340
299220
198690
742366
11096
96686
116022
799864
1089534
60776
54936
375314
1402792
1646792
1285938
194694
529492
2084994
472828
869136
543186
214876
501986
280
1734518
856004
1244560
1022308
220282
545126
437402
190688
197744
205326
328642
1220800
203308
19782
934646
1210958
955936
379748
1399270
31064
201814
303642
51156
518964
958698
495434
147292
1025518
1874180
1151874
681078
971446
1835676
786600
1123602
92412
1017726
446406
7070
274284
1211334
366222
156638
827140
738782
652812
334196
748102
1251700
1568174
495708
62232
2009720
92202
78486
415668
136254
671696
925290
2125700
28838
167052
26472
1504040
6360
45710
852054
1894648
174732
378156
20046
1245166
48136
759464
797696
7750
66622
54020
461684
595790
551840
382402
773212
132720
112788
197746
132228
494378
88956
4
21482
11002
13502
840934
698238
902988
156200
837732
10834
766814
1491946
976174
253898
345168
20274
49094
211142
856190
26264
1255916
109822
31396
6692
500624
214450
747666
741612
145574
1421692
1221288
136246
39172
563094
255502
734942
1408572
386280
16900
120258
1720872
291946
1224998
910394
1281412
1169158
246342
174348
987504
274154
176846
209376
299548
17842
56922
1014474
507940
13502
35516
864122
43736
825430
672280
559356
1375990
13000
452016
199000
413474
70190
23802
286070
431838
429574
178618
214844
49396
1371366
1157632
621928
166736
350086
1521666
416172
666204
312454
48158
20504
960738
255548
620924
1420816
618346
423458
1185122
63750
108344
622010
382468
1189862
714794
671400
220188
55938
740408
834174
126314
846566
1134140
1014638
594054
315602
150722
247456
833520
771000
990484
526072
18812
425632
495000
391816
1279634
1931154
451312
433614
166484
290704
454
690348
277698
1286604
910364
88316
224560
308232
672644
98232
87542
477312
166316
490250
169744
84252
1034608
1758350
196038
353082
1813000
12498
1728102
98368
52700
57788
2131294
642150
309404
1172030
673720
805632
981292
299388
566630
775944
161496
207080
727170
41694
25978
1256738
2093118
141586
849566
180640
148690
95334
968658
1806
289976
1231694
166384
1123136
1997678
682984
361156
459278
1079560
473462
896650
219406
371240
8140
399924
202728
74744
50424
195648
492238
852502
1466
395218
542988
340766
221864
798998
339782
448920
627226
106082
715478
19692
38788
681802
71762
94322
228634
34658
2004
1531180
345206
1255596
8398
1315606
1094744
505154
167614
52926
341276
56508
205788
346142
204468
1625144
657370
302498
410
338048
1007166
317162
414306
304658
212096
73984
1618534
387420
1628744
540716
1627636
141388
219418
1205252
392532
1197558
73780
691770
601382
667068
905930
505272
958194
487690
1050
588042
1248556
1563508
309098
956434
1183594
936410
73522
1244872
995194
859520
116450
8068
174090
462086
66408
1762384
307142
913164
429984
137194
132940
111392
1529420
870838
79882
103494
1503436
960614
80226
372660
593652
2134
547312
35714
1335466
816804
118604
265398
488054
669694
163856
1082592
196764
966858
878206
174370
810868
193038
66430
310758
33394
318182
1122318
217446
530988
176082
6256
103854
26804
697784
103934
238028
29058
865774
1248818
1108000
755920
73084
873116
2076644
1375614
508164
1824686
234790
370226
1090522
121978
679128
231598
558030
1305130
100662
105780
734492
650544
849274
496036
42182
1290218
1347090
188496
1079026
59748
19954
593618
114930
1142534
11658
1182780
1042620
445534
363782
433400
758706
1456666
318076
364910
422578
29976
238624
70054
194162
753108
1020612
165412
873130
602248
78988
1010708
339752
805354
583366
60720
229278
739130
228
268950
64098
155034
389870
1157168
28340
771558
618454
1591788
1489422
342434
1990800
1362496
1101638
187444
1214604
147998
299594
539254
325108
232622
24250
14228
1041472
1045892
2614
112048
2480
408162
101776
680110
17324
811974
24846
1594602
373898
1122264
135530
149338
115536
1095752
678828
789426
1943000
677102
197930
122224
1003948
310518
1275508
782928
303920
650946
296366
157866
835412
1537852
250234
176842
744380
1222410
329692
1206074
470954
1598522
680440
191456
2036324
630446
5964
432442
81882
1041472
10238
341166
34106
281492
544702
1166724
676422
1121916
1538674
38744
1723392
506982
160558
426796
981804
1035976
158604
1809744
465704
502248
1895190
457140
1259746
120848
103046
1244784
714370
467594
270882
1463044
436096
560622
951980
447692
1079874
370998
18446
1022402
41546
30878
353982
931550
219078
576150
162146
782924
909986
547502
410510
1040658
563830
3948
612526
168168
11036
474838
890516
1424484
673198
541008
119538
1371126
1591518
11572
2646
346698
11250
1225768
951030
21546
447208
187818
463012
10298
756584
91314
1235670
724354
1558918
78304
754816
417494
211914
881728
332730
284240
827996
1172416
374492
19202
245350
2318034
390344
119960
569110
39310
390392
1866770
40970
1067200
472122
321026
103436
113292
558614
2097738
889638
207644
252596
8992
934290
1206466
550872
598672
58196
9024
1386000
402656
412488
1430244
224420
679622
316340
780780
668056
576456
1127534
64440
33592
481808
1180176
13802
1486532
115400
1166778
86904
1539708
698118
896392
930900
1541454
298030
1159564
650010
533052
750638
347178
278252
527316
764570
318670
1745016
1228426
1270592
514
1457718
258540
322952
230686
750436
939458
454488
1012376
596156
399018
517832
808440
1311976
402990
83638
236990
248
765048
42502
375478
1352072
90324
1354326
1222126
267686
1002606
22794
1973598
477676
90528
220044
239378
20716
1043662
10184
163444
807520
412004
64418
138414
317948
1868080
565888
450110
770466
9850
71614
948244
933082
481090
173420
144524
772692
1298412
303368
1372956
162722
1158788
503042
165838
280884
703326
10476
1548088
145780
447826
1033154
1042980
105434
339880
171826
733148
96728
23284
31802
237332
1523108
558574
733040
795418
571006
1007534
38114
648836
452170
1522112
103976
1069134
1505392
456726
980628
224862
104592
530132
125036
379398
86686
137296
222258
1330828
59504
24592
930448
803354
733976
316278
907102
5802
183978
578316
484314
877550
379142
274746
18372
197638
101494
380796
788082
863920
883080
77046
217684
1618878
514828
1135612
1350386
121378
147262
81128
134054
1281624
1714512
1160550
1414354
1975190
33336
1631608
326730
774666
238800
450320
296946
135296
799252
460062
1350102
1161038
171068
42086
175630
322060
1426682
803602
1056516
1332026
221268
371340
554670
74678
1132518
643284
154070
2055584
286794
178968
21348
581712
455690
1278546
14456
504556
46796
36850
3384
1217394
26138
655982
552080
1560714
424720
119480
118834
222648
613254
1152304
856596
744102
811052
1238902
154734
1682768
1383290
197002
953620
897804
266738
81290
38774
106264
576216
1909192
402316
1608212
1659554
545344
506794
20580
947518
1572298
147876
68496
361904
1911532
614744
1620430
146558
103734
715884
130308
98272
185212
84052
218308
314772
78762
84710
171802
814502
29744
11840
707116
319806
106752
627836
197096
4060
1264234
144472
82092
4408
546116
290024
23144
398108
6836
307288
43702
601538
324640
795914
81922
40080
1051522
36384
1223628
1092208
1125234
1079438
365012
42814
1051906
429204
678958
443792
1107526
346262
40754
358320
218500
365434
93578
911666
1245528
164360
1208812
805922
364450
1401496
924576
567996
12490
1354264
915754
231980
663972
279250
587134
1024342
1703608
1253644
146020
1515326
999982
857578
582222
1267300
641140
388690
33892
767950
1154574
333750
571076
1023024
1891098
1226324
162758
96684
511426
1083680
1491804
513056
531844
1042516
232150
389352
950706
791606
292
1092172
895890
978444
383616
6680
483498
1350978
355428
3496
267162
470640
647106
569720
1290116
53736
96240
216936
657728
1044418
120378
1139278
24996
210716
1766486
44904
116974
529076
1991250
239212
980796
910498
203324
1662716
470656
456174
396080
62558
1602736
1172852
326284
809264
649618
391984
36074
319134
1166766
31842
1096300
197968
419316
157582
1457656
382022
82256
771494
623632
37910
601802
320448
432500
154204
942924
54230
199240
1743366
59832
398252
1184506
13316
951248
1147394
1090596
315300
15882
151020
339920
71536
479544
1139292
296900
427118
48226
365296
161726
349956
57998
98688
1663218
24616
45400
484918
234308
159436
21552
1322662
445836
127116
1996354
85786
394404
432572
10174
1033400
375434
1440
171516
97886
614796
771852
140664
1586728
54636
244142
983866
1409512
3982
1280432
984048
1190818
8352
891984
9214
449038
578334
474292
3818
189088
366692
1072836
290544
366152
165034
10846
1629950
42782
373896
185644
189470
292540
212558
737506
58722
1858988
1676904
1071716
783018
177656
670272
918846
319490
461590
57620
1037282
1023870
993824
545372
691300
28228
8438
395720
778682
61750
7320
1985820
357676
995574
782278
7502
148676
231216
212
944176
1070346
185838
1187622
149338
43922
326140
1224462
490194
1471254
1094290
76836
448300
1368158
1128664
926802
921858
66314
704858
18016
1182536
473848
451222
1143542
1432834
946290
77624
1274998
585090
50078
11812
21732
389406
1197568
653442
179612
24082
1868856
9646
525916
84788
268552
18738
131728
774426
706784
622350
1281936
1589756
353564
1287682
52440
1107124
1251092
509164
139682
685298
503218
448984
269450
9676
684346
121514
842176
452866
69864
25398
488324
130372
620004
686892
397284
540660
96198
427782
1187478
233390
499006
1153652
1092274
454980
106914
233782
530892
858398
1241200
117314
47646
173960
121416
342728
239378
771982
1027960
270362
1477824
24620
210152
1081362
3774
18782
1734064
1229830
971512
28788
549176
91936
633576
976856
700894
351180
117200
56192
960842
772614
498746
486396
385598
1539016
896878
124320
1509820
1132610
16238
432558
750604
653832
140410
1036564
730764
1160872
191832
9876
57724
67084
74794
698734
1033076
159032
699156
31786
298204
640676
533386
470008
316162
153032
922348
996948
628412
1459226
16158
100742
58332
1639996
1304528
1497222
1351036
8502
944784
920696
43042
747156
313022
54608
1228526
564692
131714
3848
265206
1478200
111192
1141862
403694
179018
460456
447688
1016660
863008
855992
237706
222264
294442
1400948
390
295646
89772
8502
783106
795294
1552828
66686
993586
443072
166504
502156
521770
767546
322318
209412
723202
1211710
1136844
31734
990390
380828
2864
946478
136586
1155366
230634
703912
130392
74402
877838
386730
7778
529478
37910
1074
13038
387526
63242
789954
472464
994106
1856114
753430
37750
2194780
898770
218960
24974
56350
249302
336434
391572
29152
74786
175972
339948
98720
344476
536454
638860
1662004
581982
34650
1103402
21726
871632
285186
305844
257994
236114
408534
1301640
171850
6518
189390
178228
988
188432
480364
157178
961986
750312
191558
257322
87298
2103044
146692
1406984
47906
128636
197590
22924
171064
598836
897212
519308
68810
1384376
865176
822814
1516944
59848
1938016
66274
91870
618502
70212
439192
870336
126352
64224
1204420
1300518
6484
874918
27480
931808
590940
102864
67106
11472
41050
41916
66142
798858
355072
239242
2636
377078
668726
960100
1874114
316106
118404
27392
380
1843114
252338
46956
940510
612822
151590
534438
851638
69596
17774
174482
648630
412
567194
747634
313394
367806
197500
1512072
304800
4412
411038
941790
540064
107766
1646484
127162
213900
19822
4652
6930
398708
239032
15816
138898
1517856
313756
525068
1818
356720
137390
551306
148632
238710
4510
178076
203340
10188
767808
1744028
500434
452330
666710
490458
217828
616726
391848
1522022
27150
16424
661108
598976
1196914
1030032
956348
868784
414
130496
1435042
449474
36472
347282
5516
64694
146616
168502
535534
41102
3994
446610
221910
868
1004212
28924
387096
276888
1932170
45118
1199766
631584
215044
468990
1011272
879964
71420
14524
882908
1827840
11200
765952
15366
2094884
1302152
931126
103026
37612
248320
905636
1763368
1785414
570628
189072
1407036
128422
430676
552142
180114
131898
1107726
259660
248354
248914
1164968
18728
279304
217084
841626
523452
1044554
116202
769030
2696
620440
873298
55766
1154316
201800
84790
1101522
805356
88950
933274
358012
334
862730
10240
767532
1676
845976
94024
1432386
471530
49988
406834
82944
790076
884462
1173642
1419542
1451020
239150
1681900
69276
1337558
972096
331810
833868
260772
33538
827750
116294
403804
124020
1253788
795700
149074
1789294
86852
535326
494322
365454
677200
338610
2301454
173978
634102
1008792
25792
64172
232224
384888
72720
727382
153344
1110506
18412
356374
53268
2308
15724
156190
41026
139552
502776
1033022
1140230
451362
298960
179608
618
525910
287708
270600
60034
1161254
1297746
30544
26614
658432
152622
865766
1542434
920630
193460
380030
492790
190258
22536
720176
779780
578666
1446986
1013902
132532
352960
172114
618696
913710
13626
739194
669438
28214
702814
37518
86366
1179322
144916
564926
359858
939920
228350
1695950
767324
1997572
476366
156668
107164
628914
173804
109186
1442230
507596
281898
116632
469280
1273346
858350
1303314
158254
67346
482
766006
767050
1302622
74476
1108834
1031978
354540
609840
511512
1196
601180
209190
166976
295860
172940
253086
15008
584242
488050
609838
253562
278574
168024
274118
43656
8238
84640
551122
150164
776902
656246
107634
1453364
33516
1126330
965608
173426
77990
386168
572
647784
384752
140408
689708
1110922
1719186
9212
1994294
78054
212154
846444
43926
109108
166988
194842
391000
14402
1195358
1608924
617136
466090
34636
499348
895632
201038
1802050
4336
253424
1963924
42316
66290
458968
372452
1566626
801846
799286
208376
795228
127190
623942
451392
425502
471504
282404
236596
297122
1616800
189830
62814
1883188
833336
693964
311488
187944
133956
473338
982106
1018918
1335974
1225602
1210648
900750
18264
467146
26680
355682
153528
926030
1503232
1097016
1526736
70936
814608
781908
1124886
186450
491796
33218
162970
171312
127228
31918
52248
209670
426930
339798
196674
986058
1143654
1289580
1282198
374286
815658
1930946
540870
109406
288004
156688
1392826
41794
52080
1183612
1995422
1433132
139424
162674
291754
525664
268558
57558
38400
558794
555210
1333002
982468
871364
26772
559802
3066
1042508
460520
983906
1155522
475560
391210
694282
100008
449624
1008634
719754
468694
83758
252656
97846
134798
554466
1091548
1382310
373234
79960
384330
1240726
1058378
206902
967956
39880
431336
128296
125216
1131674
293398
282524
911680
1539180
820320
6686
1096878
480676
1774584
33352
40302
949120
354
69748
783196
876236
601656
47272
362550
340476
44236
851754
269446
57078
222408
37182
70708
1188682
756440
1227064
893986
207204
78384
475710
1878310
1208198
112438
855694
886
1268032
1476472
1222826
506182
959240
337340
11118
138438
495356
674402
888360
188714
5058
32496
178052
74712
1551576
407568
3066
876588
225468
186618
989970
420216
175130
305252
598784
205464
97618
11176
305768
2047700
322434
55086
8542
777142
898554
7006
185486
124468
819084
125054
184100
206110
118010
1029276
701920
115484
7868
1088920
105628
1008158
605038
20114
157904
730480
293080
872586
63048
944722
169148
20364
568402
901030
24446
1972
1866456
904816
1655806
264878
778036
997952
296924
719986
11994
1156090
608
1212832
1082244
431806
296506
908930
610432
82850
1799580
840358
368720
705520
15592
122456
216194
27134
417222
1316720
1181636
1488852
625456
1023072
110788
1280934
286122
720170
76168
552156
570588
478758
930558
1264734
719250
74464
1360016
2284610
923984
1801426
309468
1181818
478996
1290892
264544
1064254
1081026
47936
356930
1425794
1079068
1101438
839146
2125488
820860
141506
388118
146072
18330
1457318
1065750
55508
1020206
1568390
6202
710406
39436
463516
673316
636188
336874
567192
937642
433166
128478
411062
717092
566388
568704
357866
253450
402778
135250
266176
331008
1124576
593690
199702
883426
741626
1566322
156780
1837336
278442
13956
25282
107466
420586
1388118
118860
1042408
1370864
788608
490088
54542
238820
71060
910706
137626
512990
162934
243720
1154814
425000
633502
256044
1915726
46034
293606
668118
24104
1061770
960864
1180254
798334
882158
1437940
560326
32176
37434
303832
89684
367692
285238
1447158
423454
661378
41004
111882
42182
66496
58652
976312
1294970
410466
91546
648332
316
720992
26976
409878
76606
1058480
1246
338018
2078050
212706
210450
8690
1993720
991944
1278890
672690
106448
893704
27398
795208
268772
104478
532178
221568
216494
1017428
579766
377382
1682336
1229706
188872
1277618
197648
998686
626908
288742
128224
1237724
855854
350212
1107032
736340
106954
1239386
1498118
300380
976516
378450
350594
119924
1021758
103938
88802
119278
370192
842194
44894
1048476
854802
34062
683452
1316
1042556
1056006
7276
28832
1273174
78818
1762904
782102
26632
178046
14320
127180
975802
881800
1461528
1407612
8392
522120
734774
134922
68826
302828
404268
24078
603266
873968
607506
75396
39106
1177860
215044
258104
353198
916480
799688
1443486
10920
476514
296342
1572712
1267772
720186
116990
709794
1015682
608358
124494
455174
12472
98156
439652
1210278
18198
1072828
830328
50448
563794
292118
707034
276564
950584
186672
630286
542654
159182
22426
81736
1674108
7414
126072
1914526
296108
154554
558870
41976
953954
269404
465162
369702
325796
1651142
244166
1005496
76726
188
697170
219842
131954
1220982
1085216
1304376
666836
226616
72012
236784
566962
1185766
1477454
25302
74
1101756
541186
419742
66294
817644
37948
798788
650142
411228
1385672
162148
1472580
60964
1192708
1254
1048526
15364
195034
1896884
502514
729520
181578
326594
159624
248128
296172
522704
267782
37174
678786
2464
982574
750066
866
1615258
1602736
55478
35386
544112
1259194
1839966
681822
112010
1005460
189070
44360
274874
630198
307754
190154
60914
27462
43872
1066428
187052
11798
813000
1158392
822668
9534
1126806
426088
534398
171100
161276
1436946
78218
238416
6714
308330
263134
74460
170134
22046
156368
303296
1074590
623410
204172
166842
59178
148962
907274
49112
942774
717314
206926
188846
37256
1021328
112426
748292
233668
431844
368532
382008
196228
150398
441932
27466
2109584
181762
377368
571778
444608
713010
254366
712748
79748
383680
49730
201180
917518
1027864
36656
239466
188346
1609606
6606
135340
83474
11308
1514
76778
511828
453642
4562
26306
517818
33152
1265972
53434
484332
295274
497780
334508
49890
1176458
54078
1471444
312658
48796
1540252
386734
420428
329676
1212270
571134
1142216
26038
1691350
37826
1166996
464708
239254
114434
130254
870478
1417996
408862
28526
14
294966
1766272
1065554
766996
336082
208404
595626
880114
10410
1332842
1096188
1147496
1331434
2872
657448
148338
1584560
1549488
1075138
82962
141008
446682
400386
1299268
1239488
120272
859868
4280
156376
1072726
1222140
815644
270322
575300
321830
68556
965110
1323894
95756
940
678016
1217884
1662328
13242
1880
480424
62434
754382
1173900
81264
756034
85510
627506
6316
727336
520918
170280
1792
289152
687752
434292
1278206
1508732
1534678
4136
1023062
354008
171592
332964
860354
1098022
415970
352
946004
746180
681646
11726
2005838
8798
1749748
127706
945954
186552
59580
1975664
141192
2247622
376072
70978
103360
66972
70664
514186
726570
221832
450326
1261226
165938
1565716
159392
1104434
779638
127134
518200
113208
19406
567588
39870
1163596
77412
67860
861122
84902
678898
1019892
5362
1468946
92472
1749874
1143404
256942
103348
1144030
793024
331620
1045934
705814
1551144
321282
646944
254542
22016
505054
803080
529324
784840
234914
27266
1173628
374108
93092
206390
1129746
605916
199790
312994
1953936
1212
391166
999422
744116
313518
865760
106
861660
576168
656302
80776
65212
11528
221632
702376
1110
37678
69938
1796230
205932
1515500
693750
7720
375266
1940238
1334126
1201516
1937068
711752
30018
221168
565076
1130604
393436
2009344
2008030
879960
942648
63084
405000
887204
1041016
696762
1271532
972936
456588
1656
1264594
321544
828074
1464408
108268
1811852
283764
11648
914458
300660
738846
56818
21906
1528862
24908
600
1062498
952356
60526
220
17856
1760
1058134
12284
216058
292574
803902
185420
930084
1085714
1367994
1331508
120288
1288272
590
1042882
752962
1313494
376574
1127976
1644536
700862
46614
1740492
598910
209088
837282
774546
1804872
362020
1104114
12936
758984
919592
63964
864924
492114
6188
581312
791764
623718
221548
47384
4000
92298
1104348
524604
974374
1038568
945850
151692
1619968
437806
949126
27994
11548
809878
1552244
30022
548922
419362
413274
370982
987164
450536
394648
244102
134230
187270
1490412
724072
13372
1187054
84584
502804
953824
1427164
304778
457340
16952
247092
1394366
1266422
60680
333898
446480
1163986
117416
31518
289358
500492
17410
171532
748586
267550
36
217202
9988
115010
295824
430968
165248
344006
1159182
2130654
239254
281152
879588
1696340
80904
405248
1962560
426358
622196
115658
1324
25970
258360
750622
398064
60446
1060854
1037128
1553994
142322
251016
16190
235552
924000
415278
1483746
1070552
222592
637868
385258
39038
356254
922596
769974
1175170
525704
527450
774758
50646
1133208
727448
20078
25230
679404
476940
47968
474966
52364
58520
159260
78942
454354
13136
83266
387494
738864
1377478
1444414
1222346
426494
517700
368898
1388960
277592
1736532
1287366
182442
697338
318560
292014
139654
639930
661478
80806
1787274
1013422
1392740
56194
1409238
30504
510806
693814
16734
267938
1594
266686
128248
3774
1222636
1622828
42656
35446
86614
711966
1388050
424616
524244
893452
1198034
240888
201778
670676
74398
770264
895108
1007432
1367332
1845846
467700
101018
284976
1077196
420182
885184
1540140
178286
601458
698690
820908
69528
598140
30938
961554
56704
116620
1055700
33506
63196
392862
798932
121212
677016
940640
249134
1162930
136838
88518
323374
26210
1119168
146338
39770
426366
142418
488396
370760
146220
1347264
211126
2104596
176268
569180
17644
1117444
517744
391126
397828
180710
957040
941362
801362
1084
452004
1059888
930412
21028
284924
426042
1161374
585734
209972
792018
42718
23336
70526
233550
160638
1411156
118302
324980
1806
1159512
1931240
1000334
96664
106552
1214878
87734
201990
7526
532636
195376
100322
67206
808652
10728
964066
120140
205844
326470
225356
975186
2097256
1265036
1169724
268
232064
883486
197274
532074
15416
1468482
37934
1096100
264730
107766
512916
962830
799574
84828
175414
1046292
192028
289590
322212
1164112
148012
103706
379312
1630170
422198
482352
460316
157958
318778
29868
518278
147638
1191208
1074774
217824
233930
146452
796710
1230992
182916
947462
986286
194068
260652
125514
130318
123224
214126
1321646
27082
1198350
80108
639618
1234518
74336
1358528
141440
849068
592364
509462
1336
98436
741822
300930
24772
184126
121588
2088534
212266
331798
596286
1319868
1210654
821238
1256452
438798
1778552
12242
1856192
1181838
2089254
236764
467346
1255660
675872
198706
141354
252058
1630
207888
1540168
720672
720270
1673126
508138
1195790
119966
223366
921876
251000
173262
784784
234572
757130
197926
225162
863182
1271130
15810
127330
467338
1202812
674322
106206
59674
1900088
427212
31970
826244
263264
683746
21974
481378
1081126
147084
844
196026
1001278
835046
437328
1027066
5172
230612
118342
1257670
108714
37380
767324
522356
444732
1426360
43840
21886
1297560
1098560
130466
379314
554794
569398
895206
659408
942992
371972
229294
791468
2137426
2056146
374772
252228
20140
1494564
43194
400658
49276
607426
64324
778324
100916
81050
435280
486292
66158
52516
437378
840100
948338
1694434
561946
851142
1777994
858750
135702
185304
35416
323146
20686
214780
503088
879980
40874
414876
754986
343586
387994
952222
1929142
1066504
19254
203528
1312288
339614
39818
1124732
591390
224500
115652
1825458
147594
15516
1092444
668282
180676
58508
7884
75966
1130078
1142786
242064
310106
1126490
872
129140
1317620
241294
634894
541046
1086782
32726
1248886
229530
3202
122188
1268618
125796
41780
661456
15780
18952
141506
1639200
910880
1333942
494518
1197170
881986
600216
123274
392844
694282
66520
1011162
812496
458420
67136
1800464
402124
616610
352034
616798
55210
6476
1883196
1090616
1589456
811044
941564
331414
98262
751316
1398288
686304
114446
1484474
1677396
1789692
1504068
956120
463770
540108
699218
734174
793750
35570
14040
394844
20258
21804
885878
1186350
502602
16474
593290
187766
203184
24404
121832
1879364
42824
341080
115204
1581332
144702
451662
146902
1109300
1120404
24164
563640
629014
839208
844256
343522
12364
59504
61296
1038246
141866
205344
877770
3464
1405840
387740
895966
622840
732212
65288
572322
1795632
551836
28214
21684
106082
59610
254380
1130892
1353014
218140
991446
2196614
541250
1138508
578316
918898
2049408
617352
997370
1008076
108302
62072
132486
996
876590
1073948
294882
1920376
370374
694410
400790
1232602
935940
335644
558072
487438
1073732
826944
674020
1142684
904766
152954
404608
32378
650396
948318
1718820
99038
279016
158428
395236
874566
1617232
159080
369574
1383598
1273014
243412
593426
309928
1014182
333454
209942
1980
260952
314540
2034860
2039522
24008
67964
71440
6062
67196
847824
387898
20924
251898
843802
213288
886498
335736
54466
730272
453818
1073390
1393092
1632788
110496
41710
123370
302038
285090
464312
1393728
1218754
59644
1480790
388688
856410
21790
1587362
280048
1128838
799374
140820
318756
655178
224158
1232280
444220
1128094
996752
129352
3230
225500
60698
1358812
1040330
33458
1081032
208742
1385816
225166
435828
49950
1209590
1900552
1384510
1807794
89256
114562
