301635316
573901212
456692014
625466966
145914678
4262530
538782106
615695880
25673236
331130370
572942336
182318116
955002
222347634
71122622
661934832
178278680
386265504
486153490
762522418
339823442
214205908
151793964
937815976
539312604
199063770
115929886
177448018
123244588
429161994
407146524
257186544
81783790
721347530
823805480
201175672
140031312
258730082
994078048
95701278
160825420
42057422
8509874
30674552
658700438
308296618
41380336
837116726
348428764
168492612
816167922
18665836
33251216
62649576
1096357372
669138872
29959608
433333640
98957450
1064849494
97014570
62642822
65139624
696868368
358066692
191173004
4961746
74673284
613977530
243152116
753900002
511939692
33682848
786312214
7829138
580147120
147475452
567323458
97457708
58572318
634774668
605642160
236043446
134455504
167839124
276027134
828920934
358547718
44131720
717850550
494881902
58589906
235994328
606654474
733311486
1000251824
490222002
152910014
55725796
47988602
349618888
3949390
752386492
99882926
79986342
750028864
103409968
645269016
501795534
475574630
4325982
501977514
90304078
250267150
655881194
7600076
483995046
1113712496
73161416
557961634
13879540
63919358
57244812
761166384
656210380
239103924
567540834
865318738
262357248
756304350
389873372
50975272
487536306
336877620
106251360
190005962
591765724
659278532
37193550
483088438
1028565066
164074452
859744266
204443840
434144966
987905448
401011984
140109288
259386934
559901448
777540962
449397138
96182670
278526006
4590984
622364372
460639972
89136646
471444714
752883474
351430326
8245420
209753176
1308530
848028666
243129014
852918270
323737346
381266216
868686400
367950956
760616342
70191400
204656968
30560242
1305780
45597826
2832456
157742990
642658762
438319470
328039966
93541108
51518936
87562306
130880464
433190762
83420150
48198458
95124572
70838320
180677814
361860874
90255282
569773604
10931362
66312262
557566812
22550462
326512678
37905358
543589502
198704042
196555394
384120872
411648698
640565888
245487146
202996944
69879954
262459312
603630760
904420306
278394356
927828068
111851026
640903630
369725212
22324228
246734046
585209080
19734158
108965666
565603044
136900458
458429316
327946870
191873898
761604956
58611718
66801832
577237886
1118978
225457088
225241614
320280626
579127586
637881204
17141974
234796032
243907964
574066020
75512532
535221128
145479122
711103338
548197826
155870610
653478030
507114264
311016354
479101948
172852758
3798018
450157066
302257478
626668950
319893572
694005740
66390248
320524490
502522374
712763866
788970178
215116552
459243370
211180074
13477446
491426466
334798414
21721398
58777682
11943208
25296150
340999006
744004212
1147851778
992763330
578345162
140377042
472153712
341599844
180807044
530250302
705230174
237700554
266796444
589046240
223439880
289011154
437334386
882316046
813338
235415812
17475884
930094310
817594108
36812320
442870770
242975812
34129684
514520134
608228604
284477350
111517782
65841582
197408350
344407850
318261620
163564918
331011304
386204840
668371348
127501976
195694188
39997238
687455484
408706202
361392310
569921834
144198274
52861432
365794284
721076412
84869618
804403702
65369710
1002841206
41006740
284129492
533545300
14382276
43459820
24374706
272123002
309051584
158258396
226159164
80209314
16439218
707175270
37661018
37941032
207086042
468392890
313574898
189772934
692681576
770292682
10226180
220098530
15718098
573674442
223023506
543292878
359127328
24322886
124513092
63436710
996446644
34705000
717942534
337729974
483957598
130308294
125739932
745710712
387570398
754071860
660797606
235955502
212951732
137896858
205037188
225702202
27889648
439251382
22048928
104396136
639478
479796588
120143784
426398156
32648176
888250
160395708
867081750
56059912
66525326
443883556
637489644
68273868
150731932
543294176
623430062
1045812886
51658078
889842476
693095954
462557738
195209520
436363702
177878312
93503646
661703390
331677208
67243818
85780178
372887910
15030608
170988660
88900224
347725172
842090048
462657514
225950730
71629720
490000318
542036258
63040432
901884692
166824068
727691754
672421628
369758338
535153336
59893314
21689344
394759946
70173608
486175230
603350564
100408960
321630112
46769516
234376862
415074838
409908176
1106790882
978602508
274503546
350263978
750692598
29058188
518577240
413908762
153942710
268754322
628746258
815842050
753751324
36744168
490208312
134392022
179910650
467129820
847657926
291641656
531150688
746529562
187657420
534786802
313809042
79856860
67964874
876251996
247077260
113480442
803727424
157759336
617396746
781742928
711432646
541626394
306842818
1097129814
249647630
197738446
1127647740
294074932
104581980
256654554
377420504
29128756
236303052
857671928
144146736
103791726
922540798
13687066
481545256
67414636
805329594
228905788
501108624
64357140
714728196
408267426
872508556
124117688
223072552
726812820
710763550
342328964
185603834
54422348
353036874
780537132
291607300
310491114
806577202
47309922
757467176
364068198
108238832
36971986
35186080
406998170
652699138
777492932
350230970
423449984
511300098
48996106
23895532
120596358
118429176
852485762
113354982
211824098
555177746
843340890
83617592
507992968
238188292
339464320
7727274
646356198
39589740
622940890
532723742
947692390
541697352
211519620
139618302
168157372
627999028
605138910
232053208
219345702
2958148
77808192
258915092
420435408
579050756
60835364
3824668
2085334
656736978
1122397580
20451576
933544006
20111424
493877946
728090238
522143378
551841138
448290304
164238
89110840
328158742
576751530
286924636
389813304
896992626
238881512
77064848
324794994
403199890
290468244
29062860
425464282
343178458
33432134
171648766
36014542
375380780
718210204
93981730
517241986
421377614
1105911326
724387408
56946294
285483132
505727248
128136816
259594890
15752060
364069272
30542038
1140858836
859045378
351542838
927287616
587107310
373811926
291194628
71939812
564843782
371509594
23733146
30040712
245450412
519199074
350217774
3658174
3735242
231958704
11292220
246719620
708839994
599698028
539752138
610980138
4071704
2227850
869829264
207369370
177925600
903466958
9852800
249998792
24398282
741655308
22684176
376148944
147643338
556537250
17104484
790974570
7547754
755012028
460858938
203752802
432982642
98360796
446689620
780320492
581085730
456314258
135312510
51677818
334327912
66207682
126391542
9089134
420396914
633706542
1003584050
41648780
713207852
652748960
89094136
123875582
4110406
148170344
470935266
540387658
20157622
567512144
636407784
6731480
480079400
5778126
48424912
347465518
73187242
698912114
411863380
359256624
117556190
12174938
28143682
213109980
16737132
76045704
784575966
3227184
294614052
687551152
101097978
109519998
28015582
541545306
334124188
379460
512870446
367845442
30096522
155441840
253505680
488640398
554848248
569962964
40965462
449965414
68815334
441596562
97907808
982762040
371468332
76538712
716253368
1011044076
64564888
445661340
89113654
2027208
83803282
108093100
21932162
435609696
305780592
1023881406
412384438
540382498
100021948
339620662
831487986
469896756
154361892
90074092
260461010
436529538
176149452
206629688
878761170
64090228
473473852
108996528
25256842
1010331556
641315210
347963990
115155408
215657264
687101284
174301772
164263780
205212182
237177044
717180816
30396164
35165578
965963168
118436300
253670364
311780356
236051728
49375290
632832472
450787874
580069650
654790814
50378420
359014540
293135488
276288716
179579340
268320170
1174436220
384155650
143799178
136355352
3355272
829600876
68095380
772124648
43791452
902013060
5862598
847570558
49832358
127956308
74678038
203326142
748743028
496199360
56885812
293036446
11841814
264792266
626857180
235928974
289928246
99605658
781668602
696673230
504677578
210269036
8397448
276500274
614055162
558892356
154411820
719126162
448847900
348298786
477466262
540966616
452266022
257554502
413212464
281752412
172627498
1139091192
1897830
114426066
263160278
284989702
563416480
916975438
762497810
161424050
161840674
103526016
505365716
715673956
25881680
136119930
569038380
655830840
479142430
11271542
36185036
717314948
213765472
714622018
216557278
12535108
204952100
117037152
515949636
188219926
561425398
133081980
215434282
187968646
99621660
225680
658378878
172495024
682884332
409036884
220692862
62768448
676951120
1062854260
783185830
922250276
257381584
107010812
197300166
450065662
600483160
154184412
38085684
375462140
757403392
640559072
22305846
116497080
250028352
566391598
490767326
451074818
21776662
279871622
103759134
576615324
2579512
491717128
532585802
215117132
631821140
661074578
114861754
1102592
443012174
532466344
201764890
2179726
391109916
662052832
127025060
527173664
175778946
39363638
152392198
237935164
291795134
721398758
21706148
18923182
315127472
26183608
176978578
750012
679087448
9832622
510013480
5141066
487132732
169104372
22173336
102933530
496593464
1095329294
235372680
66166136
253258536
654043242
118768524
466778064
656873950
420718662
322676142
145701648
81947160
846547838
195524950
369572108
228668402
44233440
520909672
739032830
75768212
25781000
239278362
9638174
209633434
5444616
124159674
954632224
3731838
230372412
321789220
521142396
629342400
54152280
2937928
746072776
72210008
236392326
664697042
145952156
235365844
428156388
797956058
233857858
647784138
868202244
541618
83465226
624507290
293233306
582048294
18086770
76756118
170211888
435366760
5378112
164108852
229782124
1791526
42705022
90397244
811154226
213773998
21030350
65693066
125410186
220396596
89634254
889629622
16578288
259902556
93902968
12783282
343603624
61526768
1028955194
434170270
53664996
830122650
328323736
782319678
71989126
192622094
37402796
387425820
130908982
142928640
6006584
402419794
911634282
697984408
74753840
1819210
241702236
308841094
21504
892653168
20017024
600831968
155027996
242214258
195522900
141907734
26444750
113087214
607270618
125578758
91123594
21414290
41312372
660969610
69672716
711513922
9729820
752482874
1009264606
219819604
13000290
925587372
1004935630
731409422
712996540
397114
6730188
1052848
104853552
539259156
161839268
828771344
692481670
103047504
312586868
393619376
216313038
637040274
99052600
747926932
759143432
452827430
505717218
246015468
603109716
53957518
277150888
553801610
76809012
147836870
674642222
147189196
40061836
612150020
462593080
434336788
143502898
306125918
413886198
640650144
343918330
554870844
612205514
368450848
387953940
498373066
586235922
516491830
79814502
10239674
657932796
889764808
1046515578
4337756
11681474
287875896
828463656
316064980
559778390
465860562
788989538
105003154
1002307478
6233242
835620918
131943582
475219850
163449090
669413950
25175816
483773552
71331520
258539306
113408614
1011594168
308690208
44256314
221992030
813318070
215529466
1080128416
91405262
759592926
932790200
655893052
724632372
215910462
498655302
6908354
284128182
161155164
447457990
222896090
69433536
345200694
319008846
178693318
521655926
429811456
302147020
64191548
872451662
94122376
213498280
521192066
239446706
88069676
366654620
279623096
83958622
33084764
189355006
2956262
71715290
157872790
46425962
197916250
350905326
82822586
451083624
18164326
500864878
118052026
765152724
721284482
58234920
890034708
1121479500
309853274
108197964
436750058
463306586
506877812
328643402
116332244
582607122
811210154
506238232
583621442
660334742
98450588
588658764
481799002
369132708
505053568
328800
168027576
212170734
197277506
517203128
688033082
468341506
161318260
408728668
14217696
271973506
229968938
40082828
278314964
676244046
26406966
59493642
397519484
262235518
51282144
362613196
62968882
63453794
657683110
139801370
106234834
489921134
25613390
330545356
258724614
666405370
826990516
933568966
646180606
40653096
515270720
575097648
54529852
307433814
120554228
452500402
282016308
419280432
878125418
233949056
50205336
328654056
3366816
11898030
310462514
393185784
392194518
201545012
805578122
43794256
537836416
112673602
876784284
16922538
159161490
408609802
827014506
312675362
233695342
17880972
82309292
526513500
34720554
433989486
793348878
154815312
30732940
106514472
140350558
686905000
21521128
968996800
518297556
308013724
222055442
424963274
55519084
5691616
55306376
138902008
676010760
52819914
234291390
173803206
17408310
375704888
475039234
699510452
473350842
10650426
89011170
163812520
972429510
516760320
851732580
540720642
913760724
90880108
57874512
151375812
43068112
262183946
574025712
218698682
298343272
65572362
621707260
127661504
30431640
735143168
888846634
615722466
316302056
243909016
1013489606
158097304
92336322
11227680
4633796
605863860
749646466
567469490
773400532
831483438
247479962
238718074
318816914
257389636
116696160
876425740
561769050
92040
321608094
856926804
197195774
199779354
40305484
663006
55519452
20644528
849814390
161589780
471695122
597447612
383586520
66613382
113955968
357272540
786520552
1051215100
937917218
250185288
696244098
347087566
45807032
918070322
11753478
33698906
49839364
243672
86153786
164523492
30369388
252259332
948520018
185219826
10607654
767920898
184542294
486737566
763336844
326111330
33078288
231553448
502062476
111733634
714759224
603278594
998496404
206659034
271416384
710410452
22484088
5859376
161796654
148822772
439287282
860575152
690944228
398483846
498885758
752133970
747236842
234027942
622649186
978705554
731096024
3504070
14974324
492666344
534329546
613810868
213992666
941740052
86917924
452216040
798687328
53520918
88618506
241600452
447905820
94894910
82361150
394564812
458035938
73055312
159670220
148629992
203925376
17842714
400146452
180969024
518525082
37821570
244398470
646363764
942513798
843694236
1678392
790477402
159782848
678191006
529908112
354996536
183752090
83177588
18061134
81137628
23406384
416820278
450834032
523560418
99877590
71418234
67248954
431190836
857672342
106474658
450181056
396950680
357392342
207180676
60412266
440110910
721733880
374203606
221023488
633389630
36906504
104759596
239700646
859901798
924036718
40774424
83866966
444461090
104409548
91768378
206088444
32680590
7197180
53334170
436821638
610893638
175527236
1335764
7509414
4492334
56750420
578692284
490366990
903476458
396702906
432229532
938712628
728806082
700354664
85058404
621015188
305647408
493764348
523835614
1881074
235487228
447260754
183634240
59509290
292180610
557853914
562814804
803430806
47600
831186888
248323340
593068418
690101812
2865806
51772088
847900076
162180364
301358388
56807830
97864410
27790716
247649550
25915358
583358810
172854280
649995850
67865020
95986428
1460584
230984672
747937366
48325338
209367748
735518686
250832028
53531332
392857850
361331914
657631452
307153256
24568708
617467086
201037660
557757502
972094706
134988894
276083234
432596754
1188436408
104852622
20507354
94671508
879912854
399635394
199809454
382384586
1005216950
10535374
3119556
492393140
81752532
742155874
191009420
489817154
532637658
238360272
136181974
1003079848
679896974
276735226
247417668
15652884
309061580
220061290
5549046
146981076
226170
493302098
638877968
552555642
4712518
61401024
833569816
363882500
150593638
244906464
1913548
3008806
221733708
254087254
4876634
433426300
565528242
1084905030
762266784
950630622
26373374
618385092
646324658
785290372
4804694
436658886
125162506
415622534
733232812
478971030
2379712
84362474
11816148
6074846
399368712
1665056
826876744
111369140
158111300
231994152
351882234
897439056
30540740
347539050
1167820364
469903412
624145918
120048596
684296056
951659586
398747206
294383922
547126614
611553512
192979406
500098308
899044
238918712
270332732
300071606
273067850
232152212
51486330
138336688
104051088
2804264
92670760
467361338
553860720
71812566
111500348
28501672
87557922
410117786
2240380
103019104
57751398
396596506
698444942
740324636
282888190
836304438
165414888
182476640
617979276
33964724
457828066
2698174
193477650
22525014
867676412
70051738
88017672
56407056
8099568
647794106
1007163384
124388658
687664942
140654622
280171180
168371810
117945732
683496002
377347434
249016680
169550040
108911856
2792724
218601990
335243578
103308222
424915952
231601184
218121514
124187426
260260284
306368668
83996376
344812644
554271802
230450
69615222
484681860
520795316
57803850
353874562
55848954
109030240
595198228
280401488
640877026
110589054
92032268
86742590
274302284
13637236
429931838
730931994
366882298
278508174
927694056
24317316
847806952
958926622
133650832
16650514
189071134
325551804
55580664
21110830
665999220
206649790
920955128
689224030
22889542
2199280
47686446
13412218
723456170
49263962
92747392
90747146
18556692
372682502
898447104
53376646
247610572
313614524
828483512
12868870
158013736
46041498
47033930
331638228
418132238
32393088
335809480
134127082
742149516
851774282
158845922
432546086
308204630
269440400
426328702
691864104
995860704
10011562
430532944
224728148
407979404
479925808
18382424
98153058
561693870
565802312
6946516
37606644
11914072
23923946
83412258
788738178
510743930
322113686
193554790
322573626
308040130
18738000
569486306
345502946
199398570
371871338
231010856
48781370
195284934
594704410
109718594
283565422
20010472
598159142
528810082
560613272
77792028
235165906
527736
357943702
196859978
1047591420
60563312
90327598
529678092
152109838
763869152
76623436
553426856
9660714
377685280
589797968
29476808
291501400
311202774
45057798
188649924
6341776
33952834
719308640
270862896
961448648
55752332
36819670
105756202
221130
1079494546
718137812
801684212
666354392
102776228
625846276
489385908
81795694
43424760
190038588
391140904
408741360
418404222
173482912
744115566
746168724
680997228
16399532
222386690
621351330
507409100
5000
115579084
665638020
571532210
26910786
22271590
129577326
775206716
2450394
183148280
112143510
33932716
1906226
942121676
178300008
927849866
20941032
1072480080
580688436
429121550
635197934
358264780
13700282
239095592
497827884
731046256
562273844
328317796
183705168
12618546
193491184
562584406
569959004
557709210
347621900
161468374
302139920
91023744
267172962
132548460
446650964
3922984
15543718
512876348
625292384
301400714
873817408
425809406
76601512
17844914
216928252
224426508
726415668
307469866
642626282
132569528
485443786
6449156
118165022
580221516
329892176
7918618
8649442
919584426
631931040
1082972662
22594342
416516644
236984704
88540232
105335548
247675140
29763876
14151562
639895456
17150244
10008460
618731136
336753936
65055030
609992640
544477956
185351018
168831392
342533354
359028054
531953266
689296078
502619190
224664688
54530178
1064184
95872498
500921132
93991160
320067890
1170139758
147665210
540205426
407462062
45290146
7317142
701510518
284224940
463989518
286310510
282625530
783690594
502720708
167892878
615028638
124709716
462741660
750493070
541588608
6708978
1006462008
189636174
6903806
551464990
241932
404453110
124974584
202383678
72450684
528211504
658053104
162688356
24353752
117006926
635789050
520093942
714818026
82716474
734190462
531461464
924125208
34599798
133779510
185166938
428904074
425391480
14925446
174676602
11651648
411474666
35394210
280301820
350124338
252829172
485064898
20617698
114984216
39708936
78876822
188529610
47811390
723915910
666890638
241554164
269514770
784694196
550260496
319187684
353801314
1035570618
278387968
572427124
282956682
950369164
104298460
546577744
19461566
4637330
23328552
603898122
62130666
65198176
294889822
702881104
691447082
102822226
454671114
10443554
397397998
38290050
765226202
56039968
895745620
810020740
310759730
690537432
13730484
192745452
13414122
522144700
599211892
132211480
578674554
3330384
565733112
278722606
682268620
12763942
11230302
975021172
52384768
7649110
150663384
341755028
412039980
31537764
976731446
562484124
853517814
514201676
357841984
689139602
176171344
12987374
562306046
930355264
576252258
630694932
380063816
478213336
89250816
357365992
318436284
7278674
94033314
219422228
31201644
697780136
31860700
136693364
1148156178
756959604
237289890
814470332
700159944
68878598
886718178
413992984
65387714
728344134
624930816
814924224
114771796
342804970
420357282
110174640
612318204
438975688
216129228
190756308
185741412
810493786
229535560
732766644
801671428
1044667422
55603010
564432770
957579406
9152
98528930
713611124
378036778
206704014
640403590
79565848
339270138
1041862044
54972822
432422732
986575320
681679954
540197260
354149746
301855022
570232676
23697426
147222234
477776112
768469248
146258046
184648302
554063112
412721384
651765802
566427292
101697268
104997422
124748216
120660262
391839282
53256224
44959470
744412504
214768980
923767050
19153578
606811426
650057504
264050592
432259546
154135556
406525762
7038858
75623674
36975850
779295540
592257820
467844964
41563904
45454390
592547654
355825224
369915164
231527628
479355060
544115694
247144268
573602658
237827236
227491386
568435074
269585500
622167468
121207108
87262752
733092196
622547380
461644642
426923646
36219118
71623668
714379282
326209796
139263802
331492868
34770
587515320
663385732
25094218
2672074
196390866
32684592
759392052
6390330
344215606
48135280
567873682
533483714
705016
258095292
449322046
146047666
161056858
32898806
663934446
463280406
542167162
577960886
103208568
15589336
99406898
349457362
156101290
10629578
40694932
42127376
445343156
17659460
638513718
315925036
389181376
851898184
419372504
73811236
590219892
324001484
26094808
697165078
19686064
32757630
696024266
63275520
471374348
38242722
25430262
34511138
148608858
327002
584127122
7505340
252362722
24616
123046742
301840562
112688890
404152236
120263730
802458476
129248874
26934330
557879070
506113042
42925050
265641428
82437944
157142962
104601368
717891992
645482316
607963858
97728062
159020186
40631152
607515992
18155922
68632
203182000
134358472
8794586
253811182
317203850
496210382
543580844
181260536
591020878
371018376
572382312
591047326
608325012
212181046
512315374
589411428
31266972
48831462
619788364
587579746
439905484
747435098
42893888
916673220
475803400
4086810
217876130
384117596
527115918
49513380
56975900
20198680
15672718
47455048
368565826
187532684
121357596
448394970
214171630
789435164
710054264
694680254
673373654
723471202
683466492
456231148
1171114334
425981990
130517166
365909348
693657280
179179146
511677360
471714564
16348886
306233604
293409174
359672118
65879860
28323450
34824156
505804060
266015464
47036550
1032999648
18191216
222022892
97192136
118674946
713894994
4126246
892494374
444587486
39946554
39464230
255951814
87225650
475679888
341127022
1055925344
479044306
219223116
44573114
504782094
119083256
41102608
707185164
364926428
328830342
839616
969253618
726839422
835231680
173590478
372107768
327196206
996380566
390311896
237532556
879223442
580483034
445367410
339001406
299284790
50541380
14958950
606844892
115195496
276124678
697656370
328128764
910426546
20410666
256435734
38091436
505933330
485316892
142829876
519620478
775808914
387035316
91164210
462979674
140003402
510339418
27109490
330177412
318286980
603252186
1083143504
164597826
755278628
1579004
526776628
42150594
801539982
100798864
72445158
110572506
167527144
379081634
863806992
27562922
24551518
87904522
324348036
117316774
35772946
132216116
807017698
97787928
38393802
351186678
188498228
361791576
461678968
36689384
512287572
549094728
81287176
21617152
296903902
97058414
686420644
4236152
1036969032
126877130
386532358
788832972
239200286
35287378
550640978
818100924
275949272
161263578
772794834
902440422
633652566
238710312
14592156
308310598
372942954
54761732
429117596
218824262
1920280
172688992
418495848
435611372
647325068
710619342
140521690
201451534
674542714
158325718
66851710
11854806
608098910
506480230
46018044
265267232
121325462
639545038
61283762
28571796
92373696
127252620
972158950
243666564
109470716
21619186
380804362
3281624
6761042
224044478
181214368
28212302
503002552
131478302
443645932
510823678
37221664
138172642
469129592
39347324
68101588
670169230
926536440
895814100
221804830
524545102
207296498
586645564
84441440
96276268
141994198
432453728
60011886
654768218
199062618
375213922
290583558
437093410
658234724
776778272
816249758
33406246
68382590
194973986
348656100
209713372
489456516
415462814
609364
7316192
42042776
32484630
108574334
135007764
67110348
136563320
624458096
254628520
609556512
251613328
247644102
418513196
278475800
727280924
544647368
240656688
132972328
23883376
185384724
286140618
635888252
110202744
697580564
260109844
469939036
44162538
165919798
814624492
204462932
569839530
177554150
768777908
227304244
601606754
76531758
648618868
373222194
137136502
175682348
288843618
664223150
668332478
8124970
76635104
33797710
40425752
1012820766
33053090
154340004
111637656
196521202
530333766
568329070
86666654
3183050
592972762
186433550
79216478
63065958
302669832
14386844
10666236
37072114
982281302
37856756
431427318
50400132
574831164
1085051824
14810760
948509376
815881820
565903198
1021859146
863012700
137363222
965463582
209931214
585276812
556758300
739997980
668710378
545661974
927087184
411345266
14373878
13188512
764824182
101913002
530494068
655637204
631817788
173837748
760060808
158739382
573003688
242154800
262636032
655575378
422837058
396834756
118909284
63259832
223696764
723039328
168751146
599074136
474512958
92672858
17765764
891472938
19584910
673279000
34406278
374138380
757697812
52956802
468674926
157058142
88391974
210298338
65291716
869448154
89606992
638104700
8063216
18205346
84376898
703901932
365851558
3750392
660944
494558182
311051634
259712082
3869432
709876456
852298658
1156494238
46034414
176209006
333204294
735914924
41525278
485462132
513433956
515119146
854494592
223570422
517569468
56181730
1077946530
82310366
191037040
805219978
813703740
295585704
24744826
273356512
457407828
16670108
1838610
563065314
233908522
366136366
13324478
25791534
114266906
8667886
275715070
707255414
214508528
476186464
348426446
120317630
574550888
830052082
550828444
118484884
166133412
716734834
588008434
510217424
302785896
339729854
29098834
314101298
569034916
316268128
7901700
1730422
93286916
2337626
146834618
137683058
535829876
405194262
492681654
772734520
308684762
418777986
408952304
47377180
1028251846
866006888
138510430
13172214
580299244
638909200
13310656
7565872
737438714
90559334
389367740
941679944
205899714
581405070
406034376
21934270
45916732
107408318
418317664
558639662
697807782
428803052
398063776
254670104
326316188
622813038
960029428
335095306
401689772
456826904
169819578
707066794
248212808
68356892
610704046
477084530
209269316
221632154
176894170
493487086
704958492
438673402
387833494
56981020
829236634
430987576
154087734
443560878
28679488
4306864
120726780
838011186
1153139330
692612670
9086690
564235166
431315492
46697024
20149094
24309522
182571624
195970678
986649890
445799828
658233598
514767096
115931956
783599138
164673602
46703610
26004454
209089936
148990646
602090262
108070482
169652722
778510422
530923394
161280912
462480288
587361976
327291952
287659870
352547252
271716376
153530304
671800458
564351394
34681822
63436302
29479300
317572450
239672218
50178214
61694792
359535364
861338588
634953398
655726204
2253500
556088458
252168096
6618788
220886834
749566538
422588564
621062776
583955584
922386280
460283550
469031044
194020604
696693770
104094960
84264294
184752796
405495186
74383992
499171474
293288916
169328480
497820056
328166584
12103276
73888002
865649740
392609128
502059680
584649378
14987946
165896256
800279640
784651958
83491394
70018846
38225768
2143634
782037532
34134674
27744
493363956
197561106
492989620
183959596
525702846
42892448
33978128
92961410
502868168
36689398
314720558
498223400
1614834
22934038
54031698
869847218
68029208
365316682
126147334
600630754
13888334
144749110
378032110
89952748
49342442
147084588
92816100
115987982
634326794
493518314
109507630
792308104
644484378
290141264
332695776
1158365232
612261160
1054429684
347250234
185429726
209280006
191838116
127627664
61750366
1057683468
766305336
235325956
522850002
335022914
475363366
51846988
376036404
295199880
449851092
887857344
238789968
540799006
48805376
35668478
735113038
371061732
73213714
50802546
292174738
273210796
187375158
103006100
686928634
68264020
58341778
857713744
242259908
240336596
63485774
534110946
776759280
124325612
323220938
582424412
369917798
445798278
452939610
965728152
859062876
778018788
61031604
4700
715819736
110767164
691515252
153260946
181454470
733712478
247118298
133313728
243375334
388277604
55312630
74878468
302175136
578425124
983545446
840955324
370499948
11766510
914715044
603545442
57146066
712047738
107472248
25074622
56698880
101878598
758767246
365079764
948582358
337830456
253020054
623864380
1014790994
76636980
690777746
24290162
81160710
468060944
8195108
759959620
90930510
384652146
122935600
46748448
23803384
39144740
463847398
534049274
492837338
718539412
188029154
33656502
717067290
269740626
566535080
206035336
37642338
501096012
296622286
22589650
290951316
168639388
538848596
674872862
713759226
163241920
164623264
560842126
89910734
93746936
33299768
1040901558
320087670
86010250
106497190
283373730
850795890
190229410
3522242
45305016
158435800
141544038
571585700
32366814
154547024
96503654
644149720
16714486
364976714
464777612
605740574
337442408
317983928
155393094
876847128
720341614
441795744
485778990
231905090
810691452
2992044
468259336
63632802
501546372
407178770
262716326
237166790
568844252
444565012
23857762
389571858
233377072
133009280
160732894
467293680
498128900
327852254
257168556
11847786
715867194
360317278
378847914
1037400
269160584
1111706732
17115376
403940954
560741672
108008660
315877578
475009496
606244496
430020562
143356132
97458716
6473394
97703506
767615856
151483362
467826140
891318726
144417822
208392498
181582
834995198
43462972
530925522
14077094
309413330
635231234
108532636
234742396
134484306
335328592
604549750
628335994
27310478
208257958
41614660
564145538
301699904
97042856
281871138
433990938
243393528
93988634
581449000
973787304
543500926
29710532
638245186
508362570
305279388
541415386
322714032
115847844
115314636
74344190
279589382
110936840
221405148
161184690
147533320
348565026
429256412
277805160
8084092
117838610
17522108
421663018
506073722
599744208
266267624
248332400
158061712
417786794
56402946
47739116
256861012
179648074
956553608
9892166
688378264
26460930
499937894
470390978
179897944
142612490
254882004
270492380
99670260
46655724
269369490
425602498
462189634
691881828
873279560
138232502
855110552
589247924
736050428
441410682
521169076
16696900
7607228
842416618
384937204
776126360
600768148
9681368
530993018
6067652
237869884
514348548
138819266
371550276
548518784
80925456
201819080
70290120
430533998
275520522
73652626
689537944
952657898
116680250
90801288
324050118
463412094
63416692
16546946
479564048
519036520
832195080
28115858
7807764
120096156
586484140
374966804
929454050
60899696
268872844
197833052
1111109830
825309376
81393338
527266230
878688906
98049020
102666534
479197508
709257316
492486634
111238396
573781200
49436412
979015830
29018006
60906544
818466536
488067066
307010124
235236378
727307554
53090430
374966604
424341578
214736790
2432714
73786920
648149488
413189584
69714058
2056410
407092698
157136908
612869550
753278204
645232
710984256
431003384
748193846
547136550
27642972
332532842
14627314
160172006
9037896
35694470
99428336
185707890
148870444
675389690
913010100
272826270
1071637532
45562334
337593012
295507062
456013194
28393800
857058848
497924558
379980070
679954916
38922858
114554950
582184662
734015648
480966644
317957930
183764732
840532842
676131090
238671312
17984242
489700810
89020652
861804776
733138516
975876248
818635340
25648180
591267458
495599194
191933498
783717610
935789950
501282048
91567364
918030648
905976894
555699198
128345740
112967506
303169606
235777220
970968990
632166934
872970978
140486162
8585038
1037496952
828480748
334201326
77699412
1121906304
659311108
205535456
388881288
141814996
796123056
765348688
357511316
384198620
97015460
328335130
861223354
234993992
911850234
983767672
244258554
9873086
141427850
500848642
1115741180
20667256
127521612
105609258
130615640
29021280
96830470
546827078
67086170
248489252
6788320
549571936
796340138
638661000
283329578
124759954
91595424
395559546
91455442
93868250
273916006
44783342
820979766
516396824
345511196
842353356
228032102
549409254
262612094
115771450
728230414
31248636
255195486
28823428
216810098
46352658
15089698
42974658
91360472
733820486
121613632
59908748
216881110
43778770
126856430
430160090
152316096
209307182
337438762
772771504
173647926
29655978
645249180
91311470
418244060
291820700
476119864
336361300
58775478
76513756
170694540
292125992
27509816
429833424
589336382
280666646
836292786
267514530
453251296
292885650
293214148
521340356
148961338
308789416
841770708
350621088
78424106
684802704
912882426
228736670
665247584
683343144
502160090
278750382
24418934
315337912
68129850
262915192
224652748
193077526
755270
474271382
17078486
208073232
13641312
8739916
195673036
38460708
215508160
668274364
251730460
588884294
299810316
171409800
436400466
678480120
49353560
180089038
381292664
186818434
116677560
45291352
192288914
57972996
144688968
166266664
114256524
77843484
354043380
581797008
53428750
781211936
743945112
605529806
93106698
193193186
248766292
129271012
212228572
567281074
56525092
29903116
88497010
80391370
356377872
163767058
305568288
458117522
623294286
134359300
304443632
671509240
354792060
381675058
1523596
720153558
406210706
77823486
78401772
152084056
561971312
317534228
120756
48918610
191499212
7574534
46193904
407026398
46005800
96189562
563629800
381790376
259773888
465157568
917505428
451833564
383482558
112882696
400534466
41747624
110293666
308723088
205134008
346641872
634466876
340778740
657054164
484162810
105203864
31606744
62113962
73008804
644349776
775918598
359287812
78731246
40286754
2507612
778638098
282399838
660133578
2633386
77064858
447760926
392428956
3327628
290958122
192566800
202176512
97257806
122206950
349663818
79637222
581602844
114055490
573047170
1098016162
101894446
2084980
169527322
78649086
161965914
738453360
110078134
163899926
29102688
226374352
391934372
46518292
9035524
857426980
703986364
576768286
433996268
68292548
74220064
78320468
968267574
111831286
339023122
203728
178817730
130617742
14506490
6876862
585129506
28652804
205369122
392294354
249693752
230024420
85789312
373204490
11773208
62912178
211400268
687017504
472792116
275446386
468326050
1863242
18820
269371582
1003090580
128319844
298833920
746121480
845337374
38011870
406953132
474518378
936135694
148038650
512517934
827844472
778386658
254172926
259536710
774587012
559380228
226778684
613723788
498245106
572235930
379094182
38695296
154611398
568367670
462083726
998201024
408256748
549908602
321346224
209450238
1949234
280484172
110215204
1013356210
15742788
549956328
429984238
193610634
1068494968
461431376
629412916
898243234
799598554
84387658
530764448
259720108
255344318
384710014
29205534
419816528
134877024
70160528
335821368
554685552
943161514
158209280
2573272
439170774
29193904
404979640
56885580
420063302
363957112
16864902
1065107094
598617128
367076400
651172762
136068196
721309062
28427684
144544710
945105808
152340904
148922404
44592504
308756896
405289042
514260132
6819676
411298448
142868142
104767868
276727386
274213610
292107448
459415636
241272210
115973840
1199106526
51062788
43426784
137659278
50418280
560824214
194968450
473436938
727794932
229530
176661030
431225150
101242400
65542206
60626196
409903964
11298444
299328798
278889624
564180624
357050486
88106002
186522298
427233008
48653960
1199977530
681168480
76030922
73129924
11350206
515689540
135059544
86568590
85606764
677131284
574610246
296318936
149131164
176401498
699882388
212241890
74559150
282501892
829727964
364135366
552708464
85698742
6432598
690915196
727182324
834071428
351150650
287310
39038166
167430180
34943844
11541940
976786230
567319486
825630922
68712790
11981838
36361770
734037654
79537932
80425954
985750734
555066194
547119070
429521760
56223496
28790054
370729474
10766118
605808000
651854916
300488930
35941264
136363548
1081605964
47412812
584708920
44236626
799655430
553267862
220438830
41915694
576767918
763057766
605822498
780341360
2076168
373869522
129405406
277644922
111715578
275736908
305355608
688277312
7163000
160308962
775099638
181228460
13152390
946147488
74176478
214142980
198662666
746755746
294680036
552980440
742703962
47078562
341769008
306488974
130132734
420677996
169580446
139721234
370063160
280502562
250067924
174415064
6559868
98035130
62526206
239195530
623083622
729222
133547218
305353300
356700734
277945520
533956776
99398692
244955004
303518708
98357552
99137994
374889328
473857312
295798942
998280934
858844272
581610244
10387612
16747712
413883892
144450004
30791778
305436438
201962454
143041302
150245190
29507222
356898736
23243876
261638798
413942440
100470796
189320992
825819048
447274458
4422058
458904348
744028862
29708694
139165880
153506418
742561114
562819190
852032190
340503084
806349212
783471776
113211946
260048712
97459718
803491110
636558798
279172758
341558516
384405642
762303142
393627826
322864468
575421774
30946270
299943706
223936960
312558802
180363110
9382304
276964210
26352616
430006
121838476
123598092
108410734
76952780
483180626
13718682
635261808
74470590
26098946
280195080
371288720
30529676
431908170
636221098
637867080
355497928
532296512
198200886
284002850
24495118
631382678
425673118
367773964
610864616
55668366
24065308
458312642
61111018
49931046
355565360
820320
416382300
975718482
738158992
167087334
150419116
12236686
225477494
10837472
522360278
885185162
660290814
5172222
107460442
76691088
862461332
4351432
61053546
212542132
781734620
349022738
297216448
8488260
6935760
68531964
4627490
540401902
346353830
627190396
97946252
541800784
78212306
712017740
571075342
24559454
47463302
2504944
153030698
947856904
767477180
562025154
458040080
876288910
17681550
800727912
1041234250
488135668
22083014
18732980
727579178
73377022
15547998
854464518
614936270
148154738
390961328
229323944
906332216
37553888
225907720
1105868698
529220740
655735924
216603844
741599268
436298278
401575246
21859446
601838018
327673386
545919704
191792224
250816044
355561568
21070356
154115510
58633964
104930316
77079962
860779288
620509192
397500254
191604610
740705148
912062
37319748
788805114
4895256
114923252
852133566
849533942
852833408
11895068
4806514
418607550
337670608
413154430
105018606
507486576
170802406
707644170
188904532
991798876
164250428
330246598
700148200
702755532
169606884
230106270
802219750
444498324
201825114
132356016
191584880
691932394
76322128
345368860
292117946
788014002
720814904
397129362
591790056
868669358
28125442
155272350
339496330
242329872
1048872
946895998
473717712
900751912
326133438
103214842
829992502
6397732
163697928
194263134
406569718
117696266
275117648
909444720
394576018
9973304
278086534
74074272
1598218
36396186
646340586
688807094
547617344
415360648
398427456
184468614
716236184
702391284
83323186
544464022
1050448990
1029468042
439027768
63175286
430340252
551601498
597266436
542715954
1077053978
260006090
129956272
63441220
908857384
757862310
429797882
491136852
29961286
394845646
514096076
1007468274
247277630
148082034
260867386
573700294
107473022
41006796
484473040
785143864
272548478
202674954
24273622
98855134
236403042
18775166
159841400
639162040
1148559380
237392718
491298238
445609806
247789120
948130954
190886572
167089848
583948852
681253808
2731052
545610318
456852994
69209312
96247578
84096160
632831432
750678544
13913088
118865968
9810502
141951662
1015781836
1018497162
862537006
47908924
352398336
258898670
361668740
190067084
184245080
794768580
194559130
5670114
969073378
341580176
85381096
284061296
332383264
477698880
377964432
854251868
250557712
22415714
201231370
30391372
246588836
370744296
62888082
211973610
82092918
784205562
792646620
782713024
719852142
802253560
272757466
62691756
650518100
647177072
145379350
74303760
544462360
618859344
633617602
268480618
313865342
117145772
106057164
751738238
452977374
78398334
716526870
339619306
32162068
73648
80294262
168236268
81280194
140140594
33896986
19956236
218106016
349063170
26406718
315702922
493644034
724566994
258411670
504005306
832621532
9563428
5401840
264515040
19500528
364256534
6847862
814509058
95679790
599264
372716592
140724364
240391514
130869336
305149344
346276142
346725526
83672916
689355446
488976466
238204916
86005464
570675164
586347286
112067452
493964056
214044736
392486768
147899984
28995492
457094636
647839342
142787438
989006374
688164216
98812006
990410058
951059954
949536
697802354
57656042
1212213456
363833680
873456400
95974144
815373874
1432412
318470366
478865660
949657266
116153110
314225236
190106558
777717614
471495922
54192036
379273656
647188852
425132256
83463748
123444120
138325948
639235280
905850
938375376
370035820
234028158
419384888
241161808
198026950
575951448
634809056
702004690
781335682
164095462
690644130
420089086
896991666
577710972
428208820
290179120
59062452
210515326
570163400
917916846
1048017710
166859108
105537680
234635234
22948562
493503546
105210344
228967416
597172962
75454480
9024912
801043502
264931722
616451950
582769990
315675732
55787456
71225090
162035470
494840184
629566480
474808306
696241896
946298622
1044424542
251015024
472412010
817346496
506392320
620842386
312356740
30369802
584323254
951010760
57543796
262790786
71909380
590201020
42756074
5063942
233802970
393478190
223782802
6130860
661319264
567031182
436841588
204797046
640040092
331634252
492202
674616330
224536998
90913686
16922820
151633240
283224376
604748902
222236860
543452298
224528334
151763598
207432024
839567956
503519232
124198794
229683984
269244274
376857132
348073738
9377562
547486866
358648778
160980366
558441158
106834220
379869318
720486362
92869704
640726844
476215546
749094210
171862838
2232556
10735190
143848378
383332976
919778206
378354842
1345978
279739708
166125176
222499550
5329394
820389666
296437508
1064997744
68593728
356764080
1009200476
609464164
564474810
728416416
73693384
322742774
227223712
469593628
414266994
174353234
52468594
239434102
271242446
139988708
11961122
591216352
633053878
598198940
687319576
88763786
953005354
262102848
638518268
543828064
590233576
217860684
10728032
222470082
681019882
355742626
325297192
274162528
72510194
48323626
832253586
936627476
57666568
41819708
675149246
151633224
63640060
433301784
375691090
478763304
209712
676035012
420415752
851046422
9788096
516267070
819466186
691246310
870393202
4680420
329392800
601967846
1091764
606360128
177379524
665105164
553402774
40688474
479456766
60465116
48341560
515131732
1041080884
316470486
613588412
814598336
608210340
198580060
561098
236704534
93932432
704879222
277342204
69927832
927414440
730611586
9176116
455084274
876844572
277733696
151699870
466091158
421272266
543051236
163288814
708107736
186904544
662251586
619555366
616985554
80992426
654643232
462125340
62605806
697128322
833878860
4707702
27052394
22100862
346401610
806411726
382027338
15630664
99202946
105708858
259233534
829881236
643481830
142346044
16483656
492756032
304496302
754238422
6291740
781193168
917844942
813275972
362324982
121412572
137974110
176535740
18217912
386500674
46417076
309240696
629450082
232081472
703254450
435392282
408520994
688847354
339750358
125899368
16071638
716934034
189678798
4819632
470533164
5581286
322936412
200903448
272783580
536625278
751368894
109404414
82544764
990502288
863198460
496268442
256497682
285899480
129210368
26459524
456773494
979604578
811421134
581238214
518254874
871783938
244804946
5301492
165548712
382660318
19152942
63044360
317174350
100778510
206218650
711741136
1058115342
643990348
41664528
1001116064
25675380
335679160
734954602
816616822
260378068
82813052
216606904
516719056
381651192
35262554
1833892
58242858
437659136
150229698
124453094
474774992
659251202
582568148
431132420
404495250
461692718
176711964
584407908
248348436
474906468
357472238
475802558
368361324
763948146
665897472
74503214
611504612
77609428
755027204
112843366
9833798
293609952
514834430
26715836
445388310
68228686
786051104
497993610
337506958
604196744
106559400
87163394
24631686
912181642
361259590
19565450
419484964
344773034
677209284
26799490
712588848
174593828
567538748
192603284
268152924
5019072
828104714
85088004
3879430
370500908
167016752
794765364
2534180
49585924
33210970
16937732
46659594
603157838
427075000
306209816
810670554
23616452
160438368
229792512
58547918
1008939762
154205574
208731968
531270200
92635092
390792200
954401772
165885240
630093210
275035874
24086028
266825616
508760
600548260
766395050
127467718
689245212
61381918
668060688
1052316372
1089588292
630028954
485130364
152957242
151527976
684527576
117266426
311896632
33094950
646369380
216087588
260651308
562180006
802816030
106089926
428919274
317854966
89041846
339177578
623118640
545749712
571520952
73347520
124155266
636890030
10425014
82345590
125286436
663786666
5282140
393874428
508312198
39328150
742877046
620580148
92337404
490198668
90395222
156506908
633917216
1045711568
267052200
16963352
614110948
338589298
817259122
24611914
57320192
1144291630
31691096
586963172
5948276
182496530
399905342
192513736
36561906
169311808
625759052
520434868
69479852
93813192
377722736
143999422
979042144
246605938
559936044
720617142
317679066
54610136
208948218
861365802
516981762
52473776
717828114
664394762
79345304
161372260
97949370
194877772
973663730
502773584
603605526
75761456
219637258
778097464
33010152
6220542
139288954
363888910
63205174
745182692
83036150
281376380
242730332
83934330
536832190
134558286
111774232
23121920
443696
159871578
185769576
316756880
63916418
202398844
602601886
388454866
653352478
1085527960
505357854
16945236
34662006
63407736
888531502
275554772
85374880
69358844
98188030
580662498
201318976
265875288
337746536
768886804
166862652
915489890
194423264
494178420
120253412
740390936
921656522
239200154
320230308
164283386
48284088
312560998
644154338
448097956
67408142
171890922
98827560
382330642
331518036
1125299042
941862744
592374802
303921040
381088882
686490896
92065452
442618126
299836904
871449034
547644
576514796
582179320
33910938
382025666
305101024
417740692
542387156
729704774
587696656
423092134
82505476
81631634
170366572
555778548
40871470
312364284
88497062
233206254
626376012
576916282
163308470
9694298
730910790
220003992
1072715450
844657418
490983510
166850062
626058894
152146772
1826456
43235408
7663312
886248992
89838644
784132754
6314670
166621410
7079598
700709938
491462430
1021301894
273322150
1023489860
109282546
355067884
130120744
75207762
55623642
33954068
377194026
587050388
3872256
177315280
423252658
808831734
902884272
745730574
223547458
170724140
210467790
750553766
469586560
749856696
546357638
97345756
590857074
28252802
21576394
115972980
461489514
584212376
388486940
241128436
48355522
607258782
206408162
717984428
759620588
754119586
60700760
96605242
513871716
197347492
81833102
61903858
173708262
72642350
35829596
64636140
516665388
265560258
255520162
337431242
503509166
5100078
804056784
386346796
284131566
568336854
586474128
78058674
243064340
259969456
272961974
27285142
119569534
369289118
525357250
71746228
14257792
391539938
509860762
80914410
43602322
74749446
47910708
854338258
315841416
267260812
898784360
5629228
501830832
531768398
181805372
2588744
665999382
62665702
335229418
115156478
363411802
578575284
899786386
277503258
982126226
423739474
321438
12539610
161156916
126247768
237194874
495413914
357585172
719012130
136058880
350528766
147153400
584540378
271822606
131767432
48516350
250584102
719058390
484294106
221739994
117878416
201561812
150086974
617520556
894964422
470965832
97013420
57163250
1008910066
114066904
905388870
170847388
626931650
126472898
400041144
219795232
12863950
465333212
149209628
649777210
412387182
308621806
397039142
260460736
27299672
34048
137244740
72809036
412709654
661599728
10619734
8819570
13437836
547145856
257765364
585080238
3471804
100676754
73431974
335616070
7023412
176216
52607578
205781360
884974386
160677306
660448242
78040368
107843416
67971288
314317662
985496728
202353080
544779580
47384304
667286926
11844336
450736170
380700030
236885348
107238536
567901200
194578154
407951912
139909938
661687366
83873672
362813766
938109348
1224426
65046476
225142082
703846736
159907714
334099436
45556888
599800038
373193748
946054194
519452696
203148266
268454938
266213390
841873362
536204106
762445748
856946344
972779910
471951336
516057484
465736692
46604940
53001648
91635460
3937876
5964974
71533556
122731584
9674282
842441128
10360880
401433682
442771842
14120702
11074642
742064656
480572822
39892478
743555604
283544086
39028272
314202786
1034507402
1009025338
928219046
742883922
777747498
728935260
707771218
378332594
301790460
663724718
248616080
138101466
831766916
45416464
717509352
512487080
64403996
678268096
544561832
167660950
1505372
13572056
138101808
255939420
545943308
577520586
433199062
148500962
1020477928
287045234
174722434
421827502
308042694
431512708
364201630
117539872
283775072
376335168
563379522
550045840
74898544
527768708
201932068
847719532
166966958
915499340
91637680
113851176
269622010
66282434
66241096
645086840
748165632
433472128
472282292
192925440
770939108
555366914
118807742
96443336
431120420
303098254
55766566
934674634
187503440
602251878
341796526
902284278
344493102
124491054
944229762
21727574
318756572
515946004
787939464
285837544
710958664
424396300
646283156
116527482
772201562
167959528
62264152
690846940
677959956
486493398
752377670
518118544
2179892
969348052
617742460
300359352
18520936
76754996
30098872
168038636
717607754
16968464
386062620
33663594
113090144
2851282
928422376
132812708
425817344
309470132
808404420
214478456
781063040
3578238
979523936
27906290
337743558
118487748
785127308
598415554
12027788
349639420
133970020
263662
355383224
265283278
24631570
188805134
544937634
202557720
640862432
82067756
136410922
217622828
129499630
196472370
867512752
108170480
23629672
3057058
534957144
742690722
176364442
600862374
225814936
259718860
624714148
578098346
18372032
51714670
248637780
13713012
300722598
426142598
232668466
1145326930
8555738
236687710
296018676
273408874
576519128
85951668
451554724
103171234
580073014
9501952
819791982
92488678
611207978
172444274
226582680
1951138
782589018
563023712
168908214
397862126
38423872
289040148
195004808
7441606
119215208
340605132
206156152
109593478
580714796
277718774
516983484
1209110008
472001340
113793360
148950220
400409216
1027875216
660008480
934064886
654385418
353556262
302826756
40296424
231092138
335194682
153693716
188706114
4684174
209870446
716756480
359029928
47399392
157967862
915228560
39426442
2487342
665881878
268742940
838438
749780550
124931550
245557308
344927724
45088952
823678574
17706564
395765422
25816378
10291224
184576502
215678724
702212132
194953072
699224572
700532510
459650666
235399814
736196374
556246616
748482542
346473336
380941192
615364216
676936296
465520368
438279632
148680766
84037834
253816562
81244358
683152112
630893186
2817088
501044142
300421372
767929470
530431820
400979704
487874428
717200756
137654468
41791040
204361798
522812958
258675532
371541548
728395148
466667406
601460414
7204480
227381786
805461124
39871766
434127176
196159772
503649390
286958096
152779552
303072926
951461660
33848612
54663762
647279072
921481896
93016692
30426824
283233088
567079188
22337734
463698954
422220350
383204802
821337948
27346354
206541886
247746568
663371480
31275564
579307586
1008854926
473126832
9773438
39268190
428152214
224365270
447612838
234825654
18548608
237686268
118990118
713619288
657819944
737151554
1010719098
555448554
190940018
250134174
322975646
26696516
667558264
22060718
351859930
496254574
21916792
6662128
182968730
290031470
643219590
92410112
117056862
29838252
752627048
2132252
794269614
270111622
194690424
1033216324
243111178
985683534
640079160
227921052
598930536
198192352
319559838
535176564
816192310
222525854
385800024
393603300
240844942
31827834
387632698
1133763494
9428810
924062326
712705584
39163516
79127718
758725342
343972538
830609590
638239304
222789288
647183358
498245806
650111424
535267712
212840498
149726192
193919660
90721496
36827446
229158866
518282386
27096642
348456154
275276796
832085832
103952006
72037280
955591602
141557514
54480332
469972608
266373536
157428608
212243538
147380
167916050
160099690
1122029504
24357360
195232646
285966896
434333106
305742772
489577038
127838466
171170462
738292038
439629190
1540380
456515700
726177048
37019636
156490006
693866286
602534984
254186130
111137428
13141056
334567056
8696096
278669338
397367484
307944788
48148336
1092515166
258849106
78541716
465727406
65764352
824578982
122222800
34630806
82235138
707464366
447014490
308118806
9671494
857421612
342887864
761397814
333117390
311012
88291422
149262526
517153260
147200
115911454
217997018
557138
32733440
474932576
568794168
490984824
592177534
729737038
89654386
5786522
829593708
887313162
587546490
1003797234
692431568
61071558
769571894
231781878
290766208
997037912
206862884
446536142
568408812
50833534
338419158
441922190
201858166
8913896
17638112
851405850
4717534
710747222
306619130
243882822
167118262
894647030
523423644
285447314
1239657638
25219704
521464114
83924396
254381846
122010262
211285988
164174652
117269642
258692080
215205742
510870410
700649682
251006972
417365056
455604450
241326524
136131948
296218950
1895068
659639154
424787890
381194892
716571988
542956936
46662856
218813200
317951432
203404952
812568592
382726956
428992388
208067084
133064388
686349022
100374058
83180076
625052156
15434934
19137752
499802392
64011930
465248622
42227162
919373760
14342664
8949474
795732334
996667332
210740828
226722568
339085210
119675898
760428584
14503424
556420316
277542346
307680106
189515050
525355922
499894698
2106812
578301588
65808382
73930722
805425840
430024874
438643590
213125222
667437816
247321796
277463446
5164734
11471414
704530084
48681910
177344700
508821480
100762084
173867280
201708126
824311100
222495694
13505136
514567026
219194786
75080058
51871936
244298202
949416132
200057734
218942470
542499638
37284852
927225714
477999622
5044144
364536246
37310050
115444958
886606414
310316830
572632780
538828234
14763422
196993066
114626884
753513454
1003015600
362019372
749157894
227010072
63449306
387915448
699366124
313504624
290108026
228530730
1050939898
701978184
663679538
1182902274
275746930
412753648
18078042
244914178
92286832
64777992
289510354
460191532
309212508
190881288
230746842
279730084
371711690
696726044
531412034
126927250
35656776
438413492
44683640
170124142
775133918
382348270
362652174
22747706
42681580
695823172
5106328
334015490
606210398
771897716
40561276
160335636
925188868
138923602
207350416
660861916
74106954
959948882
618782518
794523270
110272178
45093350
387880204
663279810
273551958
663606958
470275246
112780092
58122116
81973618
797702
99569726
338098770
337228392
377366524
467787862
603154688
74846956
549595682
486746360
682625942
330835266
68594340
435009916
181700726
5501584
104301890
352739096
845456912
35508850
1605320
331280196
575040384
409929646
1016148898
41759922
380178186
514433584
911624948
112813770
175109406
267384728
469848068
78603756
634862914
188866958
48531042
278972944
44133246
101834316
680843448
380302048
576334918
743709610
650045980
177192732
43082030
646886096
309124402
13483928
327284642
899096376
15130894
385490128
422063456
94098668
936808734
868444762
331968906
487987552
53700706
10895642
364463634
687719980
703976178
740741852
338883376
416343734
785381246
205846658
48399288
860723662
662704044
86066742
67224314
1188843418
632245968
36403110
26335162
1440186
763842
234505860
611803942
131963418
961121766
619696146
388808026
184170574
156880878
54996902
163559130
327135772
206171582
476633688
311553786
21700228
400799650
564211618
511218476
335236624
602801054
446800688
540218608
58280312
729316568
185627982
2457620
91546076
235470446
760759536
32704708
98127412
557759892
432568926
47678934
607865360
73645400
461053986
126324126
69755622
30063956
383630528
199903538
337357516
400009614
239969348
871337496
680788682
309731920
82716524
141668504
623756
214863672
57017222
37638632
72303666
482665530
457271042
18299306
511970832
930970492
704103828
250938950
660098846
635645122
231436530
66324156
989910294
45769230
1021030674
528842664
134358510
261402912
53003612
592908038
15140248
39395000
833718
385406410
372223436
322978640
359015526
733746666
96171710
128090872
229918760
590731586
471830026
164947494
150903578
3650608
256663008
504262766
2084742
28582430
200698682
163897186
836372004
22413722
618769690
1017872994
280950756
419290528
45874262
309383580
721784162
124715190
778869294
210616272
714040172
304297042
449792190
868808154
2723900
294368626
642798536
3309710
4517546
13652240
517730108
425183970
141502028
101292946
437864206
325211388
687548540
197273472
551083884
624476844
133161922
113467184
628046314
448247898
313557784
383211062
298206904
60708280
563833680
1674334
516167578
256210106
124960298
276278958
195150934
36261894
520512760
81281238
8655340
736594364
3942012
348434800
592481236
204748684
922495312
144066332
148877246
974123044
873731740
318920564
265197694
82302304
451062868
20244510
889820536
114443472
382574420
206691800
162769128
21499346
656233126
193858118
770260558
76810576
939809450
234389000
468637978
102274644
735884886
75174980
327616826
71205098
392713964
44261546
21245884
195804226
460065978
533092276
8049656
108990124
546806994
21796878
61324506
271069130
75035400
192985434
335002244
126576778
217112370
623068970
916542194
647398538
8015650
678195534
467552076
355228494
263930546
14060508
297031326
140098384
103444382
244079766
692364916
113442760
73476482
375716406
41557280
389409264
172203782
187312918
449557006
58192574
116577966
822274744
29697944
532039812
16187458
212974104
211985226
822217420
516347184
478177440
121288482
459452846
178539016
43184876
208223162
429840238
511466566
574077182
935440358
388508966
377709540
95964672
662858600
458116750
684899300
954464512
309632342
1705826
900516
387112320
42664212
403190794
219768320
12339356
15824290
855235658
475322590
821007830
30557548
333845638
293318426
142506858
724711050
51338510
195179552
7154436
203263004
74238604
87207558
806519988
327965842
146197218
579565752
148119002
88270286
115181282
55059492
108300296
157429100
16597476
167385750
499444528
217525796
490850880
94310344
19000
19390434
621251644
91988
12703106
247359954
69006308
48087024
684013372
680750658
443319578
10148938
66497316
379147612
193672580
586533264
34263108
347309432
6995082
82359456
286213464
581960976
88485670
719709330
57449962
150273984
118380196
339077092
56325506
775858150
6576284
812135256
647355960
376246652
230131674
125431848
336222224
116701962
4877778
785069552
327390954
604006132
19784686
221191548
735220680
206311632
797418228
530969746
622669584
816622170
162345934
183250372
630187370
3865766
844874584
97536448
560447478
345668228
975533166
413438194
139708816
83950316
1148287124
31508830
324545520
16164144
618216110
466554668
14592816
222777010
33859544
554643394
193009062
519406792
555940872
332922214
208182300
13705908
481983096
481373736
71964582
255983818
189041584
210708414
785896186
498466012
3484936
541570
326461506
50088524
264284742
174878406
255205168
400378234
1030108250
331779150
3076862
275429334
256464458
21677104
410660420
574895134
549100778
49157430
470271390
658583216
26799468
714194612
412169840
718686652
119982256
187422784
43591858
2394046
413503722
806250738
405267234
18452114
272696672
152052354
73622
512159162
1092372418
106049822
166135090
761777044
68078390
466906468
37050030
663466404
44793816
391842460
456389166
397155472
954580226
117183988
501947080
380198328
134185466
534790540
6965296
595135836
169279628
643933584
140181704
51581708
202768200
257889874
914594814
749163874
365426634
158777492
46894280
173924490
542141048
144753120
1016092524
416579900
5193644
383680916
39045346
49550412
176647704
590048178
657015652
365240432
376408296
102114380
158069812
439286998
53491632
96872226
111027660
517502544
439035310
49311480
328949948
444676714
58119814
609230856
135923176
87673918
480229028
636552328
123822504
85142306
570870224
222589612
771568136
249419868
576005112
713676166
42583844
746569678
3215346
688204394
1070008526
36258344
313447872
477703296
5266038
93408026
190774888
119520530
663448136
178494850
493672102
190908176
1091146
39990218
71986822
27229726
512470024
769999316
709184024
614975848
965564568
393022792
686423696
34289124
141528280
3998374
827753416
65072948
10640606
1688894
621613770
159035348
48934406
373196648
94407538
567800700
475849988
167239872
314778946
285867138
571915334
543500202
372583562
274410824
524640820
360706832
79008534
244358608
601301416
193859552
106887380
599623114
69808008
3358512
467041410
522980388
14653202
30300118
252298552
265760786
54590364
139014352
177920
824567864
382509278
127859860
774067792
695671570
253366002
419307110
140028192
638461242
260926400
158542072
923552732
410627472
636774284
356239748
35602974
635893702
1078114492
13508094
3635856
546749494
236882454
164147754
508582606
233993774
238504704
849094194
70082108
255645982
630680442
552188258
672907830
635414844
813483980
95533036
29322958
301648134
620687008
3644396
130709490
242756178
24289716
41282318
891898
715743484
652678232
354775208
205305752
483935504
17172000
778227826
157867564
61986760
602987238
71671980
907594548
203024114
484073852
686092524
805873572
358454142
416766910
384790386
147788084
1131449788
132905014
754312
532726334
921085038
362479544
207760526
156752740
309107294
284674568
537912254
401081586
101601658
81705566
17571940
211896030
611610200
330070786
424417212
752320342
803300046
1024747588
668732562
133288538
380195538
326968574
316018548
1094688138
70202552
224626778
431520286
385040382
236542192
456618330
327028732
496845764
16308922
34418724
377776920
39582022
291644618
17875770
327168342
317213044
218048
588397010
288908248
1082736076
210021054
175010158
851575128
345960048
16483698
9223166
512308188
430540736
225897162
607252538
8543890
255868326
802738264
565331824
164270260
81106156
79998976
632264814
703204426
618092094
582706204
395331944
492032116
66222328
25930698
611490298
7314600
1068839234
742534888
322435234
89501554
39838760
106598288
467597512
868996532
260624326
791752870
8631588
936772
498719260
437716800
151328994
61913776
206895686
349512526
347610614
35770526
302386588
812172694
11326110
18394186
764407920
115303488
710686940
2387818
13004780
741250766
729194148
771628658
600953576
258667286
294499944
588207980
558634534
22475854
1014823316
35721128
41813576
5788728
264839982
748677210
245471146
753769170
811039078
297829396
134689450
645479106
360725722
348992452
797371236
37841760
94902514
21320646
583274778
324584
228307368
688571854
683152244
235985036
341243902
27186366
163792816
203822440
363902134
259087542
330295694
477610476
713866518
226673174
199109420
21486868
105124954
195817312
18259382
647240720
261979728
515378188
437262578
5060584
146796666
5250018
559366544
183804646
156639556
196168434
312292258
3748090
807671388
625427682
312998874
592840492
606364258
151706672
87382246
879244568
627718752
13225044
100026
424968058
97062088
849515764
397876766
113944086
338884636
358036648
12326478
94306266
882359850
923489324
676669646
362038244
100696450
1895922
110636394
13114268
640223468
720810370
29895394
53385046
164630428
925328690
906858298
337701172
732670030
27587770
376591504
112695098
527244874
256692922
180251746
862226984
230398800
287117394
488191256
677453140
331002550
46105476
380931610
55103648
919370110
20494416
561229844
189126218
606922312
196151170
74726808
146120452
1148109502
1675030
194170258
513609700
435745168
116055016
76874358
614483594
46419190
891004332
603951456
751349090
309241700
207906724
789604890
412501058
33334384
592842740
265907604
319251096
361615982
787154258
36189460
679647630
392922380
290392802
340737560
683180586
156768280
155021248
711701606
12396578
216878620
1032359930
2363380
2330616
420867132
292896164
84684452
412492948
394405978
701211364
445245704
114839056
617677178
499233854
278200126
233193184
765793312
437825940
710484202
510376638
35103610
273393820
19036114
628663254
231254056
669836286
390689848
152071992
53829832
53377680
65773724
127436476
127561910
283544560
440980672
641032800
16518234
228238964
326466230
46639186
1243084
94499724
997414212
897427292
576093472
685868648
876124
304253894
128879438
242626956
223824382
254384604
70158250
20392302
92699188
421654406
435985592
596278312
311977752
342105490
576429452
236494306
321189162
289320856
334138960
4977946
148286738
64204306
302967192
393352056
164184322
308492724
252826594
22097914
7023970
2881288
300566202
302325488
711469598
293580922
550117926
40968500
44408970
315646002
373317146
811785318
471191264
466756300
257525678
10734210
100699966
958251950
28390
46410196
807809714
445969454
133359694
761271898
684794164
572460398
502457486
250604024
490117294
362610124
817307322
36277070
235157620
749781856
268847930
1008297744
755296440
1061749428
904564546
280649290
546761774
118941580
176790062
2759794
330796362
335616482
905223394
210901784
229360708
1212842010
538607200
408771932
599028092
109881436
71289426
334423176
1198196100
298228888
838416532
685675638
250118624
330715702
506249800
709862458
158291696
13900668
730020512
134650276
110764768
149234644
179336342
113647386
342922764
144366976
423539530
5992838
1061501176
567474026
179257508
101677046
1209032
18808574
238034282
951758222
311993118
879038990
61844170
138426774
576664136
718606016
246005562
750746242
70902466
489307982
102692954
23904872
46572446
6810556
62068588
507482248
141994652
97563216
2817818
272131314
692862438
633930626
19767390
360599396
401693766
832757926
663309844
592234758
571166058
142726296
950222314
641583476
324873682
138781734
75904282
835776580
403591242
408738112
73394614
28007726
459992268
665876594
869586898
48425482
457365834
461454972
879319814
245375512
738662882
363612312
97458584
368642498
12485734
573555092
160376602
1017124004
92458336
593536008
139441798
224558698
99765372
565138566
103450398
44824160
358866316
105203640
367615116
61360218
45392758
99149494
497377596
16090150
447630660
10518364
629141118
37886986
37913278
769260758
1225490
325634556
621532254
24704556
276695540
576088738
8703870
34303070
37692078
124352348
592904590
367177430
183918870
28760034
193722042
481872408
6391184
713984002
893446024
94072334
525762356
628136406
174434886
222353612
142487660
44911194
121302376
929951628
697864954
145383080
617754758
189210032
388210408
634917818
1134915858
117575234
43094872
27956676
655172828
83157418
78458418
541906508
530758656
161201974
58689782
455777508
435052304
210158338
32544138
429053070
3604900
267981156
878465916
474492340
404184450
128180836
218268224
240682310
30051782
533803418
431413494
304691648
215554192
91804640
66922746
128013428
327593540
444523524
435447330
1808544
27755506
4538414
1179059614
768530938
456685050
114178874
817244398
166809160
811215922
403571516
59152976
582798616
468583232
722408402
19436382
778245674
82741706
498914266
286065820
37331464
413243010
794953994
398289564
85396006
262437942
142625598
821490152
505999520
229835124
254726770
945726272
692083110
535478450
927930330
72169140
136951022
117854914
30579586
228159626
710361388
497657226
50988130
204058650
608714276
331822930
848670820
114738300
1194280352
243267826
483903928
14966754
611811142
988957994
16379698
217583556
1113685716
451348214
531335198
51104076
263573660
500751006
999923256
1148295432
783755220
656630236
10548704
322807866
523616826
257331118
685948306
708703532
2416886
17465486
170131294
1174007240
58559424
223164494
623364048
813754830
142856666
324624052
176657214
326102638
7028840
261518524
694176106
531852154
950763474
288261624
90465394
279241758
500807522
17656096
883560160
524722588
411734986
297755854
171682566
977316488
4900916
157125564
142863616
562908904
699139806
1048456916
80473838
574173348
176861554
259791564
18657112
8530370
25987904
731940000
177354118
195328940
726354858
110622022
27030480
615810304
182726658
436326632
220951708
123955396
311611122
100565292
777182330
735834242
7031964
920917712
755603536
742095734
52256546
962605120
492010688
801341932
603368714
72808428
430684498
31256832
202782450
1087911800
1173760
375655044
251069308
162290488
31868324
199879562
87951950
353248958
234848676
637012522
106479024
662339980
265244520
876206216
390820378
493604654
9155024
351207068
1137160816
587306418
23033656
419992544
505713678
79846410
68432746
720945536
628726252
687864874
109254144
80644866
215298404
432085314
232443192
30845818
363980572
934739318
36759910
408723114
498830934
524456018
885960
565534276
833453460
55755598
1030498788
14039334
615599780
58342276
32209966
82862312
1028489364
2002558
58309464
289247618
4205264
16880406
32863720
674172926
138320296
198179774
27781692
834657464
251111920
208944742
338428810
178608362
225446894
815982230
497277354
62609276
249983374
36931220
798368898
58766458
199611676
267725324
16409506
253195496
1010674582
573185764
37777430
671255478
525555694
682092220
1090629364
459113612
304294138
3684508
663465018
66641558
223618112
54503788
58019138
340083874
192523314
744939174
136685346
758883398
911058298
357904120
482214810
741195998
988115832
878003744
473095740
1811722
803382628
302740536
652040602
59804032
849169242
61853852
329241348
316859330
559073902
517021448
101707886
2662328
171239694
393529946
486429478
855958084
106004706
416889818
722035362
51024238
108947760
388296560
521310600
256908408
29699972
839202782
574033914
997468860
145931324
685339716
9113464
38079924
302088154
162772650
55955180
369949572
354052612
38067900
37038904
381944654
38472552
49076224
70858402
666872230
426204366
346930214
819687616
5778480
882420522
115921338
468202138
384214468
280281150
25527510
51570112
18972104
634692420
917709088
214179156
395908300
338716250
386097910
109005846
102901518
130023278
40757608
567390034
486268
357287644
467411806
980861596
131772164
227825572
281920150
595335176
276209088
111474870
1012136708
28806278
236015594
333913414
21490674
431668700
5520400
150447740
399459098
144402858
707079898
46618036
282639506
628258274
812659464
74099670
515978262
872307444
605445098
44613894
582392676
693357578
331065844
609589978
360130600
2302768
299049640
116967204
798428856
877389794
838201260
173295132
39757560
565424292
812133550
69514232
184345814
146790712
495178016
52897838
918431176
44247888
284899830
15972908
285883194
168652906
109057368
238485182
915646430
378368888
507538230
61274980
816770786
41629282
734261934
333667308
74978204
347032064
268890312
57427878
810624826
30056628
450129352
450914208
599143174
106609256
21850286
255548964
69329002
349794596
802291644
770556562
426905012
530651298
961294738
911502398
37302098
150102648
149244268
197249480
671368458
661889922
308781942
63044726
173582300
910421768
45867242
440629576
442837922
13780214
344154790
15594194
52962400
425277372
286698954
182348044
327714632
668389902
499291690
730863726
196707442
30223726
245409084
899014000
1045735148
27397782
278690
1176070310
535085388
477508904
673141602
242476168
63975718
21369938
61650610
628539470
204469892
525780404
381846718
473719054
62192246
346824810
503148212
475173632
543205170
224168336
61638474
58717888
476819186
731512632
929839670
111885656
740371102
435264508
626253908
657541188
643932616
550251986
396339100
365828056
343648990
617092526
8090974
20658572
763341132
136643972
956336304
5799568
65334018
227124916
592201120
609535330
14507510
11373812
67040052
51452490
3868148
117292702
349531246
305653186
131584692
300476648
49252938
381087632
259018260
447514132
193495290
67416418
331835002
67682112
430258878
246367626
128022910
760443108
879664028
593104982
46081574
406883842
190912140
1112157860
599245610
190056014
276905658
765067878
113993344
363321528
204673134
130217968
534572610
357639862
212465368
33039074
35471558
30657984
113894918
537191518
24726326
42725266
631655418
394244130
125470882
6925532
50193610
582674214
477676450
115543344
106350322
558484772
88666820
13139492
3939936
145132694
388948576
210608090
315917214
607294490
107795842
265262032
9793146
745313808
462755106
763208988
764949260
158704690
437318574
112798692
88340634
5010990
841982186
761299728
1771276
934528432
154261100
212467478
5545122
974051998
18381770
1050636404
64754226
513841718
118552
5454876
96871542
601098814
53136306
918385508
19967568
42986734
124834248
894683694
525082630
208367024
720122170
856369212
266160114
619167840
244837196
286497768
18067098
115663800
28116104
5658060
4494140
186175392
732163952
513758122
478708192
344797094
10409716
242020
347630302
297413428
662710822
420734072
972290836
598514900
927437246
898636578
148152324
310836226
36158456
6342074
209074614
47761502
54504022
88464524
642637902
529311246
172455624
315841154
80078110
550750034
321508804
99149258
134745176
708507024
579175566
173946556
660283042
440631968
664483422
220565662
132248066
401201962
9508014
641497396
758309600
232906214
10717112
395686910
230990274
919300200
223022646
993488540
1045792132
409660006
232273838
692495520
435282954
187189884
365691842
105579556
863725812
7026796
48821812
824888862
635263642
462516564
182726272
108036190
153079184
770805812
32662716
457119762
41021180
254203646
78046882
142196260
206317786
72464338
335645402
294776868
379068260
45533270
106051928
7752326
108085444
72779808
193931774
794069864
991467024
165813012
3961938
450120336
76314326
477286826
25777442
495438748
587274104
852941070
362885670
824795948
576386020
256578068
825338160
884946006
11019372
268336658
125882654
921249514
92178516
10405778
458004864
484870698
25222630
515887134
452124382
150305488
19454708
9384742
253322776
874841164
22768368
29247166
105840606
173909312
835388702
766653156
341581702
56793738
268719558
312130570
218026620
91949622
36929558
26092252
139981160
664860462
263743236
266631476
687979464
19757462
241264302
395677698
9422530
574710360
224220750
102695592
598401578
456672362
81934010
756968856
874106574
109214710
703292848
514077010
3586962
672710140
704588148
386043102
213773228
685205968
47692094
695513156
674125650
339444198
58115906
184163718
725331508
789028958
94733858
877954634
292969462
386109680
214249958
454026994
212566290
577392428
310848374
298903672
484943920
383022738
241761322
805155448
98033416
4356732
694628084
757427076
1025666578
178701802
295200556
275679040
254295070
17126872
180881210
510836318
495909858
669196132
504321806
590869316
397924022
228189798
719651378
574655482
39721702
144336842
1390560
52842200
399428500
572933202
122369264
429694120
505524594
86518736
323577802
218052868
367488884
13568294
882930714
144482734
530405376
550499048
145149274
226298184
809031336
15864798
842769716
816166470
103939308
536885320
132713678
720500686
422359744
5818410
197652696
142045962
552611958
861530912
145453246
361061244
57809608
712581698
196345562
773384708
274543460
60636834
99649156
489217544
440412894
661476988
137312022
470200952
435832276
601375378
608072376
353520048
582079546
187576794
49183796
406075266
179493586
25787162
4011250
12353028
495313476
289081696
42301660
290386720
552614536
173973442
433676820
729671472
333214400
581234374
75029500
211130768
579500756
354287550
166236344
180470858
273323906
672154670
313667938
240192142
215757256
25796734
427635120
437245358
222162592
399541530
864976212
7804748
64388058
25005260
936981970
16800158
63286434
1041739042
26870516
915058670
225401108
388961024
904147060
331638126
60914794
9396310
118504702
297787592
414959330
474155008
318110782
201298844
461648158
21682160
326719354
46424
651639266
682517854
395375760
85496152
12852262
171704988
655487586
208884598
226971182
280085230
28798138
25597872
36574572
13202428
158718262
533733494
391217538
410351174
734696012
55039328
457375766
62054
72070486
630744612
433192256
506255074
538674542
103655840
589818674
188569948
16154064
534631464
611780562
950727616
1073270768
28047612
1852854
842825852
101618
949056504
896920768
746284320
164299474
185402802
185486866
1044000
491694488
564793000
3837436
36964164
141757850
108759988
4201876
617427738
28114650
158108556
785469992
171485862
657541300
138742316
136982020
477414926
816578096
177477690
266301376
622587124
237798574
252318308
422116164
992119452
39173956
590873818
911701244
297929126
21182518
315688140
372568536
379103872
702614828
257834736
47119152
105476948
827575246
307528370
402004050
85690172
475029518
985549314
639190396
300259732
188722378
120253664
9825006
256649222
279591798
77043662
124311740
461376790
436208774
103784592
1028641866
474989114
469984516
435549274
221470750
302148850
103631424
20359938
391023786
831894318
145379806
194683514
626330610
59732
701311974
28009336
282844068
216852466
667223684
528841738
280170780
113472206
550518270
6325734
95849174
812734126
93647906
93647578
230496196
82263574
1165950
785962052
143294816
566154312
235482180
125128724
451408820
173749140
793404026
206791970
4855672
939652634
29450268
83847294
694809086
46440516
425436644
589438750
48854894
676895224
13755320
146885364
339283900
328000776
110105772
496173328
61727720
6150550
281287636
859643274
17979724
181413616
335523712
155760446
303590068
1787698
964346710
328308632
783434650
44912366
43929274
577336850
269581532
463150188
536162826
481419674
633061654
273741814
11340952
135694676
485062136
84023476
380546452
493823130
209331472
153420268
485197916
28136884
607231892
6723034
82821364
52946282
509252352
114674372
280850090
454254586
345458304
308379244
9861084
813356906
34991994
339869546
26814490
11646634
589356
733438652
539782648
87938898
376708
81928914
808378946
221012374
336581908
972038972
395408364
509161898
651716630
41138116
718383790
24251248
445886456
452222048
9247128
4793354
15609176
534457084
243936144
412206372
405360948
95868668
513302450
319237820
201017752
67273192
707012944
438843938
14425036
53983084
128500194
18122822
175101574
494092294
787911986
24379840
170185744
38218042
159922014
601437746
561902654
595236344
701899142
8225978
172917644
49141024
24057914
114728786
47664054
233622698
355626992
979821934
52003360
801025164
53929426
111111968
29584336
218770432
403464170
161088442
652251362
161468320
192839212
211268060
406097336
345155554
182290350
619906344
353166712
716233306
529236982
616970808
427584446
4989768
461500398
629367092
235030516
511783668
219540774
851532956
800041248
6631444
21409522
246984782
746000264
612699672
709023324
29544272
674790686
499331936
674021142
133790972
271524254
199850358
134903802
515220712
99154244
393942614
351229206
355977844
227158420
29383916
526966394
254036136
567585584
167232
765224160
152403806
225626562
586804084
125923230
431201464
233053630
304145094
1135439738
178926132
176158958
986321464
139953426
322447878
414851388
29788342
140372070
18863250
169346228
640442704
528723674
73856658
87121734
1349940
510510440
177471200
130095884
400746742
906673034
425515036
858706552
755054552
106678032
63745406
491400864
194600994
35261736
287333454
564724888
579321658
190051438
441042252
379221740
127200442
283548542
776517706
704425780
291936680
666748918
235128294
108600606
927772048
478691450
15517034
20924554
786231694
714359186
29611172
128085676
377167550
413367338
254242558
29680980
444544724
499563360
1246478
301486210
46716942
364376890
3446258
512657842
728254740
66604706
240405784
663138134
409822622
741265366
111221168
332628382
73003474
260044018
252882242
617061640
155886514
117845064
18773788
203164062
335619562
973318140
573133494
261325016
459283136
885040338
719931568
1120636
671397688
597447242
444794
79241182
496091108
300486898
333592424
273522148
274564230
619256734
359968454
139843120
244094348
353233652
76102474
738946502
549502436
125098100
527345418
236591470
302485844
461133800
81517038
30319766
432135834
477796178
154457920
771791502
324426610
710248548
347461412
10678940
85587750
807902704
216830058
814274774
7345098
346556562
598923142
95757352
41310620
722316320
62749788
6071204
198047018
212076056
98846150
33505862
793196066
148784628
323548538
254408296
289890
327788994
115818500
487523104
45484230
316751570
98292696
383899864
1897700
15488016
323482236
267078530
63209434
2700206
384996728
268527270
155828016
259888590
600537330
306865568
83629238
250146394
53185580
70092902
247972368
794673530
166036530
1026345372
171128824
564233434
1023270160
213273200
456091118
1027999400
402015498
477188744
739199980
544314838
52998800
737333532
871294352
584840762
48198476
4546950
431201672
202863536
171153304
79389016
38160158
702256658
1364502
526778362
462693556
920624284
22287798
217471700
89302500
247368854
459562616
737572868
53647456
1414658
391967304
93753562
116849164
569795180
302490486
455268916
223294580
224884580
7772870
858633344
417487926
29398360
342768626
657130524
252292692
518256778
1008626858
866163972
777113458
15710700
208024898
30151366
996914630
153379560
54990932
120268148
461031952
278926466
367486230
246603684
331375876
308110442
332867006
295139872
23918276
126344662
670819320
278898002
685779732
436612744
19020202
326767914
77823512
459572960
154644644
34665928
15209324
215555678
177084572
196247568
92564418
7261282
695814450
157392418
145349910
81265346
350218854
299553474
381579298
520159506
819054708
543967816
933056786
622681290
233040008
856983246
291433596
53098230
383843990
298633468
467570312
724989960
299362498
216754204
529321658
556695258
21825454
164818498
358932104
228578024
277476930
131196
271180896
191667130
41381512
309252836
55352240
29658478
4895514
114075636
676223770
137884350
152624028
267455932
133098370
8478796
232619140
260773622
352097566
801179146
573455452
12573320
2245880
306820326
102732542
431076498
14468488
157609576
62235640
217917672
631052164
619637924
670040784
55700674
124541634
764103656
34120908
102132244
48515574
59503702
32124
286578264
591228278
196758172
38434452
13382198
303132080
513963292
17105038
801756648
252078146
755483652
3651832
491867082
158897394
637199988
496864678
113867302
533004828
914344876
313504354
225508484
326876656
15028086
104631318
184768422
777702736
222824136
238527240
16040070
299763724
822137948
518231662
25298692
551380846
130890460
209221408
514957384
325798250
369920638
94734580
832296812
524624270
170480714
178818746
493158548
209192638
912681138
394900572
163550754
59544500
448829362
223812030
153416616
136524628
220378046
588276914
562402
593177952
340508042
76417416
344684620
63650318
544777892
39230244
178424300
222764430
485735954
108270808
11041320
487673950
487255672
321047544
468644536
568054362
630310790
746373836
4442804
159733134
3915764
175286750
740386926
316738726
435123508
23905350
723406932
365635568
56201860
57985466
132562090
555260220
629839426
614440472
67144802
92592696
68580760
594329926
314414744
239798728
8000956
276986138
225527306
959939102
351775144
111833520
616975256
90978172
24513680
13105888
1087642058
915901098
758451188
56137154
225610934
203929508
779687840
507270864
105342710
704956
1076800874
327007590
77198588
89632922
567683370
218764272
163773656
72690620
111428916
74962990
421118420
43505960
53070624
39328872
333642802
157415670
392860842
1102185806
55974492
879050862
16932744
445559520
801618686
254846330
222988472
478283224
465820410
686703642
586884074
29235982
1209842036
188437942
374098732
63672872
36219352
881923316
58864444
368897472
720310568
195368256
14492374
86363958
360389814
395103994
94777230
28005346
301795000
113324332
99829152
213335680
800008432
727650878
14504824
20343542
57718322
641214754
437768338
4843236
368700168
23985972
33684728
492591510
66600448
478634964
56665898
443389770
26849086
723519962
486806508
150832850
516047354
15018186
251893118
591692374
965303040
182586672
270126490
456534638
649749118
22575600
61788106
458881554
156421378
9884590
155098576
144812954
737157728
270713536
618870
552495478
6254458
489936686
793085612
41407440
303338916
191451578
12540070
27147034
7940686
22273212
393230128
532433646
605486350
339868266
255363314
62176556
360803738
646681894
131401840
184691138
315604090
717874542
34971434
569106412
677640548
310336252
713317432
539683284
328484860
473681862
545325494
167946482
49014654
320543588
704317992
274785760
456221288
377713446
42911020
970673202
422275684
273237906
569678388
519685172
186769400
567548334
239357848
953017052
407473806
597097074
171945490
482763232
264492092
310908876
419609576
81485872
321552158
188417560
323288874
549117962
535347540
54431902
326332286
822608150
832332124
323524870
243426628
838205234
527713228
370654636
301177856
930158492
20882306
239244322
471125238
410066014
49467166
230022644
547384182
144214158
1170404002
397267048
27313742
99462906
880867818
509698800
855229996
103294948
897331798
571695506
196398772
229370364
40080360
771582528
518557566
481856098
143583154
401134022
54236836
9101442
6557492
534581134
177085754
746208858
158152034
313259496
255074780
2659710
596746858
190727710
821933794
420215530
1020417334
1611752
77112400
120984958
41839766
877962488
15294750
24846268
2097582
48565614
102765748
565857144
343001096
32660438
644461206
278793862
233221724
839082326
260737672
340779304
224024110
972747256
36935274
310238656
289867164
490739256
1002072108
306756130
359222758
699307818
359658954
727185206
186429348
183051332
616940864
762846066
399873440
264563892
511821788
770546112
78411000
164569362
592578372
142937206
508889596
648726358
145045298
776556278
728881726
15446606
912568084
319563508
271608532
539453182
750618406
581107270
773251120
594796712
138012850
593513484
139828246
40103930
228664018
34685680
337843840
469489938
372440768
510531998
7895286
210508188
887181764
391218022
982205572
421700698
806628084
917208
205275470
214302308
114620460
118289296
34647738
227558714
22414860
555560046
874068612
263479514
16606296
540618740
13282670
537476594
574614492
208185250
380335522
821896636
688858506
459437090
30298932
340517668
84632542
53538894
436899196
508422036
14556088
14893160
181223486
700664954
312239076
374023898
351600
175947808
251135372
354531800
26924212
557703562
856161796
269265472
898518192
615606208
691401892
4246796
48347570
15512822
22592
632745236
281992632
699457524
535135810
68747184
113399232
704465156
381598892
171570140
31875228
304003990
299554302
220795156
10088122
520768048
861487488
407816382
48342486
197218878
627556844
36065524
551521436
709476430
37826034
841648494
380626360
689340874
1086460
893077448
215500824
616548788
241695912
851761038
5993346
272400872
30723622
493226744
7391342
75168052
381010708
333321486
332379764
82139794
114073118
6826254
136633220
250512
470630006
754573638
920357746
616251212
132791382
560197238
1128400
6135798
1214878
453388102
56103076
684571308
560696874
7884264
501598076
171500496
397962030
485970350
375800174
770353300
327023328
91657478
852208826
613799544
378565932
352226460
123899822
833813848
132192388
853163754
71700940
327990878
33475402
416102338
442556218
11471514
99017190
803806022
656864282
53072858
1097663774
453019916
80237038
549468972
355732778
15977758
190850432
16359956
241734598
81928500
928641272
320163686
273901162
153810532
84535158
124598458
646473914
9595758
19893450
175428322
486261024
184849102
700861034
288837096
46659412
748652254
235409174
1132127066
453375892
395910932
417108788
48776302
11692932
653885254
40120540
1112917110
346020458
634265554
266436450
276501514
176059536
5074544
9785396
262888474
49054228
728740314
440127632
222975928
302722526
24439790
388804056
417450488
337524938
448893218
536288020
1056538
181601124
127409586
286995920
2373176
1094332
825282
32673216
264431896
713108890
308206910
216264886
283936890
586006816
398581968
269643574
392316980
33985276
703854506
149532852
78597318
116412456
214865082
155684658
748250342
62480142
74190204
169321430
62139970
19254412
473163100
421570490
532692720
591693976
426336822
233887566
20609820
10705656
35651610
1493324
296616804
1102528708
325771604
768159424
677080566
609094496
690884396
234453788
95725614
415390430
975311362
496431084
183161666
743713976
33299088
392522134
294054468
884421084
718126786
754808340
720415092
604189612
432554358
232815908
568668596
30656282
140983906
273768458
805192230
331648322
274069892
206670110
145571522
404629082
446480526
215379656
566214440
21361174
1113390884
948507566
84702576
6119186
226337858
70925746
1039161544
678065888
207310198
8547078
243679768
1060073834
545710030
36080370
147491158
588200094
205525366
339786262
380295074
846157672
164455538
261451646
602450610
254790256
25773026
807605842
604146940
105616358
900944838
151958626
31548
355320484
500583842
905418910
3025986
639966542
1878840
104678102
1309110
91056816
244936554
43191976
679954284
25453924
371926802
178890146
91369776
115980736
281410552
646839070
650187950
105390274
630341280
402927620
558654988
517137682
7485554
466879884
297492494
62086624
784762016
842553688
95168046
464502016
422447970
92590060
137661024
326835754
162980692
688048736
236658954
18248844
67433262
379655344
81282406
473452320
131146934
59954278
10965554
664419442
356335216
176664320
416917946
327300626
127547246
131121440
216510488
578728966
786401456
229629120
106815470
766124876
299884914
151049444
2661846
773532234
203069198
610827918
167538430
82322842
147621644
127329780
11833564
144106888
119616660
356822104
29787044
457934904
211936712
602144664
275389616
237994168
60281714
156499236
701395618
719092212
19355454
776655662
328540736
40108724
30071184
527190426
63265698
205939012
405851068
298072
464588780
855441836
461095054
94352544
255365100
6589614
929262272
595307654
151857772
21862714
487488068
498703030
1093911248
461807490
444100202
149937318
698414592
949205450
303264098
65488626
547264938
65044384
910280376
359558464
1049620246
20053162
655755482
93786916
115385288
92766436
34111098
17166920
43171448
197797882
31252156
31476666
334525644
28202898
19429064
662522
104911390
16556134
113057862
53073488
567443140
47431590
335883990
185846656
480696384
23897752
427110514
3796740
181260220
88774478
642428440
6350138
435474562
797479044
617549952
229304228
220281236
201070360
598790920
347300930
5644858
61297572
743078338
294466346
20971204
283694070
516188774
561370682
102367342
69443456
170156270
453691030
111110
1424220
112480500
280785664
26413454
541904948
752580398
1088807624
123688630
116769000
479559272
10787272
266061462
1484340
351610714
247026018
869859506
293616620
174402228
82543238
164907682
176218442
140062028
555896042
679200318
47749098
130024162
443009994
31887894
858207916
216533670
15377898
407074052
357653018
219844446
199330694
72199098
253926270
159923436
208368718
302655494
539162642
90868016
564858904
956007874
251009100
19467070
89564304
13161172
559094972
938671350
360608978
3112748
248364810
496102658
186400576
488276580
924480532
5724348
443178076
3958636
297024454
642319536
35064590
800669174
6593808
514941962
611657236
365603102
75090218
83914816
655262408
59504136
652199284
242214842
1102591376
768098884
562643542
950720716
343117126
546541870
173398068
52444506
748227202
56408894
56539110
49977066
12460314
402307636
230651368
120856718
75702950
132660588
473686768
276878780
313996968
150220898
5976886
543807864
805847820
140853132
447805142
1021049234
546946714
154535818
762228208
55723732
153900094
844138212
139214586
624095314
897880406
1027473840
41476860
23856344
625304014
12263820
909629238
182649298
498013092
148831578
613424372
428801336
71090978
748964602
237083212
82009048
208340942
547575636
199390682
727410742
913145162
150783566
124097868
204349364
669922914
100539392
51934942
52844934
3818634
24632754
35212922
452522248
3471986
9192334
478895418
202799220
74754866
644519418
416948728
514108368
10883478
312678896
291711892
692543908
371540376
138439676
1581740
342991118
27368486
131651104
134226960
9717856
455954702
62986996
137137908
74565150
915347308
767104
591960846
149088704
55285456
497242826
135432390
444763716
999806332
85756760
90476150
100140104
23686528
6293032
607307238
479506578
76383230
5721536
624862434
497938682
149501676
603065276
401405352
742701550
59482730
338592086
220427980
367234746
65351866
24701640
569339890
23694826
476224080
246452702
703610186
439879720
8397890
63527512
716319546
76281460
510574998
1103143468
158741510
5077786
6432600
773706120
988924006
598690350
17219828
998790554
99923818
663985356
8905874
676796882
163022624
72091712
32876696
521098722
21191186
265112092
295734970
149140514
127580728
769375314
597181880
375476320
597284706
802618030
819368
387895586
740869610
388709926
707580392
49534026
3909900
338772898
17234168
138769158
493982488
693053542
15761056
234324184
57202788
632999944
897541860
644814620
102744960
124012996
280145822
36303014
502976602
427857742
286409086
578463778
206261668
445968638
317370208
594061490
5188624
459401466
299495624
524692806
649847862
677611918
448096
47574000
197318930
897451292
4198456
215521622
29373398
483132590
368162994
465302754
133931396
9112878
709231078
868620034
640387946
296773422
1471026
193085428
818509688
661520788
56423042
961316638
505194208
376550068
193468
269324390
286036794
68554812
281149444
633617774
16727814
564396014
115205804
478253846
451109034
199721302
56244332
122640
389416554
354961112
876409556
30263936
441004198
516607402
215692454
4975990
272411250
38560824
30707874
46620740
278234154
44192974
256611272
95622162
201726700
67898206
376977272
313378050
481348102
26142938
437365552
130877868
122648536
994475842
132510066
46066624
1035821852
144527580
746269910
537704576
278480
124922440
2014664
307742982
45226694
232669816
26568464
690941088
109465946
133458
208815884
9809910
38432932
791158646
421036728
642580140
6437396
32409666
71946472
613983200
812329698
257612636
255469518
611108060
214582446
559144362
209575530
177921918
509742260
881746704
753481154
1011851898
3401100
655797846
715427178
61388562
205557122
89968018
180537028
215465172
372478014
935122888
582674384
51529350
255076196
16877368
482147670
819779312
397911540
141580622
264782598
19001188
508815602
426456058
15518548
145580
16700776
560940834
867592238
742946110
372931746
123152668
132673688
537890978
405085128
63293446
183602118
233454806
84119810
299006656
571871940
734390440
2183888
781241938
234869766
18158666
207337732
250374370
610417656
47747256
1010678178
291948864
759270558
729242292
119178476
583773336
21475326
1198741418
35491412
209480904
8092022
78179416
155569764
237106982
133993124
8786160
163756862
235611484
128121296
181859114
693522994
901044
970444476
372295378
290208738
714382708
223529384
574502782
161637542
1113947118
90296900
385142784
629790400
79615392
43264988
736069922
140129192
472517572
358299924
362775148
362807666
195549162
98169796
1067734420
121233936
442949184
722343132
7345282
100960850
7883170
6627262
39577960
167419390
160317430
796563138
434690452
21168862
220955864
663034150
375258736
815011018
503073092
466573280
122953980
60108532
585562758
924964040
438260286
217964
28480052
483292526
724592198
752623230
679548956
196479304
645783500
716764424
46744186
117795810
7114394
127549280
293832498
44672214
940644232
167341642
210623518
58355124
212287654
1080735702
545247124
319653546
283458388
774584470
192563566
227008480
678950076
182935780
856026130
946974420
93993702
47827548
587545902
339869248
309156088
57145062
534622708
806363372
78207922
317223944
713672698
273913570
81890152
453294472
433173706
1038495244
740358188
377167986
39190760
302574120
573889834
742473936
381358160
856104316
548842238
855560146
46679884
85024238
182039940
91826250
6109074
37464796
37147688
80330036
65449388
699086552
28244378
1055707836
209447846
72766130
644042778
67413148
731611778
259841466
525221312
72818412
243011424
78079280
355408686
384762000
16970444
802687782
29996698
406411496
257179350
604079656
479083720
395846238
667469788
175313704
180820340
296508268
57875836
1336
348493446
193901144
218451078
25227508
86986832
979163042
6370894
31227994
5937862
785232178
18224848
726073898
866561118
316192014
195061516
84005590
824470578
304774670
141838728
260207162
523718826
27387990
329293486
228612892
653856318
123292862
184647508
119124210
3698146
49744130
233201952
216414760
657331110
254996684
1182586528
599412696
327899228
111375022
283126534
152857388
398638770
249110740
28204704
384982082
185105148
876085282
756950986
645161594
434263628
8058104
383129604
1038684322
237217240
542474078
567576854
145580
360886678
631026794
753393694
190112972
