12496272
9657914
8001014
7245942
7645150
11088940
7581528
9507930
8680462
11075310
6754722
9116756
9190688
10289720
12468628
8106614
11936252
11846970
6923274
6793722
11246428
10632124
8461884
7291460
8563002
9477472
8965146
12143300
9517096
7532956
8434512
10532628
10482920
10046958
9762096
9745784
9778308
9835026
9414676
10121488
8664666
9622622
9080236
8551234
9773716
8076722
10226544
8358942
8232486
10399302
9576928
9489080
12902396
9815552
7993720
6895220
12048310
7620606
8050150
11755230
8266428
8495348
10219570
9485160
9037260
7849654
10738314
8691466
10889984
11120816
8166468
8105660
8533572
8339532
9145674
7548436
9995892
10714466
8069528
9465954
11683576
9379564
10364068
10138468
12762454
8889010
8208238
8672748
8374716
9572244
9838198
6932330
9926808
7903344
10306050
10598100
10373334
8802016
6792010
7172674
9854626
8985802
9181846
7663888
10018620
7452700
10690764
8770456
7513278
10721758
10158184
12891742
11257118
10428198
10592500
10067954
6956688
11152564
9300222
10142574
8464390
6716016
8836022
9961790
10009666
10202432
11065914
7994858
8354942
10388972
9534924
8441182
9559234
7608938
9088642
10649984
11670122
9539740
10162526
7054508
9437866
8928894
8380620
7911790
8987444
9646662
10055986
8739338
7367424
9930836
8979336
10944124
11830934
9994152
10343694
7008470
9233972
9274168
9180936
11883348
9960610
10105492
11764852
10997840
11011772
10938134
10874702
10012232
7696918
11417512
9322826
7801452
8656570
9997196
10034008
7156016
10123728
6756210
8712420
6718674
9299812
11418168
6807762
9422762
7776812
9171200
10717712
6846982
8415360
10459956
9248970
9387416
10485786
9680554
9357696
7226172
8568434
7479310
6767966
8486384
6907592
6669234
9994888
9916108
11928784
10666728
7372848
6884108
9531074
10600330
10765618
7925812
8026602
7525256
10236996
7487900
11224148
6881188
10695968
6779690
7239216
7454186
7115664
7036664
8164412
9543838
8438192
6858360
8789552
11502754
9104098
10636806
11840848
7344172
9037944
10594240
8299460
8239248
7139248
10731832
9049778
8402554
10235340
9044576
7721424
10492150
7983898
9497630
8327434
7075924
6838002
11298078
7506602
9139472
6874964
10612966
11953508
10401684
9054898
12284100
10426752
9875498
12036506
10838378
10501530
12177614
7616530
7464070
9663570
9681322
10772606
11400782
11928182
10886256
9424268
6991504
8593036
11339230
9069158
7615690
11152472
7041530
8460002
9894518
7072610
10890506
7853882
8547166
11113226
7909940
10539852
7442336
9239192
7333280
8763528
7724584
7182126
7775906
9194224
10009468
7347136
8626418
8889308
10080362
9555608
6893992
8219030
9852900
9838508
7664902
7635118
9785342
7650656
8892894
6675642
8795800
7409372
6902594
10249090
9337884
10520194
8999226
9362092
8734350
9592486
8463914
12505730
6823760
11305572
9236888
8579394
10293662
8178252
10713172
8438308
10425778
8394212
9454824
9209814
8682254
9424060
8859754
6845692
10478848
12748222
8671376
7421028
10182088
9335612
9898252
7078360
9682394
11011200
9230316
8357790
7026196
10218794
7059130
11096376
11326308
9564946
9998102
9700172
9571142
9569330
8325894
8098020
8224222
7772910
10892492
11709186
9415028
7527394
10669074
7873006
8052092
7894078
11579532
10267780
9437768
8393814
10515924
8072068
11008940
7991070
9116024
10077264
9900696
8843458
7719010
10991314
7018806
7640074
10965146
12091486
7041772
9552800
8719606
8204280
11062474
10977670
10021146
7315950
10424842
8892090
9100570
7156548
10240972
10819020
7086192
6971656
6993846
9608788
9254194
10347026
9617448
9914060
10852122
9404624
10133858
11200574
8939186
13109100
9558818
10788968
9744612
9099936
11642722
11562090
12696170
10414100
7902410
9253880
9936136
9446136
7751754
6675894
7008834
7883666
8333194
7604604
7177208
9500486
8037412
10007858
7711238
12020468
7897552
10949188
9704822
11049048
10943682
10240200
9522264
10331450
11329300
10472224
9432542
6710444
8192444
8180276
7650836
10698136
10243456
9048996
8112024
9356474
10732370
10801738
7142628
9167948
8805226
12922198
10571670
10455624
7918700
9879708
7261626
6965570
11317964
10066254
6690546
11478480
9536126
10803716
10036436
11559934
6713404
10644286
11770834
9148978
7556740
10732818
8970968
7004716
9954972
10738414
8285998
8377798
9111094
6767678
8856190
7880976
9677914
7071490
9565560
7411906
11380112
11048074
8171742
12364980
10952270
11229202
9132382
9841054
7944060
9810114
8825558
10293804
8405396
9453550
10627634
9451586
6686684
9424222
11930956
8914170
9558160
8663208
7488524
8312200
9601804
7636642
8433038
9308422
10591212
7496130
7386876
7080406
11573786
6802392
11028878
10182214
10553720
9300450
7904178
11558814
9760896
8079178
6757034
7887672
8404870
9229816
9900148
10667376
10066040
10992980
8286718
8303204
10738298
10375080
9353668
11024098
8884586
10336718
10066462
11452624
9761326
10232536
7241262
10099996
10467488
8225288
8997846
12255818
7065772
9920108
7732318
8234476
10505788
7175510
6660500
7411210
11285760
10922954
10070120
10252650
6915614
8320890
9455990
8028456
9949502
7896602
9887702
10342460
7701698
6991478
9194938
10451484
9735506
7254166
10083528
9864558
10114452
7308856
9986568
8180956
7995212
9700664
9729636
12867836
8507172
11945392
9177310
10800812
7187580
10858284
8738220
10098400
9578976
8517896
9970228
10549134
7152642
8590314
9865344
9431106
11382498
10755804
10031212
8242062
9789158
7329606
8286700
7612722
10755848
12606196
7171844
7007204
11286848
11943328
10569142
11155390
10430682
7698452
10456878
7435868
8362022
6710736
7339054
9411072
7982758
6816446
9172400
7620308
9032902
7745814
11358176
7813870
8960614
8518980
6724122
11677714
11083404
10476828
8346466
7366708
7805042
7817242
11863416
11724526
7112220
9334626
10020040
11163760
9802794
9981278
8917324
6655714
11414042
10832094
7608418
10185926
10622900
8887400
7593724
6798136
7244860
9403176
9109506
8732984
9189728
10387522
9993604
11821292
7024208
10651994
7585892
9077598
8525294
10449364
9258566
8873324
7871818
9808978
8094208
12272626
6859148
7382924
10654640
9249930
6850258
6898956
10703280
8525660
10809734
10843632
10716976
7141054
8058510
8806274
9170378
7123764
8103966
12217524
8834706
7077626
7765168
9894902
9920072
11088346
10711594
11759888
11167910
9732612
9851174
11014466
9917560
10119260
11128418
8286388
10670474
10168876
8935952
9033446
7553058
8710290
10325694
9688638
9715774
10573708
7507170
10445100
6702906
8689632
9135682
10192090
6857736
11413668
8756002
9144360
7426382
10478166
12479450
10787802
9621446
7755232
10703428
10327828
11210350
10400052
6990680
7015608
8606780
9023548
10632900
8642534
10796506
7675208
7213608
7017138
9837300
7060654
11127560
9585214
8068218
10433858
12824010
8183578
10436662
10681170
9285894
11620810
10125034
10780264
7986048
10238508
10895188
8928672
10804116
7556320
8479696
9501674
9075736
10555080
6803902
12465426
10823320
7689924
9901114
10559502
9042508
8047064
7108026
10872028
11063750
8963886
7922030
9334856
9285872
9390112
8591726
11548636
11108780
11020552
11272782
10743488
8170054
7486924
9059628
9846258
10960558
8782576
9163662
9161964
7603016
10921748
11225788
9684806
9125444
6905504
6709298
7213080
7977096
9233112
7661136
7439564
10032324
8261174
10111600
8133386
9313730
8843032
11428520
7036386
10459536
12027032
9458550
10672388
7980424
7127502
8740872
8375136
10320724
9358006
9548984
9969242
11776054
10435554
9535014
10880066
10209008
9323536
8522136
8135846
8832574
8956530
8508738
6878196
11355370
9846536
10192556
9231388
7218088
7274166
7886222
10326706
7479264
9507818
9418374
9008978
10873170
8596076
9828444
7478792
9250940
8298260
9625592
8942162
11669034
6883426
10787696
6729616
12702470
7542382
10338974
10651936
8516140
7162188
8008294
10781530
10470328
12336474
7781178
9336934
10672912
9324474
10018728
11368552
10892124
10493548
9139302
8906220
12777414
9787494
10848324
9707550
7802540
11858282
8476470
9208748
11542486
7365388
10281192
8726724
10069302
9070660
11031212
6800146
12116048
10824882
10599628
8923294
11727754
8374534
6893556
10975548
10091892
9492676
10416004
9573942
10205968
8365102
7741962
9685624
11503862
10302116
11086442
10511532
9238890
9540338
10428098
9517994
13000274
6857388
11442180
9503402
7272286
12954628
12947546
8533150
11773162
8790870
10849116
8904656
11178018
8911536
7697408
6837834
7946440
10997524
9694374
7227896
10028946
11172858
8372738
7830230
6952698
10683064
8259798
7854918
11782124
10026056
9330898
9847496
9471596
9973086
8489148
8429718
10211238
7270092
9940010
9879460
9094670
9514368
11247716
10028910
10546950
7467694
7390314
10762316
6757938
7571352
8402312
7906172
9422800
8272844
8653356
8527226
11184100
12222100
9829624
9006092
11452698
7748164
7530870
9499174
7367910
10795090
12135330
13232924
7928630
10677288
8593216
10469198
10370384
11162572
7663220
7264666
9838422
13100856
8753974
12453046
7894902
12806108
12745962
10246924
8801526
8858298
8901208
11267484
10138612
8962626
10999142
8239596
11535896
9624396
9986268
10044624
8262260
7894226
8864150
8105796
8223550
10306140
8056468
6964744
12283012
7598246
8707932
7340658
8181792
10368840
7794538
8167504
10097370
6706676
8474250
10448010
6740498
9596912
10923188
10698396
10246614
8334260
6913326
9499584
7298654
11190394
9869612
7122908
8128552
10933336
10335652
7989560
9887536
11062352
7230542
7381798
12100390
7103698
10640066
7825766
9187700
7243304
7100752
9465240
7990958
6957518
9778798
12555534
9788440
9326392
8146934
6913068
8120250
9546956
7447100
10140162
8255594
8031684
7299302
7457442
8943678
9717980
10499458
7859834
10480368
10185328
10101486
8301272
7274050
11450164
9435632
7257476
7349134
7757134
11681464
8940556
9511842
7316878
12261910
7306474
7587266
10358658
10947956
7688520
8921840
10669410
9072414
11209754
9930694
9446774
11209770
10930874
8495052
7547550
7550612
10165108
10146466
10708604
9992988
8940442
8064058
7871472
10822646
9709518
9995744
7845934
8456508
8299904
11660216
10247738
7216584
6953038
10268858
7767432
9361146
12779854
11758572
9909402
9329324
6883166
10056408
7319006
10972284
9638856
7316646
10172238
9398372
8158124
8478826
9650930
6918224
9759782
9251850
8503920
10224964
7360392
6702462
11297808
9995764
10848728
10276788
9119728
6761576
11764780
8793766
7673410
9663180
9519880
9127174
7674712
8439212
10107258
10904616
12292776
6885668
10097958
12343562
9767062
12088218
9414268
9652132
8684314
7805938
8382054
9424672
7158736
8143864
9155092
7441666
10225524
11044490
8944436
10805508
11224584
9331952
11807450
7497890
9301702
8033964
9459120
10057922
8311324
10291704
12380038
10049214
7723840
9236124
10173176
8963766
6837860
10273344
9552892
8882926
6835880
8346164
8624694
10306450
6849632
10943336
11934820
11870130
9654010
9733716
10505938
7684554
10226274
9760450
7544764
12344534
9658704
8672350
9993430
8413186
8822638
8964562
8732512
8964598
8740026
10386030
11768938
8666356
10111274
7335800
9107200
10810756
10527028
9399932
9581682
6927608
11834572
7856532
10677200
10735252
7161818
7302812
7597140
9257810
7619436
11389096
12247738
8573730
8365384
7551198
9259020
9543706
9404636
12525614
11361142
9551414
12798060
6883734
8991338
9596796
13019070
12612018
9702426
9575372
10908566
9183060
8705768
10156742
7639784
7341618
7872560
9617346
7860990
10277124
9914082
8543170
10770314
10816606
11663580
7246208
10776530
9365410
9369274
10196980
10922358
8277580
7093638
8230178
8449508
11767980
11379162
9513978
11926756
8353370
8712450
9025680
11286172
7247906
10739664
12348870
7452838
8019176
7548092
6893804
7660446
8849544
8383016
11564868
8116148
10507894
8080820
8314066
10640886
9220718
10313950
10393484
9396512
9637770
8279032
7490182
9167400
7383184
10678254
11135020
12167390
6965516
7562382
7397048
11519168
11049296
9797624
7059712
7382890
7461256
10342350
9424110
8201690
7288104
7083694
9509416
9849300
10091982
10730278
8715370
7961262
9350852
9968130
10306864
7380316
8532592
7569404
7565674
12413250
11094454
6967378
11067860
10289028
11147420
7061378
10533376
9103286
7176156
8265634
9328712
7822030
8112710
8558272
10752210
6898698
6962372
9773334
8177328
9514728
8283604
10543516
10031972
10384762
10368216
9257636
10511786
8139016
10675320
7145998
7855516
7497386
10461334
9852056
9682038
10056706
12110120
8741662
9259928
11182304
11967790
10573798
7455228
10283184
10714450
8136610
11132896
9243128
8863610
9600370
12909578
7666198
7982862
9243642
8680874
9090316
8732500
6809528
11671258
10389006
10842832
12027056
7274332
8531912
8212516
10596442
10358050
10111212
6948686
9461084
10995976
9832146
8234784
8421506
9425444
7698210
9761236
10197786
9207258
10929190
7927920
11181460
12224748
6947088
8504858
9695724
8342570
6888794
8426894
10964234
7065724
9036182
9840590
9739136
10849020
10101114
7271694
9530286
8976298
10446260
10140974
10454686
10063292
8323288
7942516
10749080
12044978
8257212
10021440
10419152
7911456
9445748
9872978
7195222
10337224
10802346
9900538
9770190
8273596
9904210
8271052
8339716
9990606
9105552
10106806
9451584
8180016
9651574
12054444
7688582
7811458
11944642
7055248
12095180
8613796
10096628
11713488
10640074
10659726
10183604
8596594
9100738
9323148
6932042
11507612
11673126
8028526
10169396
9309452
6867950
8964652
9854084
8081494
8723844
8592136
7350018
8383200
10553188
12341244
9303506
9489456
13133088
9992932
12345268
9175652
9987034
10974062
10474850
8365122
7989778
9545560
9934450
6722516
11575562
11760148
9324720
10069646
7602244
7702114
8644654
9732450
10438060
11745144
10087806
8513360
11408828
9138714
10433160
6735990
9950196
9651454
8929890
7900738
6914162
6896102
11384380
9333042
8664728
10791392
9237832
9907752
10527372
8555270
8749598
8735736
10893202
7311272
10831024
7774960
11869984
10434176
8815822
7293634
9226160
7278152
9243508
9564216
11742458
10577658
11264766
9369470
12314338
8371736
9447268
9010910
6851234
10744922
8271604
6818440
11104884
8402120
11050214
9383082
6743150
9106858
10097114
8312614
12364994
8595670
6951770
8476794
8670090
11839336
6758738
11952666
8872022
8256696
7378176
12587916
11043468
7662926
11476762
11976316
8941630
11009668
10744428
10611822
9239580
7569344
7393444
8207840
8397656
6721400
8583804
10425614
6845974
11352780
10681648
12643368
8530918
10635966
8844402
10626102
7712280
10096216
9324242
10085006
8375872
6754598
7561216
7923106
7563032
10853540
8918184
10625490
8050150
7990950
9696536
10887952
7503504
10019152
10127080
7511034
9956990
10391022
8722906
8669850
7555246
8390552
10221764
10293436
7438688
10304352
11571370
10856674
10509426
8751160
10968896
7666476
8275414
8503156
10268348
7036170
10659808
9687650
7992480
8314990
10025408
9752532
7656674
8277702
9265016
7984558
9523938
12356764
10733620
7790318
9609244
8546490
12520952
7318210
9377332
10117766
12478262
7936048
8875410
6991520
10059028
9905420
7629178
9373178
9229500
7509730
10509822
10281696
9544320
10727730
7511524
9763592
10285350
7297196
8004454
9036932
10101460
6892002
6904328
10351080
9842258
7867804
12437860
9850374
7042328
10916848
7568230
11775156
7721520
8191422
12115078
12250400
8682742
6944262
7729642
11026530
9162414
12167778
7238484
7732172
10153716
10509758
9962076
10304412
8867908
11713704
11444800
10829176
6951774
9278860
9036950
11052670
8636782
10829716
12228096
10535162
10921190
11376174
9977320
7309690
7291694
10731212
11712858
8092280
7808622
8869626
10349966
9645740
9232286
6773536
9908236
7627826
10899322
11220158
7249152
10605004
10514516
11328358
9615554
8087848
10555178
8655766
8328582
9396612
9570436
7179078
8018782
8566158
8171480
10317900
8680690
7376824
8992184
8365764
9357732
12159752
10082430
8508386
9252968
8255236
8111862
7880596
9094356
12350206
7141094
9892304
7330940
11006588
10987052
9992274
11339682
8096864
10892096
10634270
9726880
7903160
7797390
9267966
10989836
8846358
11099640
9633702
10003158
8476402
7410376
8179200
10806072
8460408
10151548
7974804
9270094
8949476
8646572
10636936
9400708
7711582
10835912
8872866
9708616
9867550
10872156
11613400
8272876
12183394
11377636
10174748
6902358
11271432
10098088
7839974
7730328
12497002
7801120
7641738
13088800
9036774
8603018
10148674
11564698
11999290
9414214
8123882
12453498
11897004
9336168
10233914
9367510
9844920
11183892
8288202
11011842
10797124
10520076
11183956
6743048
10357246
9872896
8824006
11007298
6766634
7831178
8174286
10722674
12007406
11202388
10322020
9870570
9851812
10679518
7449050
9882754
10265804
7437282
10830778
9708026
10871060
6817050
9808736
10646972
12551538
8546888
8392272
6894612
8578826
9781054
10699612
11931350
10291092
9029500
7929236
7198586
9444136
9819200
7526602
8004884
8478882
10741756
12255166
10602852
7103084
10200662
8256654
10065608
6675434
9528366
7577906
6846334
10410682
10318086
7390354
7820780
7694838
9153874
9995462
10546556
8267626
7196478
10338392
10349646
10043720
10227378
11687322
12573600
9163920
8867712
9284050
11607862
8268514
8797278
8181906
9845112
6826326
9422260
7433644
9603424
10147916
11829826
7082980
10329698
10911440
8463730
7562984
8507866
8398500
10416436
9308054
12459118
11147346
7980824
9406514
10866036
9978240
7778046
9919218
11612114
11666282
12690016
7750376
8015674
9597176
7132146
7020166
11127800
7234794
9553228
8544546
13060688
9729260
8335786
8052568
7975256
6922420
6918918
11657112
9254740
7218640
9573698
7406600
9928070
7861508
8339328
8646006
12306740
7101696
9897190
6994368
9720730
8214948
9621866
11277746
7284342
9716756
7559100
11104356
7644946
11289228
10428868
9939762
7435722
8239786
8366748
10177366
7820892
11547524
6669994
10565684
9051764
11208120
7611974
10879016
8064024
8569628
8580712
9463146
9424362
8692828
7628006
9245822
12926530
10433030
10844894
8133864
10122216
11957692
12865370
8505064
10306882
10000388
11030204
10860218
7297184
10347646
8485374
8169636
11282370
11353898
11000686
9863546
11381890
10885064
10810878
7024238
11330802
10132150
10891736
8187052
10827348
8335350
6686156
8232790
9186840
11123392
9604094
10884022
7445494
9133562
10292550
8818310
8969358
8072560
7965598
11609490
8984264
6833466
8467502
8976918
9667398
9176722
11191940
8012996
7275846
10306346
6879052
10188524
9223160
10533948
9291166
10903884
12618818
9983866
10210864
8566710
8798332
8307682
11748016
8084322
7301570
7105888
7493700
9869786
10224800
7290524
9771218
6890710
9643348
9964888
10854040
12410862
8373288
9766066
10068188
8297584
10489922
8262690
9168090
10190194
7756348
7654758
10626146
9557294
10761364
8348582
10390838
7574336
12050352
7539252
8227078
11495446
11147968
9334030
8133212
10257270
11101418
8877050
6746950
7114602
7224062
9129630
8532358
9955566
9253638
8990178
8374638
9617380
8401578
10262306
11977760
8153674
7862616
8836470
9948648
6835444
6676226
8696582
8792400
11433672
11316602
8335542
12989468
9880048
8324542
10504530
12463028
7997478
8541234
7971084
6927508
9581434
10873582
8740310
7356066
9220076
6914020
10124264
7855112
8341574
9812718
9283848
8471404
9617400
8028384
12056098
9791794
9281158
12485996
9858108
10502588
10234136
6835452
7074314
12455492
6689422
10447534
10057026
6764600
7384482
8913398
12337998
8179776
8408512
8333928
10558282
9545448
6678362
11467752
6928462
8168560
9087846
11044498
7623238
11560786
7314920
10608148
7670692
7036236
10471946
8543264
9276072
9561126
10138126
9383818
10708012
8445032
7855756
8324062
8737006
9835910
9138380
7138032
10439194
7914644
7164264
9917364
8324390
10189618
12128206
7820530
7574774
6839250
9781414
6852282
9305520
10833498
8560364
8035030
8336282
9291608
9911528
12047562
9163452
8598382
11866064
8362650
8954332
11161394
10593618
9573416
7867214
10556126
8552222
11934036
8685952
9112222
11924626
6698168
7195088
10669572
7928280
11125012
7273412
11807670
9336874
10509124
9588278
10140714
9927974
10582410
9489036
11733056
8779564
7937360
10095738
10347704
7533744
9002948
9314304
9023860
9351332
6688480
10658000
10566508
9623686
9956768
11336760
6946810
11888174
9697272
6772198
7733554
8872364
10059294
9013118
9527052
6666694
7600858
8266470
10800066
8968844
10370624
7026940
8872638
10785610
9259790
10605468
7560038
8376264
10299258
11451786
10438740
11054912
11191578
10965522
9383520
8177264
9087852
9261142
8807146
10593748
7703618
9100534
7186346
10706322
10220434
8992736
11479256
10935326
10111014
7696824
7643078
9759110
8293112
8979974
8917828
7670666
8113716
7749194
9064970
7291788
10875796
8971770
9035532
11677748
11530554
10781490
8132452
8838652
8938458
6843910
9690932
10312392
10618576
8616680
9076562
8785974
8432968
7176112
9491356
6958308
6729856
8863656
10007714
8077154
9046074
8906876
10147590
11313630
6832090
11000088
11154120
6680558
7097572
10758876
9645120
8931196
10791478
9368634
7309192
6664832
9788524
10441868
8830480
12788680
12003102
10671644
8428974
6819844
7683436
7534190
10591766
6961972
10126902
9143894
7028432
10432636
7322604
10188986
9798002
9562632
7385112
10125156
9807510
7315248
7742172
8030376
10620086
9404612
9897292
8456660
7308252
10918822
8553840
10013862
9708080
9685626
11065992
8656102
9953254
9730872
10899882
11214976
10995876
11297388
8320188
8938796
7829518
9257682
11347928
7205892
6709266
9249472
10296022
9921408
8157980
8163024
11782584
7894984
10637010
7661268
6931456
6924552
8257238
11360586
6907150
7868952
8538672
8096814
9639640
12730836
9756184
10824652
9533198
10216052
10278184
9997246
8719484
7498204
8209042
8111304
11910004
8022028
12450926
9456792
7709386
9863664
7721866
12482320
8475958
9217488
8604928
10371512
8409530
8964372
9849132
9409060
9821280
11150896
8556132
10362846
6820450
8175448
6871572
10948744
8095606
12040638
11343772
7159296
9849102
7996958
8328226
8713038
9395426
7971250
7843366
6953080
9405874
9758030
10880196
10280544
6684960
8258116
7671792
8998014
11062652
6923806
6923624
7774500
9958768
10303548
12796082
10537866
11866898
9034330
10964478
12648560
10298696
9519874
9528956
8884790
10666692
8601132
8599990
7768262
10570338
11769386
7197088
7533536
9739522
10675186
10210934
12554116
10946802
6834470
10973752
8865868
8142168
9352538
9951448
11009002
7034366
9896412
9483614
10533218
10386076
11571436
11733414
10165410
11086834
10664160
7319152
11351464
10586296
7770772
8383150
9284648
8890042
6711662
9696928
10302432
7966450
6788130
6889314
9357966
12296510
8949460
6809358
9333258
8081512
7738762
7603710
8757284
11503086
6872594
7421266
7256270
8665220
11185594
12171414
9658596
8394058
10471342
7123482
7878898
8678376
11226064
7464314
8582804
8107544
9899056
11764572
9195626
9041440
10811542
11375922
7939628
11149390
10080484
9381936
7927724
10337268
10097914
8439246
7893186
9797626
10606366
10732950
9657334
11789320
8521798
11980966
8653074
9825126
9021898
7660610
10140896
9744398
10291244
8113844
7772912
7290220
9041376
9771584
10224042
8515760
8677264
8026114
6993546
8884954
12243058
10183114
9263762
9134750
11932048
8377718
7877064
9606864
9894882
7448004
6812424
10559720
6661404
8706566
9975650
9251366
9615446
8086046
6944874
11793178
11278720
9161340
9918840
10916272
10978424
10784068
6693898
9091226
11487750
9370628
9508508
8801448
8477262
7122282
8513688
10264748
11209808
9350250
9445556
9820340
12949672
10462118
12132308
12475054
8860638
10613852
7620004
7791412
8995144
8031950
9105812
11064958
7607102
8622048
10543624
7194368
10598580
7436970
8526258
9875038
7903028
9155760
7740040
10756080
10728220
9563530
10818190
9201950
9886798
9673594
6792066
6767184
7516676
9513560
10492796
7391888
11149622
7876994
10791798
8815466
7139454
10970104
10851072
7613752
11356108
8650918
10134362
8214414
8141766
9218278
7213942
8622956
10365976
10718518
7352280
9834548
7146232
9741466
10408146
8142332
9172724
10216394
8074854
11638500
8123086
7334800
8157310
9604348
8769312
9770414
10380090
8225298
10381912
8052560
10671896
7198544
11880268
10205230
10758560
13004216
11045160
10287504
10770608
7827450
8500612
8015250
12026088
9973240
12219934
8737324
9113754
11067568
8115348
7203932
9668224
8809336
10290862
6783544
8321880
12649592
9333018
11175102
10175304
9633078
8314938
10894474
6694348
10242054
8452682
11167136
7208906
9638490
7098102
9502688
10765818
7436184
9927218
10473926
10752140
9864238
7176938
7628064
10477774
7136578
12371592
11326552
8440222
11688988
7548208
11557336
10343066
8753122
8898890
7579610
8656044
8748374
10359124
9131996
9011414
7991906
7141350
11763088
7891964
7017682
9743980
8110252
8092988
8195160
9995478
10600982
9051492
8900960
12904556
7028312
9969230
8714338
10097936
9402802
9652824
9493046
6984986
7126448
11418084
11882866
10481024
7524236
7602606
9315254
6897920
10291872
9056582
7433494
8296304
9497782
10281326
7069220
7454532
10451120
12478266
8464034
10736140
8313720
6707190
8487074
7924042
9625420
11377148
9192712
7176662
7950166
9003850
11032908
9626376
11134384
10463060
9515312
11198232
11603898
10849752
9395584
7500028
7304504
9226368
10972688
9294002
10855984
9568474
6960412
9991134
8881804
6986294
9494354
10457092
10985508
9660012
10059546
11556938
9222266
10223860
6995506
11016038
9441808
7253706
9245646
7747430
10804620
6710266
9735702
9095652
12184860
6703716
7082106
9798250
7158958
9522920
10303256
7169140
9874156
10277232
8706988
12205520
11282104
11254704
7868018
6666306
10356412
8883908
7711280
9504582
10292446
10555918
8780938
8452984
8415364
10160436
10494958
10657984
7101740
11000644
7969644
9338524
11538074
9324586
10236308
11601620
12300720
7550066
9139052
9715344
6783502
7062026
8058070
7449206
12244760
9742752
11304838
9506504
10510960
9749854
6751922
7988246
10923956
8926586
9918840
10907682
13151230
8175744
7196838
10635838
12156222
7192332
8428780
7781686
9358550
7759006
9832890
7982152
7024748
10212464
10381520
10572714
7607906
10087338
8892586
8437076
8491354
6995940
10607616
6694158
8195454
6909478
7457474
9104348
7957356
6819002
9600532
9922526
7865134
10603258
10275722
11122112
10737046
10549548
9528474
9918266
8612238
12301084
9454068
9574004
8798964
10290420
7068918
7590248
9858344
9289302
7841290
9296548
7423938
9431080
10583050
6826496
9821200
9979796
8395170
7713424
8590464
7752490
10094438
9985942
9586866
8942726
11074294
8800520
8044934
8922558
9796762
9416836
10874852
9449686
7034920
8931754
10510160
8631046
8165614
8075264
7341724
8993614
11480962
10853140
11047422
9911156
11139074
8174972
9261696
10824718
9321876
12119028
7100790
9150564
9799576
9019032
7536372
8213528
9322174
8602746
9070862
7937360
9341688
10345204
7738664
10902390
7751506
9579856
7835840
12085176
6828744
8925128
6799504
11914054
7770292
7216732
10421298
9209700
7281394
9377806
8719888
9625838
9736068
7948046
8393960
9300382
10849968
9043932
7618720
8075706
9991064
11567222
7757432
9314502
9713842
6689640
10230254
10888544
7570798
10336872
8390988
8948352
9432438
10703846
7251966
6853516
8401744
7328646
8227936
9628564
8209782
7343922
11232146
9127602
11512322
7934330
8168072
10251060
9690884
10761544
10593190
8522024
6935454
7561064
7785316
11044876
9828542
10907106
6979204
7114818
7824138
10843080
10814590
10466828
8177540
11786230
9360388
9525086
10686648
11809764
10179630
9365672
10349090
10119082
9815860
9354904
8510210
8585136
9980606
7735348
8830926
8558962
8882054
6945970
9163610
9711416
7700212
9485114
9533970
12238362
7451800
8680698
8936768
8311708
11376516
12312070
7915188
8359558
10618146
10262856
9254304
11410296
7036276
6982194
10961198
9334394
6929926
7873134
8899262
7896830
6691414
12507648
8845236
8692390
8428806
10893096
10537678
8603030
11134344
8100116
10100506
10278348
8113676
9749626
8732360
9795422
6696162
7706230
8185128
9634236
11008252
10118066
8639914
10169910
10293918
8051474
10328360
9552228
9744036
12159742
7241376
10121268
8805882
8035368
10507620
10870978
8959054
8744608
9200626
9008846
8976090
7649586
11481520
10629164
11947556
8786306
9568550
8763416
10774210
9721002
8555306
8751320
7292582
9876766
10559230
7963808
8077634
7325882
9510342
12522486
7637204
8052766
11870664
11270054
10028112
8511386
10187246
9171164
12808830
12053598
6890400
7955680
11634678
7865882
8221492
8986444
8304056
10722450
7179288
7813814
11008624
7461262
12890504
10556966
10168854
9910764
7609856
11442924
7937110
6957988
11989302
7327550
7418290
7077936
9544536
8170386
10960450
8185560
8275538
10135294
6908296
11059950
8170892
10689060
11260970
9847176
7625992
10075222
7852270
10985104
8826778
7832368
10039284
9515008
8113736
10071260
7153660
9251814
7845462
9596918
11151434
9589318
7512932
7570782
8973176
8434918
10362148
7455478
10443910
11263596
8429292
9053880
6840096
11153004
9586948
7942934
9464160
7812298
9026086
9550210
7755334
7691758
11998514
7516128
11416296
6666250
6774794
8935200
8633672
8841742
10783314
9984952
8225534
10720820
7713266
6706504
10528000
9315148
9971152
9935634
8442928
6935452
9030734
8631488
7964586
6915652
9466678
9626732
8807692
8355980
10540794
9090922
12688312
6818514
10219704
9434592
12201666
7811776
7618260
10563926
6916646
9005466
9402696
8666294
6698998
11586214
9831592
7604782
10795030
7669240
7706898
11073408
9244708
8613806
10679448
9243916
9543158
6767840
10131944
10325100
9058544
11286842
9894434
9191956
11029190
10593646
12327362
8792926
10015916
9933186
8733228
12759278
8703608
12626946
10256776
7794448
10185122
10158972
11040996
7636144
7393038
7440492
11137746
11725950
9724746
10167116
8443566
8128892
11080398
9461568
8968212
8608844
9965654
10663274
9434746
12145234
7466324
9851320
9338366
11786808
9097486
7803406
11788258
7479892
10168666
8759650
11427418
10394844
9594706
10797126
8931586
9110238
9340858
9646946
8685664
8961190
9982922
7690474
9927644
10900382
10699194
8006952
8099714
8835802
10163530
8201100
12593128
10399546
9552388
8196500
11821200
9088122
10549116
7954432
10268648
7662814
9056766
10061648
8830152
7036004
10026794
8126438
7544986
7555418
8699954
7609032
8457752
8648606
11125448
9466618
7533346
8928106
8217616
8975126
8621014
10499800
10234866
8543690
9494246
11119214
11900278
8763630
6807756
7476994
10949488
8618452
7474610
9294102
11013052
8541878
6661756
9271100
7740026
10074262
8685816
8136602
6675330
9646852
11119570
11236212
10102814
7992632
7398096
11406290
8870236
10089188
7621836
7334218
12456398
10820124
11039562
8220204
10530732
9478404
7242490
6779910
10871562
10643196
7834382
9092498
10999990
9457122
12232032
8063588
8282002
6926500
6903118
11543754
7761478
11482734
9914008
11433184
8107364
10320492
7040222
12014144
8805246
11496138
8842482
7762212
8436742
10795036
10229974
7962138
8836866
8956162
8094642
8685624
9749870
10525062
9764128
8239850
11165324
9051052
8505518
12197698
8658036
8606038
7099340
8398968
10687448
9335514
11005202
9128920
8347464
7388336
8417096
9352004
7526238
9602660
12019808
9450060
8333368
8914472
7585600
9337414
12418124
13041124
13097260
9490506
9622756
8319874
7719190
10967724
8157342
11343330
9887034
8845798
9494596
10850636
12897094
9174222
9486124
9452850
7577112
7967180
9138900
8786182
9783222
9784226
6991856
8274812
7107506
7255358
7037044
10293344
7187832
7936054
10289944
8050574
10276056
9573064
11441284
10082472
6719972
7936688
7837944
11462286
9898140
9597502
6757042
7268602
10600888
12546772
10944246
8445876
9440258
9731102
10121514
8930100
8158552
6888358
6849422
10560996
12206550
9120230
10666430
8613906
6688898
10189802
6742092
10602406
8220920
8121730
7925114
11619918
9045380
8428412
10527270
8804796
12824986
9025698
11714206
6840632
10658854
11221270
11068716
10370892
8859002
7203124
8694856
8180894
7494726
10104036
8859420
10145054
7379300
10158250
7798718
8142438
11864110
10765456
8890114
6782322
9777756
10200018
9665214
6761898
10801758
9491586
8388004
11971524
11787510
7455874
7124356
7961550
6982772
8440112
12066962
10412360
11221954
10552346
10521204
9264084
10505764
9270738
12632656
9848748
8005414
9001722
9764846
10890370
9497708
8881206
9770596
10415222
12859470
11203966
9077914
7919370
11082972
7886316
10125430
8971996
7010716
10351240
8682090
9206574
8368288
12588608
12600026
7009346
7281532
10114580
9644200
8822076
8997072
6947106
11586836
8409234
9818646
8512664
9696254
8237730
11496926
7173558
8235922
7107712
7271634
7366386
10199550
8130792
9674074
8488156
11577562
9921482
8000610
9151888
9395680
7382796
9068630
8851686
9909332
6762632
11274492
8715040
11518390
8681170
8912182
10031336
11081054
7536472
8941732
11685494
10085194
11520704
8871990
11565600
11226334
6814724
8436440
9151250
9707162
7151920
7175900
7243738
10936290
8755560
10416664
7817524
6678996
8512770
8780502
11031824
10537796
9110824
8217240
8425458
9935792
7279590
11701780
7639996
12649506
8662746
8549118
9544494
11427710
6743010
12560234
8129132
7840910
9297776
9751246
11423580
7809426
7306432
10560516
10678164
6858994
7837798
8111050
9608762
7176624
9261094
7634920
11749128
8592498
10516204
6837078
8528874
7825082
9748404
10729062
11369890
10402348
10267464
7624328
10141152
7689972
7229320
10902532
10823092
7424838
11745038
10582082
8206688
11912508
8900698
7991194
10261354
9383480
7672640
7494064
6661016
9873988
10563292
7723308
9080706
10553760
7870754
9283268
10647250
10975972
8828298
10373934
9563574
8819072
10808582
9889852
10246332
10666736
8261810
8975926
9948548
10405530
8326960
8341892
10191338
10179932
8138484
11689482
9601172
12687968
7528604
10288082
10486582
7138276
6890770
12962938
10931574
11027240
10763144
9489352
9691486
9714518
11167002
9756526
10836314
9194742
10091994
8197486
10312924
11084074
7226182
11875356
7756952
7035218
7876972
7625578
11366846
9277148
8622212
7717498
9233822
11492336
9633196
9258216
8238432
10274252
10806110
7367252
9789486
8780246
9711718
6843820
9164280
10842886
10738704
8820198
7601642
7338882
7951584
10034236
8801192
7859878
11822358
7764494
11631210
10813102
12239264
7225382
11628892
10199130
7622578
11580472
8459282
8342686
7655266
7354422
9295290
7929742
7980812
9721642
7095480
8986760
8641612
8711190
7216880
7588040
12259220
9444908
7480692
9342124
8816156
6889734
9298330
9316568
8239038
10557268
6713966
7295880
10259122
10507472
7388954
9554208
8952200
12663616
11395032
11040854
7031640
8789572
10233306
9435312
11301860
10658206
8873964
7852978
8996118
8385146
8274638
10676676
6843302
12247914
9991226
10259252
7530834
8710812
10494490
11113018
7707994
7158620
8848646
8803790
8839340
11153412
8361242
8846864
12495826
9340734
8395548
8574258
9582818
11115888
12294076
9167766
7632376
10396678
10135740
7055074
7182356
8561248
10265552
10394398
10418958
8792552
8238244
7411920
7538694
10523532
10603426
7266452
10751624
8530006
9747120
7500584
10205882
10616238
10980094
9129678
12085996
9263076
10385248
10442050
10050272
8456206
6662872
8717510
10047398
7582226
9100354
9526932
10352022
10428908
11680462
7591504
6723310
7225178
9764486
7829564
8165362
10462590
8940726
7778226
10062374
7092788
8288106
11571318
7888958
10636282
8678982
9411450
6715804
8081362
8110666
12457740
6963768
11268902
8260626
9212378
9393238
7086664
11559944
8462026
7348276
7581122
9806596
10825164
8319716
11061614
9582422
9784130
10107234
10307478
8322670
12061246
8391310
10445798
9534130
10692764
9986750
9500146
12046896
12320310
8178942
9923490
9028486
7326788
8788682
9300462
9877776
7719758
9613160
10101852
9322732
9234102
8060586
9798346
8041026
10302242
8102836
7367990
9412564
8928712
7606268
8332786
11894552
6733162
9041906
8251656
10587362
11117056
8301942
11641094
9880352
9156628
10220766
8444472
6869288
11629740
10134228
6714648
10933942
7975668
7346234
9474470
10152460
9691752
7521836
8344338
12451454
10362614
9029462
8677112
9191556
11037368
11684704
12029036
9426022
10105444
10009458
10760846
8405306
9907326
9596300
11996810
8978306
6932096
10003426
9013786
12171548
10053296
8490082
6663440
8232302
9953620
7636388
7658498
10029530
6878320
6959790
8739140
10246058
9859484
7780952
7747814
9341104
12313894
8368766
9633678
9148634
10032044
11113094
7729658
10995354
9050586
11392916
10111504
10684676
9091720
7830008
8841122
10812720
10710514
8615184
7743262
9999820
9830622
6936152
9926364
8658274
12274854
8007008
11032272
7965940
10536670
10358944
10059686
7597316
7459130
9812354
10356888
7422142
6910810
8631102
7697240
7421168
6758348
10513624
8731946
9226942
11339786
11518602
8211302
10210036
10833668
7508292
9866220
8978012
8606594
11372746
10910554
7858738
10381962
10999548
7880364
10402042
11752498
9966380
10440402
8780646
10778526
10597934
9170182
11966230
7578364
8537012
10300254
8192134
11150974
8267492
6885672
10483516
10536508
6674372
9566340
10859286
7693174
7245218
9809074
9900784
9791036
8294416
9929368
8378958
9662838
11215292
11068602
9485242
7866274
10885304
6868764
9705850
10083018
9769846
8682204
6931206
7542908
9579582
7307192
10790990
9624412
7710320
7802338
9927580
7274354
10992834
9432988
9473924
6836572
8253832
10707024
9442432
7374694
9478100
11032080
10366360
8025410
11539020
11020392
6996414
8356876
8670190
11872324
10197788
8954492
11125148
8728400
6836656
6696838
9058818
7717870
7609510
8371794
8484658
8427242
10520804
7598786
9648322
7787904
8964892
8822164
10144602
10995786
7005720
7927854
9740410
6773694
8918112
10566266
11181796
11714100
9924998
11861200
8288908
11040120
9137312
8288246
9978656
11505060
9064890
11120972
11261344
10627414
10645756
8447234
7154614
6948038
10879632
8182080
9462700
9301310
8323424
11314396
7444918
9825576
7030090
11185258
9861346
10061414
10907500
11141748
9984434
8578180
10707048
7634028
10786326
7862538
7830856
9139634
9698192
10888356
8413672
9893920
8652064
6957706
10015442
10174858
9055592
8866316
12718800
9764834
7529832
8807074
11780524
9225412
8034900
12113142
7194198
9928826
8284510
11091946
11245148
9451758
10599566
7742920
9526350
9103202
7995084
10657294
8638676
10098060
10052796
8874004
9470878
9114954
8390770
10464376
7955658
10721674
7048146
6795874
7494242
6984816
7827574
8896508
12139802
11220214
7063260
9786608
7436052
8417960
6912068
10526260
7362920
10293302
10591408
7666126
8842328
9491754
9976984
9134032
8279662
7643756
7748118
8043148
7536516
7911350
7353450
6775058
9972594
9994050
9930952
9860182
9936202
12920664
10557104
9896428
10519568
10994924
7575000
9315228
10802522
7511718
7162084
10384188
11224454
8524776
6865076
10722358
10914502
8949232
7014072
7974896
10505350
7411602
7603550
10111746
8105540
8180152
7965128
11068062
9671670
10146730
10794432
7823354
10911342
11486622
8682466
10394146
7503724
11170108
8657908
7797112
9890692
9165872
10153842
11448840
10773914
10610124
8675744
8962560
10433890
7080476
10249606
10255028
11382250
10617510
12680680
11511790
11218686
10443416
9820298
6979174
9475636
7765228
11053864
9772308
8538626
8704554
10643754
12171872
7867944
9401470
10050224
11215964
7931632
10144436
10716696
11047900
7894532
8917134
9351538
8023968
11987402
8701418
8733838
9748214
10135764
6697386
10393816
10070208
7165422
10243360
11008082
11561020
6976986
11142712
10543510
7707164
8661400
11826444
7789840
9877794
8657242
10764078
8601226
9053850
11368100
10161606
8364424
11135798
7921332
7283304
11004056
11139806
7585592
9798658
7829778
10405760
11770238
7750286
11578584
6855620
10226044
10125534
10814596
10872290
8564216
9733274
9117420
8961286
10331826
11909250
10827860
11096660
7639312
8957984
8360432
7616106
10789390
10392090
10737924
9109838
9427284
11938446
9316108
8834264
8216648
9565258
10820142
11768634
9848368
7397160
10660758
11249736
10678974
8288620
12472590
8082134
6967660
7969426
9003392
8510624
9851752
9744624
6901564
7467652
6978416
9941088
7853576
11025838
10533228
9160510
7372920
10681884
9439036
10014542
7953062
7876082
6909032
8272344
10605130
10610396
9355110
7399946
8988464
9364284
7539436
10470016
9070020
10572692
10552842
10978980
8704154
10173796
6948446
7121502
10065074
9360476
7174722
11646440
7878350
12210366
7212974
10933220
10547722
9943032
7347684
6938646
10343032
10610432
11129158
9485596
9934200
7292396
8057666
11986056
9779894
9460848
8390252
10587328
7422902
10410730
9083040
10782090
6928588
11204148
9495546
11724034
10498578
9435768
8475530
10045482
8460234
6711792
7578840
7027514
12202342
10935538
10645916
8333274
7968140
7895092
7993582
10228990
10784764
8013360
8127588
10363238
7745876
9929542
9587674
10904880
9290542
6656450
8518370
12478990
7545688
8618872
7992282
10686064
11093114
7230214
9191498
7163550
7232030
9132982
11318942
8707752
9833248
10370482
10447964
10181914
12144224
10575960
10073114
7517958
9611524
6857402
8083288
8980716
7153044
10186558
7289380
9894500
8667618
10631342
10833020
7734472
9945456
7752094
8104366
12410420
8232138
9756526
9767884
11417694
9469718
6784982
12597076
9348878
11040330
8757200
10265566
7541794
11222936
7759218
8306802
9476506
9740772
8584996
8140884
7848776
10521164
11401996
10389058
10300470
10578152
7580184
10043568
7681110
8380414
8135938
6747028
9962160
8234300
11021072
7554152
8726720
9670408
9336180
9185760
8130374
12034444
9306444
9078624
7838714
8666562
9656380
10474106
8447054
8290940
7464934
8918866
11124216
7699216
8916742
9457200
12362190
6811830
8809280
10115802
9326620
11216726
11442382
9068260
10534624
8069488
9628018
9242918
9128788
7897248
10644464
6714098
11854972
7143890
10380528
6865540
9038282
9323830
9301082
9552078
10121052
12499974
9461772
10118206
7609384
7278880
12267296
10537392
9248396
9842708
9924300
7356976
10698214
10411242
7461808
10260294
7490478
7971632
9796818
7861680
12163650
7530396
10548560
9859434
9647072
10228302
10640718
7313072
10234500
8131632
7199454
8664722
7317180
10828212
11726784
9965382
7826656
10961728
9055158
7622536
8878468
11163582
10019528
9082480
12398866
7813836
10944018
11681790
9893104
9789372
7658156
11110144
9744566
11396250
7270552
9887970
8419908
7730250
9155310
9862520
9759182
7868096
8510524
8766442
8682310
12489006
11148398
7753884
7469448
10939820
9333524
9467698
11811280
8011786
7874378
9361984
12626612
9515462
9425744
8081050
13047398
9196948
7179142
11595226
8711264
6669818
8384736
11146892
10005332
8265680
7874296
9267640
9722576
7497100
10122428
9939514
10627726
8547324
9004228
10586674
11074434
7649358
9635214
11500064
8532914
9419404
9341796
8384266
7097988
7194664
11410580
9624866
10092174
10538400
7779026
9691482
9658154
6804418
11711840
9829072
10748672
9910452
8013300
11571332
7989468
12248706
9375022
7560352
8582756
8437864
9699402
9804456
11200062
9639958
8553700
8307190
7212444
10475438
9857358
9393592
7606542
7258756
9740218
7745354
9486540
6658300
10212686
10507586
9698204
10568710
6787036
10779210
7888514
7398526
8411016
6661782
10301112
7580290
10156756
10814372
9286262
9112220
7372630
7248254
7178650
8864170
9039586
7168830
10903080
7410426
10547914
7476878
10800068
9500750
8627472
9417784
9675562
9374978
8490770
12283408
10544020
10311858
10108670
10448996
8572612
12756406
10780300
7319952
8992944
8459128
8299310
9962840
7691070
9177168
8050186
9562900
9146498
8638724
9932716
11337084
11103396
7257972
10974948
9730320
6960076
10978066
9871956
11226540
8477136
8522186
10710908
11545970
8492650
6911514
7980184
9280000
7607942
8333240
7461286
9276610
7597944
7350866
10707064
7361184
11850052
9555690
8769234
9688978
7052350
9095604
7014298
8912848
6729620
7669774
9202464
11039760
10850908
8629464
8463968
7079742
7632294
9363758
11697580
9169640
7641200
8259858
11954884
8242438
11863574
6892544
13000338
9000980
8306204
8913894
8296778
10438890
10295294
8149792
9523332
9918832
10665912
10189980
7871306
10815636
12561622
8715080
11025428
8415256
11969538
11393224
7477712
10491458
8604150
11572490
7432024
7407580
7528882
9748576
7007052
12805466
7299974
9893460
6938384
9787498
7877656
11102088
7001122
8601656
10836914
8344830
10693190
9243982
11425690
8935590
10486478
7350990
7496340
7704152
7055416
10794566
6671010
10546192
9948574
10497492
9638606
10179020
10680772
10437276
9898086
7661666
7437128
9137744
7575230
10296678
9469368
7678102
7223148
8197080
8858640
7444770
9414300
9908806
10194352
11394940
8391400
11040708
10419980
7131236
8771028
10222120
7063028
11186694
7347904
8676224
9606010
8704854
9473244
8016784
7920874
8574186
9729892
11137194
7653018
10692282
8041608
12536520
11067288
10605760
9507682
7741000
8855512
8042716
10595758
9902584
8689024
7409706
10674488
9988950
7349978
10433124
7499072
7076140
6919142
9414866
12414646
6966926
9806912
10079808
10375566
7373044
9021116
7268712
12029572
9278608
9007252
6848304
9201004
8497042
11307470
8078398
10958882
10610986
10827484
11715368
10413568
8161052
6985298
7999472
6722554
8875712
12245170
10769414
8555520
10081182
9576916
11139494
7722698
9165200
10361500
9100094
8906568
8548506
12117452
11179764
8548950
8482092
7543900
9725492
7222002
10255846
9424490
11086354
9824312
7183794
7307472
8263764
6688078
7688968
9761382
9085568
11030058
11500528
9249438
7861446
11435662
7675076
9313652
10888514
7218148
12463620
11963642
7860832
9318206
8856232
11915226
10589520
10860486
8998554
11036062
9295074
9205880
7744962
8918952
9584636
12886112
10955756
12555626
8951492
9785544
11099424
7857652
10243324
8707690
8821210
13009442
11822480
11114888
9719652
13142370
7825468
6866928
12365908
8459516
9857228
10280858
11041350
11629740
9395266
9800766
10165234
8579264
8177050
10641978
10605620
11331036
9896566
9481958
8300524
9532630
10306862
8337394
7482266
8325258
8910030
10087838
8155322
8728330
11420788
11221276
8843136
9237662
10672650
9603364
8875392
12898100
8934208
8158750
10570830
10636176
9837274
9166654
10597720
8316696
6772656
7060884
9637368
10717942
9538086
7233094
6917926
8699690
8626262
6659150
10214560
10693874
11410062
10443288
8685272
11675346
11155122
10123480
10629332
8072124
7121046
9619280
8407430
8621096
9228620
7352938
6742058
7439964
9806388
10399680
8939714
11474756
10001772
12030306
12462864
7955714
7138550
10192078
7534858
8505530
8356594
10020500
10231678
11936912
8385596
8335992
12210760
11232916
11501190
10121398
11009318
9614202
10866296
8452520
7741614
7940602
10940178
10259250
9076292
9700262
9176864
8569560
10072652
9897528
12937828
9058870
10095490
6859850
10090676
8491220
8608710
8313126
7888814
10335848
7448192
9756612
8444248
9975358
8652252
10554812
7742574
11036680
10832902
8468482
8815034
9938072
11949686
7868378
8118060
12993612
8497372
7908362
10043002
12430808
7041144
7086914
10481694
9700450
6736764
11201338
12520530
10984800
8384214
7777734
7864692
10438112
6937362
12399446
7275394
11547836
9376278
7395008
8604250
8803366
8097716
11103064
8208324
8223864
9321064
10506794
11221524
12742086
11115802
7474024
12211496
9868078
10687300
8988308
9615678
8446038
7924892
8443026
10974708
10661454
8706722
8628878
8904990
6692680
11501194
6797840
7583730
10224176
9413480
9937720
10310422
10401216
10437464
7159762
11474022
11238336
7309282
7861590
8517412
9750190
9771858
8196728
12140096
10291280
10658946
7706748
10989044
9646760
7733670
10855932
10911564
8088292
9810178
7955100
11617100
9421120
8866714
10625718
8613130
8518914
11903926
9697284
7114196
10674212
10464944
8495362
9599644
9105818
10730030
11879240
9754264
11010330
7990492
6731334
8519482
12545200
9557046
10248044
8878422
6952542
11229302
10637132
9477816
8813942
6972438
6803094
8245304
6826522
10086708
9665622
7707098
9619132
11643866
9962210
10990400
9968504
9530968
7185364
8037812
10153948
9844026
9413648
10474676
9647968
6760590
6720386
11259730
8762736
10559578
8424424
7387372
8729944
11514106
10234364
11062500
9354012
8969748
9593824
12680106
9238552
8851734
10193452
10150368
7917186
7541718
7952206
9709274
8775700
10426422
7339776
9589962
9668838
10097010
9763506
9105584
8919898
10714628
12082530
9756268
11479964
12084846
9976052
8978744
9612764
10108056
7564710
8465740
11538406
9721986
10625118
7171280
9891986
6922730
6896696
7092012
8827244
11159990
10808214
8700306
8867264
9805264
10607478
10337932
7949866
11845494
7957280
7187392
6843900
8223044
8566084
9519384
9837752
8974364
9120004
8715288
10583770
9327844
7467700
10146974
7754778
8737680
10480330
10833434
6715528
10296190
7094140
11877328
7061730
10479864
7875030
9607726
9646006
11423244
8774520
9487394
12081538
7914880
8288602
12845704
9067280
8854756
7893452
7854156
9060764
9439054
9708108
9689576
9240422
7338024
9951684
9865572
8479784
8128860
11380614
9133334
7203468
8465358
8790750
11265640
6741948
7716082
7542398
8775104
11011588
10076064
8672148
8959802
12372510
10689318
9212702
9606996
8850150
11271466
9511372
7672166
8097828
7829476
8088090
8202598
9104292
9419246
8676880
9735758
7990756
11611834
8508564
10021002
9474160
7473320
9375302
8626186
8810372
10093454
11427580
10047188
9941010
10718972
11088304
7074252
6937730
10483512
8772142
9208220
9038026
10880480
8451426
9702536
8688808
9106626
8894072
10829626
10040474
8390216
10402720
7976334
8499810
8934626
6916668
7066916
10198806
9287630
10259764
9367574
8532256
10579928
9467274
7696974
10736812
10860262
9435716
10998982
8282172
10628610
10222360
8008670
7983760
9175318
9502750
10976906
9857456
7451380
9034054
8180956
8255032
11202806
10900576
8226246
8323334
9594396
10136792
9600122
7090322
9048624
9362680
7746598
8494490
11106218
12776752
7885504
11060736
8383532
10378150
9824588
9974208
12091036
11200556
7333704
10568098
8781314
7428462
7830860
10614122
12283630
6826752
10224458
11822026
10691102
10170000
7176182
11545710
10585808
9895516
7950568
9602728
10132894
9456670
12056508
10251128
9642956
10723260
10245752
7591646
9280606
7694800
7532042
10615264
8521702
8838090
10213388
8124042
9074330
8618626
8028810
12179362
11020926
7996424
9337560
8584408
8002492
6925062
11062192
6775604
11040988
10801332
10161012
9528210
8716070
10118354
8708936
8373622
7843038
8449424
10451808
8567664
8717680
10793024
7189560
8620240
9246894
7671158
11051240
8077490
7658234
7479148
9747574
9227406
10594172
8421442
9813094
10403064
10337276
9855632
11185162
8101710
8781914
8605724
9054670
10012386
8817128
9215478
10184188
11275024
6831758
6947304
7438926
12691498
11299818
6669134
7182176
7094614
7880598
10971726
9192830
8383912
7495226
7169812
7269418
11056636
9040620
8557354
7997068
7664860
7344312
10521538
8658438
9110206
12076564
11032176
8172290
6955074
7594878
6968406
9723552
9878384
9968600
9710988
10891602
10479892
8672132
7781628
9702264
6875286
9331394
10658464
9483586
10227258
6985310
11294100
9414266
9383556
10401796
9259944
7741228
9718480
8359596
10802642
10371856
11735780
10112450
9101650
10435778
10524356
7565138
7740210
8781510
9114996
9133908
9521010
9408362
11813882
11875100
9185828
10754622
13154608
7034374
11807458
7659790
9752044
9647284
8693200
12610186
10416736
8937292
9830546
7380554
10687264
9203786
10222588
10303512
8144754
8078978
7551646
7317184
8277492
10141446
6886932
9520656
7375904
8928390
10696646
9020656
8662486
8168872
11269552
10660116
10760530
10733338
10328244
12846884
8211562
11649990
10870256
7608654
12207636
7432376
7718490
7912366
7629278
9285292
11184574
7884500
7171152
10756262
7844414
6783206
11801618
9428722
6929182
6896290
8881602
8636054
10666784
11021716
11761032
8190244
9532926
10339610
6850058
6780162
8098066
7050670
9705662
11966082
7346484
9516856
6932946
10601222
10855972
11095790
9794274
9494624
9309740
7966260
12370788
11513104
10508946
6874504
12673292
8962924
9961972
11308904
11266582
6854644
10360798
8849988
8795912
8027800
9951030
8680148
12622734
6916650
9758122
8449864
7171370
10470470
10395654
8062292
7125916
11283010
9231944
10479008
8911614
10381752
12412834
11025736
8051450
11742390
9062378
10631840
8586642
8723062
10476386
10153978
10209174
8259318
9828790
8931884
8775828
8813756
8806878
9752686
8857562
8458618
9575676
7164060
9241672
11797654
7684614
7378822
10838610
8841382
8562890
7869164
7370464
10090244
10615438
8916620
10233908
10175188
10751228
9868356
8689460
9928654
7228376
8253092
10803266
9721126
8287148
7305418
10549454
9515478
8447996
6857774
8130192
9358374
9430636
6895208
10880800
10926702
10547326
8659766
9020388
10330276
10576934
7396502
7143170
9696782
8613828
7022896
7642928
10909264
8908322
8585582
8131818
8323922
10264306
10961800
11850850
6985022
8314982
7624088
7327592
9980430
10713968
10991728
11155620
10506412
11203380
10215412
12105786
7904530
11381886
6719966
7901062
9984862
7641714
7088220
9360402
9389316
10028682
8672726
6922496
9923218
8189954
8212442
7045336
11259116
9553964
11279700
8711800
6858440
7120066
9154000
7787648
9167910
6917642
10901840
7375884
8214386
11582702
11326290
8700138
8605842
8006284
9721350
10052766
9679844
10737220
10506850
10326462
10743166
8427434
7613462
7989580
10696710
12206028
8110434
8965688
9695016
6996296
8205838
11676702
12335800
8540740
7136572
7175232
6740534
8183156
7035908
9847994
9358348
10605906
12016974
7415440
11926212
6895214
13007286
7091058
6897794
9975580
7864492
10554266
9875888
10209020
9466986
9258194
7713718
8149280
11465384
10248456
10481838
10602434
8509834
9414770
8281348
9368822
7342916
7820674
9117716
10360632
7347842
10313624
10945078
10238796
6696668
10244452
10862370
11341350
9076868
7455864
10378896
8436702
7219020
11050424
11803008
10662950
7320920
9747668
8792524
11860342
7534842
10817714
8880548
11046922
11014410
11467912
7670730
7227714
10042830
10186394
10349328
8002860
9054916
7483406
8001866
7562702
10887742
7862052
6888122
11009278
11678914
11774640
8775626
12110724
8123828
12012994
11392220
7665098
6933970
6849174
8445758
9063074
9125900
7482264
12046086
11344226
7957200
8521902
11263394
12084884
9542682
7756736
8037968
6853736
8374406
10936546
10986852
10561788
11000548
7948660
10422896
6765116
8142930
10855668
10787518
8037046
8097580
9599366
8766712
11244676
11968922
7392368
10398638
8859694
10875920
9445372
10970418
9639988
8285676
11657618
7599524
9311972
12189868
8611248
11875814
12815440
9876966
9967756
10083906
10490338
9888424
9919668
7804298
8637740
10269696
9045230
7105882
10013958
11540524
7456758
8187208
12612874
9389378
8182286
7455884
7793430
10136460
8524820
9293836
10711838
7034712
9399906
10134494
8473994
7680820
9741894
8204312
10565194
8866156
11209320
9897064
9689110
7643934
10022466
9687520
9632510
12315386
9485896
7392576
9537270
10870280
8688056
6916786
10685714
9274752
8047868
9143220
10224722
8048850
10318346
9477478
10072490
6695744
11472864
8815952
7769746
12372814
7518844
10332264
7575922
11725928
12214062
11466480
10757290
10190682
10247732
9048458
12078084
7039630
12356486
6727652
10311528
9642214
9373962
8929612
8000382
10502556
8211482
6943616
10830600
9205036
10533380
10929812
6892496
11767810
9727644
11755792
11114202
11244272
8773746
7765472
8704168
8539012
7311922
8366234
10760232
12128492
8829324
11306358
12286478
8187838
9166436
8787564
9896248
8313638
8683208
9136622
9862500
9007482
10534166
10993050
7205066
9961156
9176994
7406520
8332666
9608632
7442012
10275812
10433442
9859212
7652004
7338676
11120568
9834818
8949578
7949742
8261236
11215708
8950058
8793524
9666368
9074942
9381602
7525636
8008070
9237784
7292022
7948782
9228946
10603460
11800028
7634052
10115600
10358298
10806820
8524974
8928798
7090468
7671076
8329716
9931138
11223248
8435052
9743366
11144856
9807632
8468444
7323976
8648832
11125176
9871196
10520164
6828884
9657684
7907734
12565220
7636050
7714234
8894124
11368498
8359684
7787682
7861432
7100834
10796290
8539090
7289988
7612862
9035536
10966694
10643624
8057478
9345498
10250252
10433908
11467986
10335532
9150728
7469478
8721372
8559008
9528998
8433420
7958640
11406922
7869270
7575654
6947272
9696818
10023230
12400056
10783436
8666276
6793226
6990916
8297600
12479682
8847102
10898286
10540040
10098012
10670924
11333250
6966984
10525362
6978178
8569390
9276846
8932526
9563612
7771742
8410958
7934892
9884312
8003774
10112644
7992992
10442514
8573036
9175088
7363700
8653680
7748708
7848540
9402760
9218018
9602916
7394150
7748942
8800568
10199802
8727654
11122996
11250246
12925092
11198014
7092902
11253690
10360164
10563570
9764186
10201626
10030930
8486826
8162032
11018708
8891082
7013872
8470136
12153556
8829184
9360566
10046452
10299832
6739434
9232154
9852766
12191004
8326788
9585024
7535964
12003856
11327596
12533340
10463602
7979666
9103532
11211564
11838286
10472268
9554720
7631484
10544344
10026968
9956212
11508844
8698574
8109048
7085106
8310608
9015018
8672282
6971286
9895116
7893550
8681262
12946656
10720014
10328970
11111112
9877988
9638026
8553132
9113094
8821668
11701610
10453680
6737052
9269236
12719276
7685022
11461146
9041544
8165342
11397434
8822156
11546274
8013550
8332406
10779830
9268748
8637906
10418012
10009356
11875830
8459976
10070294
7144536
10189984
10722830
7378676
10034650
8444788
8542774
8547692
8258042
12387062
11232282
8673196
7044380
9751656
7886718
10711206
9042068
11505488
11402002
11427008
9394888
11534552
9363292
6657806
7834158
7046200
7671128
10636652
11942546
8068602
8372470
10536726
7162600
8773342
11202516
8571250
11391042
8928648
7803406
11220936
12102276
10853966
7402914
10624588
10970524
9069510
8247874
9389292
11422326
8276406
9133004
11269092
7791844
11146854
11451568
11299462
9066038
10525676
6959604
10202114
9254276
7470156
10868376
7028342
10325624
10523042
7147124
7953500
10006378
7803684
7075328
8442218
8242716
7321316
10021842
10232622
10715670
8113070
8096742
7347896
11717898
9167304
12139290
9631618
9573520
7359316
9929212
8620202
10518094
10318660
10481104
7768412
10800538
9917212
8492090
7300058
9478084
10820846
11355082
9954204
8753614
10328812
9239612
10215788
12226532
10164670
7500372
7604684
8398334
9305128
9750626
10667674
8676850
10485156
7175282
11042680
10928910
7351590
10167338
11222152
10684584
7962880
10822974
9200490
10327850
11759406
8637092
11039554
8201786
9430546
11159596
11199204
9824512
7526534
9467998
9026040
7973016
8501204
7099928
6966264
9924694
10738210
9810124
9217980
9721242
10152364
10207940
7257672
7357818
7355574
9328322
8594750
8857478
8437124
7087396
10161944
6984690
12404688
11488614
7370104
7082978
9304048
6720236
11538146
12105568
9723374
7654982
7433224
6746480
9494040
7542946
8764246
8652716
11421226
7568892
10431446
10522082
10548976
7241328
7239288
11020244
8103848
9690372
10063788
10177414
9582594
8022972
10060536
11774122
7311976
9015434
8441726
10052172
9563920
8553320
10858868
9152364
8060404
10167470
7591738
8226078
8815254
9984042
12468080
10650004
12723296
9090410
12601662
7202910
8316034
9048138
9431190
8486702
11680340
8000254
9232332
7738302
10845498
10531694
8123492
10393244
8902626
11661934
7885376
10095340
7122870
9227640
11160794
10133882
9438270
11656618
12076122
10633798
10625784
10481528
8312876
11012240
9413104
8033760
7972210
11263008
9921860
9055004
10304008
12872292
7604224
9795218
7313824
8401514
9795324
7329436
8878232
9105926
8903068
9625202
9311702
10265296
10349686
9852504
9232132
10772200
8894252
10078278
7486980
8740726
7853936
9721262
8550202
8727352
10856972
10531680
11279726
8124700
7123836
11182936
7544484
7826922
7549850
8640730
9943632
8991086
7893166
6715164
9062506
8730532
10306334
6956050
8614252
9522330
8916084
7222054
8240540
9321288
10344884
8212936
11717830
10547894
9624030
9505718
8890450
10994076
6760026
9098720
7115022
9512886
7558486
10295922
7205254
7711952
10787146
8112048
9422392
9069684
11476972
9889358
10172974
10406956
8895098
8541628
10106406
8620770
7046886
8357930
7450060
9642028
11715654
7407698
10704376
7209784
11425086
9623858
11225710
9448960
6835696
9339686
7789562
8847150
8446630
6938392
10707708
7417676
8892252
8089140
10084410
11844172
7991038
10819604
10875194
8614910
9964896
9201778
7124524
9841564
9736728
7670600
10121958
13112798
10790970
9100858
6915432
10227112
7954494
8890100
9622798
7149674
8087526
9460420
8608314
11522646
8680590
8613836
7856492
9708834
8269220
11807180
10839380
8039456
9234500
9513642
7610404
6958300
6703220
7180842
11415708
10940476
8233482
9236704
11214826
7680522
7689816
7144674
10603848
10752834
6920876
7989502
8403604
6968178
10269134
7033446
7573758
9003648
9245074
6708836
8985620
10942812
9918564
10771752
11131600
7101550
8818560
10549008
9642472
9557530
6933284
6718636
7930750
10066582
7195590
10920588
10185798
9857198
10000554
8441852
11116112
9141798
7967956
10907776
10921388
10461214
9392476
11503580
8883410
8445296
9947162
11456122
10650546
9516948
8140560
7574204
8856108
9836104
9774712
8376640
11559890
9918534
7722268
10302664
6711522
10755798
6750088
11468070
8171248
8621208
7535938
8308922
10186588
10223486
9468836
11566482
8250276
7932520
10797786
11896302
9724208
9014968
9409516
7279458
10808644
7034426
7139092
7401168
10713686
11358764
6778166
8079894
9059176
11365292
12041688
7482954
10338416
11196480
10795964
7759350
10820750
10254058
9348992
9687892
10266058
7294248
9917926
9474794
7513602
8126580
9460784
8213626
7850074
8758890
9524422
7541010
6825686
7762670
8401188
9639566
8697524
11307112
8450666
8212712
7725924
11190682
6795830
11856442
10241668
11325312
7494570
6987290
11045484
10034468
8285428
7082368
10428662
9694112
7301566
7245324
7652932
9790154
7014568
7493974
10542360
10823380
11292266
9596396
10427436
10747968
8229098
8177744
8922384
9808194
11810656
8876778
8390834
10474494
9781564
11237296
10563138
8759692
8129816
10251738
7325692
10629644
10736080
7459174
11100768
10275344
11249738
8207314
9435542
10511006
8481478
8149360
7051922
6997610
10179566
8902912
7877598
8896414
8374980
10220238
11933804
9847468
8074284
9984290
6856744
6683072
8735248
7372660
9792340
9441928
9662316
8400364
11479188
11005470
8431638
9122620
7193100
8116974
7267684
10195842
7586198
8851880
7527852
9641936
9210862
11882574
9320618
10869940
10507916
8841840
9418146
8187352
6897366
8074360
6802160
8475298
9850316
8915780
9710860
8618036
8454492
7206586
8832602
8625100
7713114
7877262
7186944
7935204
10542096
8836320
10270632
10755370
10387070
11186692
12642708
12102312
9128970
9655164
9367712
12729070
11254070
6792164
9111606
9730958
9897300
11776582
8920202
7006240
8386336
6841286
7635138
8082074
9438122
9599518
7927138
10183214
10777136
7277128
11970862
8582922
10823712
11022674
10590934
7206624
7029420
8242892
9281088
7162892
8155744
10410984
8851844
9384358
12407984
8600422
10809452
8395542
9949362
8910538
6676714
11298276
11322782
9999238
8446424
7474912
8581186
9875534
6975778
10054070
10761706
8680582
6982470
9620242
6955220
10611810
8839024
10527084
7399646
9857644
8010070
10691066
11381624
11107578
11648104
8321826
8946224
10112000
10095488
9085070
10907586
9546302
10170298
9798578
10402132
7488928
10208854
8672552
9496546
6760968
7409144
9702996
11207782
8204688
9196798
7926324
12193872
9756516
10223400
7709618
10452642
7940736
9726040
9338290
9427464
8847542
8652892
9961654
8726164
11412910
10268574
10944658
10411712
9985138
6676710
8144226
8271186
7640400
11641226
11386464
10626132
11352998
8357544
8142952
8953342
6851446
9991422
7038406
8492696
10376602
7842872
9323674
8428738
12626950
9381878
7622268
7254024
8191462
7037880
8452132
9894116
9553344
10919262
10742316
9947500
9165076
10716992
6999578
7445054
8220116
10279408
10931386
9417742
10034704
8339730
9376792
7949016
9594282
7499372
10968162
6748670
7374066
11061190
9697890
10421806
8527078
9987354
9755150
11102276
10652198
8626126
7457144
10865854
6946786
7530692
6979662
9604634
6885008
10470740
9300560
8298638
7221896
7539212
11524606
8680942
7022322
7501364
10458124
8623732
6904218
9933236
9393566
8479636
7831376
10006078
10217858
10315502
7727364
7778980
7354240
8931076
9979504
11617262
7940704
10868250
6939554
7477248
7409664
9527246
10911066
10000224
10011340
10474676
8611246
11880250
9376030
9216804
10260368
8602836
8743950
10974112
7374708
8933714
9953758
10359476
8625780
11170272
6851976
10118870
9845740
7867616
8632356
9120874
7135142
9776672
9488658
9943490
11602394
9776942
10494376
11877740
12246838
8202516
8253098
6712758
7033606
10055846
7316310
9688666
10761308
9208218
9263908
10424598
11950708
11058860
9820116
10668142
11480904
8005482
7858304
7394862
12208160
7222828
9096188
9942604
10911882
7893744
7857826
9164182
9255990
9254954
9604514
10199522
10279524
8055090
7499876
11440538
10288564
9553552
9313056
6769026
7383972
10077406
9022356
8914436
7480782
9521086
7453344
9848698
9829658
10271550
10924104
10077578
9201458
11557086
8868064
10923856
9080946
10177934
7485036
7167162
8129938
11092018
10718722
10086248
10858894
8256740
11597694
10534220
9970692
10672384
8366446
8625800
10813240
10499786
10790568
9231248
9600028
7594528
9017856
10802316
12964056
9960182
10022046
10704088
10303822
10148252
9960058
10803936
7867152
11844392
9701206
9814756
12586324
9880666
11527482
8064612
8819386
10813774
12857788
10737482
11246390
7488344
10777486
6959248
12050008
8243890
10085950
12157026
12353556
7904354
8940434
11157244
7600686
9562160
9056094
8565014
12672494
7971638
9892998
6940860
11128310
10050258
10554080
10824540
11721626
8138582
9287958
9073668
8915898
7769946
11472744
9635584
12130072
7578406
7743040
11242796
7916352
12182594
9788418
9471038
11301444
10423036
8795312
10770942
11448296
10143794
9796560
8229706
9766882
8636942
9097486
10004746
9567164
12625116
7049980
8074846
9537146
10201160
9181208
8158190
9735344
10247208
7038876
10976922
8335438
10196246
8387188
10292172
8590572
10289580
11727090
9092238
11466322
8012466
9268380
8750830
6695512
7080342
10994220
8210852
11016248
10653190
8650898
6977198
9946960
10478644
8145108
11313988
8476748
10300834
8084820
10391172
10959756
8010452
7457566
10952284
7979718
8052412
7210644
7165794
8426392
10647470
7206696
7369362
7091526
8591546
9798000
7043028
8140366
11120250
6957352
9096822
11381642
10011654
10793636
8078736
9615284
8938298
8798752
8201626
11050556
8866752
8028326
7409844
6671674
10093964
7103934
10097742
8948566
8218350
10935160
10926480
10044924
10458312
9160366
7526684
9607148
8066714
7046426
8806742
7170106
10793208
10726346
10634634
8498196
9420408
9708332
7211668
12306072
10118202
10144804
10675204
7990400
7965738
8886186
10211080
9528348
11018080
7545534
7066396
10143424
9809196
10704638
8474942
10009414
11743756
6670296
11676708
12486628
8019472
8397462
10296388
10634454
10219702
6966686
9824336
8220298
10788834
12842056
9053378
8692394
8719940
10232130
8998812
10237790
8160650
9779948
8675734
7725966
6933450
7702208
8026360
9667870
7666552
8471284
7323542
9898142
7893404
8752666
9740974
7630782
7718392
11579950
9711436
8419994
8991674
7631180
8887104
12759430
8554958
7641914
9315664
11304504
7498708
7950404
10734402
7582660
10016274
12091086
6808630
8181566
7191640
8447992
9182062
8447390
10840980
9493904
8654202
12320324
11069680
7193334
10449520
8327668
9345690
11990660
8872126
10548824
9361828
9486428
10833540
9296016
7817134
10571454
7861920
7802610
9671346
9096878
9820874
10094016
9119096
9858594
9682486
10528330
8157344
9998192
7007276
7542546
7515098
7458898
9910958
9759888
7293840
10448750
10887808
8865554
7899514
8748848
8051194
8351296
9368082
6932438
9859412
10765436
11032148
8580494
10002930
11378534
7652158
8053142
12167588
9575814
8477646
6852770
11651656
10328558
7253136
8390204
11733864
10467150
9522530
11079384
11755704
7764560
8935730
7055654
8936820
7638018
9735900
10854592
7597014
7049622
11448086
11161860
12200264
9096204
11381192
10519276
12050186
11502588
10065534
10872952
7978812
10777388
6805952
8473390
10052176
11163588
9770570
9772728
8206946
10261064
7964140
7402038
7585086
6809444
7336124
10414092
8900302
10238382
6943464
9704442
7541066
9164338
12590362
6949868
10515518
10151988
9835586
6999456
9840294
11169770
9244272
9652804
10239992
11427482
7902616
11591206
7947956
9582122
10452906
6866476
9229932
7891038
7771158
7399932
8063718
12549790
9419370
9047984
10274034
10712528
10826224
7267998
11647804
10130736
7700638
8599124
7686584
10743184
7934910
8940868
8933424
10446404
8198444
9903136
9627820
12337994
11844856
6755062
9422640
9799082
6847076
6895940
8006248
10052172
9351438
8074888
6867372
12224220
7868940
11902102
9163858
10273672
9001972
8630786
6774712
8973628
9903204
10180752
8360426
8349070
7195866
10818162
10008078
11212156
10101232
7003704
7828952
11220080
10230094
7625388
9704782
7037532
9156808
10618846
9424124
7254160
9091098
7342786
11899974
9773172
10984948
10311840
9259274
10273456
11520784
9305366
8426232
10429294
8862450
7328340
12977538
10224162
10473728
8675184
9966156
9577220
10122314
8577012
9629590
7372972
7622108
7642784
8119484
8247182
9160522
8226800
9424582
8732814
9526262
12545100
7587766
7254526
10431716
8462738
7977332
10658656
7291070
8601454
9178420
8237730
9213922
7134830
7894966
10666070
10498650
8844588
8005872
7883206
10476990
9701406
7182218
10883406
10613110
7370828
12875394
7156544
10265182
9532016
11015330
11158390
11799124
9130872
11093574
10564378
9932426
11349126
8444784
7169946
8620920
8584714
12532670
11302724
8377088
11652832
9737340
8966914
9159896
10322284
9227382
8311806
11105658
7663856
10420960
10042014
7710710
9783580
11373262
11953854
11106452
6975798
10187644
11516254
8182342
10716326
8501892
11247838
7805032
10482022
6988528
10457590
9328606
12139274
10709748
10965728
11700796
9211550
7501108
9194968
8968702
7184908
8322246
8894482
8154212
11242646
7904018
11879140
9049286
9275386
12984508
9181788
9145494
7321292
9201868
11883332
9524348
6723698
9286992
6943844
10047916
9217276
6944712
9146664
12778790
11075102
10017182
6877482
10782122
8938428
10016300
8791280
7525608
10760898
10380668
10369512
10588560
10129002
8725458
9466612
9167274
8850488
8961402
11811356
7551684
10457240
9506704
9899000
9772560
11390992
12043802
9722688
10341228
8231932
9317590
9604466
7790408
9253848
7261334
10700096
8280528
8267638
9067264
7752992
7855408
9766786
8116366
8886064
7042890
10109856
7240400
10721412
6788258
9595470
6678180
9469374
6696080
9772674
7686754
9781596
11999100
9872294
9982196
6876458
7689118
12691198
10591466
7777900
8674426
10741050
12724966
9797926
6659358
9300658
10455096
8164468
9787606
6749940
7248034
10269604
11538988
10780720
10803938
12583318
7601904
9345952
7093184
10081726
10753210
8623094
8453604
10026536
7321076
9299310
7211870
10608060
7108816
9870536
10218298
7631192
9041054
11790218
10074410
8924488
10468894
9515028
10987226
9862660
6706254
8214758
9802930
10398528
8162150
10995846
8127818
8522374
8131456
8297922
9748280
9171622
6670060
11365262
11038556
10864418
7944052
8387846
9093344
6750388
9882900
9566860
10029240
10978426
6723418
8331028
12472972
10684560
11359134
7308858
9622616
8567116
10441796
10717514
8416840
6872638
7698474
10159150
11617216
8788218
8051962
9104292
9803990
9870598
10519846
7444318
6820100
8699346
10113214
7031490
9268322
9455280
8009338
8716944
10705506
7456842
12144434
10686736
9659024
9686664
6838866
8449396
8394258
9306596
8554370
12657440
10372576
9705818
9072282
6683588
7370008
7144430
8813820
8245232
9987032
10566252
10099592
9556508
9693046
7534032
7415342
6774812
10812350
9019256
8874946
10860502
12575336
10387616
10044508
7586268
11386660
10079878
10976274
9267980
11511688
9412486
8655842
8670062
9246076
10948566
9044384
8140126
9553528
8486610
7366410
7488084
10526608
8772686
11362132
9344674
7754524
7813782
8564182
7339252
8249158
8043556
6950974
7374266
9756372
7779680
8338854
10497094
11553812
9198992
9707950
9116540
11744948
6762516
9065120
6835664
9877084
7516684
7002010
10507216
11662420
9827418
10143884
7906174
10640272
10066642
8479832
11431586
11437990
10961828
11948088
10648360
11760084
10363774
6798232
8960672
7075490
8640776
9392688
9673348
9256752
7006784
9165042
11007152
7203684
10935928
11225988
7773654
11032024
10314138
7145020
8162924
9265114
8314788
10477948
10539588
9218070
7624466
9892278
9514090
10525144
7971064
9015980
10197848
10803352
10228944
9256162
11883590
9493194
10428450
8339780
7637788
8660916
10668112
8609150
6756358
10057356
7160240
7181410
10497180
6960096
9383300
7000878
11486436
8552096
9645706
10834230
10997954
7285184
8460458
10534796
12374140
8572536
10346100
9464700
7124968
8529918
7114342
8637456
11209276
6864408
8245890
8100904
9669552
7984016
7724208
9833856
11800802
9430390
10165688
10248884
9471830
7609682
9887154
9144908
6660096
8573432
9768040
8002906
9950298
8182556
8853282
12784654
9077840
10134902
6923520
9125776
9113330
10611652
8839730
8974212
8967376
9895582
7724108
10730400
8320664
11796346
12215090
7007584
8982086
9609622
6667110
11352682
7289700
9686204
9748990
9857122
8956252
8561216
9479602
7852750
7985976
9002008
8331440
9338978
6788958
10090880
11246990
8878456
10212746
8263722
9522630
8972456
12005002
9172962
10496854
11358688
9871994
10308826
8981712
10638936
11314212
10026970
11813194
9878884
7148058
9806124
7153658
8626082
8987794
7490790
10607562
12418284
7261300
10343928
8756574
8798624
8889108
11236198
10243002
8748204
9303192
9108410
10521202
10521856
11217552
8362994
7074248
7549560
12968188
7204906
9592814
7771496
9407516
10794380
7976340
10165540
8644916
10994782
10560138
11449466
10494716
10872180
9976738
10124108
10397480
10639706
8241522
8280998
6908838
8336962
7740570
7716436
9688990
10506764
7770256
8256748
8004536
7991604
10863082
8384388
9761270
9133884
10102348
10722982
11448380
9973556
10370880
9213850
7201922
8968632
9058164
9803970
6849682
8245110
7778644
10755976
11134390
11075910
9471230
9750104
10130224
7579286
10465180
8740402
7379690
8239268
7788884
7078196
11449128
6821182
10643328
11114350
12804480
10187260
8350258
7366728
11728114
10193912
10866962
11190152
7825872
10893054
10458688
8489554
10494646
10019312
10223246
10490054
10596124
10220780
7100606
9220030
7843240
9385730
10664470
9725964
12674442
8637362
9522044
10170320
9684556
10475094
9992768
11280384
8087720
10981728
10559446
9632886
7725552
7538456
9927222
12247774
11376688
6921228
11891946
6927548
9189442
8113496
9099174
8355606
9211870
11406178
6953406
11868086
12532384
7869458
10939612
7634656
11100552
9725264
10582858
7636198
10689332
8572962
11519862
12667072
7743368
9285412
9536554
9483038
12452580
8283716
7600870
10746610
7299244
7186936
12296358
9512650
9126998
7748504
8191608
10802496
9722420
9743954
9097802
8203698
11587192
11001216
9205502
7708920
10514508
10516586
10727374
7768810
9086276
10208494
6807152
9743076
12189002
7867806
7502422
10335408
8612680
9427278
8476606
8344698
9875736
8730784
11064082
8532186
7232862
9656786
8653396
6754220
8963798
10946062
6984376
9199410
9208514
9247768
7641186
9419540
9169060
9767736
8160614
10123094
8687860
8887996
10405482
9873342
9200230
9713730
8204612
8802362
9578258
6813744
10348484
8748352
12149782
7874930
7138092
11064022
9116086
7262148
11779932
7548534
8251270
8316226
9027104
8767400
10151158
9818424
9129102
6792942
7376616
9062208
11234404
10589434
7884416
11490004
11024470
9818066
8395712
8979244
11106388
7652274
7310910
8437390
10831904
8200992
9028680
9511808
11364562
9692726
8594590
11565810
9459262
10857168
9180072
6936492
9734066
10869856
10810994
6936874
9308084
8593452
9204878
9656472
10844052
10834542
9577942
6687412
7924306
10655608
10401764
9677390
10702840
7344022
8644106
8744246
9972324
8772742
7297998
10040784
10334794
7933600
9075336
8562294
12902260
10837874
7763860
7845190
7546044
8058256
10981718
9030954
9604722
8115200
7686292
9503112
8798630
7187856
10783710
11049112
8462678
8727404
7293506
9795392
7172500
8839756
9441798
6740246
9869572
11351204
10189318
8899728
12522626
8523166
9102956
10284140
8102258
10077422
8166710
8824032
9863946
9879274
9973494
8786444
7468726
7973700
8027352
9508510
10905430
7567026
7393672
7446418
11674864
7807680
6800316
7692634
8837430
9226100
9521998
10410366
12140200
8745308
10151342
9355510
10186778
7118744
9393016
9478034
12101454
8697722
9325842
11224980
10107488
9976158
8881408
7640568
6903098
8152144
7925008
9899628
7754902
9898760
8983940
6701446
9666740
7434470
10328184
10068328
10935330
9405252
10014656
6682980
9686950
9833968
6725616
12551722
10188980
10579264
10936900
10087442
9733174
10258376
10563964
7901684
7877236
9906656
7451958
9749932
9435990
11005406
7467630
8524018
12445586
9592258
6666014
7067354
10176380
11384622
7019330
9073302
9581692
8499658
7914320
10133688
7488686
11390574
6962090
10319990
8330324
8113746
10122860
10757452
9748028
11401792
6887200
11264544
8871666
10016120
8232822
10846532
10766678
10195980
10070412
7853726
10437948
9203728
10258300
9696146
11110898
10294076
8330328
10015716
11168702
9807948
10768252
7569074
8813588
6869756
8781702
7767562
10849800
10297200
11058792
8119230
10727014
9706988
8379076
9069322
9817854
10802174
8592672
10632028
10474936
11466978
10184646
10776778
11660416
9692800
8980688
9589266
11167234
10185900
8582710
7973686
12394698
8717762
10615524
12373196
7578304
6975362
8777612
9654162
9232402
10674608
7655518
10874042
9242004
7582966
7540982
10968534
6741812
8533982
7581370
10676238
9818474
9656568
7636654
9551078
10489452
9916252
8393116
8133100
7910452
8284800
8110526
9634736
11494456
6833386
7416906
9401904
9658042
11077850
9421556
11180912
7295796
9523304
10775378
12616424
8111046
9090468
7803914
9598420
10937692
10513934
10059018
9079574
13072354
10096768
10244490
10904796
8351696
10652918
11396082
11522520
8822490
11052268
10133856
8794454
9439070
7058240
11242360
8552750
10570210
10782090
9222764
10014470
10870060
10931388
10834226
8908340
10895658
10167244
8950208
11449726
8803070
9426586
6809980
10301188
7122112
7373426
9235158
8542758
9935496
7459162
7501866
9492762
10487180
8024036
9628578
9511182
8075156
10451058
11322486
10299488
8554028
9506682
6988410
7731428
11276022
7033924
11585796
7696884
10044022
7581476
7374478
10699812
8585360
9863882
7871678
8059764
7355974
9171988
8899044
10619138
8126684
10538722
9292906
11129482
10604882
9568526
8796196
10689174
9252334
11678702
9850814
10410324
11032952
6703884
9060246
10631236
8759076
7847544
9890312
7756308
8544820
8427644
9835470
7334272
9863896
7896160
9389832
7682752
8574222
11476646
7649606
9375854
10503562
7970188
11259996
8067592
10720268
11025676
9034172
9291554
8640124
10271204
7598670
6815196
9100690
9991856
8917340
10532950
10252492
10024738
11442220
8575364
9638920
7123530
12512548
11442784
7323414
11400382
7168066
8272188
7667316
8669248
10539798
9149290
6838062
11824362
10685806
8334552
6742358
10748966
8809724
10987864
7950638
10483044
8765936
10690764
10197562
9921950
10775478
7414782
8101216
8628626
10332456
9604606
11203194
9052518
8875374
10795380
9256130
10486866
10648260
9626044
7923518
8857796
11109270
10692028
8621978
8902414
8609084
9788510
9933298
8704248
6881234
8686990
9490256
9674176
11021368
8218200
12139116
7305612
10898244
9892260
6727910
11540628
9947314
9231544
7593502
10011522
8925154
6915706
11435072
6975984
7113768
7839348
10436158
11172146
10495810
8500420
7757374
8106056
7527740
10038484
10623790
10532844
7356906
8099834
10794288
8757040
8651532
9381438
9864904
7936504
12205802
8915000
11148484
10503054
7478836
7485010
7682684
7967284
7117786
7159014
10446396
7636478
7154568
6998974
9520398
8583758
9009262
7253684
11019438
11859852
7998936
9261370
10323874
7881034
10470700
7141130
7137012
12055818
9466820
7431056
8943076
11333712
7393974
7519094
7996378
10740284
11015336
9744744
9380594
6788160
10179698
8397842
11407250
8184302
10858952
12925388
9101052
12720600
8813192
7703092
8210978
10485080
7829520
9389986
9781022
11279418
7287306
8140078
10176684
7285980
10116132
8054176
11016490
11083180
10263386
7756132
10823572
8337898
7107066
8500630
10321746
9523048
8865888
8557404
7646102
7486160
6705794
8528558
7751748
7238228
7503992
6763962
9928920
11281322
13096940
12680584
10652512
8783392
10667202
8523550
8742242
9082784
9149800
7641426
10652350
7773648
10357368
7026124
8975740
7682728
9651634
9787874
10368404
10604756
9701442
9858836
7445938
9841548
11018516
9090534
10746346
9533526
9931170
9257978
9912848
9209454
9065454
7085126
8044668
8275144
10502154
7975152
12615550
9734728
8882732
10270866
10062142
11004116
8639366
9969642
11935920
8042210
10219828
7138288
7449348
8667210
8951292
9566120
9178202
6690414
10460690
9680970
11316556
8620522
7654316
9028140
7998296
8496354
8144478
11272782
6799250
8309254
10085280
10207704
7084068
8845708
10298188
11729582
11719302
7815332
8417178
9050644
9105188
8362270
9864332
10404454
7798966
11806900
10154352
11191206
11736362
7871336
10837080
10132578
12073378
8627598
6824822
9977966
10679594
8412092
7157578
7273842
9178530
7585472
8461596
8903594
8264054
10755194
7711674
10823282
12652776
7364140
11317420
7404780
9219892
7075592
9579072
10059332
11977824
7572168
8783952
12054910
11488716
10313834
11050290
8336468
7183396
7520312
9351514
7320228
9777688
6854396
6962296
8246446
7502336
10457342
8739646
10526190
9338470
7826182
6796052
10443662
8656230
10628438
7826354
8135302
11425530
12880132
11143302
10551736
9896042
11829502
11916966
11872358
10769702
12054388
10246018
10405102
9393596
6930622
9118500
11867638
10176220
10631670
7894548
7376424
6914182
10964936
10876286
10233954
7068456
9266438
7790914
11621056
10030146
10298324
7257148
8131240
9229498
9224796
8972960
7168512
7357494
12689556
10424946
7660294
10666778
7836136
9856790
7548898
9855258
10360398
12424230
8050610
9258998
10311470
9392134
9988216
11874114
11003160
10139978
9472474
11436126
7638044
10058546
7281160
9590394
8767768
6712592
7744974
8524892
6659874
8812536
7379824
10534142
11301892
8335030
8649760
6992884
7405472
12274232
9236200
8093018
9641854
10010480
11220936
8508150
12037772
9864098
12336516
9048314
9769780
6710320
10586800
7188802
9827082
7506228
10752282
10267838
12552918
7873524
9635184
7844584
13083612
10834654
10150810
10009656
7806232
9417244
12450610
9769546
8545910
11800194
7979692
10510452
9948230
9481936
10070240
7385628
7581180
10142582
10095460
9531198
8396498
10394384
8837796
11780052
10658408
10252368
7130336
8329304
8847820
9485546
12688388
11307144
7869420
9560144
10741306
7882598
8923678
7250388
10561786
10911134
10888248
11346108
9764806
9412702
7183778
9379120
6916936
10190054
9399966
10634808
10875976
6889052
13035478
8368680
8863554
7501264
8334704
12033366
9494996
11040080
7853670
10550666
9925598
8116358
10822124
9648424
11551550
7021716
7816712
6899334
7036984
7926296
10942958
9769598
7748304
8914284
7912842
7256132
10472556
7893912
11586522
10946940
8353168
7611208
9494388
10000032
6823414
7993510
7810514
9519716
7731222
8937740
11102794
9275580
8663028
8204704
7905492
10636428
10896606
11042984
7259260
10847686
7562554
6995886
8469962
8464360
12064194
8498614
8187158
11224784
8648890
9058660
8753144
9085558
12587082
9718964
7516718
7178238
7663514
8258474
10873064
7105908
7059134
8299300
10887496
8130812
10403464
7436696
7441926
7044150
10348146
7756930
9089706
9141136
11288934
12408328
7227994
11224782
8843358
8261416
9090128
10904266
9443440
8910148
8360712
8910648
7604956
11332416
11316050
7207800
12394586
10297116
10039932
9939144
9773086
10044080
8832904
9347188
10784880
10747324
9625562
10599876
9120438
8985074
6945812
12512802
10064546
10517822
8286050
9382470
10306788
10281434
11129290
10403016
6720014
9286880
9932456
12291114
9340418
10933584
11496070
7745682
11267090
11071622
12599980
10471830
7997218
9985772
12262110
7470168
9686944
9398936
10368268
9400092
12639024
10996878
7921532
9973002
8444178
9635828
8395006
12125534
9422426
9875192
6740202
7421678
6945638
9255692
8951208
10106670
9433968
9610416
11293940
10799078
11587408
11799990
6740516
8996766
9783626
10088996
9900758
7593444
10300944
7765932
8646274
12207854
7041652
11392804
10679178
6739538
10708236
9379568
11299058
9106108
11055226
10667998
7107520
10361682
7843392
11302570
13113380
9802180
8421426
7869084
8600670
11104180
7274956
8042420
10097858
7460808
7079574
7594546
7358438
6809338
7128798
8725700
8912278
8789394
8837198
7153104
8688100
7636910
6957010
7999776
9721984
6679556
8941012
7609862
9732272
10426030
8734930
10375490
11306108
7103126
12435240
7375736
11202342
6817014
6860436
9364352
8145040
10074652
10331960
10095296
8636590
8959804
7447622
6901148
11435988
11355148
7059172
7472468
7457594
9935046
10264728
11029540
7901216
8847632
7663992
9489436
6910604
11487796
9474088
10256094
9007462
10795384
9581868
9883338
7857826
8323908
10236978
12011328
7914516
7552316
6894192
8416584
8559496
7542102
10280458
6878568
10518788
10124300
9822740
12598986
6957296
8411254
9800830
8144330
6885634
6822158
6986952
12935926
10434592
11831180
7650048
9369840
9379096
9690008
9833402
7297798
7764612
8754672
7976740
6766648
8768106
11033412
11100624
8497160
10646154
10680698
11032032
10013860
7270732
8811966
