1063068
860252
1046670
1083310
1150662
1176618
936020
867638
843480
1040800
676370
861044
1075660
711558
786544
875618
805282
1008010
1065248
916582
704922
737760
1061090
694212
954720
981888
681058
1004412
927522
1016060
935500
845586
850022
1048560
785282
896104
855830
1114072
871598
855020
823872
773042
674918
917190
790158
731260
679840
713234
889120
771470
816940
980180
997580
1029900
924000
871628
1104312
976730
673724
1053000
871030
919840
800520
997660
1214764
780770
1107190
937620
844972
1012598
845870
738082
808610
739692
681320
894622
746868
1086960
1284920
1138920
1090080
1086960
1214764
806172
990232
1076780
880672
853306
980570
826592
694212
1039782
1094428
1010176
948510
966280
776970
823106
940442
745278
1089182
1155338
1021820
1036750
670640
1073382
1029860
1090810
886190
1233410
804040
788208
1052340
933918
1079798
689560
1081506
1059330
834682
896328
966968
1126038
712220
1033658
730132
1224138
966128
951134
784490
767062
1108638
1100360
762876
902212
959642
966590
877330
699522
906622
721448
877410
942750
981710
677162
1041922
831244
1254360
730882
1127960
1057758
1026672
1007250
1021500
963692
740980
754360
742590
834624
1054950
738726
823590
1210382
911528
1083938
704832
1190652
729242
904498
1132612
1022562
959642
868702
1138222
1241490
819210
1258256
729242
1071432
994978
819990
852568
759270
1163720
1171410
814530
879590
1007250
1034920
864940
776970
706652
972730
690940
684130
926468
923330
692442
682772
1024312
727430
1007290
983702
844972
944250
1225320
853200
1152206
1196670
766608
1016108
971678
793614
815388
1100314
930228
1021820
1026672
976722
917390
1146752
950658
996700
681058
1000402
1195102
790120
1114072
866736
807928
1083310
712350
728450
1157698
746110
1243938
1171164
850558
1117734
961130
983170
915250
1004626
1145580
947448
805380
826410
699522
1004330
783120
1040800
833742
958988
891740
823968
1120170
1107348
814480
727460
693150
675292
1016848
879950
908770
1147160
1079522
935500
1000500
669060
766820
744960
867898
834682
1060708
1068468
845912
979030
919750
806172
800872
922132
897766
1187950
1144688
687930
835458
1046202
1006490
924140
823968
756408
946750
939458
1061182
823180
1060708
1032720
915240
875618
1088500
891460
897766
987750
877592
906022
1078078
893972
1046460
697398
962700
687980
1005292
786544
1156130
689560
713918
960088
901450
667492
960250
976888
667890
1075850
1198998
937862
1110878
857720
1024938
974038
925308
1186000
938592
1021500
761270
930228
983600
737728
1053000
755618
1051910
996560
768990
1039508
1081882
1090080
682888
1138920
1025104
982788
821410
688378
742618
986404
927110
810068
848378
965250
1068468
730810
1225320
906022
1020430
1029900
687930
987080
748502
862612
1027720
1061090
1057460
971882
795580
1027770
906022
862980
930186
712220
1076084
826178
909832
671022
755618
802930
1100192
892608
674918
891122
1171164
994000
855830
828542
729280
1128002
1077870
850558
715850
912750
1034914
1008010
677620
785948
916582
884080
711150
810130
786544
731860
868012
710090
821410
1034152
1227270
952492
1043848
1214764
886030
777806
1120170
1116942
716246
855020
820778
777202
921780
1010798
1125168
694266
1021276
690940
942770
773202
960250
719110
915970
957080
937852
974038
1114230
846662
1047078
829978
901450
848410
842202
1194310
903070
1055188
1098792
854132
964640
892608
1065378
756310
1112970
1163228
1024312
1034218
702000
937620
775218
886190
740010
1046460
1025030
751638
1121630
834682
676370
800520
1106418
703950
869870
760548
727460
805380
674858
920500
697162
724330
682888
873490
1293420
867500
836280
1233730
1145978
1174760
1171164
915240
994670
753178
891740
763410
785448
725480
1015666
890248
947448
757188
1054548
771512
1006180
935500
966280
1122512
1114072
1273470
808390
1182506
677620
896330
1075850
919892
955500
737728
1029860
870032
1016848
1081610
845090
802470
1042438
927358
928752
700818
1189172
724330
994000
1100192
1004412
800872
732838
769748
853630
1010176
995640
835980
851940
894622
976960
955418
865640
784490
928752
881328
684352
1079250
831244
1178760
1076110
1152206
845912
1041922
1160026
787438
1030600
1061500
1012598
1113170
1100090
963510
1021820
839680
734528
899472
1091142
1086960
965250
742480
857720
1126956
679840
976888
684492
1266942
972470
1076052
1065570
1119302
795580
1007918
690078
873732
966660
727430
954720
1165330
975410
715600
1150620
731208
861942
939550
966280
1016108
1051552
976960
1117734
818418
738584
1294212
1157862
1264992
834624
1085772
1157698
886190
829512
1121176
1207558
1224138
1073382
747710
981888
1034800
1094232
1273470
989380
796832
813958
814480
978980
1010634
1039452
867638
1104312
977420
1073064
987300
1021500
891122
817630
742978
1225532
802470
868702
1117734
773202
979438
1075020
1095322
1021180
979438
834624
1119302
720492
1303706
816940
861942
953990
998846
1070110
1094092
685390
1122852
1106756
986404
1006490
1018612
711558
745914
708018
1077870
1003960
900688
881532
1114230
959408
752250
1017512
774878
1184818
1042390
1255928
744960
731208
911720
1169780
1089068
799108
1065570
1125168
963060
888732
825012
869080
678730
1118962
862612
776400
800520
1061258
844972
696950
927488
907562
959642
829512
997580
853200
695628
1081988
894936
864940
986834
932350
1018564
706670
913500
966280
675292
999260
1108928
1066820
776900
908770
1008010
876324
1091606
904124
783242
994670
1046670
787772
1037748
963030
861942
763410
830430
962700
1053950
1109560
849080
839680
719110
1041708
1021276
752250
734528
718108
1121630
1233410
686302
677990
769764
1057460
862352
994670
928354
999160
976000
817630
1092570
902212
1015268
693150
949642
713234
782222
917416
1117734
862578
834280
954028
682772
1048560
914058
842270
1140208
1044750
693300
952492
1011178
1000400
1001110
995640
1108928
981560
1082682
1048770
777806
1157340
1054950
854488
983702
1013950
1126778
806172
878902
976366
898008
776970
1284920
924140
817090
892750
952492
871030
1283738
964160
1263810
740010
1129910
739692
929250
1129910
1010798
849252
1054548
733138
1253568
1017352
760620
838840
859070
957080
1169820
1100530
943616
1198248
756408
1254360
1255928
835980
873490
879950
724388
917452
671022
900942
942702
939000
700100
1082682
748812
925062
775218
1004330
746776
845912
929250
1028042
1168462
1174602
1152132
1323300
1068468
1024312
781552
780770
1065248
1110392
1032078
677990
1000880
1116942
765112
936132
873490
911528
1163098
1003472
899472
1129910
1169780
823968
712350
1179448
889138
678260
898168
889138
771470
669458
871628
1243938
814102
900688
841574
972470
1024810
937852
1055242
1113170
1020430
1126778
912962
907562
793614
1069558
1156130
834068
1018050
1088898
707696
1034914
898008
740010
724660
902218
1016108
1032720
988940
932250
887420
1100314
723118
1131588
678658
1018564
812768
1090080
925800
826660
790490
1016270
1169780
758188
1189172
1065378
701808
688288
706400
1105760
843702
1081610
1055910
1007290
1131720
862580
945842
983238
724388
808894
1068268
685390
1051420
992958
738726
993622
1138222
704922
942770
1047410
892608
856598
1122512
834490
1003960
1039452
687750
904498
1010220
910518
1034920
882500
1021500
970532
1150620
788630
1213972
970010
762450
787772
938082
844972
1127960
706670
944122
1127960
862578
864740
877148
769370
1100530
870032
1184818
700100
897766
1126956
1245120
1196040
914658
989842
730810
1063112
995640
707620
804330
785448
1122852
983600
1313402
849080
972730
762170
1245120
670640
886790
855830
776900
1189172
859088
829402
981560
854132
750070
754362
1136060
1010220
1033362
1205870
695448
1094732
878116
1087876
958988
1013962
1217856
849080
950930
997660
1143820
883598
1032720
1074648
1016170
1094428
723118
1081988
1092570
937620
1007290
993622
738726
760310
678658
713918
983238
753864
980570
713852
966128
861044
815270
975410
773042
1236090
677162
856640
700100
1150620
738082
862578
879950
877410
1024162
792320
989842
1107190
768990
1183622
917416
877170
1195102
1011178
1083122
850558
966590
1254360
839100
1072382
1057652
1053000
1075850
720112
1000402
813958
714248
862578
823872
919750
894936
1217856
791908
711150
800582
796378
989380
862980
768758
1001110
1033618
1069558
724330
942750
941298
1016108
1136060
954154
778350
712350
816532
991300
1050580
792860
926538
1114230
1036572
1081506
1107192
927358
904124
886762
991300
923802
1121176
828542
1184420
1114230
689560
950930
759270
722060
788520
788208
794698
1104420
829978
1114072
987300
996560
1008010
840320
867170
757188
825282
881260
693150
1058010
1147620
950892
834280
1083680
998846
1100314
1112970
930186
1003960
894298
1094970
1097060
1039508
1072382
704040
848410
779920
1125168
1062840
964640
777360
1131588
925800
836570
761240
1110392
702000
1041708
912750
840320
839138
1166512
1024938
1126956
1017352
1149110
799108
857720
1018612
1099590
817962
712220
1047078
917390
1021276
862980
1163720
998846
911720
1008850
1126778
781052
946332
1061090
867638
759012
870032
1146752
857430
796832
902212
834624
1264992
817972
813672
981560
894298
1037748
787772
1182506
762170
947448
1083680
1063670
949642
799338
759270
748502
788208
912118
808610
1087010
758188
899472
1032292
1176042
971882
979030
831920
908770
1076052
804040
1082370
1045730
948510
1019218
1117018
1054020
678658
1034914
1155250
904124
877330
757188
670640
976722
941250
839100
1151812
834490
1034800
738082
804910
898168
939458
1061258
1084940
1007860
800872
971882
940040
1102688
859088
1077018
963458
1146752
780760
839698
1062288
1294212
1079522
891740
813320
681790
974646
976000
891040
859070
731260
1024162
940040
878902
894298
752250
735772
970792
993628
1021180
859338
1011178
836608
838740
896328
1055242
950420
793510
674858
1046460
678658
674918
976366
827820
742618
1131720
964950
1034920
1042438
1125168
1047048
815270
1098792
839680
817962
1109560
891122
950420
834280
875618
981752
755618
1184818
869080
947448
1005148
794698
784490
1126038
1003472
1029000
1083680
693868
732838
946750
686302
807928
752780
815388
1029000
1119280
1294212
712350
850558
761270
918000
1094092
812138
805318
1221732
919892
1005292
976960
853200
676370
805172
1054020
931950
773202
1102328
1183622
763930
967128
1010220
804330
731860
746110
684492
729280
976960
862352
1083938
987300
825410
694266
680692
1070110
759072
823968
1224138
1029096
1079798
852568
1207558
711800
737792
1254360
692088
1144688
756310
856640
1062288
1061500
1070110
687750
668280
1163098
847992
1042438
939458
818418
783120
738082
859088
834490
925308
892750
938874
795182
687750
867170
1128002
1122852
1049610
962480
1025030
1143820
748812
686182
941250
781052
1070250
983170
960250
1010634
836280
839628
738726
670230
1058010
1136050
799108
937620
922572
776900
999260
1083680
1024014
1013962
1065396
1100192
962480
782222
1143820
853200
829402
722060
852908
933318
712558
733570
1025030
1016108
886762
800456
991118
701462
752398
813320
989732
1016170
1147160
886790
1070250
752398
1063112
1164270
942702
900942
1017910
1151812
980172
673724
849080
691732
732948
1053950
831486
958988
896330
1037748
1038070
857430
1047720
889120
964862
1008622
1020968
1089068
1273470
1177120
942750
937862
1077120
794698
742978
776900
707012
1032292
1053950
1166512
760548
1029096
836608
1076456
695448
749730
833742
1057460
1254360
964640
1071432
775218
918000
941250
721448
845090
1005398
907800
993522
1061052
927358
1004330
1156130
759270
1041708
1048770
882898
1076052
1036750
1087010
1243540
967128
792320
1000880
740152
873490
755470
1149110
1061052
959408
966590
869870
938874
944250
838840
728450
821410
991118
755470
959362
696600
862612
1160026
1051264
1110878
936132
1001110
916582
1045592
1166512
989380
876324
998368
775218
954582
1027770
1036572
1138222
1202070
960250
963692
1107192
960250
758980
938874
1121176
778712
933318
669458
704040
942770
786544
1071432
813672
701850
973988
720492
704040
938082
1101628
756408
682888
827820
682888
1057652
1082682
773898
752792
861942
1132612
1072268
805282
1033362
807740
752478
704922
948948
1028042
1247070
691732
683170
906622
1076052
1065248
955930
794992
1225532
1075850
1284920
697954
956496
760548
1195102
785448
844542
919750
1047720
865640
962700
990910
1177120
1236090
935232
770288
960250
886610
1047078
1096278
853200
779920
1003472
900688
1081610
732948
841574
1128502
706400
827820
753864
785448
1102328
1088898
1133014
1021500
857430
922572
671786
870032
964640
823106
769764
700818
808390
824436
687750
1078078
1131602
1157340
875050
724388
731860
804330
992958
980180
1238418
842202
715600
708728
787438
1029096
677620
810068
1054548
1194090
1071660
990910
857720
678730
692088
1132612
1157862
891460
764960
993522
736478
928752
955930
865640
774260
976960
669072
998368
1205608
974646
786544
1152206
1043848
1069852
1034218
1146752
1214764
1004182
1081610
926538
671022
989380
976730
944122
1086360
731260
845586
970010
823106
917452
729242
933340
842270
986404
957084
1045730
1182506
748502
813672
725480
901450
1054950
1097060
988440
816940
1266942
887420
868012
943616
1050150
825410
758188
778712
805172
1091142
1122852
851940
1156842
954582
670230
869870
976722
956496
698700
963510
1119280
780770
976888
866308
917190
1033172
688378
978980
796832
1313402
820778
1027720
814102
927358
745552
1032298
1138920
1169820
1194310
1016170
1124702
768452
946332
1086360
1077018
697398
669458
738584
875618
817972
973988
964950
1125840
748502
805318
799338
1164270
767062
1017352
788648
913500
790120
890248
787438
828542
959362
1213972
679840
703538
1213972
1087876
670230
1216332
764960
696950
999160
902218
944122
724388
1102328
1165330
836608
1078078
997660
966968
1042390
1054950
1133014
804330
891040
796298
823590
921750
890248
788648
1055242
820778
732838
690940
679840
690940
1032078
1062840
1094092
745278
971802
1159408
867898
891740
1016270
845090
988440
896330
771570
742590
704040
1140208
779468
932250
981888
1166898
1205608
728450
1118270
1264992
1016270
1016270
1221732
1108928
918000
1114710
1078078
964640
1065396
696950
674918
1090080
805172
946658
813958
1082370
677990
724660
853306
983170
1097060
848410
1021820
677162
811740
949790
1057460
1040210
710090
805318
972078
911528
719700
733138
1010634
1126380
980570
726310
938082
821452
1160026
1147620
813140
671786
866308
771512
914058
1155250
750070
687980
1029000
1094970
703538
953990
999160
894936
746868
866736
1000500
840320
862980
1035872
697650
783120
899472
859070
979030
943060
1032072
937852
970010
729242
970532
1196040
924140
1264992
1198248
1076456
812138
1091606
847992
785650
1017352
768758
754362
771570
769764
792822
704832
1033658
917390
992492
670230
972470
994978
958518
1011952
996700
960088
938082
746776
790158
1109460
699522
1124702
1100314
931168
963458
686302
927522
909004
1011920
883370
1040800
1055188
819678
951134
941298
1112970
883598
866840
960088
852138
944122
924000
1034800
977420
737760
1057758
699522
740980
1074648
1080042
1084940
1007860
905908
957084
906320
784490
917452
830430
981888
1138222
704922
697398
753420
1243938
883370
1117734
1088760
1018798
973988
669072
904840
1033658
1035288
923802
902218
875050
908190
768452
1046670
1051910
696600
813140
1070322
963030
890428
1051552
1011408
909832
749352
1080092
736210
867638
746110
804382
731208
929540
1033172
773202
960250
1073064
1184420
825410
886762
994000
1313402
1076780
815270
685390
901172
752792
889138
903228
1022488
689004
779468
980180
1213972
981888
974038
800520
819210
1022488
1186320
1323300
1024810
768452
1039782
1274262
1058010
1088760
1107192
1323300
1090810
909832
937852
848410
1136050
1273470
1052608
724298
668280
912118
954720
914658
1035288
1218660
1039452
1032292
1084940
684130
854488
839698
882810
1018128
1113580
720112
1086360
875618
690940
940442
796298
956496
740152
1057758
813672
914250
730132
691732
970500
700818
941298
947448
1126038
1006490
944396
1283340
864940
691732
987300
907562
1081610
992492
853630
697162
702000
706670
984752
1044070
962480
1099590
839100
713852
1122512
884080
843702
1152132
1004412
1013950
1000400
717290
1210382
815270
687980
933340
953592
867150
1085772
1198998
975410
881532
1058032
1005012
785448
674858
949642
968372
697954
1203110
916500
871812
916582
1075020
755618
769370
855020
783120
686182
715452
932250
748140
927110
1080092
1090810
903070
998862
742978
727430
937900
790158
1089068
932998
798940
750070
855474
1015666
1061670
731208
1026672
845870
849080
1133358
859088
1081512
693300
800582
1098170
1037748
894622
1079798
1194310
1033618
887420
1196670
1063690
906022
973988
1046670
1019218
788520
762876
1274262
760548
799060
1163720
737792
1186000
707696
1118270
938592
762450
845870
1045592
719318
780770
1155338
986834
1022562
873490
892750
727460
746776
882898
1224138
765948
892750
900688
990458
1109460
734142
950658
1058032
814480
1144110
996560
771570
933340
785356
1026672
1034914
1024014
706670
1195102
845912
1131588
713234
837960
1227270
912750
989842
797638
819990
694266
746776
906022
744160
974646
859140
1065396
788208
976888
1062288
1021180
1155250
855290
739180
685216
913660
730882
1194310
793994
788630
1129910
684492
1088542
1205608
685390
795182
1030600
855290
886790
790490
794992
855020
785650
949642
729242
848230
777202
993622
998368
984752
1045592
1011952
1083122
796298
1059330
758188
971882
730132
676370
770288
879738
1131720
780760
1002662
1100360
985010
889138
919840
921902
784490
806940
951134
712558
1018050
848230
745552
804910
982788
928354
948510
1091142
939000
871628
711558
707012
843702
1087010
681790
978110
956496
681320
1125840
1229972
923330
762876
939458
1128502
763782
703950
832712
761240
744522
680528
868702
881260
769370
1064820
742580
921780
819678
747710
945842
1194090
1087876
730810
1190832
856438
1078880
1138420
1080042
894622
739180
723900
1241490
735772
888880
1098000
976328
742590
725122
1032072
812160
848230
1066820
1032292
1174602
1018050
925308
891740
937900
898008
1094970
955512
835458
1053950
817962
821452
1196670
1126380
774878
1016170
925800
702000
1032298
783242
671022
925308
684492
768990
1024312
1024014
829978
691510
702500
1225532
976960
940040
1263412
1020090
817962
931950
1088542
1019218
790120
867898
1224138
924000
1147620
844972
881260
723118
935500
1057460
1061258
943060
1032292
953592
983238
843480
1166898
897892
1042438
912962
844542
1100192
1008622
690940
996700
1092030
904498
908190
914658
706670
687750
734528
756408
1294212
676040
710090
1157862
1039508
1104312
1081988
933318
1127960
816940
954154
1054548
1122512
978110
1000500
983600
889120
1195102
739692
892608
812768
1051818
815388
968984
738726
1146752
786628
849252
831244
708728
1050580
685216
769748
1264992
748812
976366
924140
921780
991588
1101628
994000
1076456
933918
702000
1058032
826660
780770
877148
927522
805282
758980
1202070
786544
1076456
942702
805780
720112
1233730
1070110
1048770
677162
964640
1005148
1194090
758980
1166512
1088542
763410
857430
1138420
787026
1061258
1052340
839628
825012
778350
883598
796462
759012
1033958
981888
1000880
723118
1086220
938082
889654
841574
813958
715850
924000
1241490
1110878
1055910
691510
727460
983702
1025030
669072
1076780
987300
852568
697650
700100
873732
983702
1128002
881260
773042
987300
724660
1131602
1217856
848378
752478
914658
725320
678260
805172
906320
1147620
1076110
1063068
779468
1007918
1138920
804910
1047558
1126038
696600
908770
1145070
823872
871598
781052
1245120
963510
1136852
1017512
933318
1263810
715850
952800
1083310
926468
1088542
752478
951848
1000500
1016848
1000402
1136060
777202
678730
993628
1041922
725480
966280
917390
766820
927488
1081988
1037692
991588
854488
737792
742978
861942
1017352
891122
826178
1078590
950420
969292
1039452
855474
950930
896104
928354
1060320
765948
769210
839138
1136852
1011952
1004412
891460
976328
947840
995282
745914
1046202
786628
793614
957080
966660
936132
962480
795182
771570
862980
875842
1068510
724298
1094428
1072738
906740
1175552
1047720
730810
1131720
691510
917416
1088500
1150662
1091606
1032072
1108638
1047090
817090
1096278
1233730
900490
832712
1033220
1145978
1213972
1076084
1028042
1103322
1003812
702000
871030
972730
971678
1024810
1040384
999160
1058032
810868
957084
763782
833742
948478
994000
944122
1149110
1033958
819990
783242
1029000
708728
1021180
828542
794698
1198248
739692
718982
819210
1196040
761270
928752
724660
922132
680692
850558
1024810
745914
889120
1032720
793510
773202
707012
953592
974038
1303308
825568
1254360
1136450
691732
900942
898290
1021180
729242
932998
1175552
1150620
697650
846300
806172
1018612
718108
954154
1120170
905908
843798
886190
929540
764960
978980
1217856
1018128
802040
706670
1121630
783120
886610
799108
1021820
1047090
792860
1151812
1171410
1011408
1055910
808894
700818
749352
981710
718108
1052608
752792
777020
879590
842202
799108
965250
1145978
976000
752792
867638
1112740
983238
929788
835458
1166898
901422
676040
857430
671388
1100090
1113170
672932
1004626
700100
1176042
878902
879590
1071432
936020
991538
1179448
1323300
998846
1198248
678658
798940
879738
1128502
742590
1236090
1010798
1136450
938592
667890
939550
763410
744522
1024312
717290
963510
928752
1090080
1253568
1176618
1186000
1243938
932350
683170
868012
856438
749352
1061052
1218660
1126038
702000
901172
1190652
979030
866840
953592
774878
1106418
811740
1264992
946658
875050
797638
955930
900942
1034218
967128
765948
998368
1004626
1101628
1070560
821410
756408
991910
1005292
1042438
1074648
1136852
1129910
687980
1018612
901450
1198248
1032292
717032
978902
807740
1198998
1164270
747710
750070
878012
974038
1054548
719318
1029860
744522
1035872
1025104
749730
678658
1177120
821680
966128
715452
856438
898290
971678
671022
685216
913000
1037692
692442
1022660
1059330
933340
994978
1094092
942770
1163098
1001110
1060708
1112740
982788
805380
1182506
866042
1034218
1091606
1074648
929788
686302
912118
1061052
719700
944250
892170
1075850
1241490
872840
994978
937620
1119302
839628
1028878
781430
901172
751638
1053000
1204426
677990
740152
721684
761240
1099590
981752
1077120
823180
1204028
1040210
1102688
1060320
1190832
1183622
980172
990910
869202
983238
958518
788630
746110
773042
1147160
1060126
951000
1064820
1096278
852568
763410
869080
988940
692088
717290
859140
1084940
808610
1004182
766820
719110
679840
924140
787026
1042390
1027720
1128002
958988
1178760
941250
903070
1063670
1057460
1303706
751638
774820
925800
810130
1011178
717290
706400
1041708
845870
676040
749730
939072
718442
1131720
918000
1037692
697162
815388
813320
859140
884080
966660
804330
823872
810068
966128
1048770
997978
942750
869202
1037926
959362
839628
1075020
961130
739180
978980
972078
758980
711150
826410
759072
1196670
1041708
763532
715850
944396
887420
1016108
946260
1186000
979438
1132612
1090810
1096278
909832
704040
978902
712220
1274262
1044750
1020430
671786
976730
1063068
1045592
897962
979002
861044
1092030
901450
1045592
991118
832548
761240
1238418
693868
1092030
1140208
821452
929250
1107190
773042
1169820
766820
1028878
816532
683170
983600
937852
683170
1070250
742480
947840
684492
1125168
836280
781052
712350
947840
983170
738584
1138420
1072382
1068672
1037692
799338
1136050
671786
1011920
1063670
1001110
939072
884080
737760
981750
715600
962480
1007282
996560
1079798
1202070
1047720
1042438
688288
765112
1164270
711150
753420
871030
891740
962700
1293420
917416
695628
717290
845586
1034152
788520
966128
848230
728450
855290
965798
877170
954028
810868
821410
804382
756310
676040
988940
919892
875618
1008010
1034920
978902
677990
1082370
1050150
774260
931168
1187950
826178
1083938
833790
961130
865640
964160
759270
1145070
935232
1196040
819990
834068
937620
1253568
1063682
1217856
1168462
871812
963458
871598
855474
866308
687930
778712
820778
875842
768758
877148
833790
984752
698700
1117734
1063670
753420
1081506
1178760
1099590
853630
1157698
708722
877170
851940
938082
768452
1163098
757188
1102328
966280
1058032
970532
765112
1171164
1070322
864740
950930
1065232
779468
1007918
1005398
1061182
1033958
792822
802930
950658
876080
1061670
1160026
707696
906022
981888
912962
1051480
980180
999260
952492
681058
754362
1108928
901450
742978
891740
869870
966660
937620
990458
719110
949790
740010
826178
845586
925800
1137810
762170
1144688
936132
1061258
819990
730132
905908
1083310
891740
937862
745914
878902
951000
1086220
817630
919750
854132
694212
931950
923968
764960
817090
1027720
1121176
866308
931368
1051264
878012
802930
685390
1063690
1108638
898008
1068468
1015268
1190832
966660
1011952
703538
1238418
671022
746776
900942
666700
833742
1003960
796378
969292
706652
1133014
724388
1145070
1175552
999160
1018612
1040210
915250
894936
1103322
1052340
1024162
1018128
908190
1092570
1127960
1063112
673724
793994
976328
1098170
835458
1243540
1013962
1241490
925308
1284920
926500
1029000
1198998
763930
1033658
1119302
1061670
1064142
781552
681320
806940
1010176
949642
810130
866840
1184818
1166512
1081512
1094428
878116
906622
1053950
1084940
779920
692088
1005148
785282
960088
1033220
893972
1018128
1104312
1171164
1125840
703950
1017910
981710
761270
729280
958988
921780
790490
853200
1136450
834068
1114230
1013950
912358
693300
1021276
992492
1022488
1021276
1063682
978902
781052
736210
718982
926500
788520
1008010
1079522
845870
931950
1144688
963030
963692
720492
1004330
1055188
1055188
816532
1063112
806172
1033958
786628
1150620
1114072
976960
999260
797638
839138
873038
859088
1108928
1229972
1114710
1174760
777020
1075020
1048560
882810
1156130
807740
947840
1089182
727630
890248
904840
878116
846662
947448
889138
745278
1061052
695628
976366
1014250
857430
812160
872840
823180
1143820
718442
923330
862612
794698
704922
808390
1011408
667098
1021276
669458
1194090
882500
1109560
884080
1046202
886762
1051480
1046202
742580
1121630
939550
943060
769748
1005398
1034920
768758
1132612
1121630
855020
1249772
1045730
955512
849252
1117018
1189172
856640
826542
1005398
711558
846662
1030600
966660
932250
833742
722060
684130
1204028
981710
1025030
1016170
704832
703950
995282
808894
785356
877410
909832
727630
886190
834490
989380
852138
759012
1094970
926538
994978
927358
900490
737728
1157698
986834
720492
1018050
1011408
985010
1150662
771470
878116
1054020
877410
681320
946658
1164932
1077120
1097060
1051818
763410
1214764
1071660
701850
939000
1086220
1068468
790490
1103322
1091142
1100530
1083122
805282
1082682
971678
985010
1100192
987300
992492
1069852
1100090
877330
1075660
899472
692442
896328
1022488
1057460
1033958
930228
777020
1100314
1107190
695448
906022
684352
1021500
972470
1190652
1098170
802040
1072738
1094232
1083938
697650
746110
722060
696600
1037692
1089182
1062840
866736
1079522
1068510
804040
812160
976722
1107746
670230
1133014
1073382
864940
825410
677620
979002
1047048
850022
754360
834624
937900
899472
844268
926468
869080
978980
892608
1065248
859070
869202
1062288
745552
981750
883370
1060320
736478
1169780
1092030
856438
829402
1102688
886030
891040
1234522
1114710
704922
941250
774260
976730
1091142
763532
951848
792320
754360
790158
714248
1033362
842270
783242
963060
959408
1046140
887420
847992
802930
1040210
923968
978110
1177120
1159408
864940
1157340
898290
939550
1000880
788648
819210
829512
760310
1118962
933318
1150662
752780
756310
997978
800582
1182520
955512
931368
892170
871030
950420
746776
1076052
1108928
846662
957080
834490
1195102
673724
1063682
985010
1016060
974038
1065570
768452
1007860
832712
762170
1065248
1010798
1189172
971802
1090560
1073382
1011920
1126956
1002662
776400
710090
871628
1086360
1046140
1131602
762876
1204426
1138222
960088
1136852
1234522
962480
821452
1008850
693300
1165330
1284920
917190
987750
1171410
951848
819678
1202070
1052340
761240
1110392
788630
1159408
983170
1182520
1032072
1105760
1057460
904840
707012
1284920
947448
769370
955500
734528
962700
941250
877330
709200
769210
1076456
826660
931368
808390
1037926
1027270
968984
769764
1034218
810868
667098
1057758
1114072
912962
949642
1076084
853630
938874
765112
1080042
1144110
954582
901172
802470
903228
667890
892170
975410
915970
1003472
1070322
787772
1216332
1029096
878012
1004330
1125168
970500
873038
866042
978110
891040
1283738
866042
796462
909004
1010798
700818
1047410
768758
1068468
733570
708018
972470
854488
842202
1082370
927358
1258256
836608
915970
1051818
988440
674918
777360
991910
1163228
1022488
930186
1042438
687930
1028878
824436
871812
831920
1005148
1077062
1058010
876324
901808
712220
755618
991300
916582
1065378
1144688
877170
953592
768758
813958
826592
723118
875618
860690
1253568
1101628
808894
1028878
750070
884666
828542
921780
712558
1061052
819210
1044070
879738
1097060
880672
1007282
927110
915240
670640
777202
688288
1024938
1104420
694212
697162
995640
859070
1258256
919840
986404
766820
695628
1109460
1066820
709200
914658
859088
998368
796832
866736
1022660
1014250
733138
712220
946332
876324
1050870
991910
1071432
955500
976000
672968
1076780
762170
1010798
717032
745914
815388
813140
1103322
1043848
1070250
792822
966128
771470
1035872
1058010
942770
917416
971678
1163228
1024014
1066820
877410
1146752
771570
740980
770002
713234
735772
821680
866840
894298
742480
774260
1068468
806172
755470
1225320
1113580
1062840
940040
1046460
882832
1109560
1178760
1012598
755618
815270
904498
699522
814102
923968
1007250
963030
857430
1155338
882810
1011178
810130
829512
1068672
1090560
707696
959362
790158
976328
932998
1073382
804910
810868
1078880
1047410
989842
832548
1042890
846662
788208
1000500
869870
1080042
757188
1245120
900490
702500
951000
744160
742590
976366
1007250
915970
1054548
927522
1131588
1018798
988028
948478
1022562
764960
793510
875050
855290
733138
923968
894936
900688
1225532
920500
932350
788630
668280
805318
820778
1077870
777020
797510
1090560
966128
1049610
716246
983600
1051552
1241490
682772
996560
1035872
930228
1168462
785948
928354
730810
928354
1109560
1092030
1043848
1127960
916582
963510
1024810
905908
828542
799338
964160
831920
900942
1065396
996700
1255928
1149110
1214764
935500
1263810
807928
970010
717032
979002
1060320
897962
1081512
1060708
1229972
946260
1113580
674460
707620
750070
817962
752250
765112
745552
1043848
785650
912118
737792
711558
1101628
1089182
742480
1064142
1047410
1155250
776900
688288
1015666
681320
946750
1039782
1081506
1203110
1083938
787772
1136060
974646
717032
704832
1210382
1002662
1011920
834280
681790
1032298
800456
1065232
1032298
812768
1018564
790120
929540
1176618
742618
1007860
674918
1061182
884080
701462
745278
938346
707012
886762
857430
680528
1083310
948948
723118
1151812
814480
945842
1217856
1065248
1077018
906740
824436
763782
1037748
1098170
1055910
852908
746776
1065378
970792
1195102
959362
780760
770002
1163098
1166898
825568
1079250
749352
913000
1060126
867638
926500
940442
1032298
840320
733138
1004626
944122
972078
1283340
917390
1053950
1207558
1176618
927522
1018050
830430
730882
937900
755618
1062840
1052340
1196670
1186320
1017910
848378
889654
951848
1063670
805380
698700
1223740
882832
773898
682888
1160026
901172
1254360
1116942
812138
888732
769748
1068672
1145978
719318
1045592
1189172
1238418
901190
1072738
854488
774878
1217856
718108
933318
837960
873038
749730
1071660
1032072
823968
943616
918000
1004412
855474
878012
777202
1022562
806940
1094232
1245120
986404
804382
1098000
873490
1035288
1068672
727630
989842
955512
1221732
1014250
685216
880672
1227270
693868
944396
724388
689004
1040384
715600
989842
1022660
981752
719318
1039452
793994
1094092
701850
898290
779468
744960
703950
996560
935232
778350
684492
825410
773898
939000
970500
898008
1122852
1136852
677990
763532
690078
919750
825282
987080
940442
725320
817630
1069558
930228
1243938
1236090
1086360
1068468
1107348
697162
927110
854132
696600
812160
845586
676040
1022562
989732
749730
1011178
763782
762450
850558
880672
963030
979438
731260
792860
1118962
1236090
777360
955500
1037692
1103322
766608
970792
744522
933918
821410
898290
804330
1136060
907800
935232
990458
1266942
982788
1079522
749352
1087876
1245120
1079798
831486
692442
1034800
831486
813958
1151812
690078
1054950
745552
738726
1011408
671786
1152206
952800
1140208
1058010
1000880
746110
1061090
1119302
1068268
847008
882898
892750
757188
1210260
829978
837960
968984
1043848
970532
1075850
725122
991300
951134
1207558
706400
777806
760310
853306
1015666
1128002
1016848
1086960
942750
753420
1113170
802470
719318
1119280
1035288
1077018
723900
852908
1117908
1063682
1238418
737728
971802
943060
1078880
1058462
988940
1116942
807740
842270
1068510
733570
693300
1098170
1072382
1076780
1065570
1234522
718442
901190
988440
780770
746868
994978
854488
787026
966660
804910
746868
898168
1046202
970792
839680
1112740
886030
1294212
667098
832712
1128502
961130
848378
1032298
802930
965250
1034800
732838
759012
922572
708728
1224138
1004626
917452
1065378
1046202
869080
1166898
833790
967128
882500
823106
1194310
1183622
834624
1313402
851940
765948
923968
807928
831920
937900
1021180
1007860
968372
1131602
1076456
1090560
667492
859338
673724
1107348
955418
1040384
791908
1126778
1049610
893972
860252
744160
882898
771570
1017910
680528
983702
742480
1096278
913590
1045592
677620
767062
682888
910518
980570
938346
724330
958518
810868
860252
1132612
877148
669072
1243540
848230
1116942
1189172
839100
931950
677162
862580
852568
914658
812160
760548
913500
821452
1041708
1021180
672968
955930
730882
1163098
1122852
1117908
862580
881328
1034800
875618
691732
731260
940442
1070110
859070
695448
1104420
816940
1017512
1069558
1050150
778350
1013950
712220
715452
1041922
808610
984752
867170
965250
905908
1069558
872840
1057652
891122
1004182
906740
725122
724388
1073382
694266
869870
963030
1140748
673724
855290
886790
810130
771512
884080
883370
904498
939072
1036750
1092570
914058
990232
988028
977420
1073064
1004182
694266
737792
733570
852568
810868
964862
1038070
845090
1092570
781552
905830
852138
970792
941250
980180
931168
1118270
882898
753178
881532
886762
944396
890248
1152132
1045730
1145978
1117734
942702
949642
669458
1040800
1108638
800872
725480
1027770
721684
1068268
866308
781552
1283738
1007290
944122
841574
796832
687930
937852
1033658
1047558
781430
821680
856640
826178
721684
826660
991588
867150
754360
805780
1029096
823180
1068468
782222
1074648
871812
1024938
762170
1113580
1183622
672590
847008
1010634
1145978
853630
840320
873038
989732
1163720
1022660
818418
693150
692088
970792
871030
972730
800582
927488
778712
792860
884666
759072
964862
955500
946750
819678
1100530
843798
1082682
948948
924140
948478
704832
997660
1005012
1021500
1033958
1258256
900490
1018798
1144110
1070322
1032298
1104420
754360
1119280
968372
942750
903228
1047048
904124
1090080
843480
1068468
1196040
807740
780770
699522
896330
687930
701808
1294212
1020090
1029000
1150662
859088
1110392
693150
901808
838840
981752
760620
946658
847008
857430
1266942
946332
796832
862352
872840
1027720
965798
1016170
1263810
947840
1032078
921902
906740
1046670
1144110
969292
872840
886030
747710
802930
1109460
970010
835458
787438
1033618
794698
959408
889138
978902
932350
815270
718982
1028042
701462
1022562
814102
670640
825282
981752
1125840
1051818
910518
978902
1152132
948948
1054020
1047558
983702
1050580
901190
1258256
843702
1049610
1038070
1017512
823968
779920
700818
888880
1156130
1313402
1025104
937620
752398
881328
882810
1028042
671022
983238
733346
1190832
1051910
1303308
951848
920500
1037926
955500
1229972
891740
1091142
938346
752478
1020968
778350
745278
1119302
950420
906622
1033172
1041922
1064142
906320
951848
814530
778350
1087010
1081506
1107746
997978
742580
880672
832712
1008850
771512
849080
1126038
1048560
1047090
1117018
1078078
1283738
726310
797638
744522
983170
857430
1138920
958518
712558
943060
1033172
1083122
979438
769764
1119280
1137810
867638
891040
1000500
777202
713234
948510
994670
924000
737760
700420
998846
903070
1030600
697954
1094970
1039452
766608
1176618
1024938
1065232
833790
1108638
819210
813672
701808
911528
845870
871030
901808
915250
1022488
1183622
906740
717032
1094732
701850
1018798
688288
882832
756310
950658
1179448
1090080
719700
680692
946750
718982
779920
725480
1131588
1127960
754360
712350
951000
958988
919750
815270
877410
919892
977420
1047048
1160026
926500
1114230
1051552
806940
783120
884666
848378
725320
1065232
1100090
1283738
912750
761270
727630
775218
1018128
901190
1004182
952800
1003812
925062
867150
888880
783120
1027770
756408
913500
720492
1033618
1060320
912750
771470
1015666
966660
991588
833790
740010
900688
758188
834682
700100
1118962
795580
1133358
1051480
796832
939000
744960
724298
1055242
883370
1114710
1034218
857430
897892
1112740
931368
670640
778350
926538
997660
938874
926500
1102328
956496
971802
1057652
835980
773898
829512
1113170
1043182
938082
1062288
845586
777360
1205870
860252
1028042
879590
839100
760620
785448
733346
744960
1137810
1107190
677620
1118962
1151812
929540
776400
922132
783242
836280
1126778
930228
957084
1076110
701850
846662
826410
1182520
1048560
1126038
678730
1004182
842270
752792
992958
1008010
921902
1122852
774260
991910
1047090
955418
936020
739692
807740
951134
1313402
1083122
1258256
823590
694212
1068468
866308
1034914
877330
990458
1266942
948478
688288
852568
856598
875050
1042438
1078590
959362
793614
873038
1176042
998862
757188
921902
1105760
1174602
784490
670640
882898
888732
912358
1065232
1152132
823180
834682
699522
1126038
735772
670230
972078
724330
938346
850022
727430
991118
718442
675292
818418
1034914
936020
1263810
988940
1032298
950892
1225320
1094232
913500
938346
896328
869202
963458
1029096
680528
1075850
782222
1006180
708722
758188
777806
852138
1018798
845870
1050870
1175552
1243938
1163720
1184818
843798
748502
738584
1068268
1025758
689004
722060
990232
1274262
1120170
909832
1149110
713918
875842
867500
686182
1205608
936132
928752
1010220
1126778
855830
727460
800872
975410
866736
1303308
839100
1169820
1076052
1039452
939458
726310
857720
1225532
758980
1182520
1060320
1174602
1216332
823106
1069558
976960
1126380
816532
996700
875842
678658
773202
850022
1078590
788520
1106418
1085772
912750
1054020
700100
1210382
1054950
686302
908770
685390
777020
946750
946332
671786
714248
1037748
900688
674460
1040384
835980
1186000
781430
875050
715850
669458
890428
831244
781552
977420
1249772
877330
774260
959408
901808
749352
1018564
950420
776900
860690
872840
921902
731260
1137810
1110878
924140
996560
964160
753864
861942
993522
1050870
734142
713852
848378
1078590
796378
831486
702500
832548
1293420
1131588
1117018
723900
1112740
950930
979438
976722
1117908
694212
1078590
826542
757188
1050580
1058010
675292
793614
877592
926468
954154
988028
1107746
1225320
923802
720492
1076780
1016848
739180
919892
1210260
851940
793510
806172
1016170
778712
1083680
861044
1112970
1177120
1101628
964862
819990
963458
843702
1081512
1063068
952800
1092570
674858
730132
846300
954028
1070322
857720
986834
1010220
1061258
1050870
776400
724298
1081610
692442
1210260
721684
890248
854132
1082370
792860
1087876
1218660
1156842
963458
991588
924000
752792
926538
1233410
1000400
890248
862612
1035288
1035872
875842
878116
787026
781430
1046460
813320
1141500
823872
790490
1086360
901450
1016060
1204426
926500
724660
692088
994978
970500
1114710
711558
760548
1018612
924000
1004412
729280
1126778
725480
1019218
776900
666700
860252
1177120
785948
1007860
1000402
1107192
815270
1152132
1198998
725122
1100530
773042
859140
896104
1063690
955930
1016848
702000
998862
878902
1159408
1083680
1073382
746110
1143820
1061090
806940
696950
894936
701808
882810
774878
765948
745914
1022660
879950
1040800
799060
816532
718982
1003472
913590
972470
882832
1001110
917190
915240
1088760
881328
932250
690078
853630
808894
995640
733570
1008622
901190
954154
916500
978110
1133014
1038070
994670
667098
1016270
1061090
1273470
724660
1005012
1051818
700818
683170
823590
1088542
1070322
882810
1047078
980180
964160
945842
905830
1113170
834490
779468
1065570
827820
966280
1094732
1021820
1047048
738584
1000400
1033220
1100360
845586
877170
844268
1225320
1083680
901190
732838
883598
854132
1073064
1072268
908190
802040
1095322
839698
1060126
792822
976328
706400
876324
827820
1032720
1013950
1068672
1155338
1070560
976722
733346
783242
906622
891740
889654
674858
928752
686302
1016848
866840
852138
849252
1313402
725320
720112
740010
857430
957084
1274262
992492
1266942
891040
1050580
1064820
990458
981752
971678
969292
1136852
693150
1022660
1013950
896330
1165330
684492
684352
781552
675292
779468
853200
983238
877170
1016060
882832
950892
1063682
805318
1221732
683170
974646
1131720
1062288
781052
991910
718108
989380
805380
861044
1010798
1136450
805380
1121176
1051910
1004182
1100360
1089068
1000400
1042390
1074648
862980
1072382
951848
916500
1147620
785282
903070
883598
686182
697398
1081610
966968
1024162
903070
802930
838740
799060
929250
1091606
777806
911528
1204028
826542
771570
1068468
1136450
792860
670640
842270
1028042
828542
748812
887420
990232
755470
981752
897766
793510
941298
1157862
1025758
689560
861044
983600
759012
1087876
856438
1033658
1046140
844542
949790
901422
1103322
687750
739692
756310
1241490
785356
788520
850558
797510
1077120
845912
1045730
793614
1042890
857720
914658
693300
826542
708018
1052608
950930
958518
688378
776400
886190
894936
673724
690078
883598
678730
877148
684492
766608
788208
1048770
720112
1137810
821410
1024810
761270
819990
760310
1055188
780760
1039782
890428
817962
695448
1275830
1016060
1029096
722060
814102
861044
713918
823180
1140208
1072268
1020430
796378
681790
774820
959642
817090
760620
1006490
916582
886790
1081512
787026
877148
701462
771512
1070560
846300
930186
730882
993628
909832
844542
1233730
1004330
689004
891122
721448
921780
808894
703538
927488
745914
1080092
1062840
1063068
1099590
1061670
983600
980570
728450
842202
806940
1089182
855020
684130
939072
736478
833742
1094232
1046140
770002
1035288
770002
804382
922572
931368
848378
932998
963060
937900
832712
927488
727430
762876
956496
1051910
867150
1046202
1080092
907562
959408
1020090
1126956
983600
718982
891460
1003960
1204426
824436
900490
1079250
912358
891740
894622
1047078
888880
1098792
965798
997580
1100530
1313402
1157340
847008
862578
1284920
681058
994000
993522
725122
853306
719700
911720
993522
990232
1118270
867170
871598
836570
846300
987750
1077062
1054020
964950
1037926
904498
925062
929540
1126778
963458
957084
692088
1098792
1065232
1131602
799060
756408
1088898
1029096
856640
1090560
886030
918000
1186320
1107746
769210
700420
790490
1022488
731860
881328
853630
950930
810130
936132
708018
823590
776970
1076110
802040
903070
1096278
1055910
833790
852138
759270
808610
961130
847008
1090560
770002
1006180
727460
769210
734142
992492
937862
775218
1005148
1058462
1194310
1166898
678260
1060708
919840
1112970
1233730
950892
1063068
758980
712558
808390
810130
876080
1210260
1117908
916500
1060126
851940
715850
752478
868012
802470
689560
963692
909832
1061670
790158
793510
701462
923330
754362
1025104
1110392
1254360
997978
769764
1042390
730810
999260
913590
827820
963030
695448
1022660
966968
1196670
942702
882898
855290
876080
981888
1036750
1057758
1015666
1107190
883370
1011920
1156842
1102328
931168
1046670
697162
988028
879590
1125840
1128002
753178
667098
1021500
836570
1004626
681790
778712
1039782
1020090
1051264
773042
879738
1149110
812768
670230
860690
1037692
898168
1038070
1122512
914250
1060126
837960
1007282
948510
1119302
725320
1117018
898290
818418
717032
1117018
832712
921902
1255928
814530
972470
812138
674858
972470
696600
1131720
766820
988940
983702
929250
1085772
825282
800456
680528
912962
1061090
991588
1018128
825282
870032
1100090
1097060
731860
774260
1080042
862580
923802
971882
908770
820778
1117908
686182
733138
769748
1007290
856438
690940
826592
804910
808894
1028042
706400
956496
739180
977420
713852
1136050
1108928
785356
919750
813320
1094232
748812
938592
1169820
770002
1014250
930186
1210260
839138
810068
855020
976000
703950
1073382
881328
697954
939072
917416
793614
1081882
1051910
695628
976730
691510
1061670
838840
732838
949790
1065232
1150662
931168
1155250
912118
1066820
1127960
931950
994000
877592
932250
713234
1092030
1147620
722060
1086960
693150
1066820
997978
873732
785282
946658
896104
1128502
793614
1006180
796298
805172
797510
1075660
713852
1029860
972078
718982
762450
711150
773202
1112970
1110878
906320
854488
790120
1035872
1156842
1283738
866840
1137810
936020
764960
751638
814530
1094732
836570
713918
1007250
686182
1086360
730810
920500
1033658
971882
951134
1089068
1081882
976328
765948
1100530
1179448
1026672
944250
667098
1176042
1164270
1171410
1124702
845090
792320
889654
925800
886030
856598
1102688
877592
716246
1034920
728450
785448
1100192
942770
1051910
804330
829978
829402
828542
890428
931168
1094732
1216332
1145070
1058462
933340
680692
748140
938874
981750
830430
953990
667492
1029860
935232
813672
992492
932350
888880
740010
888732
1264992
1213698
1163720
980180
777360
939458
938592
1196040
970500
671388
881532
1068672
866736
1078590
1007860
929540
855474
800520
856598
824436
1017910
821680
1263810
706652
865640
1017910
884666
989732
963510
737760
1021820
928752
825568
967128
890248
946260
717032
1010798
1275830
995282
954028
913590
989732
683170
1159408
995282
979438
951000
669458
1213698
692088
712220
723118
758188
873732
793510
995282
868702
912962
1075020
1225532
763782
1144110
1126956
1225320
869080
862612
875050
913590
959642
1155338
1091142
682888
750070
1072738
981710
1203110
724330
923802
867898
834682
681790
976730
1106418
752250
1223740
1096278
919892
1018564
1190832
842202
833742
1094732
1118270
1068468
748140
1041922
1007290
834068
937900
967128
881260
719700
837960
721684
1136852
1090810
799108
1043182
1109460
708722
1068672
784490
1025030
839100
1016108
1047090
812138
978902
933918
692442
991300
965798
791908
890248
914250
704040
1034152
912358
1303706
1005148
1112740
787772
894298
1069558
716246
866042
783120
735772
834280
788630
763930
903228
1020968
1025758
1018612
1070110
793994
1072738
1131602
1008622
1106756
720492
941250
957084
764960
1001110
680692
1253568
901808
838740
871628
715452
1174760
1194090
709200
707696
719318
1174602
1146752
1103322
768990
959642
733346
1178760
1210382
1084940
1048560
921750
968984
1110392
987080
1040384
1046140
777806
1294212
759072
944250
997660
1094232
944250
1047558
993628
1133358
758188
1078880
1071660
834624
929250
1017352
886610
1025030
954720
932998
1227270
853306
725480
1075660
906740
802470
1048770
1020090
704832
972730
711558
785948
907800
843702
1245120
724660
702500
684352
1018050
1087876
1073064
862612
698700
1094428
759072
939458
853306
1166512
873732
690940
864940
873490
825410
708018
900942
724298
717290
1119280
914658
812768
1229972
771470
985010
1118962
692442
1008010
979002
1117908
1263412
1152132
769210
976328
909004
821680
826178
777360
1131602
900490
955930
672932
785948
847992
1128502
882832
704922
682772
926468
888880
758980
1136450
864740
736478
1032072
791908
1061182
712558
785282
1089182
927522
785948
1076084
714248
749730
736210
1213698
927488
1113580
849080
817962
1144110
938346
975410
805282
1099590
793994
871812
717290
1283340
1016270
1016060
1020430
996700
1011178
1284920
733570
816940
1253568
907800
676040
1078078
1238418
950420
839138
981560
1004330
914250
1079522
1087010
826542
1075660
836608
892608
988940
831486
1233410
770288
1020968
1125168
881328
953592
1011408
925800
988440
1029900
1065378
907800
815388
831486
1100360
1050870
716246
1087010
752250
785650
871812
891740
882500
724298
814530
841574
744160
1030600
1133014
736210
800872
892750
971802
1035872
796298
1075850
1216332
734528
1063112
672932
879738
973988
1105760
876324
1069558
688378
829402
747710
836570
1049610
1038070
868012
740980
1029000
1194090
769748
1043182
960250
893972
1213972
979030
762450
935500
890248
1000402
821452
913000
734142
734528
1150662
795182
834280
823106
877330
900688
990232
1062288
823590
1190652
667890
1106418
766608
864740
725320
987750
1072382
1129910
687750
976888
1132612
816940
896328
1044070
839698
1104420
1077018
844268
878902
1051264
744960
990910
685390
760310
931168
668280
1007918
981560
907800
712350
799338
697398
753178
753864
914058
707620
869202
880672
1263810
787438
866042
952492
889120
1182506
954154
1046670
796378
1052340
687930
856438
913500
804040
826542
843798
799060
1086960
1083680
1033958
870032
964950
1032720
848410
935500
834490
1145580
904124
912750
709200
818418
855474
948478
897766
1047720
1047048
862580
711150
1152206
911528
860690
923330
943616
888732
981750
877410
1065248
1077120
679840
907800
850558
980570
707620
1077018
946750
688378
968984
909004
1033362
974646
825012
1145978
922572
936132
968372
713852
1110878
696600
746868
1007282
1025758
1017910
810068
954028
813672
1104312
1145070
1078880
816940
834068
672932
964950
955930
760620
1150620
706400
999160
810068
812160
933918
765112
767062
687930
1112970
1156130
988028
838840
1247070
1080042
886030
676370
1051480
786544
1138222
1054950
1018128
943616
1152206
1015268
987080
928354
1114230
1182506
689004
780760
891460
1051480
892170
1233410
715600
1032292
727460
814480
1114230
873038
701808
672968
1182520
1082682
838740
805172
1053950
800582
963458
952800
897766
1143820
1136060
676040
686182
839628
933318
896104
742590
1040800
1129910
691510
826410
933340
762450
890248
891122
981752
759270
785282
981560
998368
922572
1176042
867170
719110
859338
898168
1247070
1036572
734142
821452
1136060
856598
894298
891740
1236090
966590
1196040
752398
1223740
1174602
1063670
775218
933340
1045730
1079250
1293420
976366
925308
868012
1184818
808390
979002
955418
1210382
844542
1198248
879590
763930
1036572
691732
676370
1140208
884666
734142
921750
1275830
843798
966968
1107348
839138
748812
1098000
990910
752398
954582
857720
1238418
932998
1099590
777360
1114072
879590
1088898
912962
939458
706400
1044750
1024810
1258256
867170
1025104
1026672
782222
677162
704832
1108638
881328
892170
921750
1016108
939550
805780
976888
688288
976730
950658
888732
1126956
962700
876080
761240
1013962
926538
1227270
963692
1004412
1047720
1088760
1119280
921902
1051552
878116
723118
812160
794698
1010634
847008
821680
954720
1052608
1036572
795182
834068
739180
1010634
922572
1122512
1052340
1088898
859338
806940
1068468
1024162
1003472
1141500
890428
1195102
1061182
1151812
1221732
1044750
1006180
1053000
804040
678658
700420
898168
674918
953990
727630
980180
793510
980172
1046140
765948
1187950
896330
1143820
913660
680692
1194310
1047558
1187950
1138420
1019218
970792
1233730
763930
896328
990232
946332
1072738
728450
978110
684130
671786
855830
752780
943060
991910
1186320
769748
1303706
1163228
1098170
913590
753178
958988
797638
825568
759012
1204426
738082
1063068
1034218
943616
860252
1000402
915250
805780
746110
760620
1061258
1007918
684130
807928
1098170
867150
804382
921780
884666
838840
867170
1098792
750070
829978
814530
904840
1039782
1081506
919840
968984
1140748
766820
901808
711800
925062
1107192
774878
1103322
1196040
813958
867500
768452
873038
817962
780760
1210260
1015268
939000
1102328
913590
908190
1016060
963458
1076084
946332
845912
923330
954028
994670
932350
800872
1091606
906320
1036750
959408
1054548
762876
955418
919750
880672
991538
846300
892170
1060126
927110
737760
688378
998846
989732
1063112
673724
1088760
1072268
964160
1080042
752478
762450
1078078
1205870
1015666
1150620
1098792
1003812
979030
1233730
701808
891460
1047720
1145580
900942
804040
724660
668280
1011408
1025104
785356
1083938
768758
844268
1061052
979030
897962
749730
964862
1005148
677162
937862
919840
715850
826410
776970
1049610
1187950
790120
940442
1033618
1247070
907562
1063112
886610
922132
994670
1047090
700100
968372
782222
1008622
978980
1171410
1214764
931368
862352
1202070
1216332
774878
946260
902218
676370
857430
952800
1041708
796832
836570
891040
769764
752478
968984
1100314
785282
965798
939550
760310
1061500
978980
881532
797510
713852
1060126
986404
691510
1186320
983702
1125840
1137810
806940
993622
993622
1096278
1175552
1218660
1043848
791908
1026672
1122852
748140
932998
982788
788520
1141500
958518
768990
854488
711150
1131602
1029860
1171164
864740
947840
917390
672932
1089068
844268
689560
950892
798940
1004626
1065396
699522
839698
1190652
944396
796462
1083122
1040384
1081988
825568
689560
1063690
729280
1082682
795182
716246
740152
1137810
744522
686302
876080
1063690
711800
1175552
988440
921750
1065232
998862
1087010
689004
761240
1040210
825568
896330
1118270
795182
1136450
1098170
924000
1077018
925062
792320
797638
939072
794992
832548
817090
1210382
776900
982788
882898
939072
1068672
1018564
864740
878012
886790
935232
1076456
1012598
1057758
776400
802040
1022562
1109460
1149110
817972
1094092
1081506
1068510
1076084
825568
948948
1186000
1100192
1171410
1110878
1078078
981750
695448
733346
1104420
1024014
746868
686182
1096278
1133358
1203110
770002
1163228
1182520
877330
1060708
915970
1062288
954154
989732
1106756
1077062
819210
877592
896104
939000
1205870
1034152
1032072
1116942
1019218
1121630
740980
1040800
730882
799338
926538
1043182
1008850
738082
949790
830430
944396
1095322
1058032
840320
805282
1088760
894298
894298
940442
906320
1082682
1234522
1059330
736478
1177120
915250
860690
1275830
1207558
1046202
1156842
867150
908190
1071660
709200
877592
785356
677990
898168
799108
905830
1118962
914250
917190
1011178
722060
991910
689560
1245120
1100090
915250
684352
763532
966968
795580
829512
1082370
755470
814530
706652
841574
697650
1128502
1157698
785650
981710
1225532
1047410
908190
1234522
845912
936020
896328
1176618
852138
834068
812768
963692
1005398
812138
898168
693300
915970
824436
1233410
738082
901422
970532
781552
709200
992958
1047048
805318
1014250
1034800
1052608
839138
905908
914250
812768
1171164
1005012
918000
1186320
923330
802040
702500
991588
1144110
685216
1227270
1042390
932350
931368
1073064
697650
873732
823872
1095322
937852
666700
939550
795580
798940
995282
1094732
920500
1196670
884666
1102328
742590
1283738
1094428
898008
742978
969292
1034800
769748
1036572
1066820
1042390
1046670
721448
902212
859338
719700
710090
1037748
805318
718442
920500
897962
1140208
1224138
726310
1064820
992958
1018050
745552
1155338
1068268
770288
1157862
1049610
731860
1010176
1054020
734142
862578
800456
1061052
725122
1120170
845870
1063690
835980
800582
1008850
881260
1225532
928354
745914
1000400
1078590
882810
707012
819678
1266942
1175552
1076110
904840
970532
817972
821680
1063112
805780
1065378
759072
1086220
1084940
1018612
891460
1004626
917190
976888
681058
1047078
850022
1205870
746776
763410
711800
1075660
776970
993622
1205608
826592
718982
836280
769210
692442
785356
793994
1070250
888732
898008
955500
1249772
855474
929540
1089068
745278
954582
914058
1120170
1039452
684352
1100314
1107192
1102688
871628
921780
979002
1043848
1013962
871812
805172
923330
1157340
760620
1089182
1234522
1194090
805282
1100360
796378
785650
1020430
1046140
829512
1156842
1155250
826592
1184420
817090
672590
1050150
983170
701850
747710
1164932
988440
1024014
1117908
1101628
941298
900490
897892
1017512
1000400
847992
1017910
922132
677162
1071660
1077870
731208
914250
951134
1017352
1027270
713234
959642
1003812
1136050
1122512
817630
1071432
909004
1068510
1024312
678730
1047410
681320
964862
964862
1016270
774820
683170
1096278
1114072
955930
950658
1194090
1035872
927522
965798
787026
881260
943060
1047558
1121630
903228
1169780
1010220
792822
710090
899472
1047720
855020
1045592
669072
1005292
812138
960088
1229972
1040210
792860
1077120
713918
1076780
1060320
823180
671786
1157862
1253568
1029000
901422
769370
1204426
742978
708728
848410
967128
1132612
677620
826178
871598
869080
716246
1147160
902212
950892
1046140
1092030
844542
869202
739692
1091606
1179448
848410
746868
703538
890248
938592
998862
1070560
729242
859140
893972
896104
970532
1234522
998862
854132
1176042
1025758
868702
781052
832548
948478
1043182
1007282
1098000
834068
883598
1202070
793994
1218660
697650
792320
814480
678260
1070560
1051420
987080
998846
1088898
856598
1221732
708722
992958
1077870
681790
849252
1133014
719700
953592
866840
793994
1046460
770002
1081988
1150620
1275830
833742
873732
980172
826542
751638
1013962
995282
915240
697954
681320
891740
731260
785948
897766
951000
908770
707696
797510
1020968
799060
677990
1090810
966968
1076110
970532
808610
1018050
890428
1068268
778712
981710
1102688
713918
813140
1113580
1064820
904840
846662
1051264
1196670
1006490
859140
734142
1274262
823968
859070
889120
1029860
1273470
799338
1131588
1039782
1234522
753178
814530
901422
912358
1076780
1249772
1214764
744522
938874
1156842
1029860
1213698
695448
886190
672932
974038
1159408
965250
959642
958988
697954
684352
990910
1133358
738726
1068468
733138
810068
697162
703950
1096278
892608
1159408
890428
954154
792822
1052608
1303706
1080042
719110
732948
729280
862352
855290
923802
796298
866308
669060
1202070
941298
742618
1057652
955512
957080
836280
1061258
800456
693150
933918
831486
947840
1077062
1275830
795580
1202070
1041922
1125840
933340
844972
901808
994000
995282
1011408
733138
906022
1020090
1027270
733346
1210260
708728
1249772
771512
1198998
909004
1017512
939072
1117018
740980
964640
1144688
866736
1020968
1077062
787772
1007860
971802
1080092
754362
1060126
999260
1070322
992958
706670
813320
1047078
694266
956496
1011920
751638
668280
888880
912358
817630
744960
1210260
1061500
754362
730132
790120
823106
1106756
1070110
1036572
829402
1070560
1207558
929540
1293420
1107746
1096278
1118962
1204028
888880
1034914
1027770
922132
752398
986834
754360
780770
790490
1112970
942702
1007250
855830
1029900
1097060
813140
929788
859088
948948
955418
1273470
1026672
864740
774260
1012598
1107746
1168462
1107192
1042890
826410
913000
881532
1048770
698700
1205870
923968
976366
808610
1114710
1186320
1095322
737792
700818
676040
751638
1100090
938592
1005292
1032720
1145070
716246
1058032
817090
839680
1027270
1303706
813140
1025104
948510
990232
1229972
1118270
1224138
913000
717290
1027270
989380
889654
922132
802470
1075660
843702
911528
763782
883370
915250
1061670
1079522
1121176
1011920
1016270
1094732
1081882
685216
814102
878116
1000880
831244
1010176
843798
674858
1061182
1160026
843480
814102
1060708
971678
983170
1141500
923802
947840
904124
1227270
1105760
788648
903228
1024938
953592
991538
1179448
998846
1079250
886610
912358
938082
971802
769370
739692
799338
842270
876080
948948
1083938
781430
829978
690078
968372
1055242
753420
668280
686302
976328
748140
666700
678730
1063670
701850
867898
1015666
860690
670230
1044750
925308
1050580
955418
1000402
991118
786544
1013962
1058462
1082370
904840
1034152
735772
1098000
1088542
1070110
672590
901172
1114710
927358
1087876
920500
1051818
1027270
739180
702500
882832
709200
942750
702500
1055188
669072
755470
1140748
1136050
747710
892750
800582
962700
878902
791908
848230
1051480
1000500
1109560
893972
957080
878902
904840
982788
667890
835458
1064142
1112740
1012598
1048560
770288
1164270
1073064
740152
788208
1163098
964950
1065396
818418
1051420
1249772
1090080
1021276
816532
1116942
1210382
1203110
917390
754360
785448
744160
1157698
966590
1014250
1065396
897962
862352
846300
963458
1155338
713234
912358
1017512
862580
997580
1003472
826660
1095322
1012598
1044070
981560
1145070
830430
1007282
986834
729242
861044
1027770
749730
1060708
984752
926468
990458
907562
814480
959362
1012598
1133358
916582
993628
1002662
1051818
1024312
1100192
679840
714248
880672
859338
790158
1273470
946658
1042890
901450
684130
833790
1007918
1109460
804382
1051420
824436
1079798
959362
773898
1101628
824436
672590
933918
1107190
1050150
1157862
1081882
1106756
963458
953990
804040
877148
1104312
1176618
870032
946658
1061500
1045730
760620
1100530
905830
759012
770288
831244
811740
1263412
856438
1086220
823590
930186
1109460
776970
723900
1003812
1052608
946658
721448
911720
1138920
1007250
1068510
1038070
1083122
816532
1042890
831244
737728
1140208
753864
1140748
1030600
744522
1032292
950892
805380
794992
866840
1064142
1205870
1075020
1075660
766820
1057758
1253568
849080
1010176
961130
998862
839698
1166898
972078
886610
1157698
796462
788630
702500
1141500
987080
1229972
1010176
901422
849252
781052
963458
1113580
1076110
1124702
768990
768990
1045730
672968
927522
807928
796298
771570
839698
752250
890248
866308
1108928
1027720
1069852
1037926
856598
1113170
940442
696950
1294212
975410
916500
721684
906320
869202
991118
917416
831920
1121630
681058
985010
766608
954028
826178
961130
1048560
825282
837960
781430
1024014
1163098
1022660
785650
731260
778712
962480
1084940
932998
1095322
667890
1182506
1064820
987080
1006490
997660
815388
1149110
994978
1247070
987300
777202
963030
908190
805780
901190
823872
1078880
1081882
1050870
769210
1033172
675292
1003472
965798
817630
925308
868012
773898
688288
1198998
788648
986834
1002662
1100314
1164270
704040
1109560
902212
903070
736210
856640
688378
1166898
964160
762170
1032078
925800
963458
1051264
1010634
975410
816532
775218
1088500
688378
1128002
694212
963510
1037926
834624
867150
1174760
980570
915240
749352
1049610
765948
820778
748812
831920
986834
1141500
829978
727630
1163228
951848
861942
715850
1076084
1076110
912750
910518
672968
868012
767062
1025758
987080
696950
827820
767062
1077018
667098
1065248
763930
962700
1303706
952800
866042
1052608
886190
1047410
1133358
767062
826592
732838
862352
929788
1032072
1283340
875050
1070250
710090
964862
769370
714248
902218
884666
736478
796462
856640
737728
1068268
849252
826592
1168462
1144688
976000
830430
1051552
790490
924140
1072738
859070
1057652
1013950
936132
1033618
922132
843798
1044750
1275830
970010
901172
715600
834682
1068510
1070560
862980
667492
926500
726310
742978
777806
1004412
1037926
1140748
807740
936020
920500
1006490
1059330
1050150
730132
802040
1055242
989380
918000
1095322
831920
1028878
1082370
891460
761270
1014250
981560
905830
987750
914058
1076456
1218660
908770
1040210
993628
896328
804910
1097060
1063682
991300
1038070
1293420
1074648
1118270
1151812
782222
1303308
864940
742480
736210
857430
860690
1147160
696600
796462
996700
773898
1129910
794698
989732
797510
893972
939550
1068510
951134
1182520
906622
1029900
1106756
819678
855830
737728
889654
846300
917452
834280
740152
1184818
901808
808390
691510
785650
1113170
720492
867898
1207558
1203110
817972
940040
976730
1027770
836608
1106756
698700
752398
694212
1030600
697398
932250
804910
909004
755470
1027270
800520
1124702
845912
925062
787438
1032078
915970
800520
762876
1018798
829402
820778
913500
804382
1020430
760548
1187950
1179448
681058
969292
949790
1114710
756310
886610
972078
862580
1046460
768990
794992
1025758
669060
1018564
998862
1107190
1057652
859338
868702
1081882
759072
1122512
1092570
784490
671388
740980
862578
1036750
836280
937862
1063068
835980
879950
693868
1090810
862352
1112740
1106418
817090
1121176
1029900
1055242
748812
937852
1027720
843480
1024312
708722
1002662
1263810
839628
1011952
698700
711800
915240
913500
1042890
875842
875842
684352
783242
701850
843480
1100360
907562
878116
869870
877170
890248
892750
879738
917190
753420
717032
1077870
788630
674460
1085772
1024938
1190652
808894
697954
946332
898290
1064142
1204426
1110878
1166512
931168
877170
845090
840320
1008622
970010
997660
971882
778350
695628
890428
894936
704832
690078
724298
949642
1110392
752792
848230
1116942
732948
1110392
949790
1072268
882832
955418
720112
935500
879738
1083938
680692
886762
936020
1263412
1005012
950420
1169820
795182
997978
1039508
907800
715600
1198998
850022
915250
1058462
676370
701462
763930
837960
825410
838840
1205608
1190652
1072382
1236090
922572
760548
831244
748140
1107192
978110
836280
762876
770288
796462
1047048
726310
990458
904124
1138420
999260
836608
1016170
826660
912118
1255928
696950
989842
905908
897962
833790
1059330
877148
1032078
1128002
748140
1119280
721448
1094232
698700
1146752
882810
867150
938346
1005012
845586
902212
1070322
737792
848378
669072
792320
734528
706652
954582
929250
832548
905830
839100
1120170
1065570
1022562
761240
988440
777360
955500
1213698
933918
1043182
1028878
768452
1163720
777020
781430
697954
1203110
1094092
1140748
952800
1083310
1005148
989842
1105760
866042
959408
1006180
919840
1033618
1078590
1145978
781430
1163228
950658
1005292
1028878
1155338
1136450
1168462
963458
760310
992492
993522
1163720
988028
708722
755470
1098000
1050150
846300
1190832
982788
771470
1063670
1025104
725320
814102
680692
945842
919840
871598
811740
943616
1138420
813672
685216
1178760
958518
1088898
899472
1104420
794992
963510
1147160
752478
903228
871030
1147620
1081512
1007250
1136060
954720
889120
711150
964160
852568
815388
671022
948510
805780
911720
697398
669072
774878
672590
1168462
689004
1258256
907562
865640
876324
1075020
937862
1029900
1293420
758980
703538
785356
1124702
1177120
783242
829402
671388
1051480
694266
727430
1020968
973988
1096278
891122
721684
941298
859338
875842
1005292
672968
807740
987750
901190
995640
862580
1066820
1213972
1074648
738726
862612
1050580
948478
1155250
901172
1092030
1152206
1017512
891740
1047090
667890
1121176
744960
890248
711800
813958
733570
1028878
691510
909004
812138
1047410
720112
1217856
927358
1079250
881260
965250
996560
1071432
1120170
937900
992958
1081988
972078
674460
1044070
933318
832548
1040384
759012
696950
984752
718108
826410
737728
1011952
753864
842202
1080092
917416
797510
707012
1128502
823180
791908
942702
1107746
1046460
780760
904124
718108
1050150
1072268
839628
1102688
844972
704040
904498
991538
1163228
1004330
1008622
1083310
1179448
962480
995640
1156130
718108
1171410
817972
950658
792860
1094428
1138222
742480
753178
1010634
957080
996700
977420
1051264
1065570
826660
746868
1125840
926468
1064820
1104312
708018
902212
947448
1076052
773898
1039508
1030600
850022
747710
1096278
1000880
1000500
859140
742618
736210
887420
916500
965250
1079250
1024162
825012
927110
1205608
1221732
906740
867638
1070250
834490
1131588
891740
1039508
855830
886790
800582
876080
1216332
931950
860252
967128
810130
1086960
972730
921750
1050870
1055242
850022
965798
1077120
1006180
738584
913590
960088
725480
800456
707012
1011952
979438
1144110
852138
1178760
951000
711800
1090560
681058
1042390
672590
1055910
844542
898290
867500
1003812
973988
1035288
1058462
985010
916500
1037748
868702
701808
744160
1207558
1005398
742580
1000880
998368
1080092
1077062
1005012
679840
1138420
1057758
981750
945842
879950
721448
1147160
942750
976722
731208
878012
1057652
852908
900490
713918
1065378
1106756
805780
957084
719110
738584
727630
1034218
672590
796378
851940
1083310
1007282
871598
735772
1077120
853630
813320
1019218
794992
706652
1005398
812160
1077870
787438
906740
684130
889138
911720
1041922
735772
842270
831486
797638
1024162
1061182
1055188
972730
732838
963458
877592
1081512
1055188
913000
1033362
1090560
1213698
1040210
1088760
724330
953990
955512
1047558
847008
844268
1055910
733570
1007918
843702
926500
748502
945842
970500
1140748
1133014
1047078
1077062
1025758
1058462
1063682
912118
712558
845090
733346
871628
1274262
1140748
923802
886610
782222
948478
1033658
1070250
718442
842202
993522
1008850
807928
771512
1072268
938592
1044070
884080
1088500
950892
961130
879950
800456
859140
1131720
892170
796378
986404
1249772
1138420
836608
1008850
921750
1048770
697162
1061500
905908
725320
1061182
897962
969292
1176042
1003960
1035288
1003960
1068268
905830
1098000
703538
753420
754362
917452
964950
1010220
730132
1145580
672590
1058010
762450
1102688
1184420
767062
1225320
1166512
802930
998368
710090
1051264
825410
913000
913000
883598
957080
674918
902218
1063690
1117734
697650
1213698
915240
1050870
865640
835980
1247070
1064142
966128
1205608
853306
1018564
978110
942702
1006490
823106
993628
787026
813320
860252
944122
916500
1218660
867170
1169820
991588
788208
871812
765112
1055910
1047090
987750
1157698
911720
1016060
1086220
1044750
737760
1096278
1024014
993628
808610
1266942
714248
1091142
1077870
813140
985010
1155250
681790
1029900
776970
1003812
872840
978902
869870
1081610
1169820
703950
685216
1094970
819678
1165330
990458
721448
712558
1176618
968372
954582
1079250
1076052
1117018
1077062
1092570
877592
879950
943616
942770
1061090
988940
1241490
1061500
915970
857430
869202
740980
1073064
979002
725122
1204426
792822
1040800
867898
1099590
1018798
923968
984752
966590
667098
968372
1198248
719110
1165330
805318
897962
763410
718442
1021180
1165330
787772
1021820
1062840
1051552
1125168
990910
1243540
823590
979030
843798
736478
856640
848230
881532
706652
1072382
769370
763782
693300
819210
1004182
1010220
860690
889138
925062
935232
756310
1108638
807928
742618
993622
1094970
1275830
893972
870032
701462
821680
903228
823872
674858
963692
738082
740152
1106418
1042890
780760
976000
853306
851940
1104312
855474
904498
719700
785948
769210
821410
1186320
890248
1059330
690078
753178
836570
1113580
724388
873038
878012
1213972
952492
766608
1047558
1065396
997978
1174602
917452
919892
948510
708722
913660
1085772
938874
708722
971678
917452
1182506
898008
835458
981750
751638
892608
695628
1164270
1165330
1136050
1041708
1036572
889120
1187950
711800
911720
927110
1243938
906622
677620
954028
796298
976888
685390
901422
1032078
914250
952492
708018
1008622
1145070
713852
737760
1157340
886790
736478
869080
1054020
1033958
744160
799060
889654
1157862
800456
1176042
1000400
993622
700420
794992
1227270
745278
994670
745552
1087010
902218
953990
1001110
862980
1050580
906320
1147160
963060
790158
976000
1033220
1033172
718442
1070560
846662
826592
1044750
1221732
1062840
1079522
910518
680528
1036750
849252
810868
1069852
970500
1138920
727430
1083122
1079798
1198248
1152132
1100360
970010
834280
819990
972730
818418
795580
777202
931950
841574
1186000
835980
1078880
1024810
745552
1303706
999260
742618
897766
919892
825282
731208
932250
1051910
839698
834682
944396
667890
970792
917190
912962
768758
1061670
1027270
703538
719318
966590
707696
1044070
814480
854132
1085772
788648
847992
1133358
823968
955512
1064820
774820
1138920
719318
805282
1086960
730882
952492
1156130
1054950
804040
1033172
843480
978980
1264992
687750
872840
1171410
1007918
753864
714248
883370
999160
1186000
1024938
689004
921902
971802
1042890
940040
819678
1063690
889654
1090810
1071432
762170
878012
1007282
871628
1027770
738584
669458
1034920
1205870
1032078
1190652
1019218
1034152
760310
1190832
1080092
1168462
955512
886030
1052340
1037692
1094092
1034914
701808
942770
1247070
979002
1011920
896330
790120
1032720
797510
1119302
837960
926538
1036750
765112
839628
844542
1174760
708728
1194310
1255928
810068
712350
894622
764960
668280
868702
813140
1020430
1027720
721684
853200
1164932
923968
1013950
971882
1053000
1088542
1274262
1033362
897892
981750
914058
1053000
1249772
1010176
1104420
672968
1018128
1058462
817972
1156842
678730
866042
983238
1034152
1071660
739180
1003812
879738
953990
1169780
839680
806172
726310
1124702
973988
1054548
761270
1184818
825568
911528
731208
984752
988028
847992
1216332
1174760
777020
839680
1189172
1203110
954720
1039508
740010
1126956
1071660
1079798
879590
1086220
892170
1086220
905830
1088760
927110
886762
697398
951000
791908
902218
974646
976366
752780
843480
786628
766608
928354
993522
980570
1143820
991300
736210
1094970
1150662
873732
771512
940040
1169780
847008
769764
805172
888732
948948
1061500
832548
1051480
1060320
943060
1088542
1051818
1098792
1043182
855290
1109560
969292
1218660
844268
742590
729280
1025030
1063682
991538
1236090
742618
1098000
894622
927488
931368
1183622
805380
930228
749352
730810
724298
864940
1255928
887420
728450
779920
779468
701462
1053000
745278
1174760
1034152
910518
999160
785282
991118
968984
1033362
991538
779920
950930
826542
672932
1039508
752250
808390
921750
864740
800872
1013962
894622
970500
821452
930186
1238418
1034920
1091606
734528
974646
1058032
1072738
1174602
1086360
991538
1002662
1059330
727460
876080
704922
788648
949790
792320
835458
838840
844268
991118
910518
1089182
800520
1043182
910518
810868
1068468
695628
1088898
691732
727430
1022488
1078880
792822
932350
844972
726310
1007290
768452
839138
912118
1126380
1141500
938346
981710
1152206
1005012
1106418
966280
729280
1018798
857430
944396
1157340
720112
707696
925062
926468
841574
826660
990910
759072
977420
1164932
986404
963458
755618
1081882
1021276
1033172
777806
832712
966590
1085772
871598
1020090
708728
706652
744160
681320
917390
1053950
827820
804382
1190832
1171164
694266
709200
812768
682888
771470
867898
708018
727630
706670
1233730
873490
1040384
725122
1159408
964950
826410
763930
1136852
763782
788520
913660
788648
848410
1081512
991910
829512
876324
930228
1117908
1020090
672932
1105760
1089068
756408
1136050
1098792
753864
974038
966968
1138222
941298
1108638
799108
929250
711558
753420
839680
1064142
862578
1293420
817972
937862
802040
945842
991300
927488
777020
752792
752398
1233410
845090
1233410
804330
847992
1002662
1160026
742480
1017352
1016848
935232
866736
776400
1039782
731860
987750
1076084
680528
865640
1005398
944250
939000
672968
1081988
1182520
779920
799060
754362
730882
1000402
1075020
1223740
995640
773042
1037926
1024162
914058
963692
773202
958518
748502
1213698
797638
1243938
740152
840320
946750
976722
675292
787438
1124702
1169780
1033618
1007290
795580
1065570
877410
781552
1157340
1081506
715600
733346
861942
964640
1005292
960088
1008850
1100090
1247070
675292
802470
669060
759270
770288
906622
1006180
1096278
954582
944250
1187950
954720
830430
776400
680528
1094428
748502
891040
988028
748140
724330
787026
1147620
1105760
1283738
1014250
836570
796462
1175552
1033362
940040
991538
930186
997978
896104
1072268
1178760
1183622
831920
1003960
901422
1044070
1141500
1020968
1011952
817630
825282
1107746
1051552
1144688
737792
1255928
731860
856598
881532
1174760
