72246
49934
58410
46522
60454
57154
59170
52734
84614
58582
52334
64046
51518
46782
89342
64658
47606
60770
48214
53490
47842
46254
52634
60246
50774
56354
99910
49354
73146
47478
93518
68822
53730
59970
79802
87638
81286
73466
66938
86966
56654
63694
47710
46562
56970
102998
55178
73462
81826
47770
77750
46750
55850
53190
62250
70494
49866
66614
67374
46318
76894
69858
49290
80746
48310
57950
105398
62766
61642
65042
51078
47414
78622
89318
46726
58686
65306
79150
86798
93350
55598
56354
58318
83630
48790
65570
97518
48290
56618
51014
66658
67246
55010
104198
55430
63006
51478
66990
71710
57322
93410
69994
89150
48154
61754
81106
67630
70038
75066
92342
46250
47162
64882
46354
64282
46250
56882
51342
69318
51138
91842
65706
76658
53038
78062
82094
48646
51410
69722
52046
88814
72398
54130
70950
60142
60766
46482
92234
72026
52202
75886
65842
102210
57674
78374
103798
46602
60874
64286
59102
72098
101622
62426
46966
61194
60974
53722
105198
94358
46358
62466
46542
46342
87494
103598
48994
57958
87310
51898
77410
59206
68922
72702
58594
53958
46990
75742
53970
70798
46678
54902
46278
88414
49814
50506
56054
56018
50054
57054
49182
60170
50250
60270
71950
75438
66250
98254
65174
71230
60070
47638
54530
80282
73306
82906
51746
90110
46842
74106
92822
52406
47134
67078
84734
94022
52482
49402
67498
46622
78530
92430
60670
46378
48030
69582
55954
68398
60978
48070
46886
94002
46326
49130
56154
77066
61602
65994
56554
68366
47750
57058
59070
83814
72346
49346
71558
47510
62882
64162
59726
64166
73766
64782
53090
97702
46250
49418
56530
97334
46762
46374
56794
82430
100662
46654
75134
99174
47914
53330
91646
61182
98990
55514
46330
51290
72666
67758
91838
75590
51822
91070
53878
67502
96066
81590
71102
63226
72854
70646
46346
89822
58374
47190
80926
90302
48358
71866
67118
62790
76054
46258
78218
66118
65870
68790
68974
98070
53170
47734
98622
94526
46798
80442
70538
60470
47926
48406
46502
63578
47206
81254
49234
77926
56270
46286
69186
92038
95198
73946
50114
63926
47878
59934
46722
48886
71374
48550
54286
49106
46306
65250
54050
46266
47222
54550
48782
90494
66386
59770
46966
64402
54038
77754
49674
56186
78270
82934
86294
52886
86206
62358
68670
62202
81466
77906
50314
92678
57858
93854
104998
49694
48938
57586
52278
86126
55934
63114
55658
46250
47282
46802
47790
72550
88966
46702
90662
46822
46918
54610
50474
61978
60570
58270
47702
52126
74374
46310
55178
47670
52190
52050
76350
46462
61390
76198
68066
79678
57754
62650
62898
79642
102602
47974
47458
57146
76970
55262
47078
78974
49754
101042
46774
63230
87806
83998
54118
62574
46286
49458
49166
52810
65746
46938
50594
50378
83086
79002
62538
67358
46282
58478
65374
49574
64642
58062
48110
96422
47338
50174
53418
54726
89654
54374
52658
61306
89918
47394
48598
50122
56442
46254
47558
47254
46250
65002
93802
67778
87470
50354
47574
76814
66490
90494
51902
53342
93686
46330
85790
47038
69734
48482
71086
57854
83606
85654
47806
46502
50294
86462
63810
55370
54462
48262
81758
53014
54690
60662
74982
46302
80122
75722
78098
85286
85118
72506
63346
93214
88598
62090
78842
48434
62314
49634
47594
72186
70190
48730
46742
79482
78686
46894
71254
47446
83438
69278
46682
95538
92626
70266
48386
75894
49930
90878
96966
73614
47542
49546
86942
80030
48678
51830
46442
48886
90158
58226
60038
58778
51274
49874
53810
94190
71518
88782
55466
76558
61530
50834
57654
63806
47834
48694
76502
64534
96602
57254
100286
74070
57766
53570
51974
91670
79322
84182
73158
51442
58502
85470
82262
49994
63462
58686
53410
65438
88646
72986
100474
94694
47310
49226
57354
46390
89486
69054
52354
60558
48626
77126
87126
79326
84446
89726
54450
82598
82366
80602
66862
80762
52786
102014
67922
79962
55682
57498
70674
87134
59670
51206
70946
84950
46870
86022
74746
46298
69450
104598
51670
64910
57410
48530
48934
46582
86630
46562
79502
66522
50954
101426
92510
52582
57234
47350
46310
77582
96242
82726
92846
82186
55274
105598
82006
74426
46274
59622
53890
50894
68270
46702
50774
95890
46250
102798
46642
61866
56102
65622
47110
47062
63926
95714
58134
49050
51062
50058
71662
84918
85838
57454
48502
53114
50414
46910
83266
76046
77282
66242
66738
47106
73626
80566
58874
46250
67886
47426
62142
87862
59270
80206
61710
64410
47158
67638
55094
52118
77438
51546
54202
48982
74906
88982
99542
50702
63566
92174
51686
68142
77594
61494
53570
63686
50634
87678
61926
61286
51614
85102
103398
49514
72826
46270
50186
85958
46394
51594
66798
46582
104398
54990
47670
85454
52506
89534
54370
95030
47134
46294
64042
100098
50570
58166
52962
79162
46250
58894
87974
59470
73786
84782
59310
98438
54930
47254
59518
87302
51758
99726
88230
52430
47878
46862
49802
83102
47950
70130
51214
84278
97886
79854
59414
93606
51142
70402
101818
55854
48022
51974
86390
46250
69886
47630
47050
54770
55346
54638
93018
46302
82766
53250
50918
99358
61418
91454
49738
73006
80386
98806
75394
88478
75558
74266
81086
48454
55082
59830
48198
84110
73310
55754
83270
46406
46290
84366
91166
64522
53266
60370
73918
52938
46322
69430
49610
50442
69586
48166
96782
86574
65978
49078
85286
69126
54814
78798
50714
84550
47990
56454
68014
74830
56854
57554
46250
47022
52262
46366
76390
68526
48742
46606
52558
50846
47286
56254
81422
46442
46426
88046
46522
83446
48338
62998
91334
63114
60350
101234
46846
47086
58970
61078
46942
49994
76726
74526
78446
46270
58042
65498
47182
46410
46662
90830
68518
56954
61818
46294
60870
46422
49290
80922
46278
75286
48070
47522
50234
59370
105798
46262
103998
81926
54850
71806
90998
46462
94862
50990
90686
47490
47382
51366
68658
50534
55766
61086
76222
75230
100850
58790
91502
81646
95366
56706
88142
86758
91262
55562
102406
49030
48834
62682
59570
54290
68214
103198
93014
83942
88310
85622
46338
52710
46822
89154
52862
83774
89990
97150
46314
66114
48838
63450
65126
53650
64762
70342
104798
67218
46318
50654
49482
48578
82546
53494
47230
46250
63338
92006
93182
46250
47318
47366
74678
53646
56754
66366
46262
90326
46994
48242
53798
46482
54210
48118
77238
70810
71406
46542
47014
74222
74586
46630
59870
58998
62034
