543508
6071696
33421092
6326336
613314
5233206
37510104
47824470
39714774
19944588
9653660
49881742
114131112
1073624
19445060
13849596
12079960
10030890
80445440
3379456
9317884
1743730
11774252
13784642
917512
782360
2762110
16416172
365634
3705486
48910732
73750946
64172756
11745612
22573340
3821354
62457780
34847160
42047556
9249844
64920930
37985892
2757948
83728452
12362670
37782548
19305870
11933894
17082846
51697260
38990598
26885052
39743628
68475344
56908836
7440260
76339536
57610746
11853686
6426288
7730884
3912012
9153482
73932592
30041476
62466096
114208886
29815080
44564794
4507064
47095444
28440780
36139950
32650798
20381292
6443508
96645892
69275004
1641218
98628352
13520906
23712276
8009860
411902
1173400
39652652
67114
40854816
12338938
23982232
14461260
12896842
11179506
58757284
41630640
106342170
6151756
40105882
2065882
18962526
36328
30653940
105001260
29320062
83371998
117237564
63611128
14606330
43855106
54066180
12765858
2354570
32651932
54902388
10097390
312260
6099826
80818506
12900206
4620034
9543804
9128926
7112034
82404780
78187632
14975372
85802898
57600060
117843020
23067366
54663060
5256518
38290996
6448072
9870896
31353572
3776584
13124604
55172402
1586550
14402220
106454226
93987132
73103238
9597372
11603492
20352
73381220
105224716
112153410
6379080
81288450
608192
15392412
37731146
54225288
58443840
79275250
55564970
2408428
19733340
66336444
42799450
40152140
1195260
33769666
61942508
2773058
1402624
70883064
559388
175040
9123630
25960778
29968392
65677710
21781044
36621976
9732804
17758284
55526856
5519930
1082488
1511020
80640664
13517840
52885700
11441470
1749472
17298780
10004218
1338178
12656804
2196640
50696928
97365060
3893490
40625660
75907138
31243772
13725620
27847572
63196708
122295406
42757958
3900924
15596448
1390944
102741660
54588620
50974680
12049960
22944668
63679148
14516666
27607548
9347932
1678240
75274388
77313810
25626744
20091042
42280
20918764
35862732
83187994
93135082
83754004
27514992
20579720
46064136
20723020
19561416
19835178
386428
48751476
12494808
11646382
498982
108100008
793516
6365566
59689324
188188
197560
93057156
28440782
24671196
5576670
604544
52799716
9244380
54508804
42730100
40233840
1659320
54217132
18442780
71651680
2132356
95302020
8970808
52742432
84669740
343274
35931982
690670
90785076
22840570
16213200
98857960
25493046
40175588
36618400
133824996
6804720
23616772
41082644
129399340
23634500
29702892
84568232
122855596
2663164
76869496
5746052
25784502
47595548
51399474
164672
12798610
47360612
67773116
4672910
42882018
33159860
33357344
15637194
7370644
2362102
60813292
44165436
10145258
35621790
110620476
14180724
8980428
70914750
8360696
82249780
1370384
10411776
1066968
11909074
13089408
77093678
11135500
1663718
21987044
69611736
43989420
19815900
116435774
35186640
61540068
38237138
42331020
7556944
8910068
68090778
320144
47945160
64268060
107600370
22439796
38690412
44230256
82742402
68783676
29546762
2948884
42154326
69925380
7242650
15455070
6653854
43408298
112175270
59322198
22203672
3617224
56550960
16752780
28303830
73173588
4335374
126122690
7499664
4451018
13223772
53034222
19413032
391210
16051424
89373924
46802
28250460
53195886
8487250
46471920
6195018
80481700
44654010
7770522
3009756
14896
50136090
81224158
17603760
15936156
11620740
26282540
2001182
53428750
928776
5908750
42584284
20258596
42299940
56408476
15009300
42029628
8416996
19687788
118033722
101626
18050860
964706
15353052
28882274
122528720
35571780
76842620
56373168
8201256
12425204
94845876
89328322
65361812
10838540
69179612
96393428
61940052
51345412
27913334
2467850
28714412
1035122
72980780
47843780
91764702
68275846
3627390
4702120
35186808
90026400
16544748
60026036
28860782
3254306
12536640
13708540
9407940
740604
44406292
64654088
1584550
16518480
72202464
3091572
66869920
67189492
30774780
42914070
23384778
73191702
56447400
56116280
3279780
64633196
8952080
18231860
21832740
25558060
2855790
76653734
4474480
65773412
2867878
15689252
7522776
10977526
20896938
3051024
38589270
4767270
83151456
30364152
14855844
20764576
54523812
32858944
36836970
2400426
61462968
591584
6927666
38525552
49109116
2827982
30190530
24181998
14077964
66759060
16641132
6831528
7659164
72558996
48539070
1665184
6821100
143942838
8628236
14628840
1258546
72218052
1809140
20220636
60968492
12471704
262034
19363520
8571060
25586460
29046250
1892580
11085716
16406700
15242790
34221902
27705860
135923058
24006894
2020150
24429244
90834644
3656266
5665410
41457176
74810056
31115152
8890852
73552
85739670
18149940
72142686
19952628
5376360
65351826
11305430
76533476
78282984
41433960
5999288
32863090
2174820
68560140
53546784
4320684
23311964
9470822
22879740
12171288
24785784
101209948
55987320
67462780
1929642
11719090
14317858
800396
67928104
31401462
52196460
1010078
1631958
13722430
5572
88212228
22286740
51971280
58554832
56262452
28448592
13182984
6010650
981236
92540328
72177020
1366784
85388784
24201228
6776916
47488004
76552478
69183840
16944380
3145126
3659168
757438
63875484
1057558
12198398
47982294
32583612
88152322
61647092
48940750
8025540
28908850
9666676
13566596
63604794
55971164
61091450
36341354
290774
100608426
6283680
216780
1849810
25631586
19642860
18022646
14784678
17308678
9289500
3422204
67612508
133683450
30808272
92626260
5548268
32670378
7595924
81327402
5303468
4753932
13044756
89542140
48589764
29886620
132571694
16621434
5157770
2032032
22198590
9211874
694552
3713270
1695828
65953400
49445160
8852316
65458
58903710
382900
11550920
122892
7654780
10347972
567760
6156780
149839906
18770602
7530520
1002554
104627100
13811196
29333790
120456
51793164
76593950
105881360
52965346
15326580
2203050
47230184
61717862
3310588
19043524
44708764
10790330
7988930
85987456
31591240
33490572
51783022
8605050
71907746
66746700
130195786
1767688
141052714
60967098
40986298
21735902
30143268
26517668
9095502
52766194
94884828
38294468
688024
1417358
48104400
44731518
26957292
73534060
52752520
1245084
9940946
336266
66677480
33024244
81576996
5599318
24624420
51585660
13953300
27486518
1596612
23529222
55551030
84647692
11420804
9609208
56976252
35643690
68987868
9835876
216376
53263600
1826452
6699414
65909418
3006292
26826350
38209032
41071402
5082036
18567084
1824300
47463136
42337740
33800300
2820818
68052980
56893772
4920
12637564
93692324
12464906
59636580
6752736
58527000
20667966
15200796
41024360
36130716
9219020
47764258
572210
53070860
72113892
24554772
17732570
82991484
2131810
60561040
32798380
19371560
28488948
17324590
10357980
13110004
26358936
16293936
7709000
34283260
3087550
53362452
17094842
69237780
1245082
726784
77281148
10216638
22624
22165068
1903284
47349762
10918800
21590828
115216440
8630988
434098
81522620
7315284
24948780
72213870
41454444
34133240
3166818
31446110
12911022
73560610
54578316
8091460
11891118
13309184
67562004
52923142
38667104
70257096
20083916
30333714
165170
15008534
2949594
35251050
5165296
16263468
2291848
74602734
18343724
58997960
102409574
1133910
86150
31772746
11225904
48418284
12956024
6365938
83213580
37545836
112645970
29784
113739018
1409192
20978456
58837006
57566668
39222750
12977610
2516404
5912772
928990
42510716
32848044
2236792
9446318
22178220
5983598
51214468
125475452
14238012
123220206
4305168
1992792
32504876
22587836
13601710
61514404
68182934
17883840
58252904
46646440
4899182
22383774
30827520
7637084
39305640
15054062
412628
45279612
50240778
890370
70012956
2793342
56552466
85345876
61706068
2656540
33935132
44900520
33277240
27357920
46613452
54152940
9401708
58418598
35785794
69968436
84401240
118806368
99403946
2165966
10462548
1150240
8288862
94626342
44518998
53440854
16583896
92290364
45326996
22712178
5220
29061726
2322084
31716932
74559480
98960640
30876972
8794860
225190
20245026
65234468
127315404
4107536
20406852
8445266
43389360
54342564
11845176
107570822
87760680
4026420
36982500
5400836
14808464
21206700
41833238
86161136
6683868
2341498
6848400
61720040
304382
8869898
13982684
16778892
60346414
13336102
4756946
63768802
60972206
2487818
30652082
45494902
16510398
9362418
1617380
16536480
12958968
79382940
44758740
70957850
101809820
527620
6866772
78216018
51556964
41418014
23646300
111820930
7483776
46386020
57244
105894104
17017376
17151644
99604002
8366746
9734
833186
20967100
14608756
88842488
74267556
25774588
22826364
60388156
20850796
4329622
33488812
11414662
10191760
6196746
71993240
7290604
61402300
764948
31070594
2291232
13061388
40438450
46522902
17198278
22487676
43823310
29043918
21120988
9285408
7209614
1796940
67215920
61986492
39640536
67520940
80338052
24700038
8145662
14929820
7306720
12082456
43886350
20015860
27570660
3428666
73963896
2407300
65321852
2523590
78650
13395426
23148808
786670
10720620
16138480
15625218
36728644
570178
35721912
68921140
9968238
5120732
46910
47826540
71898060
5223558
13557440
385700
61723788
108282168
64536366
8475026
54137128
19115772
17001684
22018888
177600
28211560
63256620
19525480
12948
61627370
120543524
71435322
29635584
26901984
6684618
343936
32420054
27629702
3034796
48444878
136068
118902594
6081388
36109212
7286616
15379984
186706
3589536
16110854
22978540
18669118
40553868
88894740
94806
93032804
40956328
55038910
47425556
22143900
18580
34357308
9329270
16605888
13352354
2296416
4914844
6840110
78559020
27449174
14519904
27314970
29069560
102007804
30316160
31175828
32031188
1466088
103346080
3029028
16215746
57740748
48542074
114495226
3201898
22392534
93753520
193468
35755108
14105410
427334
7535008
8046624
87276224
71314326
106890742
6835696
82711676
73769698
13769230
126512458
9829880
42167570
10167774
6418466
1945198
33448150
38426700
54169084
35093420
14324410
60356478
8702370
62045180
18662180
29074686
33393288
21111996
59372052
53293646
2543774
112966340
43114380
29393308
50810362
3474086
118272
35936112
7998576
4400100
35319804
572576
6042480
97064904
3236310
61554736
2869400
66390532
51511212
92134726
47798112
24995756
35659278
36198544
872104
388350
30407756
77126682
14375772
42097180
29133580
94353712
6552060
1152520
90219080
46997732
84550
71938108
270766
14405088
18434880
4317922
16829412
1577848
12096362
14831172
85175596
1233350
59763132
35154648
57242550
16453564
7958868
121831798
28846484
239568
5856762
92458608
68816
543064
14545812
3912290
2788896
1891440
35769780
8195964
78599206
38610298
23533344
1981712
49201228
64267082
10143200
26471288
10598424
11732802
38944680
53579180
70963648
221416
5650998
47760606
20051082
73680400
20737140
61384580
3313364
48617670
346860
63055428
8798140
77608798
34221246
41960220
22632252
26993202
85214098
72752
4955892
32919090
17520942
10677984
6123578
456280
3056276
61116612
3979920
55717620
9084202
118646730
71685258
45891224
594222
65545588
69966148
10413070
76031836
13232468
14197158
28183560
33007932
4168226
49233468
19885104
13534804
18038692
8737470
5260700
63337526
1459826
9362310
4588552
82615044
4269372
1199260
718828
116361608
118776
24888844
22336860
18195066
15268748
2050720
25282632
39542886
56605828
13006746
87414076
12595550
65103690
58297740
3044154
31384660
3675488
7067308
37319844
118678308
98818740
24066826
38930126
64852680
9101242
51300708
5797942
82136950
6342530
4372610
69030130
947156
8924842
6951068
40988716
50277420
106749102
1746710
3205160
2275686
8892564
5607626
26780910
30123090
35197620
13593418
34968332
11077116
36776490
39908820
118761570
34182006
11304804
87329104
1642200
54374330
117053648
3764660
21237448
21902108
755456
32674716
11999040
80685354
7498926
2483628
27104326
18243490
17229102
116633604
34207860
33387888
11247660
18111120
7351216
48294052
105799312
88873800
20351948
107226580
15314714
67491580
5082946
8344860
78594788
69221680
33385020
55176
29021388
27145260
2433990
9210050
28101940
25910420
60704740
8031300
20787900
29009874
21960960
56089644
10709880
6607970
29326478
69336736
38601284
59389860
8385706
92334860
10954010
44473872
58427340
2581800
12285498
6836540
3403084
3861712
50183228
47339548
270892
65046914
25278054
3827632
23544590
20854900
33063080
60076230
10198084
38266
32453260
15070736
11092380
29662080
102023976
5714872
31390560
39138128
6544048
1505768
74392352
90194508
6025960
43430100
2595808
15778038
10000844
93083550
16571670
19975660
13576926
10335808
69199248
24428818
39884940
116993220
2589792
3360880
133060240
77470124
5197250
83033788
43596280
51003340
81087494
6539394
53281122
24028886
88271650
69456642
75487536
20603684
23840380
61853622
27502524
7550010
16548508
39176440
17818172
104029052
14550220
72280260
405040
24441070
22005628
17495400
35810084
62212272
21638728
35220416
3425026
104547284
63215376
24811544
29274564
17931660
19532796
14580
18350580
10670700
22151168
20122884
4795926
35323608
64145186
7633140
43895640
2046532
25263650
1997620
1642632
14312364
116886
12828282
37763902
8715718
208760
19406996
84263150
66884208
3992724
87360216
4093628
32219196
41644548
7282394
1827140
12500108
35238520
4317924
108826948
8130144
44060006
2688022
15831024
782704
21153480
81805000
80666934
69964078
1963344
11453220
5448462
21208988
1348030
62551176
24058720
34331220
3430488
87714204
12445798
3913800
55349700
46817696
50033220
74636988
17381744
69718852
51007872
287350
48951426
28739176
3596286
22277874
585180
56630604
9156660
15806812
2189208
27876492
170624
10386280
7592862
149237038
115082646
8010668
14960588
735570
5053270
15159570
1387718
11869692
3923286
27846
90595282
86698124
13641540
34417416
91219696
6600
30136164
2720020
49334502
17228380
17961734
17359890
67780420
1129240
120579318
81979060
29274540
20292348
6810212
118856186
15594844
29527924
12322126
3220820
97826910
24898820
23507850
351120
297620
78713970
1957778
104386900
8873300
11008618
642112
8686444
24976206
701708
4515198
75225140
7889304
87250
78129812
70201866
24586940
24100522
2273000
56041098
20764752
22897030
25391850
30149684
34110840
18220710
35414472
4801688
45663540
23418400
8761760
112864392
74611980
3145402
89484492
8248676
41704354
72809388
45279990
41457436
9099492
10377386
53446776
3597002
1288112
51913544
26051506
101935684
29182456
44978840
41176068
56073022
114157870
48103908
70677788
44745728
2448684
1763722
44245830
9785888
79457124
40053570
817410
7700268
33129816
30161952
1273688
1148810
51966324
1696192
11557200
2515814
140540
31244860
20260620
932400
61277476
106824048
26406396
13872230
16180182
62868720
10149876
1788834
62068530
42483590
12279954
22820220
40842410
18666306
3446992
291052
696728
12480790
1683272
31654060
80461104
72343700
300276
2337600
13904234
41850508
69611334
20850226
2332160
28732408
14298990
4052356
77625460
1067622
27690898
2974328
299212
26416414
63378394
39053244
21181830
1476370
1720780
62028340
13428972
5144676
4070570
10104804
9614820
72490740
1929134
8629404
5125442
27063340
2057544
14593088
49362180
77127748
9702360
34901090
6029590
27773748
115574772
38293748
59555218
92270844
8086672
22664570
32851788
81562956
127749430
132116540
4290026
1939362
998828
17584494
9401876
36544008
31540040
4897118
13163256
28130796
2373456
422572
11808164
392896
27721212
31805320
80889300
36703554
19054152
52869282
27874152
82749300
65388456
16171470
68302912
85587234
3817010
100817106
13272564
44839036
86603660
92708284
365966
24494460
3217930
76160090
15803188
93094980
23248006
1466752
46578380
9456542
5622580
27654656
46511796
9162880
70938600
23603276
69245552
35412368
10391308
67994288
4942080
103320
52520786
1993812
4807758
60
85052
19860276
117355834
51320172
51852886
40428910
509404
14041092
20639566
48653754
16447118
66612726
31300384
53087392
66253890
45944124
110626924
86984244
8101110
35624148
15753722
63572
39320844
13825628
103944570
41335068
1463390
27546180
71076900
955880
45457276
2748148
54084060
9654150
102331532
15499644
18883604
43358434
2348530
1787222
338240
74072854
105365366
81970848
5461496
14476
1003380
12980220
23210624
22007626
2512310
2036506
83561566
1910326
68171560
64895172
33903152
110330926
26897122
1354290
47443600
6713088
2240900
32343660
19911362
102696314
46812624
34457124
26180754
125093528
6370612
9605010
62012868
1468468
1708296
24688748
31922220
4512230
22954150
84412532
35749382
53795796
86915224
78228542
14740026
6870264
7367138
19544988
598248
2128536
49310340
102852436
9729850
35773366
74410440
23316900
17504514
65817456
21047160
103236642
74356440
27183204
8454300
9931724
967382
42143146
10312302
70645652
89181570
23000640
32369488
55962564
19358028
12671256
7872836
44228428
75487192
76553876
12796740
33241480
706378
9835744
1811458
22237236
5589916
16582608
17233820
19503348
12787104
13885908
16047180
40655224
32776540
11127950
23840720
17597438
6796304
483240
17349652
232750
127176010
21675348
21433330
42705102
49792790
88149084
74707022
4048280
40339568
71646572
8437600
85141424
98351788
131266254
27227964
1497446
2732480
4840890
8330352
39464340
62176720
63471220
57592836
12690958
61162964
1494976
357544
75909070
11377194
1535834
114746340
49729020
19942532
3278030
2060674
64629246
12010950
21522390
36905882
40714956
3987230
15527334
39193420
1651176
67154420
33415850
115676012
1764584
12376692
34763340
31808184
1572334
11853108
41517918
17391192
61965736
28268520
26840500
610148
3996906
3675900
23143350
82792044
20678784
49390370
12584662
8484532
2875950
37573556
57396970
109622318
56861308
66088854
4956604
463496
29588876
2294914
60268048
41568820
13398076
640072
26862612
40265220
212092
39801228
29487476
44961804
41910840
5560978
25555698
115590100
16543450
2893944
20989820
19995096
19098372
620950
11812362
10608108
3901448
77975048
395500
5182888
20719830
4654650
3796550
44805878
75388380
28419944
11242142
8520190
65897018
113594570
34774796
56012478
56875340
5106736
26542400
6444262
28537140
586214
9307374
2570550
63319032
53460750
2401520
4135624
20368372
4112242
59448048
75855816
8071260
20551360
310934
112600374
867240
25985818
5743088
1660418
13087558
34262820
15903328
26329596
28920
58870536
41980624
24401134
20343692
21100812
143194202
58322364
19641078
31836
67445330
30294896
103875252
78247356
14468570
46316864
27717148
25966114
39057510
2834082
16048232
30750948
51015192
42824536
131892
61607814
99412550
52430732
77003080
133705318
9438980
111192064
631904
8195872
19139212
16732260
30470690
21269540
16819580
22074828
22031974
105034022
97690790
73526500
8616780
513452
7392
35331780
20930856
29583156
67412166
2676786
66799550
34620054
75098820
19859150
72238
22886154
58604316
10706380
24685920
31837620
64686908
71098648
77732496
4707686
10540824
57376
74150668
36415416
20554560
6613824
24703560
54973340
45307596
28902188
11208842
99691162
9774636
34328044
28729410
80047216
77121660
47878010
8304230
898700
20255100
63038280
15276270
19584574
724742
64592556
19768668
80200
69114942
142135000
11940070
10931130
14093960
3824646
42203346
103630372
10180316
14418586
27275460
74113724
7697192
54562094
26766972
58941002
11106694
51161256
5651802
21349166
59091806
6725580
77589748
47930044
15653712
69453796
33764544
6887446
16001578
6844668
35260370
4015628
36434780
1143280
1912442
27366760
31246684
53381940
32301672
14288460
1316866
56178068
2660392
69981166
11779532
38660268
62482904
1490490
29399064
9076582
127125032
68362828
48438480
34451748
609266
54979432
81232098
83998248
73452756
14560
54081720
102711496
79062156
7648350
68544808
3338974
17690070
12494848
20927346
13291020
239700
10088544
42611922
5201336
1018546
68868716
20106204
1290572
86958270
72405148
19633752
53779314
45032946
77377356
30270468
3811408
7928060
91521972
8392374
28097188
121034310
2109498
13605180
37150740
30118244
46695368
3381478
5900270
32078170
19690906
18964252
16596640
4353772
728832
49205184
10088650
17394144
18563688
8226220
57333652
40330200
4558110
2032244
16911960
13595796
1964960
28985020
1593026
8714152
24246628
30967580
5880214
30498840
8138838
18678000
34545960
6282518
753584
20937036
13289610
1290628
72064
2544802
12377878
6528878
49529690
65779900
9733190
30312486
9533148
52199580
3779706
32008500
977626
6248
70049638
12859380
158
53382264
59305200
2753730
6826418
108403178
42364002
24985980
5003840
44798496
22579338
16629216
12781768
15914508
18744996
24455340
35786944
9206002
33508404
11593928
52793860
34961932
57947716
63834828
18535260
64380900
1780916
28609434
2367646
685800
40583900
42563092
123485408
1232304
39330836
874720
2323376
20849030
96384524
71438226
27398324
445544
6512
3415518
42040
39203118
129111140
1093034
7719436
109044
14603100
8701548
16332116
3269420
1746440
7379140
2245022
3663590
2479596
8577580
39326732
23433330
6825220
43724626
52478216
3564020
15199038
3980420
2528512
10105500
8423388
9185244
485400
71284784
9518308
65362928
1512
90896
98175432
20124120
121751928
121700716
74120980
7431298
22560480
9487122
3429250
15737712
77702648
80615806
18510020
4456018
35430140
69083442
16632500
1986114
2315454
66878614
128130610
35195650
1224452
69560240
1611940
39342746
18931260
37950630
5462218
4881188
2670284
486390
13198428
58696160
10944702
70716164
41228952
2513322
37415380
1246200
34241748
2271050
23348076
38816628
39072860
76611378
47525532
34310436
47692446
21366708
114242058
7712108
920300
12137866
784602
66004612
73864036
120015014
34916228
33187060
3297880
14340780
11771704
39975460
19374640
2161620
64193772
21207284
14053676
46452012
9106654
12663900
23401092
5658678
37949806
1197300
66576660
89701908
60212590
7965532
14679420
1645600
33973364
56179610
2737280
29017872
68596080
7611806
48846984
24778500
5719950
485310
333760
11610658
69655730
45180972
130210
118738568
19034974
24422244
66533360
12757854
75375420
1190438
1801800
7086258
12370310
128833510
12704316
3203648
15451470
4197188
25097820
32921372
24268832
39212628
279572
13448300
14173308
3022336
21427550
13299960
5622816
20700740
242664
30955100
9348664
68261730
42139900
71542508
19636820
21916788
50182212
65521764
6096974
10285548
2166720
42859938
31713540
1249920
34353804
56938330
3624726
19106940
60121770
19034680
1442020
32353844
2507400
3962916
1600764
7862640
119983542
73685706
22762542
9281978
866262
67945756
1079058
18339312
35770668
6998892
6090722
131428
4400452
3785820
24379546
64576620
1655590
61664520
61171368
6870198
11128344
30456150
16830634
13497292
11480982
42869508
112807980
48092308
37548390
116223232
50388716
9166590
11180
32473104
37897314
25205658
3124010
86156416
61634336
39052626
572952
8362118
2462978
342320
3857890
2949658
45292590
84501066
17803270
11572714
9710320
17675840
14772740
25753622
33258150
75744940
3346642
81605184
78982706
123715266
26466510
17737548
261788
161614
70260890
99181212
22505536
24190220
86450932
29883408
2520610
32033488
78848826
30431692
50475510
576800
2712722
49358572
60678640
7172310
9718476
11839402
74565826
44329234
4676228
79720076
6267180
2691958
67014888
63290544
3323190
346280
249282
6633670
19820820
31144290
9640702
1092208
109788850
46416628
98606404
41816180
23870680
77874204
43758988
30354762
19311356
6260590
4198792
50790924
2315262
3213840
46742958
15507158
45479618
47326188
12425120
69173250
30672508
39535062
74425992
11247632
80770090
39717188
81314400
15880056
79113620
63899116
8247162
3153560
170880
37146162
44234624
8801694
12145670
35878140
142766
38301478
13731332
13472480
33441432
35875262
57745930
148089954
6194376
518024
55199454
27024560
997994
1078324
17850080
3112342
21831228
1427218
20637962
111591044
84370974
60073172
72727150
119761640
11801310
3499606
3866770
1974812
4775242
10103990
58502490
51827324
53508610
29042052
20940410
63596952
24294946
2359608
35951868
62170220
70096468
44939920
74512
14402544
69748428
110244398
32222888
52106436
50095400
27379420
16226360
111896596
1625340
1719376
4594380
16994280
45260852
4071326
36635714
45110514
38312324
90338074
37271004
137417224
42247080
7400620
48350986
1465618
109702424
11589620
31328322
80128104
12156108
16119436
5656944
5894410
27240162
16497982
84139198
1413248
4336376
7046406
116808360
26892114
38395812
14412856
4827720
8470674
45172
3782016
67213280
44723278
37620
48711048
49388112
70462510
29623748
2940192
14353176
11535780
34612310
46119732
2402328
4124444
13253556
24541332
45012978
53581110
19310892
78923466
8248290
12887260
7645590
5704524
38147952
26624748
12484234
69521892
59592740
95065604
107243954
734804
37644040
111363318
33326456
5672016
848808
60370870
6194220
62232880
4929694
66802380
87839280
19261430
5307652
248
67950896
1850660
799042
84061788
4397992
13744608
2117584
9285772
13814440
51417222
31845196
38253210
4662350
12271288
22186844
16709596
26194278
127288940
750948
15482880
37390338
12187020
434796
27008982
1444
85023052
36852330
61638820
7403346
16983066
46839504
433784
8949808
72285920
26084366
27716336
17414100
27063748
76707786
20525228
3735674
28022320
3966474
7666780
131076988
34579432
1176610
35695494
9862
7488628
14253162
2803196
124963620
31835448
97340232
44438750
42045180
135681486
5648152
71805558
51344632
46855476
9839540
82266800
57299388
913584
8362064
73617124
56628950
66767012
5915712
92454742
101713312
70558852
5829536
67544268
2625934
2864574
1154460
14466462
6197478
58934510
1808520
73759866
4904552
42476212
36431570
3418894
12291000
7162908
57515428
4211866
19459588
89380244
23221848
57169790
382060
3275018
117819500
1054904
998216
60505630
27578280
5407872
3483652
47176712
80743384
65870098
75639564
29325260
12398550
62148654
43000780
294424
107736232
51284712
46124436
86339850
13545524
24115846
45137252
14437902
67134496
55726780
955820
45543464
63077982
72502732
20923890
12564422
47314428
28081140
18383476
732160
65657760
27100616
4676864
11293144
42786620
20852952
25173210
43565360
37427388
40122884
40422874
2412930
14900918
309686
6840602
10130166
36048750
68928292
35095272
10622470
10654152
33272844
92958970
1386150
33505108
52700112
31854856
14802356
220570
5485280
4386702
4090530
103697456
54496020
31713200
4551720
131167450
119599678
25220908
17587464
12110900
1831480
318890
22034310
33250524
22525510
6699732
17491134
12815348
567474
75712
16910580
60508896
27391260
27983616
36975796
8109530
2331698
45490192
27126062
47492188
54595800
9825056
78024308
135850126
4792240
62755844
55551706
6960124
52286460
14857162
41848950
18568980
7291108
45713956
4488422
10173740
37203216
3888262
27458524
20364856
87262800
32658140
84281790
1615324
1077426
48026636
3287862
81517048
272690
15087370
404078
48278916
3770124
55929180
90852238
312522
25570506
4021826
28369230
100520240
19734172
5712920
4295770
8520180
29236340
58226432
66958350
7337940
2683410
58205112
616224
76083476
61842084
5930876
65680980
46954196
4313904
49938680
698734
63528032
20081574
2957070
47808588
93878552
331760
10665948
25923394
1281150
12201196
16542828
64146012
57238400
59103212
11075556
8243318
13299900
69440388
47636884
84819480
3927206
65349360
6866680
56122688
4080622
65355190
23422554
71908344
49116050
49195094
62500680
21437116
108234
12451198
62893120
423548
50730400
58842516
18917042
33125158
44061364
71132550
47549950
87299160
21290988
47259996
22229214
92455908
61256344
48113380
30674556
61333772
10714164
73717260
18545908
16426876
5240
17025348
59465580
382480
37735380
16529404
58797746
34284460
2057876
57138000
6792898
51787984
57460812
26390490
2765550
35761740
1020452
7106422
16609534
39706060
67942942
28699784
32052412
30796760
3762738
45123430
8290150
7702800
30356244
27564830
64318862
2095538
242880
73530244
9482478
736632
23773122
361784
12278988
40508124
56900790
59312
56385546
23278668
20133500
10929132
78344412
30967412
6377820
54178300
11903084
2577930
40106
58119612
33140772
34960056
12583500
96409462
85953684
43981210
116575036
81100064
184698
42797526
24703852
1454760
27984560
375820
4998862
28249610
53210490
80167844
102685532
679752
6460650
11518814
69272450
92133288
83319940
40470132
11903700
29287096
414778
131564780
20841184
48641202
65498412
24928410
19438768
5492236
60671866
60722910
48388650
12364008
30984140
63296364
14780080
16873478
21331452
9793734
67782060
52966752
7461752
10517120
31033980
11490284
743288
27402076
54917328
27093060
7017928
8680860
38662418
20854794
50765998
140460676
3628400
101663484
20889586
68372104
16375580
18336960
403566
6595770
21007140
79552520
61601940
70375940
33680528
56463948
19508956
26451948
3977372
54956184
17290576
20422028
2804112
37962196
92957388
67340784
67925384
3929032
9604200
5282330
6061144
200436
4979970
2654062
112909302
35829476
2321648
36525276
12270354
4883634
60867582
36200808
40825824
147489860
18616802
1094922
11493618
597692
2767680
19296204
60252102
6620748
23930798
72665310
674606
51452956
1096456
112342030
63361420
47545204
19229756
734478
55352140
43101042
14244346
12490218
25260420
75201728
29342608
9411844
38918220
26556466
3278382
90223924
3576836
59775168
44573162
34403496
6442620
7715360
29669982
40688572
85601626
84113938
7801778
13862430
51010204
53258540
315016
997062
29176516
51986260
7491462
66725544
1907184
54417120
6594380
16981620
29943092
43159340
407480
24220836
75051842
57697498
3104634
26853840
10561862
35955092
72163952
55076340
67069644
5889760
23149812
44252084
113612
7478326
59906412
77514124
10568300
42247438
28461110
27050892
107704384
58984482
7809908
10749220
991268
2487214
98910920
11693660
19388712
24141462
384244
1730780
2536300
107147412
80095836
93607348
41112010
120159784
4436528
77216132
20448650
66085882
2920470
69541754
3971530
37388130
7338248
40024504
35688748
7894138
42732928
5801704
42973152
73220290
2565624
100935318
31810008
581908
40064660
2244190
25845530
7349928
54199850
1172830
56733408
7992212
113954426
11307202
24252772
32482170
31300204
1309938
53885802
14330080
50616164
48206408
8337638
48343664
2177136
13978068
29472180
25699504
1796702
69992052
21850520
18066926
75592336
14516604
27907668
35743462
724540
16371290
45654956
38281668
53568120
44853310
8890868
20964430
25874
414280
20739198
47890612
5215674
9338520
1039196
60140976
108018
45673864
71819114
19527660
64991980
53325564
40285936
80969524
38653138
31591406
88678884
71640654
74944
474490
3510492
45862628
17409094
16274730
120515296
9677458
48174620
4052256
52661928
32910356
1988568
58598468
5482706
18321960
3644548
128818
109118518
97302862
74328348
3360288
73571720
24216584
93010958
35078308
4144304
66030080
91072644
12209510
21840762
3799822
50068014
12180272
87529260
2603960
112318550
35272044
22469370
2260700
17473560
5035248
366848
53535910
49940844
28895932
79905426
82643100
88933200
6480760
9873840
94763852
1355064
8519540
27356420
18686340
39955956
27880020
570
9945930
57884970
36087612
101287092
133508686
662700
1102570
84161344
12145778
326768
69124744
73780062
50249428
15120762
13281764
4901504
12449190
56440736
7225822
11829850
85007918
19406588
31416506
20354910
100627984
33305024
73933278
5123814
3599124
10963546
24115096
8515740
14023416
3680368
23819296
73024
32944972
3514106
455410
81506922
75001740
6210680
826236
14618190
29423252
27618572
1338540
5754612
26696550
4507010
5214372
13781238
2252900
19525260
9333036
3582880
75564126
43093638
53128980
50573440
3414756
1916306
9810200
8695862
78886772
46734234
28306344
619658
57723280
6990550
44160
3905644
108657400
51636244
43532168
84336310
45792912
55642244
645232
17761836
24190320
2066930
47440512
42646962
5845520
108517420
6565572
13034268
18825804
43307080
69232
1526358
13176572
1828514
8989096
7765830
3051834
30189660
3058360
71373996
76793196
58312868
73312300
26745964
3184060
118101474
14412260
32072100
26801212
113780848
63568684
26115314
4457026
5533772
34288800
51521980
5202204
81283084
14908924
54240836
4124230
3095154
31222104
27779280
14771322
402640
4764044
3313302
69795490
18729556
73214776
13331682
26718612
1493290
15607200
12656092
78454308
30459568
93636556
2634324
1952112
22198652
12483762
5843584
67382580
40258380
14908396
15178660
66531390
40630460
13426146
84996860
37062540
11110460
988840
26883402
39172260
7231284
9718408
20769672
33582926
1782586
28290238
38784746
36646380
1045748
28455410
14725932
50724804
1866162
5801526
21634480
78996694
25349340
64204648
11092500
87667520
2537492
1164520
121598234
3114542
1710942
70084866
72003618
26590844
77714178
68117820
94341944
6019228
5816148
6086086
27477420
5559292
19680630
10515168
27321792
53357446
15462310
59600276
25414080
56354658
4767938
59773350
4586474
14997342
51977284
135832822
111948790
1326224
416412
5424816
95208908
54986348
12986032
51791002
12820308
21233164
4029588
38759752
18850854
10781344
96596420
2354030
1098344
7900020
25924080
51060400
29065400
115451712
6133536
6352712
111021860
14961520
81829180
19225324
21609384
2827052
80288740
26733086
46884240
33089256
59744230
18528288
29438776
37006422
19609836
129152862
35126620
501738
81479748
39834732
7276652
63436956
14253564
52671632
53137448
9178420
57326830
4933560
10335048
3629920
11216940
59292928
25929544
10948220
48475968
14658990
35451510
33311426
21545360
11792990
81982700
31744458
1718216
136822
76277010
12884334
518512
36685630
12927772
126895140
88129680
54882160
24517788
104088580
10091110
8284408
67644202
36090672
52869972
11436780
2498882
53785514
223736
72667400
42719040
79860470
36525328
76693032
35293020
35608636
39903570
38045828
5481818
26190480
1070732
2764018
82662108
52970940
56592222
9774660
76905764
69709686
36322508
103035118
10850612
91514882
35312444
3368448
11001276
3499076
4471494
73564870
33743990
65062476
342800
27912140
1036950
47442798
56086764
9398612
15158040
44417070
20568684
32675804
1998898
38379680
12546420
98516920
6384132
30490824
76084836
45597990
234544
8061948
59834544
95100644
12176972
15735260
2905280
16847650
8574830
14899836
65036880
10722048
65336910
159898
10024700
110907782
84520444
1060554
1494030
24726704
94074080
72932246
4543390
156612
49406622
81038398
55160884
41161896
91268484
2216252
77679780
72395958
5731464
95898204
4779622
13390124
2279852
60159260
72902214
4212750
3232682
19224510
65638948
102297534
29019920
32036074
15908748
8328138
79607220
9507218
11560972
3521856
9216832
111976350
14311984
15987836
30476264
2787274
19329808
18956370
4922948
284240
6490516
6088742
11248324
99163076
3927462
20676336
81180726
272960
40521340
129633248
1652980
32581460
25614772
98415932
33635416
21605436
135052378
9695940
1363110
4128
81482588
1076946
23742510
254242
37869660
87822492
25356796
60750066
44998580
13442574
27664068
43980540
55199226
6741014
69534312
11716812
14586284
13582898
9409798
12483942
29025792
1975270
1666280
12609430
73508596
8901210
7604498
108715236
116709552
1980950
11145804
9596812
468952
6729200
1560370
27494178
37640484
65445228
37709006
27792690
1134606
34519276
57067080
26780140
36366674
91324
83125788
46515670
86514134
50108114
31228308
61718364
32179432
4580588
22128796
16759160
11269356
20898356
37573316
66290214
29064
41102044
104329240
77523248
4717168
1899364
1751878
30090194
68492044
48401172
22692870
58885098
8856112
42683760
179968
42141584
7010998
23329560
48482
13670466
21849736
55173524
39818132
136210906
96341128
57948
14212918
2516368
1783102
69595592
3936386
4450088
30768390
60927948
91364
27443584
6785120
27578146
62025420
1564772
781954
90406508
72132060
6483538
5469622
255480
86221026
11792938
370804
589726
72309422
27780066
51496970
73382702
10578428
43999340
72797276
398480
746096
29159236
912114
12722194
31213020
14391708
3256676
9841064
35169524
23489960
18342576
62428090
31984212
2404378
14234766
67752132
3563238
14431380
4421144
13845086
18932388
3489484
934448
36444132
254560
17113140
10668242
54140060
5198742
22631460
32593200
33601380
28925188
27025020
82292014
12614788
82708620
1685154
2412244
35057740
22460988
10584564
34982176
2595514
4807572
12270260
70277540
30510372
12969492
61081048
2566348
65090936
31893796
4657940
56058654
7832532
22735140
12025640
3158716
3738568
1246490
395332
28848402
79715580
8769444
6585312
73097260
25898124
1481870
27447056
7540880
53266332
4825142
26374014
36855870
26842034
82208344
34318302
53601906
92097332
25387500
49292472
56144540
12618260
42480
16421982
3775550
53515990
9074870
394162
16459244
2276990
32923284
6569590
4657002
27551580
89320904
88988190
735364
115199628
20886972
15200242
48519384
87580744
55550
3505214
50718904
69058046
51405964
69582300
66273542
75619992
24205276
81349806
13888930
14948974
46803732
42334920
7190880
6802080
46573728
18288204
748054
104330484
642756
18678160
22238034
19793540
109582692
5263408
43085452
24234340
104686770
6565680
78748124
20076806
2490520
44509394
115640
40015002
15313740
47192222
28106754
1828438
26036036
1695920
2702628
37870052
93543300
136478420
11895412
142460
1585312
16367144
344344
11362420
46997708
60705834
79447116
2995620
44691232
3160862
9228454
44956746
15383290
93348888
84363144
18274728
19033522
23935452
122792846
11853820
15464808
70985740
14264028
72651260
3004088
38989980
17087428
260702
7148280
46581028
34057374
32189912
44797706
30852360
30493788
47208870
15785292
99486
4579820
53547352
11165826
89906224
14324816
60273708
11371264
58979748
3528670
74515460
15499860
34317084
5074696
51994260
65195940
6924988
37029660
23133732
17732708
481224
7091160
59251320
21259958
602912
34859940
1058096
49558620
75717172
25084370
59238012
2989702
32901028
96096
45243932
19236380
36386660
55513450
45366720
83617310
60699524
12340480
11705254
116836
484050
6896732
947744
87152020
55179140
10704448
1374478
129916704
17889044
12647268
27718180
1480578
50840610
25058940
69555336
19651582
95693090
52460342
5286156
19257782
1059130
4132520
61487720
906962
27851284
120711600
20915996
102760560
110777464
32480460
16997458
20698288
25131456
7853810
31331388
1460994
70039342
74876556
29246980
2819600
69092784
42027094
9906300
8894898
362932
40920
6342984
51016384
43755908
15143564
430950
13533758
22890012
13473216
110340390
81738030
5247422
23647838
57487996
8427372
73696968
27228060
5476688
5511644
25613520
68362184
7301668
22595472
14476724
4147682
16230702
3100346
42388268
67573914
46916012
99093438
63608052
5399660
43868076
7404122
24813338
268990
4772602
976550
722806
73763556
59299770
134165548
4619022
16159972
22884948
4194308
5146966
50389388
114124592
13788552
15872334
52585354
50382560
3276112
43304272
44571100
40910468
14757024
43246328
10655596
1287864
66646140
80210802
38087940
61777148
10502816
86090526
2846440
942356
54120068
4279356
4363082
8737270
1559214
3522066
6334970
15033262
27008790
11432892
3288328
66055430
94906540
133934300
23899536
69098840
17133468
598112
10955070
8562652
27038414
40080
4348682
4820694
4267346
6903130
124917798
26944500
50134148
7847426
748122
1889168
5424326
69857800
55494188
11089862
4433906
15327660
13414308
30382604
57739800
38445260
26716332
25660470
1533620
5771812
863816
57731680
98940444
1005062
50961576
318012
47399700
10543342
61851472
91053144
2127034
30907932
26812572
17855312
47022184
16371490
20558668
72686852
85571404
72183134
2777428
37480490
8168064
45886068
8411092
86333918
4912764
92162464
3847782
74704822
7960476
132280010
21434130
29421948
33294228
73254584
52854720
41848436
1247556
3840380
3482026
52076172
1081824
1507218
410474
96005224
34041612
30112416
1485316
10201818
9029516
2293888
129762270
26318044
81384348
43615644
56838828
12743888
54266740
40462262
2056702
23938840
52867968
16061600
1001732
18478032
11496876
70727076
80186156
43577500
6937302
85104878
46062222
69673020
98080
38539708
11702360
917070
34831662
73513738
9158550
53497758
81401280
1655592
108274452
33965674
42820760
1846214
8941280
157888
917342
61744164
63934592
3127044
2009844
24945310
139017168
3209816
11060826
21327970
24155066
46353378
57581664
2625328
48334292
63964628
77670660
81308836
24754882
54866298
31472684
53574070
15535572
2799370
18493842
33857920
59622
20942998
11636598
8659376
10634
44475210
310466
16387254
5815428
85260828
6309632
28439880
6539924
459536
4888994
104346934
1643466
29001620
120638460
21363456
40135718
1306536
116938540
2762676
83520628
1818402
9635042
48062684
3149172
105792986
292980
13478502
1157080
45893436
15329238
2010252
86265888
9189556
35820412
97414876
54701484
1765766
5289156
6370400
541628
59044260
24317940
159672
109203564
650300
60050094
8672
1577962
24950044
61680330
21600
77776
4559650
964364
113596302
46083980
37760722
17800146
5947638
4689790
136685802
51748584
27677448
55483910
11399440
93243344
37206812
9906378
20960
138432574
10658916
12172424
6354218
31360244
1348620
90244596
92586930
18785302
42697176
16951882
63678090
26594868
24903996
59804418
26866020
50585548
19524996
98582352
20833940
8691138
428624
67784364
21367740
2308988
7102200
20498646
3899534
93416606
38344708
22743528
35638604
17565000
91774204
2673576
77754490
35604988
50783210
32784750
79239748
33636160
54056366
33820854
89474172
35858544
47454968
46890216
56481780
17047800
25159100
74905948
45712380
19990684
14651430
30147640
12968808
1039940
7306668
15493372
2928384
5543506
18230740
5342430
8797416
11341642
6621910
61837810
11030146
51076014
45592080
23991732
8380942
15886170
3651340
28848258
6406200
24431868
174442
29520234
8876160
30252
14923100
23708082
12584830
59398110
18425236
90369108
225910
30622820
1063630
28787684
9480256
19934704
36283000
11851366
8893386
4834536
71250112
37133148
1985500
32277350
20431956
21737892
11603518
116377080
1124052
15464286
46667076
4253864
71695948
5541262
3255840
21297896
4580048
1242356
32409360
56848732
7627500
69289420
78702520
72
129352442
2164106
51893540
36287824
30858078
26626748
3737056
25878132
38661740
2263660
34678440
3770284
59299260
6670142
35207456
75406832
31692900
5519852
74374040
17243652
91758728
70874448
5650330
1136798
42957896
110610
7724314
26624490
27753020
17636018
1400064
28313340
85062788
2389028
2536654
98619216
58130124
495750
82050500
71490780
78022788
2071718
43349304
2607208
21572790
18657384
84439698
23491268
21506724
9315888
35018244
17831204
97521790
58482804
117805180
11886036
95622798
55777300
12632892
8351858
5399244
11006570
111465446
31916780
57145780
55119740
18398704
3021998
29971668
47923112
1381978
9659288
32795790
22237680
2458950
10710118
130384
122451284
36271020
1616844
15157934
3601852
83456640
42213444
36960332
4017740
27030
48420098
84453962
4842942
26773380
18270840
80699398
42063360
74630724
26509186
7500280
15338512
89504392
37061540
5283698
591798
10868
65233550
53951556
9285320
60111036
94768746
71300900
57729012
45804270
4367370
23211814
5000596
78026248
2794114
54011134
74186098
41177088
3220352
24622610
23407932
39333972
11700400
24332044
83071060
54627468
49436872
4807516
43365904
61986372
119670850
9536720
20594296
58335684
757148
14317034
96512
37224470
9054720
50174204
2208134
76605378
2020368
1905202
1658178
6704352
89171350
13607038
10106872
1265296
22712592
20172104
67895844
1169476
6905508
197032
78954216
49411284
6775408
40742740
73438560
69756572
5965674
4082562
588896
44234540
9887824
10473806
5699110
61392844
9161380
37527828
1978358
6934102
59023060
18819988
2830924
47300982
1062508
3814076
92488616
13962042
3242384
1963116
2699848
44571660
9466716
3214098
4067320
11775822
2338672
15348604
5204364
91871572
26348736
20938812
34966136
8355152
1382136
80457540
20780386
735456
25276260
12081300
30433140
48238800
71134774
26544882
852480
61621484
111775122
19103100
281200
68525300
88727210
105169324
57398256
18699380
76537660
7292220
132153134
38858258
25034406
10675020
111884170
55298710
737880
29831812
14710486
3538450
5329428
21465098
340320
34330256
16801332
56366810
14285960
107501748
84005944
2531038
27572680
36654796
80213094
58415580
6071576
89364876
47776300
1119534
12117146
50663128
32154976
32149392
11617924
26991584
48279616
2309500
17895796
518538
37545188
34791220
34127644
67094652
7348
3822560
23069778
62471630
12622996
63878476
12090780
6900854
1554476
47107818
16023340
2109772
92322776
15404202
3381004
25866288
37527852
7791212
146180
370976
48945700
89892596
3023170
18241664
7060754
2677150
3663190
21456598
49610
40618200
53553346
35311674
36046590
47575500
14260368
5079164
36921270
21309660
35212908
36054960
51644076
19325030
86119460
121641808
3429512
112628976
23579314
9071510
41218860
9891468
15502772
15266476
10686
36924588
7685100
39352740
36905150
40532322
37038030
580470
53668540
15329900
55678662
11019180
1880816
32415160
4402464
27086324
45817500
4899524
6337770
89366914
33974228
98664762
136345838
2320580
78079332
323020
85243578
1669038
2112474
49744106
48198300
67832046
5151580
21497570
248064
6474554
6279196
9847890
25577784
40828444
1158880
36541550
8986046
61721056
64946460
64243668
116122724
4259870
32160300
21266140
10581372
1637832
68122556
79654560
52317132
7993156
24798676
52893952
739648
40960126
42178644
485310
25339012
17035820
6597578
47443308
72776308
9512422
3558456
62216680
11542080
764192
1041024
55133640
71028782
8038206
838332
11454180
13938040
4608912
506282
39664598
138694930
6454892
16958564
51393948
31205744
18373436
8621966
17500
4297490
5666006
29618058
5241914
7172914
17107584
64366100
43388434
55683684
33644336
7874016
38716812
11158820
451622
3364992
51434722
73554244
34883028
17817756
26104284
78931784
34180476
75248028
87538466
45493356
649824
12742760
7190924
8492346
73221234
55774440
2265050
24517738
59058854
8126666
44901722
46981964
97838680
11859384
66571450
27214940
91886190
14217152
79604960
16012284
15999558
44708670
2717328
11267702
9993552
3521580
12215260
44531144
48108460
18024388
35932060
69114490
31693636
68494820
102978050
50179884
75836956
14460100
59116370
3383712
1004064
33372082
4126146
22800850
11331058
2495584
86350082
143718
42553362
9324790
106768940
46126284
85706480
49485516
383280
8683030
58680208
77613258
30993930
5194930
5803678
103096134
7927456
373346
57902652
15580332
10562412
55606160
64693440
12007242
1474210
81550036
14969708
22294356
82145310
74823528
53426508
18250570
122850
4499594
25190720
54824620
21568050
14559720
74204528
8082216
8116134
84575400
24918252
77987052
48816276
44049900
210868
37101168
20419404
9064158
38303740
23736914
15153084
2673132
138564890
473880
33752308
6662666
28147620
2119508
30807060
1780544
17680
1314600
142160
28928772
94925708
32070972
6629530
10148672
13494842
779450
4039610
776980
26868540
42378166
2693776
40087776
1695246
51332472
330000
16630
6692278
1518930
14940504
21816996
70214460
19248772
32350500
108876784
22478284
40882970
5980030
76813868
4120030
124873052
113414918
95823222
99694288
79189856
328230
28626794
9864142
941584
111869404
5789176
27759414
1142192
14429484
126396308
3340268
25480064
7955308
83297176
8071528
6763818
756124
54738700
121032980
2361408
15761202
5702962
203728
5977112
4519342
101104876
3694862
76884268
12689616
16495530
224376
1024606
57275104
54390774
40829382
8785986
90584
4853554
7839712
24004660
40480
51027636
1936312
9397340
127315340
10667500
51467210
62725376
30301364
7397990
27970200
23208652
53531460
2994084
94887300
34378150
6584486
8728002
14230492
11409478
76665146
30350376
16252404
9540516
13886646
59124420
42399180
23652218
5280700
17990664
49761728
67832494
20100558
2779816
35524380
53603402
12515824
1214676
301936
11924898
17208168
669018
22689780
35428128
12840488
18448056
4124270
88239480
22290340
3227592
1793050
24135540
5855900
16176276
99998260
79525098
34377164
18073972
16498588
40171600
71527740
33462836
12558396
39537670
2674934
52522218
11941252
20012478
14339116
63950684
62972100
3323694
64318668
3936734
19115092
26020716
15560914
1080650
69743556
55080270
5290546
7716336
1966360
22903482
5066764
8335192
13472538
34584456
37906792
1474798
8860426
20959926
612010
1230004
17075956
25155788
82577572
11526108
16780572
1149632
68124706
6155976
9658640
23740416
113099494
57345568
73690328
30123348
16209252
43663272
13284780
11385972
52019396
54196244
21002996
3927968
1149668
119072
36080196
6083498
9795364
39930954
44096204
7989504
80274940
69583164
4863532
13256088
8555848
10358600
54538872
49427944
18046892
2974692
32066546
43080
43181634
129243280
60560736
6829030
12139200
68806412
72437820
2808330
46436064
74892048
24517878
10707276
69321820
18708620
5574394
10980928
36866400
217940
12566852
19707776
78920700
2428088
56394350
26174936
15312792
5175868
4480126
50124794
4407478
12947584
3500938
56743868
9791316
45501964
149352
114281584
51843920
58713780
41932242
1265418
71155320
77997580
1306114
522468
94068
642324
3385856
51983618
3239010
62603004
2944646
3481478
24083320
10742494
68777948
23840496
46492368
16660000
127853516
74053750
30882144
10515202
19710354
6415744
64055180
27819550
64314680
40471368
15329640
16010012
3468408
112980756
162224
24809256
5446870
55071864
52860
332336
569828
444576
77266548
69496052
9579552
50774444
226520
2568748
15046012
57621146
30791548
33037340
12809220
2476804
55816710
621560
14498494
41379268
47689710
6814884
1464580
9560
126374946
71999580
1326350
15881658
114123458
18689760
27685896
37192910
2277800
17578518
26567610
13345836
73776650
110192682
54834110
16841964
77235276
59381430
58025396
44698092
52433670
8425044
13298958
16122080
11615516
1074220
43066964
11122428
34724640
111899432
109425420
97201156
16840
13488934
813550
3693636
5215004
608416
23319990
63977892
55896968
3975506
35476612
24994568
84839420
57455792
39930252
14679596
2844736
25711952
87709204
57464870
8294060
63978880
1250292
22133808
9723160
60742154
30440300
240216
120429524
9124176
40787060
144754640
44913990
65518602
24230732
47501732
34321884
152827250
83100
38863644
10714416
25555046
74846532
60215190
4864726
29897524
62461486
68662356
77107560
837128
15754804
36024
18236100
91152642
4046908
17723572
12198850
82205210
11586990
46106596
42293544
19245244
4475132
4059670
72791092
7306284
40914300
362686
63710
50322480
80682096
38584040
4471096
43265434
31009004
78188258
33809640
1463764
57684
675700
97239396
52454460
71547180
50063844
43832844
70288
2557350
44284190
103364400
95292408
92111186
90085260
13685920
24948228
24969948
55596828
9008
896170
79042580
5459398
43675264
34927260
59872106
5282228
91075448
32688362
22410920
44426472
39481230
38212200
52836910
56039244
61036626
54693356
5352240
77053818
4803266
93074100
38771442
41853224
39771378
69475472
11350524
23313880
6653782
26042480
28499470
3172810
39172420
2149912
20034186
15851476
80820514
1346982
27833358
38007432
30751576
13751754
17335272
57261680
43534072
86036784
74178440
53894370
6304610
72765406
46441344
25266028
16732466
7921336
63028632
88152150
954240
5451824
20927080
9994300
17669778
15079116
13264956
33431132
5704080
10598410
3345904
3199136
1189012
1565168
26284940
27871800
13228556
131500
3078040
23312418
48893710
6441362
23978796
16503950
103904330
1207190
134096
48009940
129856768
10982560
45482424
11714820
47363612
2493532
53638260
29455038
22924110
1237520
5289126
26334108
7351716
21579986
23538780
32333556
2170758
37890980
25445040
7584962
15272934
15882252
19826612
263884
38921080
96970050
2267624
42971130
72001212
107185484
13117176
15293688
10413156
17022758
5647236
3727320
30234524
1090320
48892590
28107360
2003710
73224062
228270
36424028
17438116
64741576
23149908
27651276
58931372
28175180
85867670
17778840
118555692
26948448
16781960
18181560
81988878
11425162
9380700
21204054
39174860
8894924
8484862
84625878
37537800
78031976
4089734
101486220
6656262
386680
19758284
57909270
80341330
2356608
95071128
1714008
15253700
33920136
65250380
119935586
9918010
24274436
8834592
2469472
50781060
12838530
61101676
23860078
84290040
7654658
1659336
58026390
271802
2170006
31346034
31698060
11287438
2732320
51451940
5195880
108984
44913336
50728720
19053480
79426548
62695756
76981206
34745660
29067720
3622300
16952804
75629994
944160
36978510
66458434
35262292
63249296
8111100
12341852
29601136
11535108
28156880
3229422
21276750
82065582
19337088
3173920
102906472
6544780
41176644
33612810
86890916
1013384
25630928
59442660
3699536
19163346
58790334
36579788
107024638
47133972
77963004
37221090
7910454
76999792
139134
47549934
58493324
21853548
4279042
42465756
488
80731770
3705298
26315004
3080884
67860852
29266756
28581648
11476636
3889722
73833088
54716474
115277954
62016680
22974928
4121232
2378730
26995636
264318
19843980
80970302
2513174
59976676
42248954
132904
37830672
59073360
8805028
32090868
54997436
9936832
826850
49972248
33349414
4234510
28860360
70840900
59940366
78400212
70576780
100196112
503376
77058984
17437340
59030358
34810890
57756592
57437660
15184572
7436
72939012
5246258
13502952
40279680
54481882
33122944
86915572
41742496
88832854
11859024
4857622
41137500
15537162
33359244
78244980
28547888
88967356
40711788
17940714
105027356
49979022
3687966
3046122
44684988
53225708
2042278
57745210
19085540
17177046
45080
35404638
47799200
93700120
278390
6622696
32817000
8788176
40211408
59504744
72844302
67681800
7775828
19070180
5804118
2583984
10445346
4525544
28680638
56628916
346828
45543204
12328044
74926874
53747700
4200566
20092
82145900
8782860
117618396
69263988
138764708
20859806
23933436
126763986
6025604
33402672
15635452
64184272
4046708
1902154
2904652
6886552
49862574
103924226
69916110
66470340
60968570
721328
92669712
19860484
830
16750550
8304868
22154162
63590972
86600420
44478278
65947740
104372592
244968
24237492
135710102
9243980
6704520
11660660
4246480
12544372
49619310
16156298
31461540
23583308
101022664
2789542
20373532
95800524
7962862
41552
6075792
5836184
3281090
916234
92543628
138140
8469150
26892278
4382390
15621072
58017188
4790570
2382330
111297240
50733546
27551532
80365092
52391946
25496700
138682288
6030680
8642160
10953458
5724046
17568244
71877866
4503460
26781648
14745252
12277794
3465674
950656
143623172
10937756
4843354
26054880
21355806
29499502
33391092
39959498
59588758
7035532
95143750
68068662
33461840
359332
18106524
99655364
11792652
7001710
1410804
28522284
102359316
33641128
64760884
74224
997344
19646378
28291542
93538572
3731138
15263352
10221948
21955156
21505980
19387412
43400
69663120
1122770
94872090
18426780
46431256
3669128
15017150
4795280
8095712
5467796
16120668
22628628
93778268
57505432
1352022
13133892
3704844
18740026
23498160
91498780
2193560
40860404
38469364
45926772
7217710
3545708
24668310
19271496
45393396
1200444
38585752
9152862
57889242
8148610
31326340
3934538
72715820
13692096
22395300
56971436
94356648
85686444
4199112
636510
3637224
7393380
34597008
19755916
118817228
48191370
43706888
16297084
32083724
1497860
140474698
800260
8301816
22021540
46146310
5801140
64046716
82552532
73414380
3815784
298148
77912850
116350746
50797772
41530370
88995780
13877724
65182
24100050
46494492
33977046
5968662
1781538
17635860
48602270
63131128
18537542
27854676
54597548
26020738
37714510
41615200
97293968
3021390
29508214
7132416
131391378
74080
50349530
101472232
4653162
86798390
26931086
4894072
47007782
38291898
80599244
53293230
10437672
13623562
2023398
1271924
5537270
52912270
7921824
21497346
77375148
10816660
23348242
20449934
15602172
35630860
36346124
2256672
38021772
66871500
49608600
13272440
54967620
44205860
79296660
121251812
29310260
34751360
73976206
78635664
49777022
36246876
1270132
32114952
80816632
17290962
124010994
2796092
7346378
70585656
13907580
3014892
4326012
15385740
20560972
20088452
3489250
85956096
55471508
88187504
514626
20163686
4270524
39623710
777062
2213694
46656108
86450
75472
22296120
32402558
49576204
30906922
18315844
88255756
19150644
70942586
6915122
5623172
60889770
16693086
134005718
54860858
10125004
73619612
64591540
32430196
8768184
48753620
6543000
19260510
39241602
36362006
77342472
31327700
11883006
33151440
58123970
10382760
45525708
80045524
55603988
4979198
87928980
33296420
9873076
23087780
25514850
7798926
116688624
4400166
4316154
52194250
43361484
58688948
16650428
85369380
3996802
28626768
24822480
1339510
34314
17753320
93980196
8100612
45534882
12711822
2869722
19313136
1742444
26780652
13867200
3652188
75844524
67388604
24647928
105198820
36528326
8770626
41976172
55697918
31998822
99842230
95861126
78732156
4615380
7724440
29995660
446600
77323102
306956
18136752
20064780
106527044
90754524
5938380
28070036
3848860
1217072
13130168
65341824
42367422
41767650
135488
18911052
129604470
69605780
3066588
10965148
16695500
13989642
24037722
17797398
12250500
132112782
1420452
82071500
83323244
3083296
44053156
52459636
195712
10868936
822208
387520
34371768
6412646
6796590
15786790
36142432
66089404
19793392
5502102
17096076
2482882
69199258
102558010
65489784
1861994
1584170
2965340
928144
51498630
22663720
50049076
76059730
14550642
11573612
58108462
5164306
3284268
31067660
18489060
323414
10855998
2690400
30683418
37296620
128241580
61778
9332554
34739388
91717980
6996830
83927422
930858
2202982
64404580
55841940
35996180
37674196
21064030
3333810
18218384
66461118
89164138
6536440
49786044
48578224
71730976
138026304
82952188
8647560
53568160
1699924
1600466
14979664
29911604
2476660
122922180
108152826
32730980
12760178
17473582
52537260
105362732
47594916
47445244
3623916
30145196
15314864
127136330
46895788
35410060
57271208
75220944
36307414
25728474
4180534
77733600
32711964
40160
117374386
12878328
68103708
14321346
13468828
13643872
33157680
62405516
22601186
108723268
76185860
13062034
25302568
7606108
22677730
25688732
57785168
859402
14698498
1950096
4000778
15038882
36423970
44584260
12165864
96457524
10874544
19713818
61028928
103563102
28828182
10304936
60730020
18714480
14497020
7681196
9502260
4296740
49221846
50006336
63753304
656120
56816262
4000248
53298492
1074890
8526758
920542
78014224
80166346
28458310
8578076
16425492
62141790
25539852
94169010
72313214
62263424
29822100
26502060
16761882
60588768
57591958
128803752
61107620
11568828
34132500
1172038
4374414
41722500
25343764
28348796
4061772
113154080
389368
74800908
7772622
1317246
2610642
26575140
8216676
49352344
15876460
11701120
56855904
9731640
62892108
6304716
43118784
13705800
69598852
57697794
65168592
83883800
50274408
54814988
5857350
11744358
28729596
117799724
80133254
55429870
32745724
105325906
26119680
1104480
103263700
1170790
17776204
4513866
72733020
70070608
100489522
915038
6405086
21613894
18209056
19859090
29598668
4275294
12197286
3106610
12515076
50980744
1912598
44135456
70279590
35495070
3274898
28819644
87796900
84493400
93343412
3445772
1383758
193336
58346250
565162
1510876
984264
92075576
43659582
72743640
6808348
6649210
15278472
112875270
43010024
13026996
47331914
1160954
2350376
43078152
9433958
2444162
10266724
3715550
28197740
14680062
6045344
34951260
7677774
31436692
746304
57657308
51565386
270174
95248570
4218594
4875490
30138110
18044300
7634628
62642162
9116280
918538
59999652
58015740
11647358
70695266
18452620
47341788
3910252
48597900
80357192
23076090
121373422
25423120
3013398
28415436
53913480
23901644
32496300
101921604
68746656
110687140
16351488
7508802
27097396
59609104
78638180
114617066
6343518
28828700
3798676
2400496
50688156
74570808
72536010
35179132
112027012
6709996
105134762
47078700
114640020
72059152
95264
29678404
3323038
25765260
21636716
35024610
21787570
54173116
36038532
88307810
9725464
39274520
109592720
13040420
62647322
53663948
40499550
5670862
72083558
27347180
13774988
81001522
3525646
72878316
27221388
8344266
79139334
29102064
7883926
19431516
1086190
10740798
1024174
118297940
27136860
31426356
1200422
40189568
17306324
3917624
64255000
20480
25853516
22689708
24205316
3031364
45820500
104424228
25616282
166424
831094
78444884
54646004
37845850
19470814
13919388
59047980
54610508
34310820
7411146
33015100
60414288
70820568
41486860
10605786
82251440
60259110
5751232
104226166
35007678
41702294
209576
68314956
524380
22814628
56434380
67296240
34068960
23390940
66167890
135582086
34628298
3224910
18488340
121136752
620438
37589040
774940
9037932
1884056
33229648
8114784
28628212
57407160
35779784
5648394
56781900
27853552
6161550
4698504
71038520
6182110
30152124
9516762
32628710
106650840
20334332
17809700
2474900
85202802
37334868
114729330
33450522
97238268
55249284
69884500
74468234
3927164
30508892
3452338
11517608
55443280
58902414
37498830
23754844
72939846
85249558
15079774
479640
74364420
56690562
36043452
32825838
32249148
3331074
80253500
1884056
54492160
40368060
19841492
41472564
22239870
38756132
9238658
18084524
5354908
9101974
15804876
64641762
2817396
3950520
27030
27404212
57486300
58418584
17168116
13178436
41191516
1960996
8062254
16198752
58849670
2536054
58680804
116849860
21351978
5934872
97292564
42757054
67926020
7168226
81240660
8498316
45065730
26085976
18824336
2499226
13447680
16449990
114238274
9788336
20512364
98958918
904222
43068860
55976496
86485516
443392
3006502
512716
64973072
37871610
63230964
742868
6875634
10205498
13565220
2379560
74117480
63647800
29916318
29576916
57011532
41855820
46584444
31771580
4709632
90964580
71790222
55202460
6148640
38163212
83297960
10379916
28512486
12880110
12445508
20121732
9561930
17196720
10867550
19456460
29308458
48528020
63742904
116475010
3122842
16657076
71148898
6419514
65248692
128730
14800392
58410888
31942136
3294450
86534978
3737220
8605412
13370188
19777290
6438536
47423880
9014660
3331830
72065204
37975364
69654820
1147016
1557900
100133756
9423118
27907822
9127462
2815980
69287268
18710146
387772
23291324
13087610
2321302
3453838
20094420
12027912
70022940
78843172
13928010
18678848
75039914
166098
829232
23650580
47865342
45456652
197948
5417880
106641030
28488156
64613260
7758402
838224
5455120
105379052
451000
442486
48573732
6730958
8402738
1489074
142460
14557446
27419826
30245420
256920
43363644
64151334
40885224
7002412
2106538
4427152
40429200
30269580
119913792
1378530
48843620
72664780
1274018
42463020
97254730
51050864
33621076
6426192
56122
27328410
3119100
9443834
27258156
8075820
13185504
13834894
784506
70248640
13235696
69353020
727198
134734
78114444
10304372
68830416
5935218
95719810
37789516
19040412
18828968
52801968
7648420
14563884
122576660
21677814
339040
23272872
2443186
49402420
32982476
129224
15041854
41829828
21480310
20206044
5414196
12477610
38388660
78119652
8667030
14985524
3935802
52916600
10099080
24712580
54547946
1341060
2596072
100888970
943936
14737410
8803504
1018772
4773460
55109874
6832360
2189296
38858340
57429036
59551968
5829976
26504100
16863732
7908760
114622140
8265986
95405926
58518050
265586
58708092
17606630
111768988
69138076
87412432
40467092
15509778
65941916
154256
85044522
7528008
12984842
17006658
536966
31463136
22274898
65815380
11349868
48122538
6697840
46687468
41043714
63611570
8799560
51438252
46522446
13223460
14381840
4957220
4815766
48978964
4769580
45686076
97136
12661124
8291502
47741308
25619072
77665964
33881100
2844356
12690510
51979376
2564936
73516326
83787010
52714260
9106588
72161016
2343080
31370058
17692660
1529320
18906594
20320798
33769046
98230670
230370
48237720
9213680
65341332
124164426
16510
35225044
51908028
40200202
95426448
9673644
81287860
8524012
5797042
3213908
41071596
32155306
12146036
3621024
74983488
72540370
44222944
17320
41908908
802588
808780
63989952
61605640
8098772
50928490
4828394
82829668
5866224
965720
38142150
73894402
19367676
7371446
19240720
34352
57658020
98225340
26019060
33799048
33298944
16897904
47818440
13487544
1102946
20558304
76694658
64812300
26016630
39942214
45145404
21776452
3247090
39327244
7747034
66476024
114523718
141295076
36035938
14512476
607452
24686484
683200
80309604
5663550
13094100
1339364
87579390
58688850
1409132
100326520
10452012
30248986
69731096
48530224
59382250
36887016
37150862
74455080
31851732
9750922
28730868
5322756
18886140
6509206
37038780
52753410
102931842
19093324
64523890
37293866
15078020
21026004
2766724
27671530
20656858
24074972
105649100
37002666
8725970
2834692
32936064
38131260
37436780
35940750
9751236
35017980
30302412
12334688
5093770
838980
4284924
114928060
13877340
76641360
51549996
69484466
14774724
81895560
74247814
110502680
63594596
5197342
8897850
47509200
19518446
19754880
14315148
109558890
9515358
36029432
85322250
81240646
74626452
59889938
6152010
108683776
3876
107635420
57345236
34302170
70452540
30905488
2350460
21313466
5477308
13270752
2522074
7408026
24021644
120832974
61195210
60437844
33735268
5355122
6761600
32731440
26003866
7783122
43326910
64948640
3119058
19093836
5577000
14751700
12731612
47481948
73849770
21824412
72928
8718504
36443640
67220490
65568174
43246716
8238512
92417766
16841410
57088606
24877844
22238940
10661306
20788600
1302252
120653690
26775082
99677218
102888972
61823028
91649512
5311982
100191846
52465188
32297514
26409760
53189988
13388964
88676400
70179642
26598354
93581518
36383980
3680322
48478772
5195936
41523420
58537424
3227378
86291740
73545626
12500078
28640232
41353620
1725460
839522
5158350
70881420
54136688
40760760
53050894
47548540
10536574
1978864
19787780
2687700
10138904
70432
9030672
2614970
2719948
38490084
9492412
71944304
35509756
47467844
58796568
79770852
819670
71848110
61941118
492674
19464360
81292616
72906722
17347578
1410176
3353838
38017652
113787256
462854
3553210
41851596
46371116
18098656
17416392
5964148
14913162
23482428
45847340
9734784
14983080
38339528
67401394
39588708
2017920
12070396
52503288
72987506
25468140
87338382
7244200
118384
83767004
7184600
88088650
72065196
3397736
7424934
3985570
31564188
16521972
5311682
86836056
69293710
28541958
7923692
51799052
62638080
81559444
14046036
74175640
110417866
235270
6852878
12771060
139599068
4771772
12266004
637784
48316140
6554286
34698420
54465420
8173248
40575470
51081080
5143772
3294520
75362574
70728714
39577292
9150092
7095558
2684698
52739904
4891652
11081520
4543780
20414220
26962
79147480
11392960
14554550
27687630
71329920
20625324
11860096
47390
56943828
42229662
22825002
76925698
1185962
123050308
52244922
15447100
51732130
92007340
94963470
8570242
63376108
25315860
70690716
54011216
13472610
37527414
80534932
769010
29381028
96404280
126776416
9313508
66774912
7488520
43951480
57784912
46251240
794894
60586260
33445152
31405228
221900
60033208
44663484
122665606
45988508
22522540
41433252
26581680
91172198
5235048
40014300
6275558
79853190
4487686
37959800
42105236
75789492
59597620
4050900
51359872
27696202
18549620
4801438
27486720
451440
90270
119414732
7438282
114037178
18930924
31080308
100447620
51568046
7728050
2551640
56100708
42653118
59451456
62137954
59599144
28172600
32445720
29430876
14760602
20974826
1651898
23712354
2244902
9017604
13469710
3182226
59462146
25461214
6493758
47595660
7089340
42810780
2011080
4324694
10044424
51436014
38463072
33241166
114249842
54669360
60508346
27582780
41766778
35410158
71554444
12957720
37025520
7103706
773954
29164308
16131024
72579408
9929922
5750700
6326396
3793364
6700056
19238950
7643100
16532810
2553772
35632640
70056060
59635082
26578820
13301196
38449380
4380376
123772
16486014
9134982
5310482
26290932
41582
75836300
14522860
32945770
1263318
54469136
4426136
8518038
10589028
13920010
5264186
21178410
33044574
4679632
26018016
57809756
46256020
73964022
30484122
44465226
94210188
23452268
100848148
8314364
90595740
3175740
93548120
50007188
8838300
3876212
83764780
13756640
9467948
28138108
1597968
57070340
109963860
5468580
24626524
11389728
748882
5397040
3987918
104339918
17634174
44650580
1519644
45717230
20696638
517172
77242692
65279488
59289696
2560
25624568
5456572
7821968
31130460
15779416
73556244
15083904
9840084
84507600
51511256
35892438
22205826
47671620
13571500
90814404
58306024
79950506
14393580
23046668
399580
100579606
28241910
30498652
12471658
40105226
3749214
74203940
13592712
66549372
29891602
67724340
21775800
20857576
26291306
34337260
39598120
619614
10532886
917994
4986484
76295280
42522880
61995184
108210884
71934490
20732034
1224520
87523610
33511124
32071620
29030076
30119648
32772
86097200
32594372
5107704
7730888
778260
9559448
1010532
69923930
79449522
86539144
16558658
72771860
31406812
3094292
30514938
62270304
8132290
21608880
16748000
39713260
8676940
39692960
20393524
20228180
87586
9262668
13538616
17866110
18381952
517316
27635346
35603008
32032886
39458508
18632760
19932996
49818348
60394858
16035504
35692860
7215200
42337060
7008118
8817902
28719852
80363564
13427036
9667546
6807678
12919110
45113964
7499978
18720588
50471390
3166240
58294230
38392138
10816794
940912
83712540
8567310
19238132
119651350
7250460
25796940
15228372
27516600
2676836
42308682
15746832
2113722
2267932
18927528
88799084
16144212
121229412
2447800
21114952
1517010
1109380
1189740
22035900
15063876
61978928
38101760
53358840
1614042
7715986
59746420
14112968
115022900
5798420
70345212
121021362
26779720
5697216
20675518
866690
113476228
9069960
49345440
3215702
53005236
11960720
68957980
29928
4890866
5904180
10405010
57694040
54783252
24550534
37893032
7371396
1263684
3386874
366950
25465318
75099882
13087532
83365160
14914610
30233850
86009014
655200
48480916
11818952
11236396
52482930
72764940
15150084
5992778
3768486
2329514
57948946
100922444
1434342
36403654
8164710
2526040
98978294
41348504
6753210
123306022
7802156
1114118
12196608
8575684
80173196
134599612
31831344
180282
80018728
97595748
7262594
182784
48562148
129336352
11264436
93080
8123526
19591140
559864
15940412
5364060
44429370
52811324
458568
92480678
107200908
4426916
43158066
82575648
5032502
6980748
36976236
64744960
425066
2885808
73023102
24348114
73673574
46327284
2632666
9631550
26358236
65041062
48807060
39028180
49175520
22045566
42476846
28215360
11055720
83020616
492150
3386262
41707342
130233418
17913346
2983580
1441424
975084
3104686
23912168
13686350
126786652
4508016
440452
813868
125295802
14865368
13560670
31213796
54741240
70822740
62638720
10710090
54959748
68568696
67356620
29057068
1309936
1005598
2582974
32263920
40427702
58684310
5907808
42836170
21829740
30827850
6653554
6949324
2466420
9768552
2553596
28541400
48525900
99663970
44909060
38635634
77995080
3049820
1664504
121468230
13013340
4506990
45436092
21102232
1026716
56423100
2773872
30307080
37751308
57332058
28948528
23612724
110678476
41157558
7312716
105435760
24594380
93491430
27710724
11227944
47094212
15128178
13192594
15679692
1657686
3424204
4930020
43561326
9688830
1007960
11163960
30440292
53751516
6196438
67459386
14933248
7143088
41383280
18479148
10270692
217464
58698724
53287404
20318980
2022998
38585244
56992760
23372592
374498
30646114
57552
64315560
101379328
46308100
61907290
231910
51960524
50021736
512366
69390946
17807628
39120660
19411380
44000010
7669084
14623058
3640490
6814910
19147696
24673050
23185980
91685490
5968870
83233860
11716980
53955132
42863162
346778
39983458
42440876
87114780
1223114
18594600
27074618
193798
21134844
9684560
39446244
416928
4762086
47881320
1644344
11017860
69625966
91890158
20907726
40003100
422924
69638016
12034002
18929768
95424252
87496328
21227730
6630354
2913528
12590160
5350986
54428
10860726
8481516
40888976
90618220
24690080
3289836
40052586
37868092
57755826
49310560
41110782
11775986
2306534
2475120
15587970
70426900
2258038
6274020
10606050
35430788
46648152
11380414
30324844
22261868
77296268
371460
522652
64265504
100308794
15543322
56798122
67787352
1347508
75711840
44484260
56441510
2440166
18274380
69235164
768058
3252070
539372
36197874
61638396
10366350
4612788
1171600
166920
7709020
23121810
3931928
37764140
136551260
16438082
71667614
77760232
575936
9001770
20518236
53990632
68590766
448888
851076
73793832
16086146
32671490
12724548
973484
139573766
18041576
89186676
1240280
75950808
1441612
19014098
52729008
2977872
20573052
6360292
10537086
18061080
4521022
16225402
11411196
81401548
33094986
27712980
32402794
27578556
47840836
117294332
37230052
36321122
4340218
271876
1482722
59357638
2016082
24054652
101526804
3675472
48005060
20228262
869056
105480100
21816614
56318428
6491358
22523388
101819450
35292354
29464052
102787028
28636840
103239838
6218076
3004092
58445880
83913180
33888712
1331642
37622580
230790
2055082
40172770
8094338
19456530
2790056
13642262
58040812
70632348
43865220
27118338
95680
15362276
3069858
40040610
9752292
4226952
24072
37075860
52053350
290532
104493314
4829068
11064876
94447252
69856
21902700
1307166
26331828
26879878
7934424
29006112
75231244
50774940
83569468
112633470
13929614
50458940
8936
38131884
7793098
63494940
73560348
3646062
54771476
68127050
83885722
19208774
82920660
4525728
6719260
326222
3962394
33728284
20518992
5718666
2077960
12094284
83148204
33660886
1534016
65351076
9265620
8265276
22346286
59276892
59876556
4487190
2120988
3841238
5461132
3276636
96701540
47009478
18697940
2916012
75588390
3213850
13678732
15716652
18293612
2744838
57522410
15711266
2149052
68610480
4824530
75357096
46022052
24522108
511980
10472172
17090220
26862942
1068134
52425960
104302768
7417340
14278060
20096882
10658246
3356758
6012616
64741680
25764408
7676176
4436698
40514180
19922072
15866250
60592156
51455300
1335648
33356636
36551980
22100040
128145002
37217722
18305004
28703932
7171712
70694402
56252920
15638642
69601830
17186026
112867512
1588302
33669402
366292
61801090
28887930
83572400
1789438
13701948
8911240
1098230
105620096
112920118
6598784
1918108
47186980
37514916
79852716
3070104
26442990
68565848
21433196
11626620
363354
67719350
36890020
45281692
80091190
1158640
14486206
10328
70126560
4520918
38555242
48298140
13165160
45939990
15849698
31466862
609854
9038672
8518460
249288
101890204
112415708
3100218
106154260
96091742
48697688
19493564
3501886
50326980
12410160
45475620
38496512
9839612
43579050
17618120
89479092
34329536
2594810
61250876
9872058
92771690
42141734
14203572
10858344
9270726
82529028
5791468
6865538
11735568
2781646
70776704
2422878
3109322
1565916
18042600
1291154
86354120
15178344
35901244
28397720
99281630
21704622
16656900
120049116
7675684
15662220
5718468
5917990
22990360
77170396
30879132
27418176
18466530
56239404
85638332
4876716
12866160
37727490
12012
28347796
17484874
23749404
18093126
1661784
37711592
29918616
104687996
23024650
506752
45012148
11457142
5943084
38479350
51458344
454498
75761358
4821780
1512630
51017172
1685322
89402840
7982610
7883612
47919230
22840908
467110
68783580
92075620
229880
41844108
53234224
12840692
17963154
6906044
17287636
2428206
77093724
8461052
3084596
6648644
14230764
43570276
50746464
110537148
3526492
594016
24319872
122353486
19104326
42126662
32831900
48083420
7565622
126938
10897868
54747276
106773644
5291302
1556480
117376
59931060
240720
3432120
13932236
13469532
10208
4956912
7077120
51355316
67916148
33155996
37021764
11307468
1641902
493204
18058736
59282212
43747710
2999122
37594198
29131512
16928512
21719004
8793262
285130
605600
53617006
16497180
50077302
15047484
4356818
2800914
94928282
51981312
110606770
108934388
13839310
21937108
26431012
12268992
26203258
3548330
68664972
5089476
2229196
110748158
288952
24727180
6060342
7793898
11789304
83134140
8106090
1728082
6556274
26065878
82871880
4539370
97190124
1737248
74183070
36633460
13080792
76328652
84483318
21860890
29776892
70726020
58218190
32472156
80296570
25755732
23840844
6188116
913808
17538992
73557024
213508
12844002
17957744
7050880
59780940
25746880
29651832
6827096
19146252
14704860
46842820
24342844
1450802
19636608
339520
39092478
333264
23325134
73909360
55616
17065552
70773940
63327428
22861920
1084776
48374244
50457178
900540
25299980
63369134
10361468
98924956
2122460
27780762
51576402
69858500
11433568
41677452
4006574
52640
131908384
82554750
15471852
17940812
59267418
5025398
76776192
60823702
50159252
1509464
53933384
1974
17175772
7462076
85160814
9737552
102185352
81570796
58025526
6271542
35669706
66267712
317876
456368
83617156
27617988
55311548
110088654
47036298
83937140
16210644
87062762
39356834
40382520
66534138
59907930
99752428
51867658
73600
735502
587648
61138762
2261300
31100242
32133406
2568446
89967876
2734390
32159684
586016
26270844
42425458
5003356
21286512
15452964
17795228
1233602
7994320
62320380
37837664
58067016
22242732
14148340
13728744
3461346
4642426
20644452
93496
63977736
4257838
51063708
6172380
14254536
67510316
39290340
102011448
25177620
29503692
48881580
63707432
78233292
3079680
32133466
69076068
84669036
34771650
63231700
36102636
47345032
12105546
15753980
5149736
14896082
50997210
41758590
46307644
64951980
45484284
67921760
44119540
5093044
18984420
56796140
33675102
26845620
859392
43739532
131551200
51096054
83584310
75744164
11055468
25959730
51155792
54790604
10471632
74931060
76414974
19254732
109476
1337910
81311668
4117922
26414636
10443640
72240090
658700
61185080
21462140
50536396
15274
44927190
33895606
8107342
23700
47203020
1641792
13915804
1991712
6867348
10691652
1827012
3614580
86812198
10754050
58877870
44061220
165850
32199616
4716794
152113556
65852792
55680462
1070804
24333292
21436440
36196040
9302046
3919104
22862260
24904950
64848172
48038308
421944
3266438
41564508
70170760
17997370
35206532
52821306
527344
740594
88608
29575236
9849540
18274316
88089272
80560230
103016700
857720
65607300
10155020
6280420
104434002
77147738
72559860
51373094
10285912
1889736
34967148
22342772
17945038
35331972
11211428
38271340
60897804
14602986
14495740
1067900
12028694
8236476
56333112
42825500
110357212
94045696
79112220
140842566
11034976
60889808
49104054
46199320
750152
12186530
15611200
14568780
12508044
24153328
50876284
7759404
55792
5881168
42601492
75759586
36954480
10262912
28593764
9747282
53682882
98333884
911570
93086244
20267594
926016
49570390
7145428
80774448
114605520
3382826
25600122
24603000
84945140
2026560
52472546
5439110
13677042
65787130
73532526
10284780
48229408
9958828
5437812
44277484
72796500
8351952
2000496
49478340
14275334
28170720
4586050
5554080
49854912
76041384
2384116
45456268
5583212
214812
14164532
67922804
50766044
3328670
48213930
11371860
14283940
5284170
910178
1903794
136292350
1187078
3799740
40244660
8512620
17658790
49855440
16257576
31771018
54706788
48989580
1964258
29430014
88814548
50841002
85138170
35486246
3241602
2734422
74460300
106341146
11109264
3857588
85171500
6647320
58849458
56845052
127387254
30428652
44168060
176462
3502542
14464204
40868106
48328756
34550864
11503644
11657300
18943280
13343712
83349804
561368
77802720
11645400
48521498
10890298
43372360
28202096
53262480
20292036
37498800
76994278
1337970
10507182
33194628
70641876
647030
27853692
13872612
18452560
101928650
24702276
9753198
44566388
3988978
126634958
93234558
53247580
109341644
18358300
25161912
61798240
577450
19028014
27496180
9525388
31075956
2053068
101411646
43808140
11516654
5106246
18726152
4210038
1191916
12200196
1449798
49204276
37880100
379742
3470856
117615570
75609224
6380116
17073660
18050196
73389700
45587538
14167660
111734436
31093284
419938
25681420
26327620
624946
63707764
28689276
24144242
9581992
17065900
11135340
76625324
45925260
85979730
307092
50219068
92807966
15106930
398104
107435236
270618
5190638
37982380
53125742
889680
33629320
8319122
73486170
88970100
8006280
68027580
49760802
10165530
865920
107976792
48765780
100147760
3566108
31810102
844920
4172520
33142510
6657970
1948590
1463516
57242100
16217340
340240
15515448
29713164
62519838
21294592
790654
81684814
21861116
46973982
30352592
63665136
9301986
73226890
53678322
51604012
4938412
132096246
21203562
56298604
96220
37325166
105654592
46440498
15310982
46318216
37682142
24994252
10271324
29349504
12098532
40411526
17877172
44296350
31855572
6163108
4048552
31196600
6424
30010780
8382936
13262748
11341860
89437668
66707820
76590380
18556520
32394900
871258
78821988
2647024
76061580
5116190
26748390
48748540
5069982
144380
6060184
14713756
27445344
46055560
20725380
18673302
16747190
5700424
52916812
44746780
41951200
23648244
64084120
98364832
27056784
21606418
1821960
4051458
41547486
53487590
53020
1719526
6896116
23254668
59811936
58268142
87203118
296476
10544442
14721468
40954830
21224280
323648
83521300
17315000
46204620
56952568
13630216
141260
31346220
18767908
56844984
19395286
1151436
44123310
114901004
20615540
15670200
100207194
78647584
16632772
8889960
15059688
51065044
29960716
504160
1255376
10398934
83107988
9540990
4530626
46140220
55537380
97694444
87156292
2904302
91471802
52005680
23425812
56323180
28580974
364880
93468966
71609566
41233056
53788660
31995678
19702436
67307118
26058762
69993710
605696
4031028
590130
69827344
16859490
78102450
22703396
15246472
32139228
145742
53466210
6421770
56551196
38215050
11416048
89503800
56771400
331120
51072564
18340
3292610
25861580
4446546
19902034
9587022
41760
41904150
70880076
61964386
107572626
37883622
78716620
74187150
2130060
7970970
18326368
5620
27437650
20338220
4968870
92600140
5668410
34968260
62641650
54820292
54602128
5316874
447216
33341316
173376
27763782
68763038
23380390
35695812
33122280
1853972
56266840
3212272
13873752
13571408
35331356
6556338
65256304
11708270
23243040
50748940
92531720
40297500
124758
12092556
7214268
15767096
14447900
21594060
88154880
152750
4108578
5719300
15075834
53616636
11011040
13378550
1277928
17429584
317330
58659756
26431608
1380350
1490086
4037330
58123524
17092814
5085370
24546814
2395768
96271088
25113412
4940730
2884490
41982540
31832582
58780356
103404808
2598560
6819030
62307790
1432080
17518912
5651160
1233790
95777934
130961080
60765144
5727888
7466004
23294816
19240314
13346010
15565258
13478082
12625382
26344644
18370202
50348900
2094212
29410730
176384
68582596
90291772
47749084
24142224
2134446
29189046
2487690
20900966
30004276
79510680
26303778
49634660
36507162
133468976
29771996
1882100
26688828
45490712
10517468
1399914
24394764
526810
1829198
7556662
11316430
5228556
12308550
77106582
6806998
42820860
99377600
5347878
15018344
2333214
22792252
20284934
118552
23142030
24827354
7754902
46328090
1421056
28532282
2897168
1723984
11121570
7637248
8545526
179008
12463988
10807890
20335116
58822160
1481102
61934160
51402820
3802974
72287784
89897180
5002290
54758946
5051528
54496202
36114800
39885900
4406964
91020618
17464396
68603790
36575124
13701900
13702140
50274152
7090160
66559714
88159116
41120732
1173676
22426188
30468988
17405620
88057638
81958952
22308170
1301946
11919502
50315604
598784
76624
40240
123945982
10825342
28949892
4676010
53226068
69715688
53769980
9603480
86487052
12383380
5623692
3241390
4364284
4422808
48894686
24053658
72379398
482800
972368
6490198
1000510
99120810
13613820
52388390
30540992
23325080
24285144
40509744
3633970
80771952
63824480
7332480
331376
78418670
28056962
62654816
49086492
54155576
617810
53491554
89740842
53439480
890340
12866228
2022244
71562604
54019482
76809458
3102126
10895748
66437180
90008278
39694650
20587564
101439060
4367962
2370028
60835992
16828828
18318410
2266444
17823252
13931832
178304
12561858
60225048
38258828
76280820
6514224
39244578
14512968
129285276
9794900
78119636
39106860
1730386
938896
27512020
4680
6020602
27713580
4376192
9812768
61473904
78241758
386344
15998316
70868352
56865890
13770868
5397948
86811916
22605340
11674414
34627732
2756326
70298056
80459358
63197710
1110816
221620
78414778
130334420
16533284
13312610
88975492
48296452
70221696
82737426
3141294
19120436
28508388
10149348
34901360
106888
43995316
63943526
13310636
22734044
37457160
27933408
61501366
15635852
3978136
94419210
9031380
42830232
40586704
50863980
33976740
2245852
75048580
59453136
421360
123088
29129352
16758060
77850438
2432386
17560120
37011334
20822160
6853310
43687180
3582318
356700
34099620
74878588
56550684
90544116
119256248
10476484
55030812
77339012
35738148
132294278
11163900
69281206
68191332
27452120
43708732
50781400
57094500
23855986
24981756
23290686
20016180
24780864
15516416
76089778
15480684
406050
6247842
6388844
4074994
21280156
976228
10055812
90044760
28209660
2104648
19360444
50315100
74706828
40663854
9377572
96543768
8515178
41331924
1187064
1335364
102345180
30601500
4243322
8576410
10439750
26460214
4473368
14613598
14747464
6872376
21520446
17501568
50728704
38447808
4387416
31831706
65199388
26787280
2250126
55960944
76323420
12443096
45723412
1461984
52647182
56230924
51795512
203852
6206434
8701882
8230784
26278680
10537268
8668812
17659556
965802
67103196
15185888
60897472
36442548
16069836
6007218
6274944
42195684
113294360
3219032
22378652
20839702
75537540
21935980
48200712
2555800
4096868
1739832
20210230
974820
33076708
38400756
1637574
27401232
77106588
97438390
41981548
65925028
65591080
1100862
90480410
16335720
3605504
12117120
86923020
20992
73086522
2595312
11608278
14779140
72520420
6280546
35176128
14644
45020012
12950914
2802390
1240810
6896498
33700012
11689830
40465392
26243110
1747952
5456550
81144584
28977972
123071256
32654400
64175532
9633874
19613572
66298884
18374802
10984580
47305958
7898484
19804534
93167430
77255292
19114524
30257612
79706480
12851768
87267176
47850
111437258
73427220
63316170
2370368
4402816
46893504
6439886
666154
54803706
5904588
53815160
15234044
87662940
73612420
72961560
41296388
5381452
72329838
458106
25214370
62952820
36660116
4871412
7457640
59750700
2030304
32067150
4672970
4473624
25336416
4475066
67930458
47714990
30421040
19994062
11721602
24389920
870
13636460
132936
62691880
89265012
36136392
13656600
45753612
115378668
18058004
2813174
32194248
76685964
19428124
18236642
37988784
6759716
69745884
102640160
99085020
322790
7876614
59332180
7773600
29203624
11004508
57602580
31801680
7656
1750352
56125140
13259434
54073274
124611508
58773030
95573348
139350570
62866980
19095108
14666648
60212760
89520636
2474832
19477664
2315454
10555534
15774300
15604700
1558172
71551676
37112034
2791018
67130
27392854
4848860
974776
50798040
71030828
4130446
92637708
1398528
76973860
11112
5420950
7015354
64674196
22913100
7594050
6397444
75590862
3659684
10999440
101991192
22969056
680242
85975680
72595890
15977152
6585136
5905650
29505604
58963520
12468312
47419828
19658114
36568
5508316
88503292
29468052
8898508
54135828
6530810
119468134
6831378
34721220
40420780
28037052
6581916
7764198
121986856
39757980
55924
19003524
6183108
312962
235690
5086406
214336
71820260
31487180
84169548
5031940
96314402
21964344
26664324
27953148
56587684
67861740
62210868
44757690
7426838
77312140
46160070
31748704
28313340
15344
14045412
77995180
17723450
25053036
26202414
8366352
29845952
31661404
2063126
44328832
27530732
17783326
75640772
10796928
17563360
31790044
10064076
13049390
1944660
6887236
16263540
76750514
9845960
1601246
59659216
41901180
45836396
13743258
60396590
117104962
109657340
59865156
188586
67185046
1701210
9577992
5420216
41707842
2923178
54292356
44360136
18611640
10327484
9061430
68054650
269708
6216624
67410968
30161762
51694716
13246620
86718806
37218680
26859054
729012
7703074
1247812
56087724
50327196
7324942
69026916
124264960
81236204
2156286
69600060
1462006
72264988
12124320
8076744
26806896
94313266
92990300
58157100
32331930
43902480
2148220
36989470
128664896
127303000
2903620
136702930
24231458
36961740
7793282
31197156
24191964
13026666
15227030
23882536
