32234
106810
276342
77358
92676
87656
274394
55322
21162
212008
420166
100120
18580
344282
140528
48288
135814
108474
292268
5462
283316
45588
98160
1642
126292
308
30498
126418
288362
1708
24
47210
126862
107498
25306
32370
37050
56254
262170
219002
4196
20216
128162
181834
233202
17982
24758
22650
292446
180
136308
141178
196244
156646
5468
50
180014
363708
103510
20446
100246
335682
52572
71040
850
79154
6592
89218
86194
9112
272266
230
90440
1126
217488
78506
184866
34164
31912
61694
145764
202756
5752
319972
53002
13654
171286
152976
131518
163522
3944
127190
9322
15128
1100
10250
114016
55840
14444
22952
2294
9402
113818
133590
292
14196
9858
158478
30302
84
54564
442140
46874
149684
6
19244
236606
202386
14638
89006
130600
215898
120706
260850
3198
379100
408670
14952
275404
127844
10000
164498
7768
161492
215632
215056
0
147424
59070
57460
51304
51202
9282
220362
11398
229614
302236
146240
46864
176704
370
44540
84974
0
180626
202984
13994
59226
135036
200424
75242
175308
10764
18826
185878
17200
79398
13774
250642
8222
253160
4740
432672
23314
6966
91104
250046
228490
4870
7218
95836
140740
179520
27182
116496
58990
269578
346226
3560
214086
41990
7208
35548
14996
318
16104
37692
38436
20
113952
47194
12044
38420
606
55598
64434
52
120344
80858
187142
6192
224720
2644
17364
150056
197670
260284
139900
158
126044
620
64500
297712
18350
389284
55806
278030
144812
288466
34660
152760
21370
13914
233934
48448
80146
27952
858
216518
122636
15634
103586
202334
305624
1496
66330
280870
188300
166
135610
794
24798
1930
228736
132416
54622
106446
59682
1602
50874
182234
19094
36752
64276
65026
24
138222
200446
233008
187612
8432
181506
39222
182766
118016
201656
204568
5522
3472
36490
190626
6
16238
63604
243950
107930
173944
140850
33614
325476
23850
15528
16040
18860
63586
2684
14
80664
130358
192714
143958
225470
26626
8386
276182
159528
225498
38146
16
456034
150370
213032
61724
356356
91150
125784
321086
222714
3956
30980
83602
1164
14564
8512
221546
384088
333614
17352
51238
358646
122992
157924
34990
10482
390
11380
211126
19660
7962
268
109944
202566
21646
191204
222252
192352
130122
23510
257288
188708
24504
3330
9532
207044
288
25118
158918
89596
443310
752
10222
220526
15412
85576
31340
18470
18494
5672
379560
10752
20886
250342
11392
371016
75524
81244
190626
73950
169776
36
10848
16284
317684
196618
234250
46446
89066
2284
96534
37278
174920
121816
53138
8948
216838
328652
153238
33276
19494
19812
54618
12172
124954
150008
15388
223508
324620
204812
261432
21552
5176
60592
25460
122436
12550
8482
152174
31968
61470
71746
15686
98608
5084
280970
137618
84330
264210
265690
2050
74356
108522
187038
14430
126468
75092
35904
86876
234738
23676
89672
292750
5502
111780
892
10688
224
220530
2636
12386
222428
159536
20314
75080
167912
381998
160478
285778
236340
55520
150608
51174
154482
101270
166554
47184
4814
34566
391754
230488
386202
25980
48350
163064
286538
40296
2134
360362
104892
317670
254094
32812
186242
141276
27276
362252
24
40336
293676
79682
125464
2360
85382
113130
64480
16642
45790
29892
241170
379658
28
65564
169988
136810
305204
157964
27284
126298
150294
11722
862
55366
7540
274232
161442
6814
49496
92616
63344
59846
37682
14484
762
142
1030
38208
5792
90630
478542
8274
221204
21052
203746
24982
17470
240574
192496
34
250
79086
6380
89038
83968
11580
66
181010
52314
172296
365422
89902
8790
71784
24862
145034
24686
51596
12532
2488
419592
228838
77168
61928
113870
5022
11718
6014
48956
9228
64924
59270
17906
15608
399110
16678
18
346104
199108
48192
27156
1556
194290
111678
171256
43714
28558
76526
186128
19498
14522
381216
180710
12382
73054
87098
282562
60782
95390
23576
146386
21302
65996
2868
142656
192104
231772
30762
54072
40076
85588
42916
85988
215448
11938
4424
83752
5782
353628
156572
293200
34506
242098
64796
73364
182246
259694
134490
208572
238498
188946
373528
3180
335338
2026
306900
255436
41718
230
5234
10468
204284
252496
166192
87056
8666
100876
143318
13542
342732
42734
64524
113548
253040
20200
3122
187974
572
18304
28128
152292
60338
20392
37416
84966
24686
239892
19088
71220
138674
2316
14106
124994
193300
246768
32296
180586
262530
3868
82688
13162
80762
7908
372198
131440
77810
241224
34738
41222
287348
19712
110350
2132
58072
4946
48396
30542
349078
187360
10010
26014
4632
291494
46162
15498
26450
444550
43074
948
12772
8480
289430
24502
3256
5204
107072
31960
91150
3346
315648
8068
254210
399976
9318
112864
10836
73046
205884
4640
92246
82556
178936
38588
35672
18766
132280
694
31096
175788
9514
98510
746
161944
166538
3652
372840
35950
58990
143576
176012
12334
214190
192
43040
8988
190538
18756
272
10496
217656
11038
331520
230612
245330
68
25320
43566
331164
31318
165352
19218
57944
177774
58506
43528
15216
11690
89072
69392
100324
89156
25358
164528
14334
47632
3762
33158
7274
9868
104924
129128
230330
56286
13142
46442
4
4260
37530
79262
16016
1544
11046
118030
500
244146
32272
93948
147170
26118
17312
87688
10636
28934
197036
66946
137652
31730
76120
732
65842
296946
57764
119696
90526
3402
41148
157474
116354
6216
2624
103500
12934
4
81956
61136
10012
746
121004
26648
107146
13500
8
124762
193450
2236
56942
3996
181848
133424
3992
23524
56248
27184
4556
91644
86322
19784
164
22442
66
45282
309546
145140
11308
119146
58284
100138
44974
200836
75848
19764
253190
50220
348
121010
3000
200232
33254
216016
34702
79688
130316
24
177994
22178
1996
169768
546
100334
26274
90394
102702
19686
218602
46838
188
44960
245654
34240
114284
36
282798
349168
185164
161688
66796
72300
72938
194382
81564
10908
85414
42502
36464
15694
257882
152194
59848
212358
9676
141566
67148
51598
78792
72290
62764
8822
67170
5466
95220
1090
257278
45426
162664
2238
51724
11000
53506
56526
124992
347680
35578
3060
1138
161470
38920
62502
157502
38036
100730
156204
17302
217632
426
61692
41206
29442
146
4008
36340
157574
437830
13262
113618
68070
30558
376230
498
41160
297702
116108
306414
151216
403500
10758
103184
27868
28856
159640
263466
264584
35718
83920
348968
123716
3012
3022
153272
44
365680
36886
16
147974
18132
22846
244776
90738
31746
105732
19380
232778
14298
38870
212458
13110
30
117742
668
2788
8
84316
33162
440728
1528
21812
272266
16486
132064
120410
199876
740
24304
118524
72738
51924
26922
370176
20316
269562
57206
23290
131212
148788
282800
24608
290902
79698
209044
29850
68
33884
167934
328252
156212
196234
235646
8462
84676
6288
90102
23978
4894
90
45326
58
21394
139672
130504
6056
2652
47752
3324
310164
335082
21368
67330
57676
187686
412138
120
15778
184678
204168
111804
8956
37670
110670
10968
19034
11282
35366
18938
167976
298706
57964
129524
356386
224
8196
2004
544
72050
4274
181658
239374
2680
3358
82120
676
23236
1216
39550
60126
134200
251872
432178
5260
356138
71736
1656
374184
25356
19604
310846
76296
1230
107500
69216
21854
118068
24890
236256
8134
162944
124570
222546
58630
3198
200376
101506
52564
173802
24368
252176
14332
198654
14856
151734
86028
6082
22642
38712
95652
12574
161828
3332
114220
0
67642
100936
17872
8158
9372
49062
23540
10462
81890
3802
10864
207180
40576
31328
193606
319434
325926
84922
137008
1784
81498
246480
9872
89388
2778
154092
37830
407844
167812
160960
81468
5928
5500
75874
317900
220214
99256
4148
28680
173800
7676
1804
199780
904
4800
199116
25874
22356
36074
15872
50274
32034
169722
148708
147662
11784
2474
45868
89410
63936
311648
73626
6426
71276
131406
65380
128090
6026
151700
5490
24642
142894
94606
18872
83264
198250
210424
1366
159156
256328
212618
316308
257722
9882
20314
51344
208744
112348
177028
22116
324080
8218
36484
2776
34954
1944
333956
232304
69298
25790
95442
83610
1314
9194
186344
4582
35998
42304
7268
157120
206744
12006
16956
88108
8860
5260
5118
5270
856
11344
99796
71806
157710
65838
19728
218630
295356
75694
11646
82056
49986
58228
3292
128090
14010
228564
7038
238010
16154
4506
1058
3588
19138
6384
306240
172158
9334
159172
182024
207120
169560
1342
13702
5694
4628
360
88380
241734
140912
42756
297184
212420
249156
12214
1282
384282
10268
56828
247664
20096
17386
86774
110942
44914
215822
6218
140454
200044
22802
328234
224966
322820
269836
234704
1098
79326
159254
96396
35802
132826
119462
10776
118956
345386
14556
30658
11526
646
261342
202790
102
3014
102270
13790
127812
179814
193310
239744
197964
43650
618
157056
348
172096
5862
6106
272400
115404
247906
131196
128830
242018
53980
6780
37630
392692
104994
248656
390568
228432
348610
124920
35852
28348
227512
416638
91476
75842
51230
17842
32678
57962
81118
163068
354856
32068
160096
47554
854
365542
60494
167816
112660
206
155746
140774
305152
80046
180
698
115658
96184
78340
321038
94282
206720
37024
8784
100762
27286
2076
218594
56218
40062
190172
170174
13906
103282
26140
155784
53642
41936
197536
127376
126774
72648
185972
15320
19940
73890
268
437278
118206
17528
88820
159424
248954
184564
5622
60954
57024
414
18026
24004
64396
198988
48980
131626
217538
2
67380
250500
49910
120478
27420
30860
69452
81222
114010
244046
2474
28650
147866
11146
14914
279166
259768
140906
98
124612
184960
400618
114
8290
10326
99226
10658
18918
91894
362648
82814
271854
111470
189022
93894
312332
608
65572
198908
104786
2544
398
188322
51570
14424
68504
1676
20466
13070
2062
27632
6816
18756
42598
58856
215666
35532
306
150164
165828
22828
172
72140
4876
2364
56490
176890
101946
3930
221202
42472
7188
156112
1050
350130
251506
188394
23030
8994
41286
209532
319752
8050
102782
1760
75838
114728
119820
36
11494
10200
57508
112226
51996
208804
228074
76680
13344
99892
192772
230466
52528
181670
430
33738
80626
5782
31474
48962
230032
46720
2854
34808
248864
227882
90594
51782
6458
246456
39132
87792
69264
146858
17478
171426
41912
34962
1334
2672
6782
144454
2304
58736
262180
139164
55366
80660
233696
131706
702
7282
8684
283030
180880
392398
119766
59042
40372
102254
176340
13670
178540
96470
36988
494
29214
2350
138326
19724
47992
64480
212492
1480
564
20
80720
241914
6258
3594
62386
4308
4058
2062
85510
48298
13448
55572
238362
153864
5292
21132
53416
129622
213842
4582
230662
668
180650
119836
306900
111936
59174
125514
14284
8554
4260
185228
104000
63404
13196
926
198528
25196
45692
40
131876
50364
170882
84754
408336
100962
311152
398390
278358
25918
29326
13872
5596
1530
229760
198688
46266
39918
87830
9340
251752
244568
34490
93184
136860
74524
102408
155772
186610
2236
9912
190828
9964
195166
143482
89240
212270
91344
227558
3096
19956
276414
78122
73482
311696
882
234274
10228
73608
10420
214194
18218
258298
462292
254
1872
34994
18118
1152
131080
16904
235360
115110
150506
1710
74122
47342
195610
43442
3374
22716
736
143300
89186
61560
197494
82480
15714
190654
28296
848
9200
231478
200756
7784
177976
104550
15874
132128
136696
36492
104046
69294
5472
17090
18062
1720
229290
90180
26318
33874
88002
12270
544
289388
141772
146
236356
128702
858
183988
271392
12606
160100
374
19250
25644
231408
204628
122618
5508
111014
33562
79866
10642
221558
13456
4784
6166
220220
2190
19638
8354
12064
206564
33876
285734
401678
96964
335432
40820
128444
108306
45210
17422
1158
207188
150838
356700
4162
151998
90064
60768
22738
287892
20900
6570
64
98798
162
22030
77764
78542
277858
118988
7410
174136
30282
221088
29296
336798
898
153928
8276
221368
431234
51626
31916
564
39174
306312
4646
2108
174184
19652
94448
306336
315104
770
63578
50124
121368
180274
20552
35654
20288
18874
167594
270146
203298
137806
159894
11604
106994
130144
280510
3730
220010
11264
62772
119692
216286
7036
132604
101928
276354
162240
115638
42790
26662
268608
7944
81536
71648
33252
310904
332574
47206
75138
299460
178
68616
311646
224872
72
17996
66778
182848
37194
15070
282086
94234
20336
5348
181278
112500
218718
3352
19146
163870
11348
60184
136164
4896
146474
312344
154642
55858
13030
5928
198046
244262
117850
169520
81106
247436
45250
5568
56970
217094
21450
22260
95344
124724
90
16736
21994
124306
298552
186970
20966
34884
93572
38790
28576
4968
141138
103494
110372
4712
309600
80140
2518
26598
7508
570
53018
86050
194458
21864
38180
98268
812
82586
32824
157038
107092
76094
756
349004
45640
76804
154300
114386
25064
128096
16732
15434
181716
295278
12556
92588
56720
80486
202944
160852
94254
80500
4632
51234
115556
67110
226160
73334
14580
171438
139650
63054
25976
24282
397374
126586
107504
60052
132
8110
160802
62974
1056
142578
98280
76054
72232
85896
55978
14286
152512
87402
180442
183808
110
65724
46542
288
62794
151104
65734
153858
11946
152126
1876
11796
193214
64670
100
375756
158864
1296
101462
140028
26578
53664
8310
2688
13424
294032
295132
333838
110432
100264
147072
98986
133216
264454
7880
344294
175786
66980
1436
464
143922
98994
52974
17176
96556
100972
215140
70
488052
588
243334
190252
37672
441832
3898
359880
153378
93820
58072
125190
181550
36704
195106
170324
1760
135382
166936
76604
266
29048
34694
232564
53948
151116
25092
9090
184694
130240
351578
56200
14784
131324
61118
398
942
17570
118274
266142
252596
1448
54594
56082
435954
37058
9270
62400
532
39934
26460
345874
8496
2378
1324
213844
3814
88350
101392
251722
216
145950
269308
116516
1524
42184
27024
27144
5068
242284
367312
188
139940
122808
11184
260150
1054
267658
314772
132854
19840
215078
62072
37826
54406
94662
41302
352534
472
165778
277944
140568
117434
174618
15802
212102
1140
41818
4374
337376
288764
8100
68
152776
42770
53214
42600
133096
27318
234694
19714
140484
228134
360264
173330
64000
27968
66642
56716
256862
87634
49572
89536
130698
22398
48110
36666
209220
212398
94678
28
238806
85676
133160
105392
37488
3632
157404
12828
8668
136970
96008
466
264746
12928
174546
275354
245218
58050
64
200640
173572
217236
3926
47344
24672
282296
28584
277640
131504
162946
238406
132000
10
4678
156942
205590
2594
1656
12734
42210
54824
134778
36378
6354
102920
3576
189142
241640
186730
203404
396352
80446
281920
251568
9430
73374
140004
252186
66956
2992
122226
86090
165452
17596
50150
20
114132
106094
50176
60384
998
142512
5048
17278
127218
6334
60288
12732
150848
27896
2914
19656
202222
12408
206846
45008
65392
194978
182
204166
133992
122574
112210
124666
40390
108964
183314
133814
98790
206810
439500
413552
204980
122242
122730
267858
427294
78364
10
18018
20144
355240
394634
42362
11010
139086
75476
205680
22790
138
68866
166186
1610
59116
29474
295242
32512
2420
23256
49650
27098
29394
221224
78728
60278
234886
129500
45424
20882
25368
241038
129724
118110
22224
157814
22
13142
10120
56412
226664
64624
71256
30522
244606
83858
18800
90624
5154
2732
100238
41658
157730
558
22648
108538
115194
283126
230014
416550
91748
59016
52622
149192
6258
21842
12340
12040
216626
992
14852
100
108396
158966
132254
208636
10208
98442
154456
163500
6364
281434
149388
73244
225590
171580
9286
253494
60204
123978
115930
526
47200
230114
72396
9816
76574
6470
146
1108
61604
12888
226592
3094
62
40372
230328
120238
340
283092
54662
86120
92272
11956
137842
145208
1944
323348
5286
280166
27280
17434
27586
56706
240318
183558
2486
200716
218836
19224
247200
978
15730
92246
3430
52396
206580
23856
257510
128570
281664
73500
228874
7118
63798
120778
42518
171016
63488
1618
990
130920
120578
16070
12970
272406
12
391994
4694
100804
12116
380952
19188
196576
246
138
47706
391814
14808
51362
79548
87434
101890
99294
79314
40
84104
56422
82862
137750
192562
17338
205482
13910
130198
110062
16
153762
8966
66606
203374
10506
182044
61590
200392
219204
90652
209400
165138
2006
15084
130084
321692
70254
102328
7656
139312
7476
176516
28
13438
172402
17910
7626
6488
59828
124344
112
102
54360
164334
64896
228206
38016
57788
176642
17702
203116
60962
97854
258342
12632
148700
18070
60004
101768
186498
4174
89448
325820
194
27440
138622
76366
21296
15636
4888
4412
61942
166906
60338
37092
10304
6008
84700
70552
31934
138488
266492
8084
46820
3372
185692
4304
157942
36602
15270
216254
7316
82688
446
35740
155982
141456
167610
1744
146326
168596
9926
1040
62150
4142
73202
124224
142
446416
425630
770
3078
374654
36600
299074
100328
201012
227734
3830
51340
130
61830
16342
236716
94126
118124
35894
412656
6110
41440
83950
61832
53826
23104
81272
50118
223244
122
12904
43542
75730
183346
32374
154390
2390
162568
11932
1334
67478
8576
29338
162456
82966
81976
100614
238854
34050
38146
268660
97392
78598
16144
5864
47410
85712
207438
203616
6694
101654
94956
320500
114272
7114
82350
110804
61708
382030
70126
47198
36
109292
116674
190536
104398
9882
147368
51946
0
163344
288004
146990
119850
44344
138170
1830
73034
259912
135576
150352
81400
60270
98880
678
113984
165588
69200
33246
278
123132
9450
231778
100268
41020
112680
203458
264630
229746
164
618
152238
88898
278548
562
187238
36684
3234
173030
58326
82098
89244
198052
57598
166782
61196
24628
371546
93748
187784
313770
122322
9368
1546
34624
6554
359562
11112
2486
177308
199268
23116
4086
122928
118272
166442
270124
80018
96434
132292
4742
10164
120952
26224
283184
109970
56224
212806
141214
66482
52220
116842
5272
2176
258974
1110
60464
203912
191222
19418
29654
18144
41120
26728
14296
146322
174626
188496
47724
3222
365896
4562
60288
71054
4612
7046
169782
54996
14980
77626
1806
169628
65696
51242
162842
2548
1964
146218
142686
976
334
7170
94
95922
42004
69530
36150
131822
35450
91000
57576
5132
180082
23372
12376
1130
76994
1034
267652
17728
27746
47516
1280
122892
156
204520
9702
108
46394
243018
12340
92262
269358
168
60712
686
316480
109252
237164
47368
1866
313220
140274
12778
2
4646
242658
30238
2472
168110
164094
22084
164868
9522
174812
134170
8414
109758
75652
174852
194676
425634
197914
26268
156
6780
21708
85434
10342
160964
25146
77834
145376
140688
11206
13076
189784
16968
91630
2072
80210
13756
240460
80860
129946
108
243144
222680
96352
82428
49784
45472
49816
5138
82864
250936
265204
73178
243818
116170
383802
42514
276208
6586
147196
133760
1320
137688
113270
6990
15598
472
96004
84100
69018
57132
301808
46632
332
104196
98848
81678
228848
40164
47490
145068
140404
16516
7878
25346
10470
60744
78868
88914
311988
30770
18234
76584
139854
276566
1754
10640
37172
212122
148
347178
326546
4590
101900
51906
64976
84988
31354
135114
8980
6172
187542
58176
22418
78612
49498
334704
32496
358568
138280
227864
6316
53388
38930
84628
6896
6954
97884
77444
992
199856
130132
102932
97720
11546
464
100360
225016
23502
3566
6970
74666
69934
2
4290
185926
566
178810
113882
89464
101512
12034
177758
112
69950
57184
140
6278
217238
3148
125610
39786
5416
107040
92
179468
121124
484
107698
109304
2032
238186
167922
117148
51330
28298
42606
85068
12
87882
257690
76814
25674
206
2456
44
3132
50020
774
44806
60968
17026
11374
150382
32806
67126
106418
118370
40824
201126
16
106442
25174
148296
103014
368266
40328
2034
119704
80182
15150
329466
12098
59980
240728
31330
62268
48026
94462
124764
27858
185352
26318
468134
82400
95300
256020
222212
212066
189758
171578
221474
9992
63116
55458
221520
330710
14734
66448
139658
2194
110240
220368
283282
112930
335594
101556
11750
367352
51892
107956
83302
13828
116044
38952
179224
5478
182614
18938
12098
131432
6016
4654
25112
21202
203728
122426
3498
3138
130216
82974
53934
6520
60580
18124
57478
165246
43466
104172
23130
58
1318
6304
178544
127184
66320
2118
16376
247058
12354
30948
23464
1858
174612
148368
211980
89884
11434
40396
578
133668
63056
39364
171578
2120
3598
73240
235986
191500
190564
9640
3986
138210
12492
55398
49522
30708
24850
208784
33208
232414
175072
221996
208708
12032
2220
19168
191500
32772
403286
255214
83924
2124
191614
107908
99058
172678
277606
43340
46886
119550
107912
146118
904
23520
233106
3978
60146
223272
29082
98506
87384
32322
45632
12050
28664
231900
111034
88578
224060
73336
172832
153656
259110
21690
60264
227066
43494
179622
149568
258512
958
116990
121332
52866
70576
1718
20248
100360
30024
26
119752
5890
4816
226052
39676
45828
26412
114244
165240
10304
107290
10840
181622
8322
144724
345108
14552
19282
79304
2188
16606
253662
212
281108
415994
277384
173326
93338
310222
90034
13310
246370
11726
81774
375092
84172
16080
118076
207916
15844
122350
55804
14
5342
244016
143854
266232
48402
174858
108072
12754
52570
220340
210680
28026
91804
14
4648
18112
2124
160344
6126
30828
143450
58376
22320
121062
46454
134184
94022
221790
171662
191950
91752
62622
167190
21944
167952
183976
40178
172630
158106
82150
36528
12714
98454
1930
3658
8826
16
44200
4744
83520
11350
1904
40992
20130
11478
29776
92914
102090
286568
271572
197030
184250
306
31612
397214
54838
225958
21062
26072
2
6044
293378
99212
169628
36660
17192
251866
35782
84448
160816
133178
4502
225598
76468
33884
2558
119944
147436
41596
5144
43312
120460
206924
60552
207158
62450
155948
130
39750
69252
59310
23420
208646
68604
920
81104
106660
5500
84414
21000
55160
188
21894
15364
3282
11720
61820
287184
142948
172066
25164
172
65810
5366
153796
97170
187258
846
4364
127626
268780
298264
66496
26310
996
0
87522
30680
1846
21714
173912
7276
5138
46258
25674
85904
0
77186
39834
88796
20470
304760
205294
8852
33150
8080
580
270000
18398
189984
125166
249060
162986
233894
604
96602
60124
1702
27326
63136
690
2750
230206
176042
2338
164018
51164
171902
7696
47940
18040
221978
2198
111290
225078
52838
367202
51466
51024
5398
116672
290840
247080
214280
91990
263584
70098
374676
58484
40674
205114
4
111044
166184
221460
1346
129532
157044
9338
153744
292
103608
119726
93038
53772
20610
282798
184974
5928
11554
218562
145432
14168
4294
28800
4144
160746
96746
129910
13272
90126
264064
70010
20384
76318
212210
4252
29532
95096
29566
226
51758
12880
39588
7306
4326
71652
83590
35582
325476
240048
91274
19332
101914
190942
101676
88314
2612
39404
270466
170794
179516
73728
181996
41548
32938
18782
209716
106702
264254
291768
22
187890
98406
174490
11568
306844
211476
15260
160142
240378
23058
164494
55034
880
10
88988
734
128944
260356
49354
97520
23218
230690
390430
6382
177210
68228
157916
19088
122468
1384
121814
241730
107474
145302
86366
6452
64358
422
113662
145640
78760
76790
44136
258634
21826
964
260
5360
59918
265908
136958
133966
165604
207142
12738
10368
55588
31032
329566
143496
209948
48350
29966
11394
36912
29646
111516
132540
76470
39894
4386
146964
57698
75698
74
274448
187078
127084
27932
208386
139444
2
367182
94446
165524
207072
13198
41644
17368
1186
393032
53384
178268
8800
137022
4134
201200
88802
76
2188
146010
126404
5122
43072
112674
30534
337752
23456
3672
88578
39994
10112
7688
19334
234824
178090
1712
121498
23242
315110
29082
352890
4814
105128
110026
4710
166154
37536
195950
6320
190606
179118
26418
144
185960
28348
70404
407606
365146
9162
20840
190326
103062
49352
162
8130
241282
16748
123122
84826
36598
218386
30
189584
215888
16666
129758
338226
198006
207206
9360
110588
171310
112858
199678
125206
155810
58540
257000
65448
140778
45524
1352
34800
302596
286762
24440
2
94626
127180
98790
126396
10306
7742
15854
30832
98932
226444
3000
19618
141630
18734
17340
169418
216
106466
86666
238320
4292
263974
2146
72672
69288
31556
25376
14992
169292
192932
123066
157398
45054
45576
21122
135042
35564
6
205014
179422
5998
33326
71582
210314
272500
454098
4964
23034
147898
195270
166394
259402
109044
215596
177308
44680
85768
64536
8634
205222
225720
181546
64106
184346
116152
11340
138820
2090
100446
27280
37740
211712
11174
216342
79106
263810
69040
241664
13588
67760
1104
172112
33174
312422
74080
177778
192848
109764
2658
15508
55288
173346
57816
12112
67038
217670
11042
86438
387564
411736
53930
13546
200
89380
72132
196382
176686
15666
91720
151692
14658
72552
7418
46970
308856
142744
4808
127208
222804
221060
225610
197754
47282
172160
237546
592
15914
88346
19846
139438
11476
302600
74072
77584
152938
41114
6790
174614
63028
49960
4
59600
133052
257900
125682
108656
3122
1430
19484
1574
3476
42218
280594
88166
168746
49392
43334
5688
2206
285068
21378
54706
149434
27484
99644
208562
99716
45270
4716
51742
121004
172544
91438
3866
5496
21972
252600
48506
161446
8280
1246
22344
70840
32442
29270
80938
84976
95714
80436
27050
42360
177450
37992
8386
169908
27206
174404
45412
160586
2228
114882
32196
642
0
235266
340634
129688
21598
248258
4098
62
153576
98880
6956
3434
253886
105162
302
110360
806
73402
34342
346
417776
8806
29286
278128
226714
5220
4716
145372
115436
5252
155668
5116
161272
229866
18262
120874
93238
5518
95806
36164
134512
26
154084
89744
166974
239134
174884
28110
178588
101256
237572
141016
1638
141076
231534
2
75906
116402
36400
40802
122312
74046
35662
279138
67024
17952
37584
178148
10060
6586
490
39800
46280
133632
195856
131338
9904
160344
260214
54270
40082
236214
348192
78282
208158
2566
2204
852
26980
243112
8708
3102
85228
82106
55654
18336
145204
40478
232406
70332
119878
68576
13858
179370
418
48160
44478
193252
11794
23044
18894
22264
91030
23512
111268
1522
1020
103600
4050
191486
41306
14602
278
17278
4400
182092
2102
272520
275320
133842
89904
279566
8470
76092
11876
1302
38348
231258
50874
238760
206286
103244
137010
3578
26420
176858
196082
143874
55630
738
219770
60686
92654
99022
15034
99684
70676
6968
247672
4368
70962
116328
4094
292254
49778
126398
53478
394
25906
48194
15270
245282
84
201170
9470
105266
76258
68408
1070
285830
12708
475360
11324
241102
155930
71004
39334
228074
33046
16826
191556
102810
207972
55882
6656
61536
118306
3364
161682
378546
108092
6048
1426
50814
150268
413014
246682
203768
31548
6
98896
2392
191234
41992
383094
16558
61324
117542
68506
165884
4
116074
121080
59376
30252
56042
1758
12798
29282
11908
113984
29184
22806
151116
315616
273860
12716
29688
240
276602
53848
59040
11060
186546
178512
206612
114922
25614
160538
242994
33552
350582
165258
90814
229436
143650
654
60744
52690
253236
292
15454
366242
71578
142124
137858
116330
60732
300976
56840
96740
198228
111368
12116
188100
277426
63952
41368
151960
145912
1038
17616
347250
13398
83670
136456
145658
15082
3024
5960
250592
22240
129118
3406
281700
204
232260
53966
117978
37608
245574
39404
178946
214
2424
10916
189448
191236
41738
184616
586
329528
241544
55700
34708
80
92908
81596
3336
36360
14534
36686
1620
10938
13570
176648
86
210802
237134
120148
39610
232980
182558
15150
52486
65042
49512
62524
253286
117282
43036
366
62398
302180
59616
123898
157550
308818
22578
195772
314324
50220
160418
314010
182918
340
91216
6344
47460
392
8802
156316
213682
43942
379426
5206
750
232318
229948
159898
76836
750
55830
257902
878
45800
107554
13888
138778
180988
41756
119900
104826
47706
584
161446
15740
114998
216724
62836
27566
206198
63146
18898
137898
146164
3318
402008
111400
269838
291242
6714
8718
209942
74532
175048
28464
109600
51526
211740
77078
3302
34986
263376
6236
5852
31564
17360
120406
34818
100288
15822
28070
324
234150
28890
173230
135214
72412
36
10946
155324
326458
217604
108338
177486
188
170598
63920
62688
37364
126754
195658
43474
846
337544
42320
128540
130108
47928
115632
126506
45780
121934
212840
54056
110432
6264
39754
64760
54058
27938
1802
21836
5724
276924
159894
193278
72962
196090
54324
26568
6920
224074
172732
1124
243222
1198
137484
1586
8588
16
149558
134
183358
436
40788
145832
99964
2416
21608
137182
253886
192752
198268
216560
149294
100994
15144
5748
101652
31722
54250
42626
181564
382
190578
50756
87486
266662
108088
16362
47272
16646
73652
147512
223582
223404
63482
18574
195188
421374
171956
291322
92088
161970
228970
9098
175524
129254
116386
33176
8044
1178
5828
243274
90640
152616
304666
41082
242620
184866
210
192
1094
467742
49054
296086
246
166134
267098
4772
103190
111896
23046
22476
3000
15888
8
28898
9076
126460
93544
279170
5432
412
41726
172338
51734
6254
258556
962
914
225356
233876
205362
2222
14064
68856
164794
361600
91708
2696
35630
138078
257476
3234
239212
63360
74672
62090
234008
6458
44478
222050
98
232968
82276
6852
39964
223804
4
104624
176166
295942
149926
33216
258
127188
43774
129124
106124
125596
216100
138728
266
114962
112404
7668
364
249202
48136
41558
54234
80538
85242
224982
47428
200966
15694
54400
184658
105172
21142
355766
2314
139418
15524
400
18792
7224
87096
5654
18356
11838
190160
1244
15634
173020
41552
84966
932
62
3730
120662
82
189586
69692
345130
135722
40006
1172
211686
362170
136616
9872
9906
85178
86010
1890
194742
40676
92388
297512
144346
209262
11194
59136
3856
233880
147364
351760
119760
54050
30684
22796
6460
9404
66672
269384
305604
46728
212490
255514
52474
540
118130
109208
132442
320234
267120
192202
7232
77882
94574
265066
236
94232
212078
64492
33198
228482
41440
206026
214212
64414
278492
175256
120618
416
15852
220074
192588
140126
172932
71960
29104
248804
181856
106994
193456
135918
193560
251368
40178
6
3948
258148
10502
45816
143308
56854
10836
2310
4554
13214
40540
7684
3912
274024
32912
4
25018
30026
374
5576
118046
44762
76266
35144
9656
44868
38796
30238
224654
850
135634
54826
156148
134330
98124
54822
81172
9890
4016
35284
109246
153840
96856
186910
341300
118486
140438
102598
209202
105328
290388
39656
15898
260444
964
251298
13834
99696
28270
34974
247988
37108
12894
9472
15356
37534
7496
132798
93636
199252
1916
117148
237736
10036
356166
79052
20006
346282
59836
134968
227218
16656
7060
16432
20
428
21712
29368
140216
5640
1488
158882
43282
158648
61318
1342
85000
178822
219672
5456
5588
124554
197052
81964
197302
61870
244994
13042
1390
235506
3938
51440
84700
27948
33448
190616
123344
20428
51210
194440
144848
238526
278964
12956
42870
2234
423504
415666
11742
27798
15884
138464
34264
428
170702
37378
28450
6752
15726
5522
162
32
90772
132052
65318
157196
39412
29114
6548
69550
306
6462
171984
23614
25540
41164
185606
169840
6110
53756
121062
10268
20770
218296
16804
10534
56018
7436
17742
196670
22272
318946
359592
5300
25316
31530
54470
78302
60612
1768
15678
112714
253294
129406
221440
220752
126774
55644
3880
5914
139538
125176
383118
6094
18448
407606
11388
285958
94
313448
7054
288702
117256
45796
259798
996
14500
321038
41256
250404
462
77156
44710
69118
87232
28716
0
49630
56356
976
37082
120618
3020
426580
41852
14582
86042
172472
161704
157666
7830
3138
128458
218518
238054
60628
219508
187790
243300
1442
9248
248890
174076
416328
20352
55542
27842
235772
211494
20414
64128
44124
79280
80208
192732
40618
15740
130
164654
238742
344114
233076
17974
20454
115812
3874
4394
337272
208546
179622
225028
33086
98776
82408
73666
1330
126768
47204
258844
298566
36318
81902
54438
79016
4180
53482
200424
194824
27332
443532
1710
60832
5324
430432
104988
146060
172114
32352
23838
5206
87948
138982
140518
98
85200
56408
7232
66378
55856
275314
34966
27608
169952
73986
44032
177072
438118
420220
21744
9820
117314
48062
239488
23388
34666
89876
121414
2400
29946
2718
87680
127890
225892
64058
97170
81952
152240
107374
153930
248470
314736
10060
239082
98434
285450
248362
120096
186972
176526
39650
64500
60678
198
144550
34840
46488
205304
57360
74352
6618
206834
231246
219992
398680
50370
101390
194050
128218
146920
32188
20224
219274
139758
212488
64782
160578
71646
34048
179248
287996
54714
273498
216288
355766
25444
57844
120042
107570
1104
213550
134004
22686
17850
1458
12440
221488
262292
103372
200162
2208
74082
95466
198604
39840
16654
2870
148678
18908
157716
23920
219488
151732
74938
107530
232832
317688
222
299452
176332
19914
188598
309096
184204
124062
3740
277886
21614
2614
303474
315066
75838
157260
27986
43984
61746
165120
174928
46160
195242
125442
21006
886
249562
139980
15236
40476
15770
42524
292942
317020
55104
7980
15404
284
8972
105622
108854
234352
32180
59988
341210
11430
23444
10194
2928
3260
37770
270474
269354
172712
45626
582
84800
72580
8218
14382
446778
69848
200980
8482
1528
92978
35116
40104
8132
121042
20948
66748
13650
115768
19038
1314
54640
54710
42280
113244
38
37698
1858
248512
16348
326750
59332
416568
83822
191800
146136
166
25846
175488
20456
214406
19856
268886
150600
356788
260008
61342
4504
1064
69526
12932
215618
1852
164010
148546
117778
37274
229824
19780
42930
10198
28804
156300
84180
4862
54180
21292
188502
228318
57252
5332
400308
9726
181412
47928
29166
111924
169554
23008
152118
83304
62044
60910
91816
34612
218834
103850
311368
3740
88
14114
187880
96974
1544
152052
303836
197148
86820
37530
3410
421902
144216
10492
57512
163518
83572
322
15532
195786
39814
345222
8666
45472
313392
126922
40334
119388
7402
5184
30860
279904
8138
34656
39636
87434
180310
76600
107564
145868
3936
4112
70
26802
140002
29168
450126
43924
161870
209412
243340
173356
18308
96140
48352
103008
18474
410778
24086
105152
29904
70458
1666
296836
31402
4066
281866
110440
90594
213086
72410
14010
126448
3460
209932
264506
64816
67098
1630
212
286332
306610
312
140300
112198
296796
26914
31930
57884
1838
205816
10
11520
1924
48550
2592
132138
54930
70448
376590
18740
104
112988
13742
61624
39068
23634
353388
70076
223402
31344
3106
302710
10182
146630
7206
113910
213012
180594
84286
150306
4770
267828
120228
8376
1860
9746
131000
351136
62158
197138
11506
237618
125998
157210
38096
155354
12748
190146
93948
46710
182992
441062
72656
104090
137924
696
98280
287606
127292
146264
110904
232156
262052
54616
319524
310462
146864
119978
136350
22322
55038
385896
27314
10500
224262
148206
76064
96010
327436
106
232216
97036
211614
13102
25690
128886
29238
9866
282338
55374
37658
71648
11398
155502
7278
95240
4
78904
7038
178278
120874
107560
4266
119962
27092
58930
253450
390954
315640
188060
83708
69070
33136
308500
1092
610
122450
175200
19404
1342
9944
2602
51918
40864
21074
107176
278900
275496
10402
108676
275826
162472
170292
225234
158508
288606
132142
58828
94970
19928
176252
24398
53312
51892
210672
11332
18906
72562
4770
81344
152524
20826
29738
81048
154304
236704
183696
84580
127762
73626
166420
168248
23020
204
31248
356812
32118
123146
112402
7764
206100
4232
443566
20776
31624
75194
55344
16778
90042
162726
284
2070
172794
206384
6060
118570
57244
7382
1390
138312
245212
154898
99448
38784
132696
8698
194576
18774
18698
156598
219204
74704
134696
187722
39282
166454
8272
12424
18196
40658
101128
32764
213844
13350
5398
15510
78358
68488
271082
57806
98476
12366
1772
259370
21764
282368
185038
5440
48926
269562
13034
100990
118964
454
35796
162902
1758
31490
7996
91186
52098
26
255284
8720
157904
313504
98932
38850
15398
165434
111804
10674
4030
42908
51858
2046
119104
168356
8028
466
6644
188692
23290
4412
34962
59166
26904
53136
126990
222168
20026
5928
159242
53568
67888
6
59106
3374
5304
249262
24328
7232
66820
139336
11666
81238
133522
262912
213006
133022
4
70
1072
688
161292
1792
19944
120890
34584
247450
73028
44306
234066
295080
229398
15140
25018
72894
85828
421138
95888
415524
11398
100334
20688
30182
20
63466
47732
282314
179084
63642
349790
73762
146030
267802
42362
36588
310088
2162
294984
28948
2880
125382
28250
286310
52424
65342
238112
238228
72002
166416
3394
229234
26200
143138
56368
76108
424696
17922
35948
8996
41412
180672
79458
350996
303294
27136
28976
383070
239664
34574
104722
156722
1710
36464
192818
218270
137482
96082
94308
9430
176906
21990
156206
698
331318
343842
51916
92502
51032
20544
210498
403462
173418
61360
75288
311552
27384
44912
131902
149194
350908
303836
7130
116130
24868
3772
224
161056
290620
176682
161240
329388
39252
326
261286
30872
78166
347104
61248
4544
1162
227898
8944
15804
349614
140250
44238
5384
26262
152338
2372
1864
261946
23988
99216
241946
22982
4
73034
198552
345378
215824
143734
147226
50710
192426
42892
51906
2882
252808
12910
96290
3256
18232
252756
30090
177506
13038
54086
12716
7888
102596
180474
169370
73018
191122
68
17348
2406
135498
16372
3242
51838
82438
34596
359690
122608
4878
150450
5610
324906
177620
230714
93312
159190
173398
25508
2
12260
109726
8458
263320
253466
179474
2418
17070
115118
42144
190740
54294
62210
262590
143114
97322
50584
99258
9600
110174
206
202362
338904
123922
59276
83146
101384
5594
79450
101656
268844
326922
53482
8656
14
402294
4704
159082
110
107396
47596
1158
1150
50120
107850
7400
113678
764
193872
24248
166156
238162
128970
124796
5700
27362
20578
373400
123244
349396
71304
74886
205084
11944
90960
114762
102816
21802
26606
19210
2262
244570
430
311502
11190
44476
188504
57184
47992
82
68028
49222
147204
233746
146696
7598
122426
211944
106332
16678
147220
58686
126588
5762
41736
56548
79672
57814
52440
84744
9418
198246
4152
116988
40124
20248
72132
165544
30502
78952
158102
147472
248
238818
228632
365450
7220
22146
122340
226094
175908
31794
201288
17086
8786
22446
260222
175436
118360
75342
184832
223962
22810
19078
17518
10534
197212
3688
86776
53866
93350
42486
214834
22892
33824
50188
32
55508
1562
11082
108444
266390
35800
135778
2934
270210
122418
390822
150966
217362
13484
35952
18886
2246
28088
37368
393172
1090
65874
33010
221572
62350
128588
10882
23204
334270
144402
225712
85576
1854
252890
252
87482
10668
12
167598
914
16
103122
106940
354062
5510
245986
206416
4738
199452
118424
112252
101132
183084
236096
29602
35258
244
32818
2874
298
209656
33052
22016
79472
184946
32502
44572
64238
252868
140236
82834
51554
132116
141458
129784
5822
16422
109044
19138
31264
175478
74380
28718
87676
328692
75830
344932
226946
180744
230326
61006
298342
13482
6334
128954
71824
90584
45230
9790
12602
75074
49502
48960
287068
272478
83228
175688
37378
122830
188726
24748
4074
1846
115682
333968
816
87554
102572
49030
147112
168312
37052
88760
250976
37198
48818
18838
120836
3456
253036
152706
247174
140332
175488
42748
240194
26380
151336
15758
57356
147708
235206
30904
514
291692
61048
156572
462148
203210
5654
26592
231656
10806
1300
141942
1040
151512
121568
13452
1032
7546
231204
69948
23694
8002
112422
5016
10
6022
7610
218266
126048
256
280116
240268
88580
73896
205794
253280
50430
246318
832
700
15292
204
48836
349768
221852
4998
236668
2476
143168
1486
7640
79016
1316
135588
524
230154
190654
872
422826
84466
241512
125928
22072
119534
24606
196652
269446
80068
1842
2390
202570
53268
110980
56270
235890
46414
70174
19384
17892
134656
14684
46080
294852
142908
21684
173996
26808
102850
179824
6484
257652
82882
41616
21304
215220
166892
77562
120834
312422
150844
202468
201950
153208
94974
8718
78108
23360
57402
1862
18052
214268
178758
24094
69106
299386
96340
4334
27882
68880
46206
462
178918
32298
5680
101850
26926
80856
28500
146410
14304
313026
440
69788
57450
72238
29746
98
108744
76732
1222
65126
37156
232566
6256
253096
66964
130054
346288
139828
256506
5198
46166
143280
46914
98972
48708
32988
16968
5020
245356
28372
42400
94080
241596
165308
73504
480
65020
100990
177962
130754
191152
31202
203724
45996
30604
170882
51960
118
315602
44506
95130
118374
162
30494
46134
30270
122076
73338
170000
1842
6096
35182
316074
299512
93852
348238
248932
57996
7380
203026
1460
107392
52218
42208
238202
119202
3590
48542
192222
31874
411362
17792
99198
1006
98984
29184
138556
162062
20
32756
92002
15892
11750
9816
86626
1344
94678
24048
96140
232762
176290
318832
208704
5278
15000
208420
273936
171148
182042
42702
275688
226432
194358
149508
139976
110484
4174
89670
50926
341062
154474
367302
134160
261038
6862
79596
7190
179948
266864
46962
63416
166816
269500
9296
2112
25470
33204
84526
201752
253214
38802
1668
16176
1944
123410
1978
120880
40738
65612
227310
11894
92808
152164
49126
152686
7966
127848
80062
812
206
296436
57038
342312
93456
27196
309526
2980
178470
193310
118218
324454
113454
315482
102482
9504
135244
25556
61966
51320
18
2552
118338
986
220244
52790
106110
36402
156526
10044
20360
175384
168336
46586
260936
69876
134120
142202
43510
442690
199812
1066
29624
43284
163368
116868
244444
32254
23424
31848
377622
5752
9994
90768
217906
186784
13478
30024
1660
72
15080
265620
114
189758
7796
1030
191332
52022
2816
21274
17326
100214
11808
244430
3048
286062
38200
63306
303214
6044
18470
70246
48770
14140
153030
68408
3878
269732
127146
53544
173346
232572
52066
119844
78
43602
11548
209916
18316
208726
1380
13838
202340
38714
133454
100180
156070
311370
140984
241722
746
344402
96248
456
191222
10698
102456
29258
48844
224502
53678
201116
18308
53718
332202
212
86
294850
1528
325154
11462
2854
105708
19674
143118
130804
137638
22994
164168
167650
91832
37562
206
56234
216884
105586
79384
286044
11370
124830
38320
241038
35882
9524
62142
142954
502
7028
4826
130
1932
96788
180834
14322
249190
129678
204
10258
244338
2244
42742
22056
187426
143578
63178
115312
24666
267632
15018
32076
3188
246466
203260
391504
48950
88740
241808
2174
73646
128812
301050
121814
181278
912
1562
105420
88958
23976
47694
2728
12180
710
94866
325610
148166
1172
23254
180504
7468
96378
34902
102708
251842
390292
7898
2222
9158
112328
70590
212152
145930
22492
419236
107006
13716
2098
233030
15546
47976
166634
99230
14108
3636
27264
94830
8234
55742
176368
188336
200200
71324
87430
110666
46444
212370
224
149666
115434
72600
11180
216516
16338
114320
21310
213174
66554
172116
26094
279752
314
2644
36924
1474
81778
38404
70502
73844
209996
121244
35504
182194
54
132120
150976
77692
105146
64090
14466
2908
130820
99254
23714
251714
44
10970
60388
212516
273104
13976
254896
147136
350446
17030
260024
103392
528
49202
142644
216038
113162
31396
1376
142
36668
279068
54214
2700
33120
1148
970
2476
3282
140732
6612
111792
107096
109382
18622
54620
19418
222162
12648
13830
231646
41310
40846
30474
11258
446
316026
115546
161336
16158
438260
51688
234
106970
137378
7526
370220
55552
25294
154160
154366
68370
63908
62754
95184
100
104062
114108
55202
244412
175136
9224
34246
30544
132330
23434
9700
4070
41706
281980
115274
21914
62218
174080
175946
237850
17134
6204
165396
39468
39344
23978
5358
106506
26168
54168
83906
115062
227434
22084
207640
4356
1432
74376
126344
21624
423202
206100
56556
153454
210492
88220
79822
37702
22856
252
24770
210
1650
42922
52152
38884
212452
11366
68840
158436
161874
218758
35124
9916
2776
218
6668
326460
24660
80
117914
104312
70544
216546
274
92878
184570
16950
75622
100948
15478
14
102074
171144
22772
272336
65136
64848
91636
262222
15840
65286
4390
284892
3476
23872
4830
227850
36186
67988
80
4082
154
78546
35156
153682
6958
130458
137144
175272
6652
147174
11442
200990
1188
66758
295394
51612
7542
9162
19866
39834
5216
6
5686
7916
18158
66932
21910
47480
870
1180
233778
59578
355034
45312
118236
9774
160
297404
201778
4170
63428
125698
244
55220
13424
150412
229888
47532
112922
261278
50408
99110
373768
70276
11194
145760
21410
149680
98876
33432
17738
57416
41560
387934
26834
20230
99570
14600
17834
2282
874
335208
56428
167114
1336
45150
179786
3024
71916
187926
1386
29546
192014
123716
208
95608
147730
63478
157832
45952
149700
1368
8858
45656
175996
136704
379426
1326
105154
45216
380324
8640
139760
100280
102870
60964
12358
74292
213634
28334
6
13232
50910
446362
363562
17996
94668
55998
11810
29180
241544
185224
4974
109056
1392
230052
141588
39062
11726
191336
294454
161194
204400
240770
3078
234790
16048
300162
2132
82548
35050
14818
46248
356884
49416
4892
22124
45724
21818
293218
89254
592
221014
136664
20566
2592
130038
2738
51820
10444
82
235328
463006
1756
5826
265476
35168
189294
202896
80228
33448
100404
87460
121016
14892
9336
2512
10
285212
716
107212
14202
225460
209770
83872
93234
30572
6144
261678
159722
152078
34644
107790
23818
29374
28620
180816
8628
61240
54784
194610
8130
196938
14304
8596
128310
291888
2104
7734
331710
36452
6502
16200
85442
323680
224338
158760
68212
5198
236356
128350
9268
24716
72938
8898
2376
158166
263122
22
1950
86216
392520
281012
180624
141486
219060
214936
7364
18530
195190
55978
21592
275336
52
254622
27332
16034
140276
58760
2566
58232
144648
11900
245154
228960
23508
5990
162714
204404
23266
171656
39038
85706
235550
24220
295922
25564
68914
31152
84640
163594
130308
25632
51694
43298
30010
24144
83848
12458
104176
11252
32954
206586
32658
762
105246
113928
5942
432
282754
91584
64436
14742
256482
135452
114160
11222
172850
77344
104384
6194
87046
63126
4274
92946
162690
42254
172708
58640
133908
245734
173940
190646
14652
2426
241804
6724
24672
276254
227264
12396
217470
706
50414
109100
51396
90108
57402
446
170956
2952
9714
170706
330424
142086
20
4962
153352
35028
17668
251422
382
169076
4708
134554
946
171942
14838
147924
285196
135750
60378
191046
51150
127234
118020
46
16734
353192
277890
125794
273944
296
342476
30690
7274
223598
29346
157908
215310
261678
29890
38506
6938
754
53182
120166
19224
676
1178
68248
18650
339100
202402
69926
158476
28926
7918
156032
14060
4420
209410
46274
125738
309238
61940
321210
242588
6892
42286
240334
35712
182154
176014
64078
240996
219318
159588
74886
26648
46672
2286
52510
61626
26
50
268376
3468
28750
16902
167380
323268
273928
6418
21112
88444
200302
87014
156606
28566
46446
68332
176
8472
188396
88952
12692
5546
13994
79174
43276
199622
30874
120062
332
76564
36206
114998
1944
53936
16578
36218
2308
33190
345472
174968
1482
40134
183012
299916
22078
55550
1434
99710
87988
21310
68310
77600
157018
178196
7312
32
250944
30066
30294
205174
161044
244120
32204
2050
2
9514
68196
173394
60852
214
78812
88852
30122
48698
9618
57230
321258
79924
384270
2422
69752
359632
188620
15284
67304
118082
133326
275876
15128
55502
306410
53630
430
257710
37578
227964
88
201456
30412
550
349302
143346
1440
218050
83636
1118
245366
4862
34808
315736
34300
232460
72366
1998
23514
64918
24426
195214
23462
163290
224958
271116
215072
128038
4416
41266
12134
91794
178966
64268
261784
124622
163056
326818
201516
2338
146886
116230
243984
130
57854
300242
2428
1702
24884
19528
76220
193058
118838
11422
29612
174
11840
49964
25668
18624
279796
7814
68086
10028
15610
41680
3406
120552
58910
95590
126444
5816
82050
318942
136
333246
13032
155140
974
3086
368050
7436
13866
297164
172748
1848
49826
116258
205538
65264
325290
89488
176066
84486
1590
176498
35096
179090
317906
11510
212188
254
158184
84548
27582
160460
3470
444
67480
287634
33890
223876
187860
195266
234860
247426
258414
45624
488
19004
35740
3710
155994
250290
158348
313798
9960
2914
96412
17334
192970
1916
352360
18
162026
129410
139042
6186
65986
105510
10366
43442
432
108820
265792
99912
284316
397616
30124
44830
238324
192048
808
172860
474
173318
46704
182362
6136
2844
2974
143342
71654
21356
219588
441768
37710
132154
238894
269856
15402
24184
213824
19664
33052
150920
49988
14606
374596
13708
51278
54378
45192
30724
154490
14768
317542
289586
162666
22214
21542
148762
98312
188182
6
8786
70670
916
142
147408
70262
52312
370878
14180
240384
125272
10
29614
458958
78662
40552
79196
361110
57058
128986
149782
46402
123460
35048
112770
193364
18
113036
25510
7940
124434
3320
127662
225704
156544
7048
91064
59926
153638
4474
68060
398512
12234
3556
16
17934
75994
46910
13606
19598
2088
346660
3330
46036
214
262552
1554
1642
293574
113868
153864
22124
22046
269582
22944
33106
36110
266672
238828
265074
65116
5894
120096
205924
660
150142
18406
254070
40734
44328
234826
888
145240
30130
214
63448
132110
13126
206672
107720
6050
291080
92544
243318
10
43212
177756
7476
225252
16224
114944
30656
242958
6956
355938
7446
70462
159744
269530
400376
51174
552
12774
96224
3556
23874
116276
227354
78578
167320
242284
314164
227666
21870
580
417540
2774
194122
10902
181828
4850
125244
7834
71644
24114
18382
124252
222226
29598
51384
130412
18780
1822
37676
28034
5036
174634
2118
74806
253610
325958
147800
142156
860
18486
114534
163364
35508
71574
48464
242092
193422
73716
119402
19504
38480
69278
339548
157076
23348
306952
218564
10570
44616
223580
43296
124368
91780
42980
313554
186048
20494
37542
125394
4
8758
45064
217576
206624
99726
274708
21690
7792
81702
277804
109484
97936
85476
158
68592
7560
3374
319890
153020
96432
220938
300208
232528
280184
96102
12228
16906
57138
25306
56654
133548
19088
8242
125820
70810
338
165668
9960
32546
20290
44780
1632
296
190194
243234
230852
45968
368936
3626
76614
156138
121710
76008
904
104548
29146
189814
350760
216898
388238
85204
309218
10768
209102
38688
23676
376770
52566
271078
204406
12804
40368
55674
560
213754
49686
174434
94066
726
12040
169382
3226
200
7638
273730
238592
564
170372
326448
118120
16042
196086
153146
108640
197200
46664
156090
3182
104770
194254
20104
174146
18918
128790
425756
14172
22760
33398
165946
65972
47360
161226
79140
164810
39456
26660
11906
23952
8414
216094
43894
21656
159244
30320
13564
280156
177266
220540
1506
5148
3390
26794
690
14
89214
18
93506
51314
213568
271764
516
307672
61886
185544
121988
100
54678
53100
67804
98484
57818
30106
104412
82684
206046
165968
62898
246058
143488
120100
90134
114234
489828
2968
317614
248528
39774
82992
72970
86712
108488
58248
52352
110606
209550
17484
45174
23040
12172
18848
6834
48322
24254
215350
218276
368428
99874
109206
315610
26962
126640
47240
34264
242058
70354
198120
14526
180168
41782
85296
283030
356
11444
454338
190528
9648
12116
144198
190264
123748
175124
198712
155032
31838
123832
178174
93738
814
123166
21880
45712
93056
92682
2616
166470
2
294420
306154
162
108078
54300
216498
119678
58208
435424
411254
135514
234382
47454
12956
142884
44632
72426
15692
222178
18758
63374
25262
230950
149674
18762
142
45082
209370
169568
182272
10310
1474
20550
10702
264
2068
3992
158114
9972
65540
45236
1950
282624
44892
14398
252988
2336
105836
94434
259108
316818
317480
65522
135412
226
1318
328378
67808
109218
18286
150724
202332
5684
121004
308
67426
5944
8706
187730
1330
278954
275946
1254
277644
164100
55766
522
14692
51694
20926
179630
32708
72934
8240
1210
208378
110436
12716
116374
249788
55890
132
35268
4376
46234
6460
230610
29774
129882
231952
346216
38340
10306
119758
26334
143328
8666
301058
126814
175538
219304
183686
203862
7206
101130
27986
156122
27870
94750
206924
16986
313608
5968
39822
392928
453312
2558
161830
422816
293886
42686
24978
232872
15590
1578
15818
117462
321528
814
52758
35950
65526
10204
384830
155564
99910
235972
127528
19188
7818
33684
90484
5128
2658
16172
47662
10780
25272
317668
3948
61564
81052
244764
101898
4356
4
26614
472856
244418
146148
4664
3542
34308
44516
141420
388346
417490
65292
69906
185288
332636
26114
240512
187090
59908
8020
128752
1508
950
250416
78
570
161764
143752
131730
10622
35754
312256
156268
10550
177822
24034
42704
24184
181508
30350
218498
362028
109752
42590
54600
146234
28712
130928
185622
96340
24020
26
49782
256014
2292
225058
231408
55040
528
570
6
208192
161048
21022
5984
436414
8
88188
256232
404418
219020
139566
32490
19620
31824
80906
124720
7610
33330
2738
6580
216790
118616
7078
63418
75432
109966
57554
129346
15912
11588
74726
5834
7206
223174
45516
45722
107298
14070
195184
552
48364
2752
113060
216484
245046
41862
67696
24368
172226
312104
196926
37678
148918
78700
315340
2002
28386
231970
132560
68092
78880
49172
107766
28528
65088
4
26912
822
102822
9730
126832
16386
8918
20390
319704
9416
10822
1528
29450
100062
44682
5912
4208
12048
254806
236182
62462
196496
107758
125742
144736
139356
30976
35918
35576
35344
6
35748
81136
65578
412072
97886
256876
18776
254980
26808
161490
142
143290
6802
248160
138200
78810
32
29482
204682
57928
21552
7152
47578
206326
119218
149396
143634
46640
275558
237134
78536
16432
180856
206086
280924
12792
53248
105044
165852
11008
3078
864
1512
4438
18066
144888
122148
39610
1946
2094
305486
195130
174620
90128
1818
51930
115898
374576
11090
108218
6728
97302
152580
182306
296134
246684
72516
132780
284932
80836
281664
170
148952
43758
69040
329506
149112
154000
11698
261058
70376
8280
12930
65994
9294
137604
42218
107602
217266
102
4418
256144
227076
189948
65254
85416
59278
251452
10094
33364
64972
261974
6916
296722
200144
62392
4134
129528
236646
153268
23394
5038
125812
2928
215868
24252
84068
272094
14352
9176
55072
106812
120428
82732
9568
13226
261652
72654
2550
97868
170108
144930
45112
5838
20194
285048
28908
188332
57728
68088
133878
40606
21510
25694
52566
93746
10398
81310
199894
130740
271680
4886
752
5208
1228
1160
231284
25288
118144
1306
177244
33308
45166
8640
73076
133890
27614
137750
97218
149212
1164
168748
14710
258498
338276
195118
24530
59146
121690
284
47744
15526
7138
118260
86834
223580
152730
90266
62004
107840
11824
52894
282
8420
240718
92408
2728
14786
204524
65866
3106
110790
40840
10172
229844
175716
272956
67702
58738
51698
111256
20032
65254
46610
29526
124
1648
18820
211908
314480
64994
117438
190646
173116
81438
219796
498
52952
197244
119474
229066
163874
332330
172332
34290
58236
201144
195918
76600
352990
176536
10616
4092
694
20970
45846
76356
92710
49768
232576
6574
89020
10720
236760
229648
368988
174872
155632
100
257598
258
23986
27574
866
354306
50188
34790
48232
16632
35750
1588
115470
59340
143214
143640
362966
269368
129398
3278
56784
18164
11710
179254
117594
175708
281646
116854
228548
69058
94918
782
158776
284926
9990
200536
92822
3694
678
159336
164542
4456
84298
102510
17420
396
46020
262818
203524
217924
202936
122940
318878
28464
280672
131928
90834
184142
191088
942
156596
64698
30654
25880
114340
4
32298
232678
130292
82648
247202
27694
163840
53380
47492
7868
219362
52852
57026
124258
51788
123792
45954
217748
259852
125414
96844
190954
15402
68032
15666
159122
211644
37578
220396
255878
18214
10
164934
69292
2114
53154
1962
28578
186802
132448
42688
225784
407926
21050
14246
4430
26
19118
180590
31014
16446
60954
85838
114598
130206
150812
85728
42812
10132
237364
10330
138696
8404
248842
213042
424580
5418
393262
95716
5640
67758
150922
5944
14432
158982
1884
44548
137382
118196
260182
100168
2564
179110
128972
215120
9196
286278
79208
19812
143410
3982
109302
232666
81008
40
8316
1466
330822
190304
60734
86764
130314
159948
65006
355716
182200
29306
25450
166786
46682
54290
69472
22914
184282
308066
438272
352
9228
436108
1454
4700
79344
68796
226904
12556
329434
196072
82636
419592
231452
388372
157484
21396
52916
2676
134580
137350
14
25178
129986
1460
74866
30838
40
86142
294984
341780
2446
195788
3646
205750
461778
8072
80652
213910
8
51200
243264
10372
129234
30028
22610
1300
154502
129566
4964
21548
5052
60350
13170
10892
2038
2186
35392
20444
6798
7478
100932
126646
55404
43466
56698
20636
26622
3788
113110
280686
228854
40214
28634
58542
11776
263116
4306
9362
37292
223502
156932
180952
69012
405782
277754
1674
15236
330134
16448
13602
120504
1338
171658
53464
179872
17756
7646
309840
109344
24950
126368
35076
83688
277422
43858
140120
253492
357268
351916
195590
119768
52588
231348
237948
249756
23006
129770
298514
242548
16330
194928
95202
192850
320506
33444
168166
9886
10112
212586
292010
1712
440828
112788
8366
170026
60372
14408
9828
1450
58684
46292
496
19630
33892
1050
251422
20164
570
11366
692
277146
33930
65962
19686
410484
1790
31044
256582
40236
126404
118462
31692
7504
89398
84474
148672
5064
20306
30300
12344
12896
185344
36344
296996
53620
1214
113184
215326
77196
2968
23234
10980
18358
420
111598
238514
84692
62216
165304
126924
31818
4606
6932
184960
518
608
49818
69602
4722
120552
1310
48936
209546
11712
156556
19498
24774
167492
112432
2100
13214
242350
371538
219114
11512
94754
19230
24872
217172
7956
75698
228126
422790
122612
192664
141186
100768
242834
74016
172102
165416
11856
301802
59008
21546
14940
78004
15818
70930
169560
8318
181850
350620
388398
27338
52684
33740
206552
196604
52534
7282
45450
107360
45820
5466
66
71328
110454
129816
190552
8858
48604
1422
23702
395890
44816
4564
108026
69534
70030
14166
26860
36118
5858
20956
13742
196126
48642
71568
57024
241082
142550
50432
258238
111914
1598
8
116570
70510
67488
55264
156812
85584
6
108118
3720
77426
38838
31402
4772
23462
2360
77014
32504
22774
274592
80658
190842
92474
204
210316
83364
18370
105984
65046
4506
12182
53764
29746
215472
80556
64204
87824
152
94018
4454
996
286422
166960
239366
52636
121800
4964
696
5234
11588
136098
9790
53946
24
14492
49494
163506
3048
31452
25968
126
7876
115774
218986
169124
293854
137020
668
214650
168016
11558
26894
85358
29930
166414
81006
54298
128420
365500
4118
796
26072
8486
36168
14448
26896
437126
158944
12674
166330
364
1470
108618
272646
88196
1548
198514
25710
5220
6626
34168
78596
286872
106936
43108
116186
10964
128726
179404
227814
156052
148098
66470
38846
185658
236952
7994
702
271828
121220
426330
132508
42126
10770
163722
14412
21356
468
298070
77068
41736
129094
1208
1066
58
233380
16114
224414
224008
75876
227588
89154
144178
216410
81682
142040
237170
43174
19608
258302
2578
88866
13368
86348
97526
109680
172478
70250
89798
186532
227264
68666
93296
45506
298966
101796
41108
176528
23880
228816
43568
35070
108016
40678
187954
14658
361932
163542
95450
113016
60588
166106
349392
10462
218
454
218376
10222
232980
106322
59360
233204
410880
270680
321902
2064
7594
378326
324
82
32
82
7196
252870
119486
10458
9756
19188
410260
307564
3428
43656
44956
45544
104830
140092
2846
26566
142990
68132
63470
29322
403512
131192
162016
10092
215090
81758
78190
183414
193694
2336
3068
239200
105714
62498
13600
65278
190
36056
277726
17130
198902
1072
52720
174300
84734
59344
205108
278
19042
8844
113702
35714
4272
56024
127024
30592
203440
82862
26654
52748
18
107134
76454
6720
214828
18338
60
245420
32058
5112
6780
57764
21434
133932
166102
172926
217714
4284
113716
96986
151760
10142
62976
179256
249354
3722
67466
232628
283018
241896
210318
483068
129028
100536
2984
119474
246
18268
195960
105310
197772
27588
21708
10452
105180
28
94280
13996
80174
2948
17574
102372
181834
37574
290426
207988
60458
54210
149284
38930
246734
6484
170622
88292
131430
7378
175198
11128
135412
169146
114170
38518
254896
338
1708
96602
318364
64482
262698
15618
88628
247366
63876
177040
112492
20810
151494
14566
45590
18476
166642
66052
207878
130364
243516
177732
88164
456
144370
95574
51984
170482
77406
19004
11778
14120
136860
79838
312170
3862
30942
134500
239622
33640
2242
53610
205498
3978
132900
456034
33080
268956
166606
116986
157372
22
49074
105110
34264
157520
132974
22486
79238
199374
37040
42126
410
26284
33516
6596
39514
215496
264720
252
34134
34292
87584
182152
624
1396
18132
145220
27938
14394
9468
275558
95138
43520
3674
108022
30
309392
239452
56666
7622
186844
237384
632
246
425262
7128
1372
339164
291612
95068
11378
226802
39464
82208
102038
52164
291612
195346
197256
30506
177388
337970
263280
17766
147392
253028
78
10964
97838
88130
131324
3108
5298
200726
59082
137408
93120
13804
127112
139808
826
261912
37712
13392
2690
261694
39986
168006
57832
33698
62128
44860
12196
57836
57356
35914
7218
245238
229330
93126
119900
248416
201256
7446
100096
328816
2590
79482
19026
53266
33280
76024
74862
117342
234434
5342
316
113864
97686
458958
9912
20130
18230
319320
339458
742
333958
63818
110130
2720
413396
108646
183464
64946
185894
28864
358734
96044
1078
122992
104362
216356
74262
19558
42300
196604
104808
6690
17350
34996
36490
58176
156458
37704
54642
3028
244832
174868
48876
300436
177600
838
38648
548
22828
258664
41092
19112
37960
173310
59442
21702
176966
36712
3154
91174
290872
231092
4570
162240
131670
285002
143406
6510
180952
123682
39220
16376
219514
295522
161306
180690
32760
38786
38002
44850
162030
212
193184
245122
147596
169106
323376
6684
9884
11054
109842
72870
30208
267178
324562
95976
53890
39082
227524
303808
57712
307026
230268
264526
16730
89038
103870
123830
139398
208004
200028
41630
209324
315848
24052
20236
131272
24218
1086
169460
170130
17328
224930
276670
20752
218
12400
79044
72200
10936
45454
18210
5192
370288
12936
303484
102900
44562
358000
970
78492
143764
33946
16476
6178
151462
41754
22
199522
70818
12878
42942
3588
27526
188038
23856
52510
213256
191092
72328
2000
218328
20688
97376
173480
411416
374068
2564
138916
646
33054
26238
81116
236456
222288
104848
67818
55574
71560
236852
6716
290378
8
17924
100694
105798
239636
1626
2184
6962
42900
8412
356168
3256
33704
34640
8234
43708
251420
23162
136376
83934
304226
27884
770
40162
48844
7480
394784
35654
8
45408
103836
139156
32964
0
30312
710
9960
5798
424
11114
368896
259352
38036
160510
121844
3822
63962
2514
55446
736
19460
14390
37326
45388
246402
101162
121640
304
130422
17842
175090
26574
40326
129126
101850
812
5222
62820
140002
186832
57434
246624
14898
192678
30
247478
8978
17852
121590
185388
95372
28978
924
5310
11958
7528
69126
411726
45578
5046
230708
303582
240604
966
3048
1876
28372
47264
120560
16586
284488
138282
9772
2574
45270
21028
15694
258956
17504
12598
57524
11606
314614
252416
23990
2634
1072
148946
19696
144492
243958
7484
25528
4842
144886
149474
6036
78604
52252
110750
16050
260360
209924
176896
36180
225098
590
15972
116450
108388
239712
1340
165288
81214
38338
3300
122
4914
104926
2428
64052
15016
2040
102084
10104
61818
160548
79456
301198
218606
258236
84268
75280
33232
574
14416
298354
10758
192948
13226
26836
5200
42774
165642
120454
161588
92292
754
80050
39826
14972
21408
216294
40922
218120
50594
121010
263914
68928
30664
34064
35004
6484
132532
440694
19828
83634
2994
136322
14
203238
37024
136766
1220
21142
71202
154312
22
118812
176
2
271474
157248
19408
178496
81130
400178
289106
20834
299610
5174
166102
334034
56996
266324
61152
1848
121010
145944
85396
60322
117054
3672
83968
368
1922
38654
136794
15944
23670
86930
16960
95528
13818
8122
240538
251568
0
1680
199388
1322
81040
280902
7904
15302
67566
106714
207360
78052
119106
3476
113548
148682
115094
241214
125760
405992
4
49122
194
45578
43642
30958
279092
31908
1580
8726
45816
5726
207680
9612
918
388888
175188
106040
148708
92208
115206
26654
145584
396492
54674
197842
28340
42822
15608
31204
176932
429354
187170
3400
100434
48296
142538
20418
42088
150180
136498
104068
135794
246140
220942
27634
4122
42066
38084
5196
7330
41882
40446
17502
53322
18042
462
159294
568
307556
25732
27868
73010
111718
18416
