82948
65428
52400
78212
96452
51796
51908
51768
74416
82520
58584
52136
62216
95084
51728
84160
73028
70224
63516
51748
60176
55976
61348
70984
52448
77964
71256
91972
54280
94080
55192
52480
61424
52588
66484
51876
89988
66692
55920
83504
75096
74280
53152
52652
63416
84488
57856
55584
57464
80332
57228
95484
69260
69500
73604
81424
62016
65656
52416
58676
55080
54800
70732
54912
51728
53820
64016
66496
85308
52036
101584
52440
77028
75368
72344
87816
80488
86148
81988
73472
51800
52028
84228
58264
51796
51728
60508
68784
65120
69520
63220
51828
69000
62188
98144
53268
59500
64568
75776
54436
57864
61264
96828
52256
51800
51880
75432
78828
98520
95344
89460
82048
54216
86976
58916
80176
90336
72208
53188
55528
58996
51756
52076
68616
91848
87144
54168
51728
54228
51856
51792
99664
100048
52100
56880
61432
65116
53228
64416
52040
59756
58828
52852
67536
61144
71372
85668
57784
92016
70048
77408
53724
51840
60256
92688
51756
52916
72812
51956
54968
62356
51792
51844
82788
76732
90000
59668
51768
61520
90884
52304
52004
51752
64108
55436
59248
70476
51968
76296
82360
54360
75504
52160
72888
78396
89108
53412
51972
54124
51728
57012
92532
58504
94260
90840
75912
90164
53688
81668
66372
53928
52112
73208
56256
57080
63748
52220
89832
59420
94800
84868
103332
59164
51888
51808
65784
53628
61716
51864
62608
73588
78976
75288
92344
54852
52860
102744
99472
51940
51848
65884
52200
79432
61516
51732
57512
68668
100624
51728
51812
83108
61012
85636
96264
57648
80228
52692
88404
61916
52464
54956
98708
88580
54592
71120
92184
53256
56112
70988
95284
55416
70100
52148
53772
82308
60088
53976
56048
53968
84324
96080
53308
70348
58836
54904
79864
69620
52368
69860
52292
71756
79252
62104
53068
93028
77684
63660
52392
68488
98332
91064
71500
80548
79280
62272
77000
73340
62716
51744
51852
91424
63836
67364
55808
56752
102160
53148
66128
90704
63484
60092
89496
69256
81028
73168
99088
101008
68088
52664
54312
80644
72680
66588
87352
73076
51956
83588
74960
72548
61768
59252
83012
86664
58664
65016
51988
66008
52176
78252
62868
62316
64816
63396
51788
83668
58024
81892
54540
59416
87312
60344
51892
57716
77768
59672
93684
51736
95528
59336
87180
52924
93296
87648
91604
59084
74288
56816
56720
80956
85188
74688
70444
57944
93104
51740
54808
53880
55304
51836
51728
53032
53484
61180
65212
69128
59836
86808
68108
53868
65396
104116
54652
82684
72152
52608
57624
68204
60760
59920
52328
78952
74008
52272
83832
83176
69380
86836
78804
57448
84652
53332
103528
61936
52832
52124
52320
56660
67116
66744
69020
53676
56144
82148
54120
54072
52128
70312
79708
55112
53544
54384
78508
97392
76440
95160
62780
56688
52716
57580
81580
60516
52516
52524
51728
77176
89812
59168
88756
73448
70180
85828
79100
65540
51804
86472
81736
79908
89284
54176
60592
53028
52316
78108
53456
52152
51820
57152
64216
72616
72480
100816
55556
53396
77136
67212
83908
51740
70604
62816
67752
77916
86492
76008
59332
52620
51924
51728
52376
71800
60428
80388
94684
80868
52684
53088
84548
55164
75864
52208
61600
65304
71116
88992
51728
54456
51820
76456
57384
51992
52944
92720
51784
70576
67240
59504
51760
52196
91344
90168
90672
51868
57080
51832
86640
52184
51876
90524
94620
74428
77824
93548
57020
88228
93724
93200
75000
53640
76048
56560
60780
52388
73872
80068
66248
64200
64292
66384
51728
54504
88824
74552
81112
56088
66184
57704
81348
58368
84068
54704
65588
55984
92156
87008
76880
51772
51788
63924
59080
59924
78064
59588
53372
57384
60692
71664
51728
72416
96640
81188
51776
93900
54644
63116
56240
85976
80020
94980
51760
93884
52248
52004
53184
55216
61328
61616
51864
77272
51828
52172
55696
84980
64844
56480
74712
58344
66284
66900
52020
68744
60604
56424
92352
52972
55676
74568
54408
69652
84708
73308
59000
52296
53592
85348
78656
53736
94484
101200
64616
52464
61816
81508
51780
91008
55248
64660
52748
52996
70848
67644
75640
79128
91512
57140
55024
68900
54264
97580
87700
59584
56900
88656
60172
56312
85804
51764
72020
52492
83340
52780
86308
72944
51944
54600
63216
58104
60960
82848
68872
92856
52556
78360
53108
54552
74824
71244
52052
56368
54488
83268
55736
94884
64116
65772
58424
84388
51728
61852
83428
57320
103136
58444
91176
95896
58216
53440
65984
57784
54024
52636
55496
64516
76152
53580
65216
88320
51728
57544
87876
73868
85144
97768
65888
51744
62524
94440
52344
55268
62956
51728
75232
55856
52244
62916
68360
51852
55136
58912
64716
85028
93372
88152
62616
64916
85988
60868
95684
56780
69388
53120
68232
75720
52352
69916
51728
56944
52720
51752
58520
65492
83748
53916
72752
59752
52064
56540
77620
51728
80708
76320
57200
79556
52776
100240
55060
68320
53292
51780
60008
76592
79748
52016
51776
51728
60340
58756
51772
56176
55616
56368
84816
87480
78684
64936
89664
52960
64384
58596
54020
56304
102352
55640
56600
69784
56496
95712
61236
58744
66620
87984
71392
54748
55796
53352
53000
52104
58072
64476
77472
78540
51728
73736
75144
54072
77324
99280
54332
94084
52280
52816
88932
54696
51872
90504
65320
53832
70712
74144
51804
86320
67860
63716
101392
67108
51908
71936
93488
82204
63916
97204
72072
55360
92912
52748
55380
73728
67612
74148
76584
65684
56624
56032
52580
65028
76864
79404
62416
67004
101776
61096
51736
51764
59840
52340
56432
76728
56200
51732
53500
54860
67976
66796
74008
51748
63308
51816
64016
75576
51884
53784
86148
97016
53532
77544
67864
79588
71888
55472
55920
67428
57304
63044
56960
60676
69140
80800
52432
52056
97956
72284
60844
70860
60260
102548
103724
88052
85508
102940
62440
103920
55864
63316
101968
51932
51824
60424
69740
51896
52364
88488
52416
51812
51980
67736
58144
51728
61684
52496
51920
99856
51840
66868
89160
64316
62020
67488
81268
63572
82628
54756
66992
58000
60004
62116
91788
81828
52232
52536
57928
60928
89328
85472
57260
67320
91680
100432
52804
52556
53220
62516
51728
91244
87524
52224
68552
55324
56840
90344
52088
92520
66084
52888
89636
83996
94284
51784
68436
52268
76184
53056
58292
74856
82468
51860
71528
62692
71628
69980
64752
55752
61052
55008
58184
63616
98896
52888
52080
63132
63816
67984
63016
