503960
517112
979220
788040
531500
733244
501860
635720
956012
855324
510512
532512
502380
649604
536180
591164
680600
656240
989060
517484
516380
981180
542924
567344
500420
771584
512640
957924
902304
606260
697820
505100
860400
556112
608112
545300
741512
608112
546512
562304
550880
542924
524420
832112
553464
977264
708012
734612
726464
677012
537812
501984
506844
596360
516020
585284
517484
755612
776024
513284
657360
533540
851960
907704
507812
791084
846944
827240
500612
937112
680600
507564
663020
925964
503444
879320
717140
911324
729164
504140
504704
782000
508580
967544
843620
681804
872384
889844
500040
904100
997004
564440
811260
506844
817604
500084
521012
575660
959840
555444
504140
969480
634680
838664
840312
991040
625500
952200
648512
548360
659612
652904
521840
503960
512012
837020
961760
582012
502964
697820
558824
552812
891612
522684
681804
935244
950300
835380
606260
560900
531000
971420
503444
508064
727812
685440
691580
650700
709304
814424
587780
597240
754184
559512
905900
576440
734612
502520
521012
661880
695312
809684
946512
536180
722444
502380
803420
558824
909512
851960
500180
580400
500112
592020
519404
740124
967544
816012
548984
568820
896940
647424
779004
596360
525764
888080
918612
578012
571820
714512
757044
730520
511400
655124
673460
791084
592020
675824
627512
533024
593744
840312
587780
916784
644184
927812
513944
828860
553464
690344
500000
554120
701612
592880
827240
661880
565160
622512
563724
862100
868940
610920
655124
689112
922280
506384
509940
725120
786524
568820
749924
500840
954104
730520
520604
503612
584460
574112
618584
965612
582824
942740
549612
544700
500364
516744
544700
657360
865512
933380
640980
565884
506612
740124
809684
513612
768644
702884
572580
715824
891612
527612
735984
613764
663020
527144
578804
822404
638864
782000
785012
501104
508844
589464
691580
545904
896940
515664
529040
563012
502664
946512
726464
737360
522260
618584
511100
540612
944624
886320
532004
672284
531000
582012
554120
500544
797220
541184
579600
690344
509660
765720
523980
586944
541760
557460
918612
989060
824012
510224
777512
528084
526220
501012
874112
714512
795680
514280
529040
846944
577224
913140
632612
643112
508580
556784
850284
686660
719784
619560
678204
857012
506612
983144
642044
594612
572580
744300
652904
636764
667620
637812
905900
664164
669944
785012
584460
633644
503784
598124
646340
609980
800312
501624
749924
995012
571064
547740
593744
589464
888080
628524
648512
674640
759920
500220
514620
602604
699080
902304
500060
879320
509112
706724
555444
514620
999000
795680
501200
752760
701612
825624
742904
692820
835380
783504
613764
853640
546512
500012
516020
677012
565884
767180
768644
532512
671112
620540
551520
512324
758480
673460
800312
808112
537812
666464
773060
530012
502812
500084
745700
770112
573344
500760
629540
924120
857012
771584
855324
548360
927812
733244
525312
516744
631584
843620
522260
961760
558140
521424
671112
738740
767180
622512
617612
997004
811260
513284
580400
549612
605340
528084
665312
533540
647424
528560
541760
884564
687884
535112
773060
660744
838664
552164
509112
667620
543512
570312
500004
909512
956012
599904
540044
616644
500684
535644
721112
599904
900512
718460
780500
524864
505724
759920
952200
867224
502112
637812
711900
615680
542340
581204
539480
500024
612812
911324
929664
540044
500144
612812
660744
820800
500220
500000
755612
519012
625500
578012
786524
500264
586112
975312
893384
623504
765720
973364
547124
875844
519800
576440
867224
798764
569564
534060
631584
520200
516380
530012
898724
812840
700344
940860
519012
560900
877580
518624
654012
957924
542340
503612
649604
519404
723780
848612
535112
523980
801864
824012
501404
509940
895160
702884
621524
609980
509384
841964
985112
858704
599012
616644
916784
685440
944624
754184
729164
748512
983144
538364
886320
548984
500364
850284
993024
578804
942740
991040
718460
509384
508844
654012
559512
505724
853640
828860
500264
503784
623504
925964
651800
523112
561600
594612
604424
500612
514280
592880
534584
704160
536720
630560
507320
694064
737360
550880
801864
696564
536720
938984
501740
931520
751340
513612
627512
511704
658484
745700
556112
524864
511100
547124
914960
501740
710600
683012
534584
544104
870660
510512
537264
515312
601700
684224
585284
981180
501512
502244
501012
747104
561600
858704
500760
635720
500480
609044
574884
575660
600800
741512
583640
679400
764264
501624
938984
672284
518240
874112
512324
581204
632612
583640
666464
819200
590312
895160
804980
762812
558140
571820
502812
757044
503280
780500
646340
965612
586944
789560
644184
877580
948404
521840
508064
744300
634680
538920
605340
920444
557460
500684
554780
562304
504324
774540
604424
779004
987084
550244
614720
505304
624500
533024
776024
686660
500312
722444
713204
588620
543512
556784
521424
507564
819200
564440
500840
545300
563012
534060
774540
511400
742904
777512
922280
609044
747104
526680
789560
792612
881064
529524
571064
770112
668780
626504
595484
620540
761364
820800
931520
985112
833744
650700
848612
512012
501984
882812
529524
505512
950300
935244
501512
797220
860400
882812
599012
870660
512960
569564
638864
656240
530504
694064
517112
566612
717140
504512
500420
674640
512960
500024
881064
586112
530504
504512
651800
825624
630560
907704
841964
721112
611864
639920
695312
527144
963684
727812
893384
863804
889844
900512
568080
505304
898724
508320
507080
510804
708012
597240
515312
636764
523544
904100
640980
979220
868940
812840
830484
518624
675824
540612
683012
523544
603512
658484
624500
913140
687884
684224
579600
715824
629540
519800
527612
525764
993024
503280
544104
709304
554780
933380
500924
545904
748512
552164
692820
518240
563724
522684
526220
500012
678204
506160
817604
541184
633644
664164
706724
865512
550244
758480
520200
761364
705440
719784
601700
607184
731880
573344
507812
528560
537264
738740
832112
502520
937112
502244
626504
628524
507320
500544
505512
582824
863804
987084
929664
500480
514964
505940
535644
505940
617612
999000
752760
619560
668780
523112
508320
500144
588620
506384
539480
500924
504704
515664
783504
969480
500060
500040
723780
794144
525312
959840
500312
509660
517860
517860
567344
920444
794144
500112
731880
679400
591164
705440
645260
704160
659612
603512
940860
762812
568080
963684
639920
501300
615680
512640
503120
822404
502964
914960
977264
524420
837020
505100
995012
872384
602604
798764
502664
504900
595484
577224
833744
788040
830484
532004
699080
884564
975312
804980
510804
506160
501860
806544
565160
669944
520604
665312
510224
614720
538364
570312
710600
560204
566612
700344
507080
501300
531500
552812
611864
501200
814424
792612
735984
696564
590312
973364
845280
924120
551520
954104
806544
845280
502112
642044
503120
547740
948404
862100
538920
501404
526680
504324
607184
713204
560204
610920
501104
500180
689112
600800
574112
500004
621524
971420
513944
875844
643112
816012
808112
514964
598124
764264
803420
504900
725120
711900
751340
574884
645260
511704
