2422
5146
190596
212566
2540
376
34476
39366
41032
283576
93592
106902
139730
7892
43752
283870
30836
119004
22034
66512
75114
69640
4118
43550
39074
114590
31028
24340
7278
128702
362708
224760
90184
400
81370
10504
2848
252706
17334
85988
235360
103476
121748
236460
318314
147284
9652
273454
92492
355600
105932
462
15568
33592
47220
25060
33430
39638
12878
9494
145372
172888
187452
314506
36
2
121130
19160
99596
134312
11572
65234
788
163758
6
24554
277950
74106
135828
46966
69624
193326
51506
862
110336
68942
328472
138244
120032
90322
184978
670
39394
31418
58390
12036
528
65890
18732
168816
170268
335666
199266
61068
14572
114
149232
180490
283860
274574
280724
28122
73252
11998
107274
35426
73584
106456
149626
48
44370
305682
94
85858
21072
14794
21098
107598
204526
74624
252100
184848
226020
7716
70310
31882
235920
9728
10220
260560
7272
207882
59026
208974
402270
200380
121254
32794
3510
35758
485980
107404
460
171876
187548
95540
18
86926
106088
27162
114922
22318
299854
175470
14272
85976
193222
33514
236492
105860
315070
206602
342036
27532
103304
74930
156334
3326
35610
92638
68756
22024
190828
60
136376
227818
1344
18
55072
201014
2494
53902
54366
19998
13570
94568
58184
6252
63554
27428
4354
146520
33736
181882
19314
352852
3064
162094
200708
89492
3108
118686
52288
24474
13622
7430
15804
25128
86656
11766
226308
28714
246544
14500
21554
313088
9496
58354
192326
30672
186330
67820
150832
19310
201982
205992
40818
280140
441672
131856
129344
147090
19786
53762
224164
10694
217830
340532
108188
57142
43972
32632
150210
17972
18458
44530
202348
132792
141430
350612
63932
205534
8936
204108
211916
70458
77478
92886
86582
24254
21446
126094
15230
7204
203250
60506
193438
27444
196
45100
95432
141388
148912
32118
1230
163232
4566
141670
232534
168296
13674
249522
273010
12106
89952
9140
47084
251122
7578
127998
4468
257490
211748
48368
22604
171702
12
76290
258670
26438
4232
186858
114490
299162
109648
54924
1096
355332
5688
48748
194858
24834
383698
15524
66828
23668
213962
1348
25922
204278
91576
67158
57912
13270
251190
18786
868
75598
78
107518
81586
18888
108984
243520
282538
193828
283064
105050
218148
170494
68252
131972
270638
22288
2746
44618
44106
252254
60488
53784
259452
439056
16150
8880
1644
387820
138
47158
136846
15460
46598
62090
249146
143558
172968
54634
52684
1520
9182
49732
257362
85120
9112
255124
1188
238360
131404
186240
141314
59146
3168
257914
21686
15002
15644
56
271140
116446
49670
251958
24758
115422
188630
341234
86906
1936
185624
190076
33094
40434
211026
19476
442
14354
68978
90876
195102
123702
21602
26270
98034
99702
16170
8036
39326
110016
27174
212486
202292
19332
273760
95668
76188
208894
10
64
359574
212284
239764
33314
284746
16676
42288
7134
55668
31348
202354
4564
3474
9494
180874
178012
212424
282700
5936
50222
299242
278604
177010
18388
32322
3064
219298
127772
133360
2372
70622
684
2148
191470
125470
3164
532
248630
42
878
38084
219756
12630
52914
93456
3786
13462
233304
3704
189500
335646
5930
167572
11338
62750
92742
261654
133962
62
49166
9878
265946
76782
70884
335030
368
11240
114866
5796
85306
95500
84566
102048
94538
126106
17302
3240
419730
206268
2306
336340
32810
368234
34518
92972
12224
38920
48124
6600
247956
10830
20444
160074
220412
67144
119666
82218
305742
242258
408014
544
64686
95916
5932
61344
420
76248
155942
232606
174446
2012
53520
246116
133862
164276
2054
9830
235258
85240
39916
236146
134874
90274
78
42510
55924
32380
946
102948
198912
10388
4500
80840
52792
408180
53620
12678
14866
15386
31570
82982
74290
88948
3902
2844
155716
108464
37562
179084
204118
85846
241520
38562
14858
71270
244
104096
178682
53312
40254
62368
46524
8498
26374
136004
311454
90620
3450
20998
346388
343858
155916
133728
292
702
68384
50208
62614
27828
89230
862
6842
4998
46884
92098
43042
85166
44738
153606
248156
179374
196652
177882
125632
318484
10338
187768
27558
4048
80156
147068
61946
227268
175956
71714
72100
104918
3598
39174
1148
184924
72286
229474
51984
34852
3170
1288
114676
450
26
1106
170488
28478
7380
260610
156600
56370
88252
55990
237400
71714
223040
16946
1408
2044
179472
47342
36482
84914
174976
7138
3006
406782
338280
124764
139730
32400
89756
202986
15420
25818
237108
215376
45948
84486
148194
155562
200906
45240
77130
128354
150494
68100
2630
163164
14456
44030
2150
8376
17148
206882
341014
280568
132
8642
241616
167776
72408
274882
26544
36
121432
16508
3516
271112
119860
450
233588
211772
3742
35858
41964
5528
42636
10594
225924
47754
84666
360780
23924
206182
12402
10106
95650
15790
61852
56924
96186
159734
32246
9860
41960
162992
243804
30596
1080
149292
176062
110346
32708
35472
308918
162974
135772
5140
153874
508
76002
171534
31986
25964
143556
13002
79948
24988
44824
231670
131968
348706
289094
20958
81294
54962
95036
25794
7192
19008
289238
163912
17664
5806
142998
347672
16940
5756
78468
14264
249010
59350
266884
1910
327680
115110
237602
21182
357656
42670
179434
30156
32252
286914
152082
91972
123094
281040
114928
5086
189788
205046
32394
30674
183296
195886
34094
88238
294750
3268
180914
70876
202228
78696
159366
994
343750
6904
3480
147770
139630
165476
200464
6526
22224
55396
19042
197932
8540
89290
24742
108
108212
195142
126
4886
355042
61690
36400
58922
162566
20480
488
800
85016
79142
88256
13270
177006
246512
12584
98680
1120
243288
82700
57494
113404
89498
72832
15944
1446
152364
49702
123692
100502
134836
282272
4036
45946
69654
73594
4414
54214
7540
148760
70862
22326
28
214720
126646
12168
37872
12276
122942
242918
97162
10470
74468
145618
94924
193130
20330
250932
132000
28494
219372
29076
8470
258896
208060
40126
92766
4904
35370
4730
72608
92940
86222
40
243582
315110
96958
8380
1838
10900
94874
250164
79768
1140
666
349540
27846
191920
125714
93580
25116
145222
45708
283030
28192
4684
95386
16238
18
29622
3074
193570
115952
214
67426
25844
14554
99106
180376
373276
15182
72032
33526
13466
26826
266756
482
489704
171318
42298
150
255746
231538
167428
140316
166472
170720
243290
71050
98546
409192
21388
35364
2370
205298
9626
209114
71648
16776
101128
5736
194582
15546
18164
3624
219078
261568
48674
1256
170826
156924
153846
166910
22
6764
17902
16360
196268
210628
13722
350270
45028
185650
45838
110428
184
66698
6690
8740
225336
210130
41088
120538
101270
233188
2852
118258
168090
121636
11642
3920
88432
253074
12666
73406
99418
167066
4914
8348
14850
59268
58406
140524
89642
2158
17838
136284
254388
1614
181032
240714
232714
120
99834
15324
408460
38622
1210
77766
282168
117424
35146
3634
164792
31452
19824
11250
17650
3814
44258
46340
91770
219950
133996
30582
654
3382
190984
249742
48942
158916
430
132528
3144
15788
1134
104
163400
240
174196
27122
12888
10666
149158
59418
70570
118724
57764
162868
134206
30266
23716
104270
219674
7988
25022
137622
23644
108572
84380
66156
175778
42882
120030
150746
48254
6886
1570
136254
25910
26312
194588
636
76922
468
452
31784
1366
50196
158458
191208
16456
183848
188780
46386
37522
48796
57294
134648
128878
8332
142594
36660
292992
164096
13546
90662
4258
96150
8630
8632
28538
337158
11332
7812
96238
79708
125198
34026
225284
47514
38426
78792
3688
73666
236
60676
36030
68564
28698
79320
165402
14788
30684
315084
64688
234180
371178
235842
154114
14452
190738
146478
401836
6
321700
44536
3584
473246
344
336
275496
1186
313896
172374
383958
253442
74200
2184
428834
21132
51036
200386
80506
183614
6118
83352
160812
10978
310640
262690
132450
310914
5220
49134
3082
88518
166136
58
176912
129678
75390
94
129784
4692
64168
153166
148154
248
26796
306814
908
18166
4900
16874
15844
10218
31360
15630
160452
244112
31630
141484
6778
133986
77516
75668
62670
234396
21454
84358
25226
26166
114
114096
29410
20530
7348
103260
122412
640
22454
66400
44538
128744
134140
271684
17428
79496
18138
18082
31620
56906
370952
95280
143282
48978
47958
8518
143924
10398
277546
68272
54784
948
4282
80282
2936
75052
86
125378
197958
211698
1510
186318
8948
205732
115452
202548
182472
103970
110382
102
127732
108
114540
59170
162422
80428
113174
776
54828
18
310
1174
15868
71784
37610
27792
301106
251372
49442
618
110010
203070
159884
237804
7276
616
75894
21648
87250
205262
47628
217806
1084
19758
1238
208896
102904
176590
187862
1410
70746
71970
343854
34818
968
221000
11146
642
22006
102110
42496
24
91482
379022
188254
425618
2342
167402
58474
178224
11214
105038
169402
61096
230182
135970
5964
152950
13130
18888
13526
259748
239934
166034
274502
21930
277048
25428
260238
15734
6032
17126
50420
38994
136868
136756
5582
3546
219300
85796
205924
2220
353212
190046
36754
9698
1866
90
942
206066
56326
74850
139980
36564
31168
8596
266
258748
20
89574
4722
1540
5328
4230
66640
36466
138544
83144
48846
131934
32390
13856
178394
48376
32210
6344
81994
13752
47910
7796
0
75030
76108
450038
219034
63140
100
59388
93872
22774
349046
88026
29610
119400
29276
524
32798
107106
3250
14064
143150
178404
38254
163562
126110
994
148598
36726
126546
2088
86
52062
121776
87728
61022
38932
372778
197686
181778
24670
371256
113504
23918
54
317668
407028
89516
13720
72552
67586
221682
209554
94538
229536
39096
6118
64748
14836
72070
44890
160420
130944
13396
43844
6104
960
6144
6956
166
98360
69194
332
88390
9956
58458
98594
93780
31402
168320
95452
45870
90974
15258
55800
21564
15240
146150
240846
107722
25814
36452
266174
103052
243190
10448
75504
77648
50540
33626
37820
13610
97864
73590
1656
123178
109400
79398
252980
173030
239474
252
200424
159122
7242
2330
14622
348
103296
5042
44370
18468
25084
88852
197148
79240
78266
199684
260104
319066
66340
177380
190352
100
35720
92978
32886
20540
188916
326
37108
148596
137652
30708
172780
186108
122092
1750
124836
72700
190476
59056
199452
122098
79692
2202
95850
42
36120
221712
86052
2624
46258
177618
380706
0
294044
28980
109312
96166
184088
92594
124582
136370
10782
217202
160932
140766
144976
233426
64852
141252
3764
1214
1364
3428
287112
147212
204234
69236
966
8522
118370
52688
4230
2518
482
73772
227316
15094
83408
59952
143704
31936
52202
17360
1324
9788
197392
42948
94248
23814
167558
55746
68160
77364
54156
147322
29654
95134
41756
20538
29766
27204
938
7928
132608
40116
95758
450
418832
9190
270140
87136
10942
215392
50836
12552
9740
15228
111036
468602
3286
258000
87658
7130
33108
30702
217202
48342
59244
194060
9580
98564
9706
76494
20182
256338
113110
7750
125216
266696
144320
61676
4150
167508
96694
41466
37320
9316
34330
245920
400112
16314
100054
51626
107092
139152
33870
1510
37914
26
15030
177258
31656
82776
3282
68344
197054
389846
340942
48278
18800
39992
225320
136708
4440
135052
100330
313062
137986
51590
20224
1522
118288
213032
399366
224772
186890
151932
154
9380
212274
104596
50212
57102
2840
59528
686
116448
72024
213422
243480
432998
42378
326612
6620
151736
744
191514
5572
337258
40212
27794
89498
0
270290
53822
154
46908
47786
53268
43550
1308
14306
139796
195020
80440
376850
11724
3702
365278
56
18918
100956
157156
1388
173454
308430
141822
162520
480
40846
124144
154108
63144
12554
137604
15874
51768
110166
57130
3924
112876
13770
69806
220974
274774
196942
143282
210728
113290
228456
5896
128006
360272
131670
22280
226766
7786
201054
84908
11318
224870
248052
99584
87492
229222
17350
1184
13614
8126
128418
23828
297672
361940
98370
620
48094
191708
163006
59052
265172
149000
6786
51924
191408
119010
64986
226020
73480
55180
199534
214786
108210
8678
12380
241844
35480
86840
57168
158094
30680
28730
151104
219678
62332
115732
73486
42002
18
24332
297906
54680
354498
89664
22942
3246
224514
13832
257370
121548
4774
218878
61574
35780
103176
76282
4892
170242
40254
144204
82458
81992
176488
11734
12794
21292
20840
22526
83672
349916
223182
36288
2316
26536
100844
121846
37592
84428
1348
1424
55036
16956
57098
341230
4284
6874
90926
7858
222784
109648
9604
296700
6740
2026
4518
15916
113866
236378
50444
14340
126232
238946
95494
69842
83696
257234
166976
87908
117536
15826
7704
73866
104056
44
136950
39146
13716
63440
102716
66808
272
5400
7504
301324
37038
235760
55556
135526
1144
50670
126746
381658
4956
3230
4706
69152
8422
14336
254224
18404
354638
85934
41340
92102
97778
8
1410
147288
2074
5558
88536
107584
176962
296674
22142
4982
14910
86496
12080
134170
64762
47320
112
594
61490
31038
168076
184068
9420
66116
1612
69264
6208
68936
33798
207882
86164
24572
229162
169564
14164
229786
139340
357752
132482
104960
9684
105388
82346
2088
42686
48384
100674
38454
1124
21068
7708
25890
45782
257500
181782
302384
122408
9374
22178
6826
172076
205418
66756
117198
75496
115416
57274
33224
86044
6860
12
100310
53646
31614
311942
8804
16718
288456
9450
39520
15574
217538
33040
141092
129386
4234
303810
15458
334304
60046
14376
48276
33238
366
57380
227098
22722
86
114204
1738
83642
169464
213054
243714
11314
26
267014
6226
60966
63728
26700
346358
3936
88010
95182
146510
44096
1312
171332
21386
2370
174370
80
31178
96828
332842
1458
18566
1090
34214
188026
86086
29044
235098
17136
6302
155320
171162
223442
179066
7654
11214
61558
8174
21100
40846
300016
64466
9518
241026
47244
10402
13786
32
256
9322
291010
18574
308890
287074
327294
90444
2572
142584
16830
99304
320380
194636
47004
56472
22368
85568
12304
34802
50568
9300
1496
127830
29312
4966
9330
84
17718
43860
19202
173518
80598
148830
119456
472752
1446
188378
3330
3668
394792
300684
39804
208760
14290
216424
361324
159332
3648
1802
171208
413848
41862
187262
168450
7818
9668
22594
11722
192596
142276
84430
60
239372
12434
1782
165154
185686
62264
118264
147866
330332
98782
101896
363700
164830
221336
168776
14150
4926
17740
358310
124678
181994
3464
261270
66438
37322
6720
158114
218088
177490
216
23098
9148
66264
91518
378034
12554
232986
39288
100512
2190
51848
292020
173820
88646
574
98276
261460
17342
3400
42610
8572
39684
240538
43422
2640
63108
277602
80
107214
132236
120118
15650
131784
95814
34380
4842
87708
29096
190932
87516
107676
32924
23610
520
46842
149296
89466
77544
261040
502468
13998
267104
43304
53166
81586
191122
67096
19364
170
78788
181526
76190
168024
106312
80222
13306
94362
2810
506
31986
59120
72948
46210
70
121916
8142
254338
17422
84514
3386
1972
3100
2354
30778
77964
25830
42894
29980
147906
200780
241386
32018
142868
121062
46426
460
59872
212
94214
283032
5858
93440
48276
84990
243558
429120
97420
1568
139080
22354
79564
4066
94718
670
191046
22134
98886
972
167902
81888
34164
57628
12882
109454
149046
50510
272306
230326
15382
111622
1294
3644
239106
14222
116044
81288
1544
670
3918
264160
7466
103134
12242
100584
113448
410256
90296
18368
233248
32260
390020
44018
4186
7806
182010
4024
86906
93304
180950
135320
96582
41634
526
203948
252520
269798
21220
106872
4904
247114
108976
248556
12270
298560
17580
56066
17924
28058
9266
81290
263418
318058
62776
148630
48370
142662
23682
120872
426
41832
157772
83812
330094
291622
165068
55738
18728
252014
233640
301466
57100
8710
31418
23574
302022
261918
207624
458918
74590
32864
62
166152
122518
187348
43958
12868
36662
61198
20334
8806
96006
42418
144
2118
77254
9604
211386
19614
86302
56532
3692
32130
25760
258530
192054
393026
52296
243832
5028
33150
194342
153202
78228
19956
43568
25036
405258
41832
286084
17236
10504
74816
134308
54848
12168
121378
198
239028
264416
8218
51614
185306
75848
412430
217776
6
123628
105512
76280
41598
211590
39160
153936
365306
124332
5618
7482
230486
4316
143182
119802
235138
364752
150
8926
52966
10676
148404
55732
297762
175810
304882
0
5138
72158
28986
222444
276256
13736
156492
84646
46916
123956
127858
1374
163548
6686
37958
153150
289102
76112
161058
129628
185532
25760
55644
69174
368428
27176
14814
146784
73122
8014
293894
287836
117074
87332
49742
44226
174984
123720
31122
26554
66600
4126
66290
11056
144900
75122
17430
116304
13762
81022
78894
399484
324
199580
336
6874
126042
6212
213248
12258
59256
239388
182562
162900
128872
6726
14826
112346
235692
46954
24096
124766
52232
63858
134632
9730
189202
1108
16992
122678
49472
363864
23126
61576
1392
212454
253350
462
40994
381386
22906
216424
200820
10814
79588
196324
187876
48
68
159318
261562
36222
2818
109236
99666
12802
28788
92694
294
86614
42744
10450
2994
21044
178768
17766
52
56712
14236
43308
155304
107090
60016
55090
102860
34628
212188
59050
7456
56312
2706
197022
240
2286
2120
106784
92628
5556
331982
234200
45726
189874
2242
308826
2332
304718
3004
92160
29414
732
56660
11030
423456
26078
232600
40780
49094
139232
307652
948
37824
302594
21594
5882
54806
3304
74030
419688
25758
37146
153496
263022
21642
1336
18882
177342
216070
39086
16876
99986
65998
17756
238600
96052
191028
196452
11780
251198
52692
410
110142
7936
119944
151206
194886
1036
1042
122080
7876
210244
38746
4766
5204
33444
11542
289850
18530
380562
328878
258182
86714
386506
13006
29766
147442
7634
231502
18606
219976
181584
39272
236252
39062
124052
193320
113462
10886
17326
128304
253046
1188
388
760
76
273736
141124
884
37484
158042
610
207358
46168
147754
16876
82406
140974
89058
20152
44
27634
208754
24102
17778
168598
16026
29644
20
3340
10814
202496
165070
3888
218334
23544
54042
22510
140668
29588
177692
238354
295852
92616
199850
194084
423096
49762
29188
52446
75840
261112
125746
21374
16
241470
162582
2546
128550
6712
242362
206948
221156
234
1590
28698
480
389962
223294
14590
19834
150
304994
214488
56
354640
54866
21056
62620
72422
104848
109892
257318
11296
302908
163800
261810
17978
272090
16942
126194
0
49226
154270
20202
83292
297396
26124
61384
124776
347032
164898
10916
229310
37526
36076
100
97680
23806
16834
86560
69534
126386
379074
46
97748
214044
114
300684
232030
104716
110936
15858
234726
36970
102372
18272
96404
96
11944
82526
31432
2218
1778
78252
225130
62232
2754
79602
96
30024
215096
22000
143768
1228
12728
108008
46970
265222
36136
6936
8230
508
4894
241032
439232
348028
124058
99088
1164
302216
171336
106622
304142
195954
221554
307946
39672
44584
295082
270930
1860
106286
159290
225410
11048
257482
116444
10830
20258
311380
196050
9440
217912
4
10274
53154
293648
2658
55002
120030
159332
9202
28146
35892
127468
325582
306584
108340
8184
196424
13862
285944
128812
310218
88714
1266
176232
188402
59648
256482
6
180782
169782
144620
15676
74692
235650
17310
870
374200
9208
72738
14
90712
142456
94974
100606
0
206516
8366
66744
15166
4062
50940
103080
116944
113126
41236
133640
222108
8756
299566
70828
67212
2706
167812
195364
278490
146382
98208
213086
3048
217512
28404
9094
122080
83380
38426
68956
216382
86438
130
3416
21766
39698
293220
291536
28910
1584
80894
152678
4156
194338
63464
185088
187676
4632
129018
18
68100
147872
167304
124148
122710
30986
207522
215660
21600
214210
97638
60976
11362
4488
48
456
50806
13830
237172
32
13086
696
314
33682
5312
72708
99346
4568
39164
68
2708
246
157166
4638
238876
17468
89376
114298
904
18472
191208
186772
22502
214062
85896
27288
18
242310
264456
18792
3068
247246
32880
2140
226
233846
144814
120740
42420
159654
2738
19600
20374
297304
5456
69288
137758
782
182370
187852
18020
26466
24656
250782
100404
98992
82478
19630
129694
982
192136
114862
185358
233262
258358
140672
111064
238690
364596
5062
213688
42
120418
96238
46090
11068
39654
6376
42000
32124
33164
12018
1836
13564
110982
35408
125298
110492
100532
175774
139818
142488
1154
27094
2012
2490
1250
72442
47286
17106
1392
41760
64314
6
9056
9100
77050
2252
190430
310570
300162
112836
111812
1314
214240
303826
74724
189134
2418
13832
46742
198302
245674
76460
50310
59422
95042
11032
80820
108360
16148
32850
417412
300206
9924
196682
267868
70232
212880
198814
98388
31918
17754
87052
137824
842
40662
155014
24248
99342
179904
11642
307084
6838
40724
152362
23508
79968
21198
64212
69730
19482
24200
15716
33594
23100
301304
149722
31376
257624
5110
390722
48656
3898
135492
1576
5076
56674
184444
255906
128996
250308
83928
11412
192326
79946
78018
98334
81012
270138
169546
56612
20034
126796
3504
142480
206828
19966
288426
426738
1408
19052
8772
80228
292650
81234
166796
7454
2598
34922
57222
200160
32690
402452
111274
546
159892
35606
147756
383832
227156
35054
110470
239358
4472
118944
17688
89970
131386
379234
114346
24100
89694
21032
2484
1112
37204
211066
199866
177682
174660
115566
145870
17886
224
259306
20356
76504
114280
95398
350572
122292
53636
157544
126286
194778
33024
192654
774
263284
234
57968
279566
10732
245070
4942
292242
31028
2240
134374
196440
117524
101358
96670
394766
1664
96968
9086
6048
820
61026
6342
388
207898
35884
17316
23606
217748
116962
201062
89038
162706
2422
339268
15326
41344
10462
12028
192648
63778
199166
396086
365196
3858
133080
30180
134718
240894
32226
215576
205218
245228
4058
208
1116
47378
217558
127140
72744
215314
148106
9564
4468
119504
30920
94964
142738
23614
79086
2962
249138
42904
70190
153692
40672
192852
14624
86642
5354
11086
19872
498
7094
14884
221374
133738
171360
31422
732
220990
99528
31698
284676
227740
69762
8
1636
147014
186452
314636
3018
15700
1232
2748
484
27448
12568
99812
43240
67874
19222
16078
63958
12644
61710
186
334
230904
165846
152812
291404
466
229018
11450
972
219314
30674
242014
149772
42714
109866
200834
6
3460
45490
48254
159880
298528
15860
58224
33284
167580
24522
127054
91568
43330
20232
6362
11504
86762
94904
79836
79726
140
113552
284382
81228
255060
66
1384
166044
117098
66874
10218
79086
232138
90774
137026
37808
41768
248166
31292
125358
53306
236758
147580
60
188052
224034
333226
82280
6178
166560
62090
186612
3814
2648
246468
20858
234316
10488
49622
18938
135570
0
275924
211770
153878
9408
19016
150126
219854
76254
6130
71438
207118
58896
102646
13692
178396
172644
25290
78516
36634
34072
4634
264088
102
40924
221622
104890
45566
95432
26342
69792
7504
193472
43090
256208
5880
275292
57840
168304
85438
32102
65220
364394
198326
138298
22506
283028
66220
12262
277248
394468
176158
87834
29898
288794
10664
170588
102304
24
48414
249160
20744
68250
202768
246904
346574
54876
2244
344
289036
261150
129304
318828
12996
209824
64946
4234
1668
298206
31062
246892
24734
66656
335672
46456
190474
2038
51852
212
297780
143982
485856
79360
88892
81432
76638
274548
170182
107062
340722
23086
31668
174752
143230
97226
14798
1626
896
190700
3482
215094
6658
299926
196188
55980
203318
301814
195180
269152
9528
57066
106938
314638
52822
15146
118342
242
2182
13702
54332
201048
304066
200996
25396
322010
7214
239360
196382
174548
219202
155646
23034
131562
94714
195322
100120
87378
425618
124924
51922
38652
6730
192564
119580
396802
21332
237800
212658
219066
106
1490
1252
264
190198
140320
5840
166580
376
396246
238920
50076
3620
75354
187146
25768
193780
2206
26062
159684
99388
150058
362204
55146
7376
25664
1660
9648
328
662
4430
3280
131068
31926
11094
31312
81900
61298
862
2938
195112
29136
254224
212822
233584
1872
279972
9944
18602
1760
92966
3754
10246
119530
328794
450952
34072
200756
259692
12842
107420
78864
77486
116890
1912
344906
195616
90998
51146
56032
142252
234858
11790
120208
106842
58766
208976
87704
443918
1014
165338
15798
22322
218692
49620
217496
109120
1364
155860
48504
49230
103596
14122
286698
268862
166548
68842
5126
35680
116858
387224
73286
175794
7896
18410
420498
9548
382778
4410
298432
4810
111238
191310
56
31658
257348
324420
113186
91096
217152
162286
22368
372
107800
115344
17334
179132
36962
49070
33522
242560
37874
87340
73214
1750
57680
381152
19748
61090
51252
366346
220024
178604
91760
92420
59966
202
439726
173330
165004
175472
138968
368
4970
23724
76202
27564
5948
30004
28214
255110
292
284346
264330
72008
106284
24364
208498
54
39978
115358
350
17490
228516
91634
45296
1984
32678
53950
10704
186920
49858
37530
69620
181100
102332
65054
13178
7934
46082
206458
11476
1354
12542
72766
137872
21586
114760
186126
72436
149944
275048
36620
118412
16156
105022
249946
22344
122378
308820
115394
5582
131118
51100
369476
37034
8
405158
16500
14720
35566
257818
32142
326780
128312
26278
127006
58106
33088
13774
7970
295816
12726
363572
19702
222460
148478
307494
194808
88424
16302
229554
14010
8972
28924
101282
121328
62370
28842
311690
109090
145756
167268
9836
246382
35188
224044
222270
20556
25776
2
20732
17816
30028
67296
66188
223718
166998
20786
231552
2606
169826
127108
14858
378
61620
47954
12606
114510
10630
101948
32130
31644
706
19776
186744
309042
25718
401358
237920
100506
13440
25358
107228
244
5310
36894
205380
34254
157854
94164
40
115218
75314
64090
132780
192006
231916
576
104156
59018
13810
114232
281218
74202
95468
13108
413114
321572
11024
137558
274598
3922
80718
64662
81990
4778
257574
205224
20778
53966
2578
38728
20574
2120
10870
98
2890
58594
413844
230256
159640
225546
403996
167296
7880
105942
96728
375006
140588
56228
6670
75668
2592
181850
334768
36868
198
32922
122876
108624
7612
31248
1916
52540
202044
213930
958
81328
193622
71350
77412
0
1472
82320
56
188954
70788
2744
177742
29202
185256
126602
19982
3858
722
27976
12014
185184
18164
423440
57006
260
36458
82704
221234
113388
242918
39656
1400
9498
50138
6
67656
199016
54782
16912
75510
261736
98128
174504
38716
151038
2302
129764
204396
228632
65720
24932
21630
290464
93800
10302
44078
6266
222102
112234
58
4272
263846
174146
119136
295394
94366
105164
195150
167968
195732
15514
4848
187710
213326
25994
62214
10796
15674
59546
2586
22242
258664
14696
205698
25042
162428
65884
43568
125618
32442
183814
22146
41780
83766
294346
188970
32904
134792
124972
8984
69234
69150
8388
159474
236290
264148
102742
26398
101746
222162
85608
98870
114804
216058
44158
21194
262660
54
265404
152926
11188
202136
221116
218854
118816
218264
172556
166412
8414
249638
8734
10654
80538
302708
164520
79936
11014
50220
92298
226020
160994
96610
175382
30446
4680
30842
10508
9222
73586
18392
113812
194764
33124
262754
181200
7164
49280
288416
128996
35768
17088
126590
85988
40286
275802
176
51508
76866
141214
90
11760
100430
408
119044
58892
46630
44598
114810
480
143722
68516
6230
70360
20594
164376
177722
329036
1416
267854
167148
175350
5188
21596
203282
163496
108182
130174
35068
12994
153918
210702
13384
157090
854
26686
240924
277180
240402
77380
241954
122602
4336
0
175228
58086
37080
1846
81688
117624
16842
374200
181580
285166
264300
110404
866
125424
153486
41118
3580
26314
87958
7210
560
295006
231818
30426
193418
68700
14606
2878
102078
141328
55776
32540
17600
152224
214274
280
138782
34362
3764
281882
1394
242130
738
283816
33564
114768
139530
46582
117692
9604
92644
890
236480
2456
209746
6048
146334
40040
81716
66430
20254
3504
318778
232280
13252
251324
182008
161370
96070
117636
19974
44594
2812
104330
260344
115564
92
65202
18138
38042
15128
5328
95964
186850
26924
28942
45062
30264
9676
183480
187464
17360
214120
72426
30914
212148
89068
47392
437842
21694
96620
87322
46210
19044
55442
2778
7960
93028
85776
205936
208874
59716
122354
63254
34066
34014
74670
288714
263470
148340
1348
35464
291964
2436
344966
395150
129598
8536
84374
211772
114464
33498
186390
285312
47188
45142
261474
121192
212288
14260
159024
104334
41848
126746
143272
389968
131858
180036
94050
57264
5500
132178
121698
42632
90138
42730
80962
6616
220682
3400
99644
37856
293552
34458
81586
210660
107726
22984
33860
41480
460554
127836
24
337168
200
67254
39562
280832
18760
143990
241662
67954
6870
71912
115468
92310
188968
214
219868
255066
21862
996
359610
76382
214
347120
78396
80432
191670
1668
30076
71230
12102
169690
227686
81376
54606
287842
1020
73478
260922
289204
324290
38888
176366
181240
335006
354354
1554
163666
44636
7038
177286
1864
58480
47320
62236
12134
212472
127596
87578
42046
39400
9858
101090
17692
3888
156402
21614
73032
10134
67870
784
23974
239442
20272
19394
79926
109840
42190
95514
4424
95162
7194
30066
12706
7106
600
48658
10192
247722
25852
822
125644
79618
156432
1984
55840
142266
181530
2812
85292
18264
156626
397174
808
283382
44012
215894
9526
49340
268902
32434
243300
287408
54234
92362
27156
100560
305506
1464
250340
3804
1862
4840
458946
87820
21066
174916
225840
227128
134784
2424
178554
6022
262910
131532
151480
156766
501466
83292
260956
94
206546
106086
68698
147020
443164
136360
34726
166730
3786
158374
31948
141000
79002
3574
38134
241150
52096
12306
8838
57380
207984
382
215350
14982
75426
31884
4988
160956
362
101386
38274
164
27054
4032
58226
68750
8822
133866
23516
112726
7666
258
53170
179284
90378
18242
6360
32820
197144
75770
47852
1012
46250
1798
28974
45054
8454
32000
92504
16438
57712
194670
88332
512
52284
269376
220352
16714
116342
190734
2256
23064
84364
224776
45624
265848
284628
270184
308130
4340
15474
39256
184290
1108
18
166280
234510
14766
24
189660
65372
28266
108624
188408
46052
85462
131640
55064
26442
79926
242306
350
42670
11218
507418
71456
140382
4092
174432
184710
39670
68302
57192
46480
150108
394114
126654
108134
19300
131512
215688
60996
36646
4948
265614
229734
61518
168212
1456
12608
12220
169142
283898
14222
187146
95744
294
1552
357026
472
226956
166728
67920
534
1158
162756
15924
144146
159086
295874
1556
133450
21962
53484
107144
63828
317348
43872
66246
26780
6502
168648
9080
6190
5298
28730
278918
222984
171388
114550
204878
1318
262290
296070
186406
315860
145820
158582
137378
28472
379490
6464
33784
77788
170050
196092
128
102566
17464
266916
152886
90048
144520
842
272168
1538
128308
12760
956
4782
328
453288
205226
74826
209824
18904
73556
262612
109520
95642
55914
40096
43290
22750
112604
116770
312284
182
15108
53854
292022
146592
200162
171692
278322
91096
117472
134526
68628
62462
3298
45758
38
9802
209384
31238
212334
239428
48528
20524
64
267768
194188
1040
12032
9956
59212
23918
5644
1184
421484
130386
195364
179386
16108
708
277422
0
112
24578
389638
24838
270600
232264
244774
303942
2370
10310
103920
8138
85582
50014
51522
184522
51752
22012
9238
315832
17842
57984
86
180340
126052
185680
12346
8
234514
9216
408
19692
35816
100788
190910
21476
2220
406
269652
380112
3188
13406
5586
104078
28150
129398
113736
4888
20884
17422
128102
61888
66430
45552
200848
208016
126084
444
149082
191580
63694
13472
109444
292246
211212
139504
71506
84302
13392
123342
35500
29990
102622
156110
368574
44732
69878
351398
1396
27078
68778
97118
33782
5576
108482
4614
29400
2128
35686
13344
510
214730
151340
291802
322
41870
18904
221550
154504
168
33246
140774
13904
54550
622
84036
4620
5394
1784
74120
16592
26138
5072
109122
234326
46132
62308
3308
96
92792
194934
58696
81554
100262
284398
132042
3144
53400
380788
10704
120666
184756
16080
52742
3016
125532
209306
6
7272
13372
210638
460
40
172602
51408
229096
34536
6970
82586
8940
99010
64284
306
68790
5776
2914
237586
197508
115910
61350
139014
163614
9580
193912
59616
378
69640
267684
176920
47120
58124
33912
254910
14338
296972
107510
80
92892
250288
63042
90
33600
352
75602
22980
34580
59616
123564
314390
30272
95386
221164
381976
232888
4360
170644
262046
72718
59302
85320
50122
210124
119798
13456
255606
84398
19498
298832
182402
110744
84742
2664
26952
14010
28130
147140
244290
41970
332430
186434
54
286432
117554
57802
1272
57446
45020
506428
3510
55134
36026
34336
468
176524
150792
4032
153580
30282
4572
132966
200046
211352
9328
344842
201880
74356
76478
38810
2040
28422
8998
121284
9760
336
59484
342
18912
52500
13504
26646
261790
58568
120596
306598
12222
341924
359330
7622
55456
40420
348692
182252
155778
77300
6232
41882
2758
454
132650
62228
211734
50842
137986
156992
236382
24512
890
201522
269006
236
84726
93472
75386
6370
167536
248580
32940
162836
193896
211678
1744
169514
156512
55180
211292
860
114010
148682
22810
1180
6014
144428
115042
97384
156286
214
632
344006
17966
13432
220542
10228
118732
127398
37280
35794
152384
73064
1002
64768
1822
8252
270348
150662
243050
76628
207382
20932
466
28908
180556
328416
33466
121404
7868
69354
341446
81666
405808
44508
65576
10706
82262
223732
159726
87404
365540
12738
224236
48300
187070
123510
86524
298
49010
237400
26790
130764
100622
42384
46062
37402
17298
279514
124066
40528
189206
25238
73884
20732
31596
62112
112902
23600
752
144504
11556
387086
210
10412
19172
151558
46678
48
12288
48254
15630
11620
17982
3864
75838
5976
102210
33046
124394
43468
98696
233036
79284
13848
104
70938
142570
170
245064
10718
2392
4648
110372
17400
250118
1946
5758
101946
95214
79116
153514
367656
329666
51182
24272
3130
1950
4020
164
254
116688
191024
73854
37122
46568
15904
5564
45738
25786
0
155578
157706
229230
258280
82472
197542
96914
200004
87698
16930
132286
166816
10020
46868
1160
18970
423698
176886
286784
106918
137456
37436
120648
6
12236
14720
8582
130
1152
369940
85900
316832
8814
166852
32980
262128
105026
8168
90210
392606
144046
54656
192542
8466
53232
40360
20456
117778
132678
544
123474
52014
325636
130468
71376
136704
200830
384274
223920
72388
357998
287444
32532
258946
49106
243408
61442
138624
79886
3180
74
78968
161878
453782
167372
133600
45968
53546
147010
32696
141080
137136
120228
2
52526
40262
35834
54824
220560
163254
54322
1256
286946
32138
232602
42580
870
8764
5144
67098
1652
17284
204306
213864
139242
237420
125344
333290
32526
241790
24834
11812
17640
38520
197850
220986
93468
58578
108516
269634
66634
55456
47338
200
188
10746
2408
128370
149706
432052
9300
152
76538
183174
60552
228186
27712
39252
39802
45984
125238
41326
21922
78958
49374
398262
89316
123868
168
46776
186516
80904
200744
195512
14340
7486
110104
152494
3734
124708
205724
30308
33266
297552
146556
4428
231404
65610
356
27434
105906
190124
122234
318
318468
7862
29514
234070
46010
23832
3158
141942
244560
384522
258548
247272
6992
516
181826
262842
41002
3688
282334
11004
110338
772
309936
223038
123230
28398
36752
294220
1110
17032
128820
168632
246052
232938
3190
19406
359646
1998
1630
448
1254
4886
149426
91938
91310
189434
46918
60000
64
24910
256
64862
253558
15350
37180
3494
204624
20566
143640
874
47956
15544
119244
167284
2280
270
230898
243606
14052
330078
984
64188
227488
155190
25498
5420
18360
124884
2834
15052
530
41158
0
28202
195396
90986
87880
56194
33836
71068
4152
52740
78
303862
25040
44868
6988
16510
168480
127896
76798
285032
2100
299232
443796
196274
175858
122490
21828
183020
164464
7750
367122
220
154618
41626
272274
103618
125794
213356
94122
668
90676
19974
69912
74
3236
7616
135944
35074
49200
2896
16610
291256
3024
384332
2530
110390
40112
168102
85148
110662
135250
104336
123748
13068
248868
335708
193356
259320
63578
214854
10378
2968
3168
346610
5974
264986
29294
185938
7672
3454
10474
70562
253076
185806
1502
76416
177620
337740
135046
10448
157298
205310
209996
276556
260480
146438
96292
25714
58994
22424
264220
29654
20210
185150
50294
12744
232354
326182
149464
261682
41968
150758
96190
258692
4988
187048
1510
193454
274482
115518
144
90856
18622
1312
51378
126980
198388
810
2262
125836
243012
78944
253600
68806
120544
151750
39520
81682
27050
122250
323298
180
6
23244
16150
16730
85748
179466
18166
161256
36
4586
170056
206926
167934
45372
26264
36394
10704
54
52890
2892
289544
145800
75840
19840
195496
326108
233536
104682
175170
18888
17612
456176
163646
248044
226816
15234
232212
2016
137828
14364
127230
259568
477730
37356
73214
19202
77986
44242
168794
226348
40680
78568
12288
119804
301278
197962
49398
4906
42084
10888
2186
181466
167210
3926
50166
2240
198756
46250
30930
8220
135448
17308
125128
55630
66
435264
130612
71652
16882
137588
38118
41900
9990
9986
142698
208412
5824
29590
279346
56
17334
32420
99650
119162
36240
8546
25092
97094
24796
128932
273140
122974
28
253568
4450
374828
368566
92582
231516
31046
81782
200748
109916
30792
1690
3866
28162
106328
127552
231874
25328
127982
227398
371900
157256
252530
340692
347286
389296
289114
84
256686
227194
47800
144468
13518
11614
233972
389114
64628
36840
63882
61802
67244
340
8238
69386
1394
181802
22658
18684
88564
82182
26568
204662
3180
52034
109870
34
57866
108930
84332
83842
63778
14416
92748
244
4114
148470
180418
5534
113140
2668
189730
19546
322410
104350
2370
5848
37160
66940
138
49402
147804
44736
67346
37622
127760
21130
249782
6
362766
87934
53620
664
60544
15298
110754
40656
31230
95092
17568
121318
156702
7914
35712
211994
28592
34736
7138
210516
316
1456
83412
47588
104150
38476
17076
243872
83328
4812
21292
79492
117782
252762
22182
234858
7314
252270
0
56238
25962
320308
137928
164106
248434
1260
28132
68972
152458
788
0
36140
40
1370
242434
1454
44938
25424
212252
1026
91182
77884
105792
294338
40928
282826
156080
16684
54768
62398
196836
159276
426
196430
275896
39454
20966
39754
250340
20478
1706
392962
153406
56364
3924
3028
40030
110370
212468
61600
239998
13328
55864
244488
5502
124288
1222
85902
33678
45620
248410
16836
75894
502
10470
269208
119886
135750
4738
196474
301326
128640
69650
664
321788
171230
5800
2
96
18542
1308
39438
57370
50
146780
7120
71738
3596
11250
248
138228
36320
10936
137678
20508
153940
179330
7494
182670
100186
173058
158180
8378
80366
89598
201610
178584
676
65710
38526
140486
200652
394552
171350
17386
404
293090
163686
122
1296
95042
80072
136868
19958
96380
134
431098
24056
100660
355810
52184
3164
204752
279914
74032
185584
3172
3450
33616
34282
71502
367464
37946
10248
185052
81134
3374
7208
50848
11958
526
4600
309586
67312
125282
348704
295000
44
364178
144900
14230
6140
136858
166776
14648
2566
65154
56850
5274
468778
684
206352
216772
269810
4246
39774
130924
277844
103524
323802
32718
42
12250
170698
145622
240376
104348
58394
149238
108152
2556
4880
3264
29150
38600
102280
65784
222148
9906
150668
159662
6802
282582
44
204826
310
8028
7646
110114
596
22632
52818
185340
72354
43986
93628
81940
7262
150464
16558
85816
19618
20840
125666
75756
24352
276846
100004
11316
55856
48276
68818
69040
37386
7972
2
58770
2566
11448
328578
115940
54260
34946
97534
171670
1464
23364
56046
30286
103894
3568
2352
303920
143242
3386
164192
178630
34428
304138
196526
5294
278
56106
69340
216652
39840
81708
49290
72480
32374
58900
27754
237908
16458
127658
20362
289608
2452
216972
165054
211574
54
68104
209758
12522
15782
77276
36296
4726
310898
176248
51378
6004
149460
7680
45890
68216
249370
6752
47602
359646
180322
400564
175194
166344
106442
7522
195518
51230
307338
2398
230402
119894
83402
57612
39520
67390
3500
38644
9456
124590
68476
69522
333594
666
237858
173570
11104
137036
17698
44122
201794
59684
54382
122252
25090
61584
0
9968
251328
222898
117124
37090
12640
4468
201624
288440
145500
231412
146398
38208
6454
105348
193066
121886
227788
198150
70380
197654
9236
13866
167192
231310
3432
37408
190656
22890
48854
318308
70236
143388
147204
223772
6802
120532
132938
84916
127312
176642
141256
49512
16542
40348
9140
226152
372
39070
111184
6206
182584
223250
15456
10254
20570
33492
114424
4136
8864
35246
3076
14986
45014
1668
446
42508
3008
2
57730
141614
115518
5184
5102
108392
3104
183458
35242
38714
210058
2458
52028
227120
319400
0
1600
178974
8582
1566
127622
150288
1346
54992
95310
189816
28452
854
0
21742
180880
282444
51874
57508
117688
48214
48790
128948
2084
239030
4016
1002
64434
6
133400
187834
14566
64852
122520
17372
5130
8766
1298
68392
92230
131868
50676
281472
38866
200924
4652
368526
123262
33462
15586
272098
211118
226210
432054
54816
38246
232576
110000
232530
355638
20246
268710
188802
193422
78138
237486
177648
245766
81778
205240
41462
102
178306
13784
5996
11760
24444
115910
904
808
5724
77136
8974
2290
2718
23816
22974
3338
148984
100
52306
73668
40064
83388
135504
10636
35726
177200
46884
274544
190580
154554
186
19964
68672
111772
2852
29378
25014
381246
50794
205934
70368
105610
19716
42230
236264
1658
30834
15888
58178
27480
151310
11254
6386
262254
62418
7622
45120
28802
3564
254270
152904
448
7638
176520
115698
229728
8952
167280
67220
135408
164402
140950
21122
3810
88190
4564
174700
218700
35884
972
121306
84094
8296
53614
211620
64688
155690
172048
4188
257868
62878
7970
246982
28286
60732
38988
133746
14918
171994
92150
390020
4
2800
43118
15630
44868
120416
18128
113562
9096
165412
5574
83722
94974
1042
188012
176840
47416
83374
169400
36334
2232
34296
30884
137416
14008
182734
144128
7152
40774
80084
51048
1220
133560
243878
236012
128868
73666
17730
450824
207950
8738
18174
19268
239176
40744
52120
27538
6980
74144
440
27426
14026
91722
3928
89040
250754
325448
121706
18072
157206
47946
141284
6838
6000
151278
3150
13670
68870
144
242800
141548
360220
147386
215354
157062
341032
186412
261000
394
124558
138706
198
1924
134042
132614
67728
116234
166548
31636
136240
58596
72794
84274
251642
24600
225480
239936
220774
2574
257818
19480
7730
354970
28580
5532
225452
305578
150530
109480
59724
47516
200800
317798
788
92204
131266
2520
331160
155232
214146
34530
68192
86372
7084
16222
68858
424754
4806
62580
47722
125562
96006
190806
34628
118
378686
267650
65846
28674
54444
208750
327654
21458
14760
31496
125994
5582
163146
391134
2582
314056
2020
120842
319588
133598
102192
25034
115438
166
197736
101306
53170
51362
220508
205242
13658
10874
141552
48948
134994
228618
31516
2726
52720
8390
324996
48138
3658
157864
148508
135048
23418
42
58636
6232
43872
53194
22624
554
19222
95976
6758
16804
437516
301544
188442
211342
256870
294200
13938
92854
202942
3920
162436
59864
309256
11768
47608
7992
9650
210280
122696
354414
55156
2646
36
270932
213314
31480
99966
0
52628
43326
103738
29408
336
296
16562
384488
19200
40616
25506
84372
25780
230554
96506
11068
73644
32362
89978
66282
105762
12652
3280
1936
6514
24002
118068
350888
214536
2876
17678
48138
201984
64734
271922
20362
88358
41892
78534
182602
126808
116116
354960
144822
96556
152068
5264
258714
68048
279496
13046
137696
198922
262460
214388
180752
52652
106452
15716
12422
306022
197240
128640
10294
160238
124620
170458
236618
86070
45062
314582
34322
57068
106088
239872
184
80534
7804
24668
91932
33518
106758
284778
16816
220636
68132
5596
8238
354576
62042
6536
742
331142
1436
80928
29704
124984
87628
339004
244208
142572
190628
5872
116566
158950
3580
10748
97846
16980
351704
177832
21174
178188
180318
199228
66806
3374
279318
177332
242298
7572
145744
103930
6720
130548
7902
5124
245216
15840
128024
151366
48834
89620
412
100062
60998
37046
31616
224856
1078
15916
7386
410124
288426
38064
146714
45798
4956
34512
38756
49444
429218
47992
334188
49550
255512
29728
76112
211216
61464
63586
25250
185762
7032
42448
69610
27636
77754
140958
247262
11094
20818
11998
15594
61050
170844
112348
170236
13086
92100
31720
142888
61782
184032
14
32104
17870
10058
153080
271498
124260
158
1770
8738
268964
91988
129558
131750
205726
710
140252
512
256592
185104
6824
63516
4240
173752
85288
223280
22246
31366
148080
174
295232
30980
3874
25812
3386
414738
66
66902
34496
166208
70042
50222
658
34066
149384
64276
298648
359844
10216
112824
237076
31618
2
32730
72204
432446
4982
73046
100766
323014
1750
69746
70
145490
211416
24308
44220
248
53488
155834
12284
136580
66726
66454
110136
19918
33198
95244
26846
15608
33924
14730
163646
1600
86058
63686
16776
8170
299634
180238
11426
34848
195158
284724
74554
173510
111062
76738
7028
106382
274456
90556
26992
45332
236974
86612
49314
143152
94438
42980
138
166
44168
13534
166254
68158
222940
21858
10132
360632
14456
264596
156
124824
226
34376
21406
59710
19376
31642
104702
80954
39000
11006
5854
8058
58036
110946
213412
181346
36032
2270
4238
49140
11170
51936
65800
157516
73990
55254
328504
186828
72486
61290
96982
205820
223714
16834
11434
7508
5568
4846
301528
14954
162668
52532
26432
53472
19876
1112
85750
77224
307032
237298
134902
10110
95140
10806
832
197386
45926
31918
105716
86628
51664
33426
203386
19744
158320
19610
204564
92038
285258
181946
247526
331062
76152
33704
77168
168
147110
4234
216954
107848
99102
6898
158258
44550
108644
167238
2104
4758
4668
77008
138560
183142
141900
302922
321288
364694
13552
2196
14738
36518
43386
13438
29252
395248
606
4168
113474
76226
28582
145284
29626
686
886
6350
42472
2632
231200
138794
102528
232860
22366
174418
107370
20212
159230
740
60736
57872
171420
2268
172284
40776
21768
72300
16630
116672
117862
13846
357356
16110
86732
23438
21102
46330
78130
370936
23100
86848
53278
23916
180752
3030
160670
228642
13814
112844
40170
23730
64520
31648
156438
293158
41212
12338
166556
2976
7494
90762
60500
23520
168040
45208
49766
81788
55788
4486
102172
3360
98824
267022
7284
211498
87944
110486
568
234630
62314
4572
476426
182600
52722
10652
258730
237360
140148
61376
54616
297934
57030
138726
363174
1710
484902
16994
381912
25650
30394
59688
60128
57440
144110
120800
0
180
6
144934
40894
164246
179048
54320
123888
289902
8266
111912
14976
57468
139852
37628
52686
234246
161756
75108
22292
1280
255924
19472
9954
8528
86784
8024
22718
148028
5004
116170
38998
20048
456782
3784
26632
155648
91500
41024
65064
4
147178
46042
127854
83230
8572
7300
18410
1560
447154
1906
22794
270930
320536
238028
229380
122926
465832
23302
105814
89928
15790
49466
137572
324506
30004
266458
140932
32648
56514
8464
1958
160750
14580
19104
54
64760
8062
122874
37842
37508
225458
148030
228410
88834
215626
389296
20078
6406
281242
36234
115708
182180
5800
39174
30558
74780
156682
5092
55416
373028
142968
37802
5350
345264
57724
185354
101774
85292
185928
1524
203986
131396
274092
174872
50630
24514
19882
12080
33414
27022
960
265158
120
396360
285182
33140
130970
54202
142904
339094
452450
2470
11820
129174
64372
24994
7088
148164
235708
1716
278462
164462
12244
10580
27090
125352
254298
220942
12192
18128
2996
95016
7812
52576
220462
114024
17022
319016
202732
323806
292294
20
35748
7744
172188
36584
167360
192312
64572
39898
190556
120514
174718
37482
25634
423796
51566
81416
138656
147350
30388
94464
241886
1808
154118
90182
236582
44620
3756
13390
263988
105452
232342
101030
64238
54898
125352
108228
126326
43436
34586
74596
253564
880
222004
16048
118
11976
63938
30
12300
56150
7636
124864
38136
201646
204594
68582
127922
103888
22670
206324
4120
18906
104726
193230
6710
412
55710
283104
286306
10372
216448
4042
249002
60620
54438
21174
15096
100
134904
105696
108968
106
50134
17570
149238
58274
151284
11284
405942
243222
174532
160196
112300
85074
179358
144420
15898
42792
2510
439766
18666
9590
136982
141108
740
199720
297084
51844
49528
25226
4042
10074
157116
11014
95292
29004
80930
14480
245272
135030
32122
297298
82842
21746
63974
572
161422
195454
77484
20096
168234
7406
42194
269814
131414
172544
403890
40870
234356
34768
40950
32966
37140
335024
8066
7142
31498
361222
226760
10432
160622
86690
18878
90372
48298
116752
355434
30572
110946
188792
27422
166276
6828
2188
15362
135784
194522
41582
12294
41810
176926
115924
94936
51266
176
30682
35248
80
23298
6354
2592
96820
82302
366564
98104
2626
216178
275698
1566
11306
157910
2010
21864
104420
154330
400178
107684
206912
141472
324412
309172
30414
20744
31050
68850
34232
2054
139294
330546
105442
78
39388
240994
137954
30694
203748
3468
108034
184166
187678
97546
18440
248392
132778
56726
324750
202728
28562
180808
29798
52864
115140
9292
224304
35866
96278
19650
87818
72730
18588
118258
176488
1850
57942
141254
1420
257086
3778
285386
66598
29672
261712
1734
167724
1154
176348
16620
88390
82390
58802
54146
148196
15646
94834
7794
121818
269644
972
94108
119336
50154
47002
356180
216910
241384
157860
8500
35520
71956
173828
34260
7112
148740
227636
6808
5292
247730
36608
9930
95868
6938
40258
9892
14258
331896
2550
367926
62042
69052
221290
244860
48334
354
11138
544
71760
63420
86102
118502
240380
7212
156760
219560
92160
2866
116690
1390
3770
1948
7764
147984
39878
304442
17536
253714
2656
294068
70114
95150
11424
7854
86676
419154
340800
214146
17934
166564
6330
132992
58248
38218
31294
44330
428114
314642
164572
42194
514
32378
194614
286766
90824
137794
324394
146576
245314
152678
199456
10444
30046
142196
10362
6282
105754
120180
167506
367896
41034
357722
21960
69600
29894
18554
190996
10
20440
186990
266182
152360
51252
794
53956
83028
231108
67090
57340
205312
117724
186274
336994
158816
105894
5660
203406
2866
227976
152358
148872
252
34302
207562
126644
94530
1058
123132
4182
11908
856
47446
124916
38048
198502
138298
2462
339532
159388
306606
298234
188384
400
153706
292378
142148
149366
9988
111196
102
17366
7096
95486
27898
13276
70802
88916
8764
44730
204
1190
1722
292050
73882
274004
57984
150142
163680
77868
87922
4556
62154
189996
100468
53190
121196
180492
0
1620
426738
7300
140654
50760
31318
197148
159472
53848
104834
355316
163764
59948
91432
14490
47064
56228
2232
222686
19018
109280
2604
159818
225002
3038
58986
265650
69980
203470
1554
293464
6890
25020
2016
15678
251498
237474
323044
93830
71898
99406
85838
24882
25086
1698
304562
322016
124484
242482
29350
2444
118724
11234
134704
63642
97872
172186
9776
274466
20736
74222
9404
79170
71584
7158
148434
178328
59168
181758
10538
15474
107716
63424
99438
136902
44520
1308
66648
91626
898
27700
18748
97272
319682
91220
1098
40412
113624
1446
35344
40050
15014
336248
154346
116476
20096
31500
47638
29906
96366
43080
82826
117626
18606
88988
108444
27188
41058
11732
234166
74082
185648
17444
68146
128360
110536
143304
248
39830
213462
11444
192814
38632
187118
224924
57168
17532
328190
230506
206234
8450
84326
132180
91030
222778
11566
3334
18764
168336
201220
67842
194
79236
108954
3890
2
8352
196188
104168
47718
106706
6980
60330
4068
175016
268328
23766
129320
17798
135312
2324
166576
120822
35682
6804
160276
210162
21524
294
112928
348100
79468
50484
17218
394474
305974
1494
93198
47622
9918
182406
196742
15716
1760
7016
28388
95470
83438
842
106924
74068
7836
38874
45450
208682
107734
178106
166318
974
698
117604
13132
16
25344
259850
11420
36600
89814
58946
24976
346410
379792
113326
41318
56448
16342
225340
13516
38182
331592
34
205340
292988
35274
4204
97392
184088
31548
274080
10552
71012
75806
180
60668
105290
336390
15948
65276
200758
29952
144
166822
65846
58418
108214
285608
40
165996
179204
49302
78494
96086
9968
64436
97492
81718
65544
145920
56628
385188
24888
106858
52776
1452
149738
47790
159148
189436
95936
216502
4414
12972
248656
10234
19606
108740
164066
56252
15210
2918
2598
2052
6544
6
395676
165778
102214
18690
177708
152458
271404
301848
48738
257190
343962
6008
211742
30716
4232
206836
67318
30678
38214
109834
49684
53984
6538
211730
16064
21862
64388
5388
221162
18164
82068
92
150858
176580
17260
82656
216590
78234
47698
145304
33884
142254
21948
11028
140914
12396
226158
156362
14922
179408
91416
198366
134092
30300
338640
18972
45220
88016
70
39320
177528
69426
1596
57500
72524
225888
218306
11052
142334
5564
9232
156322
107980
157774
447624
59728
5364
12530
258000
220040
265944
242620
123616
11744
86992
61780
27448
55778
188188
29488
30130
25850
317484
155054
90852
4134
252244
170048
7984
308
4516
44284
240304
185660
61172
11800
201440
20280
11240
312
358064
81066
45718
370
238966
281282
100038
87892
8006
443146
73738
20880
55256
1150
236158
103604
132286
12934
310
760
3294
171014
39644
37496
1564
750
874
13828
11616
73206
93824
227072
96680
2958
48542
184740
100296
9318
57308
158300
308520
46286
197744
57554
752
34474
69046
5008
203788
1078
9950
30130
121486
126678
175322
98472
648
47074
133050
192980
32488
297036
28370
166142
6598
139870
188424
46694
113094
362880
12540
349876
1862
30920
19278
41430
7838
94946
91914
111088
299966
32242
156550
221574
21986
217672
5444
50770
210
61646
4162
78762
8958
2760
165808
60422
34262
257728
177480
190260
45982
44030
12748
125434
105036
237360
114794
174008
90802
28864
60034
636
224070
201500
176544
217470
37264
56974
7750
36850
26422
315750
47292
63850
142676
20046
202850
209996
333798
45444
247870
67044
17474
1190
77752
238442
88476
126826
22996
99128
180272
187378
190228
170310
115884
1956
43750
6778
189966
95530
15014
19714
1356
100778
99658
33800
818
21304
32440
79894
131830
471702
5162
95650
27802
166242
94274
25304
142564
31900
66354
109152
1092
88034
197550
166054
40764
134968
3684
2714
224588
235726
250060
169422
46888
149446
608
8710
25070
42652
93796
237974
17922
205210
8956
62232
237244
47026
27942
49030
74800
25188
363352
2
27082
253226
3560
65330
19362
223926
194880
174972
134850
294
48640
44
52630
14340
63994
93098
250878
204998
93878
205100
10622
40562
328140
27978
8654
45948
311276
176114
74122
118868
92140
230790
20
26966
125452
78958
309080
198106
3788
39740
302292
222598
213928
42758
159050
286668
1288
127254
34540
31398
1612
44504
578
92114
10184
245724
230374
184636
53518
25362
25980
158950
46586
197598
76874
262432
233082
52068
852
250134
278246
3400
17088
35782
2286
195720
430
310252
588
27222
241516
914
228434
287016
96680
16616
100198
4274
224410
53232
56710
19388
38500
34358
143388
72318
226532
229088
141552
239926
9566
396246
125202
53840
100256
121116
108108
249690
10596
27434
183826
25088
25946
161018
132726
121936
249638
58906
1116
159844
10558
94692
102100
308384
70490
12640
166720
18890
242482
2
11352
113202
35420
2432
67002
1948
3494
192614
1514
396
231798
28262
5602
26614
13546
79604
30466
173396
63126
112746
231320
32160
196018
85382
18312
229282
95358
44
156042
10304
221024
51424
54970
304742
132728
284858
80986
8726
97810
327490
104
132376
113192
440722
241380
80244
9396
89590
181554
346410
78724
246258
140880
218628
319342
245726
193846
237452
1216
223292
41914
144082
96004
27310
3816
190616
136960
121618
222484
136492
112116
68034
2804
261666
38166
2536
155542
57960
88752
18832
86050
8986
111402
23972
57484
45072
344534
272458
151828
14732
331630
102
206798
5556
12956
1068
61522
192348
225172
155878
116756
28760
26250
139066
101320
96068
24096
8816
76328
48972
156752
104682
133484
4298
132988
24392
121846
155606
18856
140180
17340
41130
2188
394182
94028
6692
74090
94802
23296
127962
11312
330
74086
344976
243758
86204
84746
268654
236326
72204
256
105970
257726
123444
1190
273028
151482
2576
82772
42998
39672
10422
8188
40936
126562
281220
186454
180910
173078
42448
56274
4246
126134
244058
84742
21430
19102
57398
44456
71500
18898
54082
67230
63716
187208
30504
51188
24870
96606
1632
31692
14934
141892
50750
1150
59922
96
7456
14588
33296
183860
42786
32764
115368
17670
165250
4150
10332
1884
60914
0
21340
242664
8634
2218
431370
74
235656
68260
188
188
200848
72508
88112
45040
46946
168534
193380
97208
15268
243568
143058
109776
120252
144552
86236
231054
128706
7846
11862
186110
202660
2754
99846
427416
107924
108
192476
151594
51922
11546
212200
168810
108
17944
85502
11902
58720
197176
10234
15316
1422
76050
341468
6278
548
4490
48300
197940
214892
111162
155892
58820
110464
129234
176876
136624
54664
468320
164402
66148
228384
47138
21684
8430
231268
47070
165168
129160
75198
19364
212720
21980
395786
26428
114592
43056
316882
12858
83712
9124
196558
79542
4228
190476
14624
3300
8058
62026
10398
2812
8050
47392
22136
22408
101898
291738
132856
5566
31306
36
292770
46760
726
289916
34232
278974
82722
268646
11734
86100
31970
29102
85984
100014
19806
34278
11912
44156
56764
264460
115326
36746
110200
267064
2890
78556
51862
14678
326008
2058
5706
183464
165010
210340
148088
178
171270
190
154542
47032
284590
21736
194392
94198
434486
40214
58546
221470
59872
20480
106866
174006
89022
3254
5512
101840
293898
64832
202
66068
67250
141428
20710
72366
29256
121994
24244
477654
84
32960
9420
176642
175024
237908
1116
61380
50304
71410
88742
362
317936
22622
80708
12288
137418
17848
195046
16362
242
69238
71492
42974
96928
258838
6696
53784
27798
245888
24
260664
85246
71458
165958
166390
126022
231508
164956
97606
1916
12370
118510
187808
102650
1184
230942
161622
39706
13202
638
5544
135800
241280
43684
169072
156564
12468
39366
85092
91468
3554
2090
75912
60824
1734
129430
139152
41428
3490
107954
19410
94854
7490
41230
224138
207876
154316
466542
33248
192122
21206
17102
13508
48450
114168
17116
184120
24166
55464
146698
236894
3360
82064
8186
44708
8618
44188
934
10216
65924
359450
248740
190236
28586
155564
520
134312
241102
263458
157238
936
63598
330
234326
177696
47326
10954
43878
6484
24754
137484
320
2732
24650
2988
340
26912
235112
11510
73746
39034
32924
462
29864
151236
117396
126362
37414
2688
209186
156
121174
42398
184290
21318
157882
302102
283172
117192
3932
6968
27672
74472
33418
4306
118644
7404
88772
21408
106044
20860
4696
834
24500
151898
38426
138574
204
221490
90
146582
33490
24320
26850
55758
228948
40536
109592
164772
7170
120086
1230
2318
10728
29668
488
1210
14798
165980
21960
8058
3626
262274
650
46586
20958
265178
77612
48738
23766
140106
11236
50492
111860
24178
61708
3288
4852
12466
101808
199430
4116
72802
84678
30232
43298
159644
116688
24670
13886
222388
26644
51400
41232
8318
2358
45216
46742
25806
226600
25736
237318
230440
214918
794
13178
145736
338310
126720
61568
116164
12166
19768
95502
31850
39072
59488
27236
41582
171840
88618
77380
133206
748
12726
327990
14286
86476
2
391532
161752
1606
1662
7090
278074
4100
11200
13280
228980
302258
157262
26848
32252
172038
268766
56420
303374
125022
5364
472894
1692
186090
14860
321218
194360
276
95338
56268
209602
65808
43340
1578
139868
5808
167736
138156
246384
227954
7782
16772
158586
35606
51554
15288
4724
43610
96166
450
223554
8248
150716
132746
542
0
24
7080
10
131882
75236
10984
196350
83822
374004
274
10
46460
7372
9744
162296
170962
108514
16196
29106
95490
184048
319228
3938
47166
133422
163714
21704
6216
16200
60480
88674
149852
11488
348
77456
95384
50870
6568
200040
322462
152940
7706
1554
52608
68006
379618
8734
157864
868
18200
226606
5284
3180
9168
5832
214266
414468
243000
293766
54466
84678
13874
269494
186818
12504
123296
17310
16144
22980
306460
136086
40746
118278
3274
2204
526
285370
55548
59190
12902
15302
17192
86836
30682
15522
13786
6018
10820
147992
58536
37834
10
278090
110464
356212
216398
177898
202740
273156
66270
117638
53032
179462
31344
126578
14370
65992
40772
212306
207242
13132
1436
19816
6424
217592
32520
341998
149586
15406
58690
367146
11420
195156
11722
224372
358896
77602
7140
14258
594
24398
216618
44702
48340
3578
158994
337994
199070
138468
6502
38844
1554
4
123096
409250
154546
12526
103488
129390
602
33558
864
7842
85910
82686
174692
280842
35264
159662
304486
282938
106100
11472
31288
232900
121338
193440
20024
9682
199346
988
100980
267392
5702
211884
97654
59948
194150
259650
119730
233848
2174
193946
80488
195276
324732
271614
107904
64680
167570
69390
148866
3272
310894
66562
248314
41266
686
30420
19074
21384
19420
35750
3598
8050
348
376262
174146
91754
15478
596
5748
210862
8826
18586
43470
43092
17826
25234
83482
18206
240876
179358
121034
11210
92382
4526
187574
3908
168488
1306
680
75428
20784
76918
12856
201190
18058
113140
26266
4598
113418
105584
114710
91666
4586
155424
254162
245210
132074
5794
53272
461900
249066
25804
160892
53176
22032
250746
35000
366446
111138
70868
168704
532
216340
21838
8234
77652
377274
638
162496
148542
228114
81708
151900
122404
193898
2
130598
96426
82050
4900
38978
1080
310634
5182
47088
38880
300968
161374
175304
146714
214640
180902
50204
94406
174602
288158
104080
258484
2
63932
96
29590
164016
182
424
39698
67732
108484
2584
161158
145978
197640
15234
192
108780
3034
30092
46234
103154
254256
263646
375496
37348
6842
196320
69388
18540
94936
26052
237926
111678
9836
154340
242024
9786
54806
6744
317534
3664
28
126206
25258
250864
340922
1132
44876
17036
213734
46168
68380
218250
299800
135640
46674
73008
157926
1574
265096
37004
31978
4800
84
51496
16118
43908
16762
307832
4912
127698
287654
2996
260458
222076
19146
38292
397616
22196
132972
26006
94214
182808
251702
2544
16232
27836
68778
239660
28942
56014
100582
111614
1612
235086
9750
163182
8132
211926
164068
81566
49570
161806
33232
3670
136472
62266
458220
31846
10398
17372
160560
268336
25730
18588
295484
143756
24696
6704
42518
1734
90144
432
99794
76722
299104
169090
24
122330
78514
37706
273714
188792
162502
42596
191440
201064
404244
72606
2746
50
55276
162244
179716
225646
3692
56962
7862
42968
139576
138794
274
281446
2042
368222
62
80772
28880
17610
620
91862
11952
338454
410
72636
157464
432006
90668
50928
996
20
966
39536
168066
95248
3090
690
86102
193430
7158
78208
87934
67698
6220
54100
302106
4976
77596
2476
16438
135104
67138
54302
246
4
273430
200642
1374
74210
20808
158
241012
88860
140374
98704
15848
18360
333328
54990
1680
71420
26386
326932
267150
19092
146
5356
300408
252780
88002
189744
37406
184694
18354
124168
71096
120666
131530
106684
68046
39774
17996
196850
158308
126014
127388
19060
100598
74714
27100
1110
252544
9682
96588
266114
34686
11514
40488
32690
120236
47058
5282
80112
11294
356382
41594
59668
27748
445926
75520
62556
164522
132
79958
25236
44004
97602
171476
25492
136722
420156
684
121062
132310
48870
32320
87560
3462
4268
460
13484
1376
101500
158834
199056
231246
182618
7350
29658
144112
3560
49222
43360
2042
166754
118140
229432
129024
39104
40188
48082
11542
222470
208014
226380
343666
6740
266152
74738
39398
175666
24680
149884
4044
118474
219872
1962
150938
173938
134592
13568
199020
30916
9814
75338
146578
171128
79974
64690
212814
106786
7542
1524
2356
7396
16872
394510
140948
4920
203056
186864
240002
385898
0
52
21352
57656
15646
93882
225244
118440
150114
237994
22918
56726
178154
3800
246634
133214
1130
1612
57362
208362
205490
75866
8372
20866
6444
27216
269674
160
61762
371182
3584
16336
15868
7676
792
18720
65342
87082
48412
197024
43200
52670
228084
148396
246496
10156
101490
208190
30040
48416
17908
68028
16298
45460
12358
296014
106964
81530
2502
85538
196668
1472
3878
47972
93134
117726
66342
40552
155364
164324
40802
93828
43554
3698
429318
61040
77634
165010
19768
151264
63554
125092
39154
296004
2096
396350
4640
167160
276
113252
137626
924
20544
