302653044
580814324
143954592
114856960
210754030
103400950
663434770
950547152
126561834
543980422
115908804
370680662
912038152
139400226
302613974
766386458
208741348
731349526
165984282
540601258
616388074
393888370
853633640
773060222
117686458
267580884
336245752
332692686
677384986
115638860
133543366
6880952
425485884
545035926
62326634
277651626
347168836
188768940
672882374
67631296
589689436
160689968
708980314
187570402
292656218
433280260
63308100
213032576
746652554
7995314
268847750
720335228
144605600
11182080
540854702
623763752
17662788
67522648
343192120
421155548
900492162
432219270
180513492
56040056
495481700
93785244
580292770
67595476
836294434
324356050
331483328
553030132
52119272
14115560
416879364
776034218
45258760
99528700
61982804
433231976
448228936
345905260
537405712
62166424
147020848
53859840
243932380
643833130
97735888
241305356
199023260
768987346
111731910
17138400
391536850
118773432
35482182
655619712
133432904
396696236
525423822
357986730
860120694
41296984
318633720
14030552
28158884
139260652
114423046
15448290
370014928
312448138
65459172
458862844
111141678
74582488
139270626
269023952
580546578
633330004
91223296
274290084
585401694
730253050
25251410
93874040
24387802
1142239300
1096089808
303266522
345308420
301517594
77120732
474073290
551666864
139249642
460302744
643793984
735039944
573123818
382564286
268060582
516093604
893726472
258229648
666336
246082132
281411216
368480882
451389636
711820918
259625854
453090532
510204800
454916916
169916924
501812190
890161194
520535032
640526596
248818898
238282636
698122184
624733496
63160712
539504960
946478096
452408
150992080
640244964
395255986
13859742
217357780
149827006
313241578
353312812
130248478
1351014
71082908
138165742
653742120
1079801058
105172038
426921656
3187016
531368054
612853938
540194662
53643260
708626868
546453554
439342902
917115310
224251918
944175428
358782370
963384166
626996012
20879068
43100564
692361068
655019496
62534830
395802772
715891628
652234360
339156650
701423530
54517344
9872950
14023928
208578650
324218314
58813190
338340382
1039662722
88549430
1015169510
714141940
541903094
483556836
15801792
245435904
101343418
72175040
30916560
261590254
78510740
758658680
911697660
192759576
416652936
13543696
94238116
221620
33304044
798708080
684525702
509425504
294714966
898667052
19678360
158325228
276677640
400458204
134838604
735846202
1062298740
647588724
396659626
333823432
756829482
383548672
219407658
470851474
33240678
220466640
137929964
493481322
359485838
53372030
226745848
189976398
7857640
864889032
6276472
144274248
251319282
506931880
709063600
173073902
797391844
170937420
143358690
136645718
121280184
234076612
326952672
43760978
275052826
78241656
779598440
570860048
165354788
2026272
4280852
629946198
26180
285995254
388681694
5055036
130673584
96927746
655870952
117719892
88920
2184628
593787508
133886354
178012280
8459178
312976890
237538280
35934696
442393824
421263436
603602970
289513304
855097948
100861470
472121396
724665562
468879864
259892030
309222740
329313478
424523064
740357066
334015432
221480892
2606660
74107360
401548
228315126
19415088
22255778
580544
426549802
760254566
217746064
405677346
282826632
744544332
924896
260679116
593678030
547129130
7851256
5143116
195480710
143395508
508033474
234624554
13033820
833458412
4918094
559799642
436930766
250901518
208782056
348771834
305179410
5129662
312916900
296026050
208971140
440340104
238355632
835315538
501993100
201615964
214890186
394183768
581287168
12463056
986017388
799153488
306469170
2857086
844380
828961192
1026605206
391921862
153039268
106228206
369808242
294113378
201250580
821510684
48577034
192632120
354788782
61916984
724629686
314339122
103853946
207560434
4324028
67261400
547757866
785311104
153680106
88274648
67083496
57928078
668258420
91629388
448440344
16387900
867681602
61427422
52612254
874674328
286854978
147341602
622527480
6429748
102562236
53707852
941496934
431486934
309942510
720773498
684147044
179278758
1005463362
879066834
465955414
30661268
353830222
237430210
181410748
824057244
609935790
94095040
433233460
360914066
101368482
260447662
748648184
398456360
163972562
153457662
2191140
403135466
172021010
659820880
34777456
65331370
624759714
1003917654
373155410
19881848
249752018
292915352
130872196
150466966
76263282
363338076
318504088
724529388
640625180
761684924
66175680
26013390
313285708
469616938
82202536
241949022
1019352746
111464650
720731072
509581466
338256102
67142212
2785806
363976264
567746888
249897790
346830944
791648396
99457150
1008177088
595980784
998462036
146652396
433836466
33601022
656516010
416271568
762276100
10605756
78134658
117756658
38226120
771977550
594592648
74160640
732209352
297221384
226213364
498274492
876454932
20728396
74320544
216291022
416484260
378514096
597923258
182320424
437067706
594533658
68294460
76184230
539252524
749681150
645605570
496987024
670218946
4142208
394385214
321647564
882436128
644784318
3342132
747090208
21650560
30474034
33447888
72880
9899368
20979782
233952660
252951120
221528958
105858478
117690332
163309002
95229096
2917888
432662218
727850648
597828070
296146452
126589382
240795936
740765830
427294680
751203794
33876090
632839560
219577392
593870336
122366532
145719110
694389964
759650794
544533068
813166610
714349580
151871672
487294536
39326560
61999276
428897326
874312486
798632602
91027560
59609176
12842374
104375766
139626150
776927958
214683222
595789660
93505244
114421970
365826394
371440840
492024690
829419038
626706610
129740330
189884332
62632968
273166650
295957458
1004586100
610750590
820728
686450124
885341022
52472706
537359246
680978880
450184758
482684370
4804992
96951050
136935428
193252296
173825224
7101092
60744104
698579338
146102152
343283010
797664410
571963024
361853324
445240236
608895576
3249040
103439134
698132652
122687684
116182912
65730886
584131204
200830442
300936678
896447568
310871550
169416662
26270260
242665882
102672
282190470
183041422
9031386
635094782
247272402
260795876
388795660
205489758
478658348
87298260
516449246
122762984
231870440
639783126
370351018
96774378
668902236
244398016
442583172
517714738
97284752
465038072
86825552
131435540
177565830
260036088
583241076
290442636
196308538
654922174
163501810
1078747232
742279720
374235056
73021888
403637224
220214486
92842094
234561144
247142780
719468350
560151982
5781702
31673516
530248316
261093950
55648596
677699284
7282118
16801022
440294434
154644400
4112030
510557240
4962132
653792404
308396688
311243686
110392898
156978556
60327918
189394296
76711882
325789604
3051704
80902062
109503820
253272576
308690508
312752900
112210192
742889674
730189646
348242454
53807904
692370724
37920496
267265752
103363788
283063328
698598920
489797404
344584206
975839664
11381498
758320172
667245160
19725946
31526218
284954570
758370470
72906036
255194646
458970284
526523688
426299880
38391560
469310430
178522284
893781462
24092578
131523464
314390328
374600644
32048300
410827160
332920484
81460952
1012201314
348678968
361848128
436360772
156197272
584166290
877290900
983769232
404982580
533891960
164360160
632984952
679534568
518888606
25020942
236328622
652551098
92206372
88231190
236686786
474940480
871480890
138921868
73468590
208122660
641983636
10739316
316759306
572122066
392932250
812831840
78119690
469456084
413656944
530567268
440895598
90034386
694683568
689682230
13068424
202588474
269428734
843510066
1000377684
508781638
188823696
967647328
885397056
647222922
610743224
147627868
982510308
401855844
889910856
237513144
62149422
117600036
133487460
896520266
39157676
613854218
647471398
267589566
823544420
145228530
882879568
625246650
216649846
696900386
612104870
107782296
36842728
107298408
570312430
1184187796
40245856
149409434
631806
84324454
65093680
974113068
807730592
54878348
21508672
325633384
266577762
2813356
331957940
319626870
547105608
570111924
2512120
264513160
130697370
249241420
59185092
11042516
311718062
166277650
261237300
16065888
222455710
289175266
813419402
462570984
78737038
441561902
56043560
79085228
27348330
710207722
106975944
203310312
12026848
842520458
6504744
604648848
433744080
458637610
38584500
654856460
685739046
219101638
725138666
273903754
352457392
313232116
710759976
24033292
29039406
828952370
10334000
287408014
311370638
711828072
779471030
513781998
263051092
912331118
91112052
6687728
216378720
127743748
99870764
24072712
1002554572
439319422
238953594
696145982
536300342
604855946
33368540
187214258
206715122
3642320
310481600
416598618
78315750
308628082
547727824
12723836
28988256
335004922
126833702
170153940
19060
190186
463905676
30340858
151168598
691295360
81909712
15366104
243717620
562226816
156912330
112926252
390386248
559109334
399679732
826078170
149495648
438438314
943121618
59342530
50550976
50295850
179193642
668400
47189296
135636242
573313222
303783716
44648226
276357938
961457320
247522202
10806938
153360152
383453218
171758498
707372692
235015398
454253342
114939022
489252062
585418172
208876978
154303260
280900114
83921946
116152020
119509844
51049600
776799860
8097150
404361708
196939406
606975398
174465186
541456704
646462764
872825962
74967070
285682628
478148590
442294792
492900506
645460838
86031684
344193436
240357268
486431052
41152452
14650166
525517560
767769754
710759296
414162908
693807090
26237960
637981746
403950890
127023744
317408098
1444496
432485802
120968062
773096352
738128960
440533592
402505604
515722294
84025764
543037780
264745416
367089510
7196648
336703980
109094472
578155906
91504280
228955674
590605156
215398790
294905578
58982572
668354974
382434288
820027428
2465694
883882928
144983766
22964418
480276148
2756640
191106502
55699292
7703066
87986594
223456746
30367066
666765278
3646622
77025968
94848096
918833142
912686838
527543060
203893166
166542252
442056332
472815630
905300
1375104
159661902
485581518
111153350
704477730
440508174
29793466
814980462
77644446
58917370
929995836
116529876
12687136
24976260
391352582
851374486
598842692
762203900
610974458
809922320
748869890
687218230
297442008
257521812
267541432
164223478
916384324
198554324
1057398336
762006590
671003122
368746374
155569892
168945412
863135802
3764924
16794554
536308990
971511784
261282496
564984552
583110934
10655400
313265588
2371352
296330336
491227680
700577738
50001936
2732762
381907058
707444110
173044740
278314190
300587180
549503858
345926032
771595200
159420432
51898450
138331250
149216652
1966080
820653156
833289996
372238748
397521708
260733528
500808872
205053812
203926436
413397648
335245906
192634730
70130774
28438550
128082970
259898350
115752
354208630
23735932
186371252
529221962
392043150
529208660
714180114
346830540
123756880
206866090
174374738
57534804
769102690
25047328
1244941472
437492880
394985920
31726042
525492064
424774562
75722914
83107500
298977340
504962608
258323208
458939586
420262054
340457702
48541508
202397404
761592
356377376
639604306
645787154
240101668
378208790
296594710
12295440
90163628
1021874902
815225920
12380330
461329584
167158346
551692684
76178718
104567368
754000058
308107376
318844330
25834906
255916954
833852332
83182540
266594716
230039496
548013326
406803726
103249700
77596206
741576870
162920514
967482308
98174064
469604762
169537930
527547460
241493014
618633162
301728932
1110393890
996382414
590434392
726181448
109656362
338697944
759871872
912401824
194257678
53439960
336162376
94471734
601664
907692740
543738640
120124420
228099478
121904160
1049938152
95524
418874430
6613884
747678052
933408376
159521290
114685988
652468640
189761314
298831234
884584746
463446422
3738890
99021196
674428134
146399936
266458984
656084984
7360928
602261134
206520794
153951120
549000370
573372700
23529304
691288
10538500
604060922
332483208
665003632
504834
640621982
461493912
708190776
71123858
682028910
526780998
246215832
265631968
30623320
786440290
603688574
839616034
582877230
439111240
959510030
286390918
267758178
603924934
270825492
190714062
1020324740
565722264
57020472
666662486
843321980
258704752
9158480
111833464
1197446606
222230840
332331594
426664118
703205650
272158930
29986948
221711282
420605030
234745706
684478472
618893776
924252544
86152066
160241864
24704310
13083378
446481062
149845856
541710600
462482820
609035408
104098510
590528000
35976276
114059126
629974700
137097754
685476738
121428040
520291102
2783520
93704982
91363416
51735856
868654534
66474998
289223268
369115264
20819486
926173844
122650172
443779752
584208324
491397290
1023897406
625144600
507587128
106862816
544920814
694296268
732242570
139701084
53087800
148542478
492221544
307231250
699442022
443318234
158755948
418945792
329981156
880955954
547740022
70420040
350159226
101658826
224208842
606823484
181865952
257027718
26746974
817907592
413565810
468869536
599377102
357663222
432944722
653980352
891017342
815242102
890448848
11718354
466397708
395394562
25035030
28566962
11259136
347187838
44048928
49278096
727904882
963158060
191539480
296514716
634210286
194062
639781378
123599280
630249780
393727116
98230300
623147890
317204932
595068760
433957134
103138192
12027110
572192
13739730
75078060
41243510
6892288
142904322
241021924
319410898
85554060
15726282
200067500
99818096
419706778
398615270
802866340
1010694660
144059982
154747262
18863808
619816640
95334382
5692484
308204970
562160208
846886052
75903494
29175156
356183588
558290880
802045318
430114702
15124900
376232490
33214576
557238700
342999658
460892950
722761728
33672960
35841602
53768174
637876880
338022760
19180610
118945932
24104700
496947206
70942390
458102722
854631888
121101380
518436188
247554226
830152940
315304360
183503380
195116872
507195842
827100880
768943708
6289912
475815452
3971482
48543652
813477516
50225596
380039688
34215196
131011886
27012256
527498610
279840414
231571640
422011760
146425162
544700576
786530098
316604016
175321150
434708826
344007920
806869566
37321782
47242600
798747840
352273566
191469488
77743762
9376572
678280660
53649856
27820466
118413608
724990418
585796294
85652214
40660854
143301870
486301316
257927438
396640738
398518036
596534888
532854392
289039560
135209314
277932812
356322412
506139470
616660828
441278958
766326826
951248682
859290978
877725108
438021616
805052438
939948656
15666980
253850532
70397698
1019451198
70766936
124864740
5409000
4470830
629378980
488919162
116904154
257092630
896180708
1421696
567007968
870666672
140481294
443894712
729491778
25181684
94093104
251719356
894219928
182709840
664053960
206709888
196168972
39394052
98400004
465877560
84676850
795261140
174756476
771736002
65462782
351748256
684949466
63080912
651848260
410696566
19398456
90549934
18389032
303060400
81560250
4893262
676471000
117393490
170457420
835912594
458242608
234210558
234030868
257072248
906393806
25527112
935230506
109626266
122048134
10694030
664778260
525619992
950819770
155871408
1139484666
614872690
71537848
624951104
610399688
80791058
938228366
686865984
1884908
269060990
895911084
31523684
407260736
644063342
466282894
789904398
726775758
631434182
383011672
17507500
894188202
648463322
700823002
627310300
671116998
188758208
140139522
126227860
6437804
60101512
273980648
550777924
171372320
468193398
378467902
321224292
25605866
205953266
771392702
788637978
37035962
234533568
832346878
563314738
9558758
390976592
290676442
272323060
15462590
23718256
504784160
428469064
150422240
50381506
762464030
461499344
220157846
263953206
786743358
317741772
811141726
415500922
81339536
73711904
450448972
876385978
93338440
195608918
606431092
247221760
188008902
300958088
19298356
681215898
192983524
139141246
4293216
69246980
19167330
75906470
470232998
247778970
338516366
651625342
19252704
33012008
182997444
11838934
425469100
7764432
62420288
455960388
457269716
1055894424
125517986
228121648
378187940
327983560
188143166
660570434
85171976
591627546
10058676
915734788
1083686324
493067586
266623360
113824286
302698528
10281224
838224
62403034
1124080
468151624
118458186
176320550
263884298
5744572
1116634
47651968
30861480
464617444
185076294
760510530
268754780
338074748
365392
27435724
409276678
775633090
87282778
147472064
6574508
19201352
33468312
43444600
326455540
787489976
388430148
143185068
703205020
64061376
127448776
459444370
56654400
650954896
7567168
192201460
234474532
673863814
269016538
806090734
39810940
46897752
70134952
82240384
406124536
12611618
810411124
646207532
1046405314
335895660
355030312
5081692
337391368
360612210
54301402
496724480
858651824
293482816
744536
258805424
62813696
165973710
347639304
329539742
606337732
750907024
116471038
1562264
489557682
670004680
28556516
9725840
307330548
161126528
368483810
101078194
539837150
924808020
7200644
187429040
284876672
114167894
342167112
4263318
71305080
227914902
957397792
312128448
492661560
674178150
1067559274
1017092962
270846660
681060476
3936744
228187152
650201180
300817272
842956872
287835332
36101946
697797314
154572044
787604376
135348976
703848844
390545774
775650622
10677072
520731686
696888858
428703010
202224910
205728670
115655714
64599640
98924028
114269120
751626976
875665600
523535074
146411594
253064910
38501880
83460972
5154062
15691606
520781194
9660204
33909020
389579344
333913268
703675862
93618760
81155650
335120
850996692
6991042
392332428
104037420
418125796
89770680
222918858
203022666
373904238
294422824
566015420
1743814
975509116
581221530
470019568
393417766
753814478
313033756
486020186
902619090
283206570
12140674
49911314
322485638
82133298
944826492
433463634
33988200
188566694
214123092
185674960
255021346
1395328
19599120
39331630
307707654
11014490
104000218
323300724
611242536
236791330
218971730
1000091050
305567532
95670872
814308358
673124772
940388188
8552156
914474478
354171316
194937840
504329712
727138038
275345580
573635646
25885770
153085690
41444700
834087466
47190420
326605182
532573344
219851364
553143118
260960076
81688156
351199438
497604126
113279796
444815776
490339624
142278850
182979120
177097918
387217454
674606344
492599884
569786148
126680218
35814114
559077260
387854212
841896
23306764
2395316
124467200
485346382
637510032
132085282
492521316
29680486
469805922
910533758
40007912
78187340
35693218
261203892
313671634
690635416
791045004
496235462
731691134
148662568
766080350
388730154
174232960
452665342
31218486
692779442
24281816
966812642
172529048
140209146
106072136
96246598
1398348
70550792
110405002
736330072
179571514
750037878
146999708
819362348
454720406
149444130
3840720
470325498
5001230
214177672
696336650
97166230
999130640
302426568
35827664
128585926
771124238
490767188
619850
440916810
223756590
627019610
470999238
524244782
906595570
236829624
92037074
292229226
72919604
965440516
530925082
106383144
76563192
273032482
241628796
573196828
256987640
247826970
394547956
4822286
719309166
116338410
277764734
551537186
827394234
52245532
56508120
184227034
712456900
794226820
44357530
308341908
399465932
815361598
209351124
239771552
542028986
1972856
504387510
236497902
384883414
38900150
101671642
24002990
240936
2909240
516060406
388985170
606894192
70303456
98778750
968131074
881754562
79439022
288980642
277416276
75631446
9533934
438506978
1057540270
127876224
451273086
256740822
102698672
383354460
740655714
626345618
207448564
49897010
340930640
51129736
217171766
515582714
880404350
3745120
48716228
210852226
161803602
595904334
743176572
275879110
297752090
467297606
134437058
218353272
51154430
160454234
83272184
862515306
304781544
485241062
394835020
179906114
522084794
395850888
205866486
135308830
473360798
571451758
352502530
805716796
5481674
414858000
13430858
629642260
88363790
937951164
31522150
134785836
346203472
306483108
15486118
540067514
537175978
395140186
526813638
178325182
149317004
467666326
694611904
484553692
259182578
374983460
529608104
300931934
365492068
803582984
177614556
200798282
17970100
206065462
345921398
679199308
245995694
248219406
374930576
416995088
277436424
260293952
23027988
45854270
108448610
431200780
102583968
604577850
358817430
60646426
289868296
755597160
14689700
7249928
1352904
563575134
372240654
284642328
25254544
94265234
404744800
129607380
70237848
17890
528448162
361091788
696980344
839500332
475660012
796371732
1100608224
486121110
917845958
1085286446
148210080
536914938
314793020
79910750
1238126596
136835444
219691428
960345434
124908408
259899484
10513250
262920266
228832710
592315918
522614886
732275658
342863350
491567138
675784514
73707870
897302104
196932780
144870516
39042500
62003414
105369990
803971172
308433764
326262564
793300056
231446322
393939030
155167970
19525044
761558072
212829264
824017722
243592946
219271778
439168234
577775462
128262760
241244970
74088888
363181472
37185026
622068292
628151090
39320710
109419104
184968150
11880914
39176802
778885392
711190040
462438522
606033792
244725612
446390970
204122602
21850262
789340188
694557830
480342342
90526540
329657058
872873392
939644604
462685782
13963208
234813350
988858424
89510278
334271610
576952992
189431568
775893434
7847152
87259174
402424542
369523062
405043514
531570388
881837442
70496976
719033260
862343446
139911620
918589824
299444258
120664974
951664
161014454
285453354
798462906
406182804
1026894796
39901820
203157894
295215960
760921476
357801854
48345632
157510584
5179680
334987064
311521820
278598270
531822064
692618738
735298182
710124260
257957482
258237988
630574778
15831456
253743540
150774556
240001470
544354
732845512
600320
478840590
154021780
765651710
751416998
866902256
279153190
384418548
724136206
115712660
103991102
131128968
159486000
9600180
859726176
328352552
488616668
55178416
608477216
509273630
197308086
17157640
763067620
295444194
74001984
365857370
22687168
14161928
428440984
136366110
467666386
876318852
464614328
83621994
596962740
125533576
31386452
68946548
307743586
700301954
127425282
241226962
124483614
304907564
601859972
114050576
733192796
533592212
193000142
347565880
175628516
213073752
816222972
258776694
31308600
212694746
472662712
305557796
426351660
793278778
534612
171012610
687283962
78107254
64550010
618980076
170017936
679745016
669800
394785996
113271948
172923282
151002450
124547092
193249146
616638410
4053686
59769278
96594114
119763228
13751376
205090754
86183160
51022464
977818554
285293822
143958530
534173956
198546750
131039240
385574324
337684240
372621394
55046068
1000606536
562410368
542889496
311853944
293330410
196519150
208003034
20679726
135109364
230610180
8761680
372842790
645212788
203146602
199945870
40787760
27691418
585354158
622565724
142120680
372551416
580705780
214513062
52625168
330696108
185608028
559873998
886665018
702845110
243573212
387746370
147681190
447277270
38038438
70972776
407255982
1115887142
14628996
579773716
530626866
296352292
288165218
17848690
85411014
568674872
8756480
204272
278573882
131999676
573276406
127588800
327837632
517760302
183175364
340342868
234809786
20831702
25788000
113200226
100470208
60953100
194796932
313725388
252878810
503364838
640679800
43747564
333978758
651125488
21981760
106914558
637038640
56832524
714976150
916143592
353110860
76464256
125703806
1089926710
76788406
640523788
223651120
100839536
192974878
80670404
784202626
278381714
369861500
521702310
772642592
494937616
599119236
491422578
65347254
439134752
665541434
279321068
480553882
39850614
647486406
472122550
2525068
570984480
279270874
751718192
434314696
775014612
380173908
925462144
176234350
11406008
480124688
20897396
8807520
112149396
42163170
109803856
487825798
2463346
220010
432428848
819908086
372938284
23507104
420312528
523054742
224283996
928319414
348939162
237412486
442882070
59998180
92010556
444272224
88648370
448716462
522673882
245999036
161718982
138520996
423638582
605901344
84527336
133220002
721930248
2236250
93500160
453651986
397439036
99315110
215806294
196221482
233169728
46192950
42099644
289234378
68171912
203678426
58174216
270336564
108892508
522678004
20953012
136382484
415438260
422007268
124574736
746118644
62928688
252861886
335308180
987110686
8793360
231097730
297929504
859952216
532007306
134687134
36840620
185352680
93596782
913560822
294693252
11027542
24275888
119460970
725456440
173404536
251137482
80535988
830611192
402475758
8414580
14245230
403032386
719204620
549030514
306609656
505910162
2429350
80852370
59251566
413511404
376148634
51066138
299536230
81663920
22641682
73128272
20476254
345174232
594006432
969457080
15468816
18582304
858384138
372362
798915812
206145852
366400914
145380592
773394846
678711838
295498328
106515466
145790116
2410716
30999000
1205482
155266706
164834030
54167540
12706416
5098764
353395672
297323960
74666620
179884546
663820936
496354628
9094456
1057373942
415336130
3603700
345887212
60230016
256321484
643480050
68156868
130842762
126055204
149754044
722170710
768629644
85314434
364640654
394346694
36658980
319398910
150642830
348095454
103766030
392901352
575800800
15055510
318348906
578358012
660403792
617025616
152353324
1010254390
54606186
748280
67931046
370270586
527205570
502718548
457187026
116512298
31398432
560268902
62943458
26128832
102028354
330966560
227494842
988310758
19120206
425038442
623887544
529555302
609161660
52796574
387812066
412365130
746195912
143835470
584334520
402151750
809200270
8888
489880460
117693508
879779396
630151168
1835750
299141152
662864198
554625950
31965296
282473760
21301018
631142652
395091922
447178678
337302724
188777080
253691816
343469332
1098326456
746834188
689641572
749406944
447036634
285577254
606567486
319583100
1085755670
715692642
15905022
28621986
128258234
1063809638
547867182
324069178
52594780
370647430
256231976
429689792
212077222
456287148
375915020
725826268
830969604
6285376
149181498
8383640
111128600
708535226
133702932
142023258
242426092
235873408
77978812
367970510
441027864
241173914
125888302
599051000
302473968
21715968
673557738
426938864
35603728
326747958
51468628
677485096
484410276
716691188
370861962
506014726
210776364
433109624
510988994
149276560
292824860
209409494
657295068
34385944
60549450
89955400
3171056
99321332
34738242
178068456
584656352
870158000
63727062
358858028
702500146
109169772
662627192
13754526
47083386
200851314
556482924
167457400
79222044
253316234
522527872
28590208
646715336
507444820
101313630
55245560
489234042
627094144
230871888
154408890
176342570
349065914
463917476
192759174
470798198
448775326
989693406
614595982
265709464
13579788
346977804
185986712
54381502
14497878
437953756
25111230
937121318
587278352
101678600
190303956
304466410
419301592
173964482
514287026
285082848
623317292
78819242
294966674
319628970
499856160
756531490
359280720
432866222
81322554
195799280
106525764
50042408
289835490
213385460
363091150
648195332
356137422
242047666
145599702
122156128
695571618
3707918
537998618
258569256
5341600
194621498
127405056
153959812
327701188
554886768
568731266
108528982
742385250
504227718
385360304
37630332
790239350
10204332
523164798
489473238
463539634
301440572
419334270
817207256
279870184
915524156
453641048
321074052
10343000
337276992
729467238
179562250
950202536
66569970
656598444
744457886
360674544
11587538
77133548
240909272
738679478
770135942
34762178
16808652
76797882
4191336
45183174
693784490
145968792
507409210
278345310
270712004
379786602
99494508
628823542
510052052
162551266
205974054
195217306
533212448
880519784
75838860
113241052
375113494
31989330
680233380
131329442
339883430
729249518
662971886
23762490
85390236
597526388
30359530
624327498
757568368
171879694
1103284
225837848
645801112
398658744
447370860
816026014
485680046
498949338
14428874
262939766
475804308
676704570
8894168
782862740
39574600
30563206
252998210
149621504
188555054
722253146
392170148
687481948
475645548
72183496
687852
483373082
932239410
66984328
425413546
85082424
237150128
789549072
867164180
358295864
489828480
12240370
135999256
129915408
289228004
301182434
340240788
14798608
306795380
136586884
231106114
421380710
582893164
27108908
207478240
673022416
108802178
267300714
182900130
184409098
518921568
149216576
87850564
2838132
770698010
379426960
241287602
658447002
641876172
70543222
81138936
57601440
380336410
138536288
432266934
3068344
486802440
319640166
395580138
563027874
366178254
348444160
222648022
298615972
459020260
110767548
22297402
335643668
169076266
340898526
603510652
43891572
219173598
65578710
779976632
28830446
201369930
112029414
534764072
220225012
137612190
72984598
592589106
745565860
59664
545400292
180406204
33933440
575388238
192696184
25390960
74291784
2249600
490615368
897457312
172243604
1345218
1502072
536331340
774709442
396563612
25192720
25946518
576517604
382718444
731923322
292109448
253483484
925609776
478583216
202139840
216433420
591012922
346194294
608863318
70084118
744645000
1614532
535568262
199385032
754651120
7058700
466479550
1124494746
864659108
224979470
269819026
268521690
180956436
133146000
335503190
261884934
52007750
368080904
37483834
35595038
68234670
16387320
204500628
98849386
465467900
666653910
114555232
400853516
494267478
241455846
42293428
637671638
613145370
309410752
374272690
755654518
810287588
433817106
112096114
24004310
113207622
519975490
320339464
18947556
44202336
18658220
173183504
521190566
31017720
567544700
343799822
902628514
305624002
1147856000
289400306
568716148
60060224
12324754
267903170
608029158
205284646
6664878
20150312
172290354
354177084
699685418
439787538
29811894
199243834
162952432
55459710
105392762
152737126
516259390
446139220
625930984
102026556
631638738
305448262
563137692
873873122
675354104
528647964
48208278
598902044
92414632
674969154
730068726
284195740
262525288
200512076
918562522
1765618
355238956
494619622
687404314
160540688
41189280
263134570
221571344
115078884
5338400
171458130
121248720
794690410
957912326
187924740
381147004
163422808
718511702
57049520
815740460
239749624
6454322
222397394
123661584
71673650
947744640
53570352
599571048
618491864
126360332
170806090
9353542
199700112
926509070
842864032
112157752
979355992
989032230
189392538
664830090
404131956
649044502
980845630
757303824
85846838
597647700
554152544
3356064
35430680
927509488
146281816
283588344
689314868
496671488
468972536
403959120
267725660
20900240
274806476
34658852
880932584
250541220
751779798
762244834
81083104
501696160
524187972
178870432
684575482
120352958
417733298
83795290
727143622
878619416
739476624
571247962
10743348
76903344
238187786
27068710
474800386
40688038
850531310
237763108
180002630
513029232
416696852
618043960
1160635590
656087820
455181030
14692160
486635590
63127424
126353856
444113172
177885680
139196956
984756170
255720404
249360
782834648
201400336
87340858
135496450
348750942
191264260
109474098
359561262
1710880
351971068
752521916
604803016
648042912
3540784
27817192
122881430
671376480
41443116
53641310
503893806
45420736
502494720
134809808
479682056
57345964
392262574
740274298
202672366
722113768
249631510
942933832
698950040
577576148
215051190
103427430
24121460
8611044
819155774
202628702
108885904
281872374
620378240
357848682
241237310
92251656
255328050
36455300
31349098
59345032
417518832
613872
4932644
1125818652
382859458
55827322
172909560
161531360
518710500
453161918
1008484398
840000158
208798626
494078128
45334798
687074714
12167584
576931024
629300898
312027890
16946660
191153932
165537912
918607036
69819780
1154228462
221004732
171525054
193263350
978043360
1008141978
673314320
345350854
13236030
119639806
370873186
33075104
519844436
145201798
553318228
325645448
683924954
191785278
772023570
656299530
189421358
722738042
4477408
15921888
1053519198
538749644
482286474
577470618
420395682
464731544
2804436
600489106
830072120
91700080
1181441000
76672
483568340
487985664
591370812
877745338
388525486
292059540
196079632
991154378
1012201406
280290450
33744740
383264064
310233492
788587450
499931314
483068720
362167778
94153192
594629054
161412186
48960754
203960960
160336834
139837288
278583526
528818770
367793972
57716360
423716510
93306720
629054570
149332372
337928026
37372588
8417250
3799410
10818368
21792034
759564544
990397058
394800638
362821058
630647958
352893422
784817746
231242450
854778804
192122948
196375650
591090806
619768100
796828506
767889420
608455242
182270640
238637796
123228896
101219008
62224786
81427328
40977182
184764
93926560
382667440
109798142
201727460
524917834
689748322
91657110
53463118
232920548
273800512
422139598
279322364
103716716
334760722
8696364
675913466
730299390
716501910
4768374
285845320
123654330
261305720
513077552
11216896
162344860
392680202
206193520
311517054
742597438
751138588
234146398
290076284
617855710
353841770
691784772
396133544
672755888
658222152
141839916
378495672
8138340
288885528
793215550
15602158
866445324
110686950
559516136
17993098
112712632
266456160
439821394
563278642
266169420
437648570
326454216
538083436
28412478
205153108
193843560
315854170
681930866
117316106
68848280
71233954
40428528
32405100
164351346
345496632
23741916
111152840
309437672
195657460
993033342
294620864
741805554
542901842
262847636
541063720
349299848
262196172
172650108
567755734
203269282
909249602
475105390
151806430
567971616
20310102
709100538
177445722
305063562
1082650
2958396
521982056
340315012
879797000
288689186
405101466
156163510
479430912
66882532
596275000
135744700
670357490
11441354
53347084
18070600
114314712
751264168
2893452
874878546
21444118
27660978
63831918
481490790
31302992
153709006
166694670
620176460
26743488
22285942
86740258
880313692
970425974
382800680
914874696
72881232
828820416
118259600
41948006
104309146
610028024
466076176
8852596
250323048
328034774
75730028
647472160
208285992
854096792
460514064
489721338
267413948
578962330
134118050
672078210
254746674
138676702
83425320
519000516
45138936
729135720
10443000
345694470
373135772
806003336
12628616
251579906
139253400
801435224
88868982
483131058
47068626
1147000
570807538
896152488
789721702
173512266
86079934
20395370
338372860
694679678
192338080
23521536
459377878
20409838
49627760
36861590
195680260
390489872
559126900
654272396
730101892
613303006
5080712
245563716
778002804
478977390
692153088
554817724
71549940
608627082
345045328
31053360
158909100
127957058
406401488
447889576
161230052
826968396
281466804
744350740
700930638
300758590
553295142
769536468
885928528
697375078
24918098
315106532
440532360
239547218
158796182
924991982
851177502
902238
195652860
397002926
37223990
669017638
370906942
44420054
260889420
323900286
213501210
609281190
96367732
97855390
713375080
39607424
55430860
8052
155890292
299089982
71725148
56999028
693415436
304861190
797301478
628115368
577004808
1000471818
562026
970748488
218627872
619339818
158149192
141948662
511578008
128774888
522349850
489710262
993363970
35651396
729120190
320264784
307135568
2211800
151375038
172708150
1034988308
483922086
74147200
35993286
409757616
299640816
933821114
24531148
133870660
730100638
528829216
785091604
738033804
299171732
8691172
559206304
88030894
328655504
452622344
205953750
551157430
32681784
412775480
485076912
564739686
736816120
189307548
100556260
232567278
357764764
103339026
246771294
53746992
457038530
63543752
69950796
210821208
82562024
838210160
600459598
773435200
339196088
343829940
2634966
418601988
686469470
656729524
40001640
19503440
818539632
678253954
5619044
7768080
568480968
106887840
98477630
603163760
786438904
374028514
897367186
341005012
526303720
414442624
731388584
54378898
100549064
360882
133635470
812454670
554291372
899629376
650261082
160007702
200460666
542857424
911646350
80389030
1150133104
739729940
112100844
343234382
546831468
222701270
19570
214359064
821021884
773125488
895891922
66037510
536047470
45289360
530638792
479013616
380879024
39004066
425473288
1025555070
8242730
845857848
225399866
85953714
352671748
256264480
743221890
473254612
185382924
11298560
309251244
126639642
321198458
440013734
593934028
81597456
1096657352
329137318
166885378
861869314
1180247454
76706326
749590358
39955180
79972672
23468940
7924014
200034930
559628720
99007072
174170880
736380340
19954852
171093382
619880538
312476820
336737170
463331476
124823246
618894294
146642582
813527420
649844724
17697922
223531506
382379374
72593136
718607108
235623090
1764928
532535868
650178160
458870358
45917950
733702634
168448356
511157658
109282708
524034114
64412152
774115494
623543158
177502334
3860342
460327662
130269508
311964320
602631830
68085842
175400948
171953954
727141250
1021749360
771306258
17340568
294615648
128862886
45307312
516096892
796719420
115064264
23367704
651400
6491420
460802356
1045588572
380408200
660492922
141992396
169882646
565143300
291713954
175287680
875839262
167521832
529476652
54380782
158495740
367019360
720715556
306588996
272501414
695424596
545220128
31590380
255844380
352209864
104829628
680756058
238863718
678442482
523125360
21208190
862806494
71965084
17195528
434190
11128320
821828844
77070816
382630060
218204288
685088858
253840192
414945848
6894468
1219307038
28601870
271627132
108875058
31880616
33524960
633012242
502295396
116388440
35604780
543543236
78986860
679560130
527564198
918731834
505472764
157094410
649465646
127308864
866254
668467672
265583998
853948476
133502010
169027814
364566970
81248272
136751260
886637544
238184150
584003548
766864644
732502720
692586498
425613392
577848898
701787306
157124346
109648964
507079550
487270390
756288980
730412552
136668548
216904868
485292570
102514824
303667996
830456802
65952368
795599762
947429426
471207174
31106718
1115406370
890411438
693833126
203955096
409101840
502187852
612990926
552841860
434901120
12232942
180321538
52545988
227105846
108499130
8707050
249359698
12672240
497278948
57785744
72660780
54107280
160114048
81350
514747424
75757626
244131664
276522486
263056732
197032
19853864
70837030
267231170
995287416
50808172
10220292
419890204
585827060
601674324
271705970
615975010
1017958748
35366034
95602228
230715128
341221348
339275254
379154500
368576790
156607366
236290804
226748366
100971296
316146496
138230800
626232394
15428
313461758
255869380
295905208
197282328
50017360
3082620
396854498
640539904
116095714
154308366
419472424
565263480
230546768
739470788
418797240
366924410
600744610
730125736
63603032
33773970
800619728
293166094
474425676
103693364
441863920
658093210
276911160
193167296
834421024
120105944
77830674
595567756
608765654
56666720
664241266
443648816
394764264
151834490
90735608
362006586
687367136
530288
814579236
300105834
237383054
66162
395419986
510801762
763581018
128073818
198080188
911557682
579763750
507789260
20381826
671557696
944113110
68298702
214156998
739083288
79027172
138581116
132510386
944364784
550519268
440483416
286805238
313008956
162847014
129782508
53578402
349930524
6735168
70363768
670259618
15138904
509142948
117275962
871043814
915199848
51410100
449377868
1157757628
144948388
584854724
678330578
55352
756513242
111677970
375501330
302953114
39680
50079706
24223052
377822186
737946154
567523716
254541384
395314016
238574610
120446244
465227244
406613260
155626856
47051342
483570576
74834838
599029484
32048380
710744190
220225294
584752410
403499494
474028796
708803796
87047832
249221518
314249856
132360352
210493320
106884584
38705328
667735318
341577376
59276832
88857430
713874136
81419988
604417974
156266796
142563316
328303180
297977230
457725668
599934970
11022076
297723774
52039752
847255978
48363568
574663380
549757282
2713440
200051554
63680778
315943338
545800682
155741328
178763318
732887352
5873884
388484820
5097774
19464676
238200390
239157608
359336670
311808088
104727416
235438352
611460410
752446954
247977932
137560858
126284018
704851610
580904818
647096276
57203640
1093033732
244579156
501941670
385671552
568901524
145943964
688438098
436694550
115812118
7980760
619630792
22838220
532357758
431829416
251630774
7311496
673259842
768230082
590746128
30695994
124857438
7895944
62916766
634307918
210219404
95233854
261370022
1111777460
607049844
380092220
20382540
266588228
543047404
546547008
495348644
435750654
588246720
66701388
545542528
135521848
79458334
327344976
297309072
549010280
823224426
153083522
17728020
472351612
247623480
578416692
969178194
39172166
526424726
689239754
224141128
24591904
30534894
209963888
18359944
19526416
266552706
563605328
449632658
23469712
296505632
59911104
53074692
272104600
18419350
365678300
526469634
180736994
208875292
363026704
233652112
266573082
64641948
322759724
46066284
81007106
562298704
368733052
789912
781775384
500540880
141921586
644375618
350596440
339737732
881080994
835849920
292130496
723145422
679571232
703969406
345810736
284240
450555190
394102866
118049224
119516864
771927434
358001798
749068
391571832
511192082
165810756
110329124
698494492
12184250
727804
214602156
46786950
558061110
408998128
320791632
659140552
245271710
597617852
628821470
370342784
186867236
668895228
99400440
442408966
564830776
449965810
200905092
389216210
766310526
128910184
658801076
368598816
983355652
440515062
579800650
280685502
196025214
55765038
67244022
986876972
341012446
1122441056
384974340
126211120
411260106
120630954
189057868
517667950
574241530
746777542
291158108
207594262
238477186
439252922
430145396
894812588
23595664
372207404
217073958
653824492
33671660
16586184
452470290
214843250
226217556
7482496
447669228
445561694
382400258
525428248
182969862
875922100
196971442
133936426
903901704
126663092
657556826
394487838
105470558
237737888
160056524
89284706
151857214
739677714
48725326
397589860
91221748
506613916
4326608
293073382
646430880
482564
376926180
1009008548
717510634
860420336
543611070
289843830
43610300
76902766
613626280
95124298
84305104
712231772
377634876
89993268
363447050
464083876
179114470
141315262
85382458
64314392
526660722
391337204
313093750
690412488
91634548
1076402670
8633254
183913506
166969438
829179470
202415356
40891302
848614836
19852400
51681322
90919404
832984228
269800008
271324278
3206168
752856
499334698
375837586
184719810
796559416
582974550
31242360
240768876
383126848
480018180
208280406
284532002
761856782
313118996
534637874
488968458
402763458
373011866
513789376
51782906
211246518
8537568
388427246
553740202
775552722
1013993060
170930588
56092616
275312638
532798520
469652472
43298500
647114188
434085738
392365070
483392720
859839996
66792334
890576158
119195072
452933136
299286924
149208074
187722020
435582348
55242508
556646568
20768476
681891670
517336248
199091160
869636132
907500984
636998506
283465740
2973320
232972286
5909110
382664484
147543176
506102788
365161516
934729868
621754838
358896176
524976774
178182588
291247454
605576540
733773892
60201226
859285810
335603948
312780998
1033583100
697423372
11182842
3529126
124659328
485438258
663493904
406216946
544707002
50367388
253880780
142373720
683895374
552806474
1067482108
305046010
234269900
53083782
126905054
33833910
308455564
58794842
799084922
145753832
631774408
739200290
296064892
360274500
284973446
472888666
8757226
672142476
289181156
7417760
539956922
466901956
149755264
61441878
167562038
1732222
105086658
757854616
472717810
257050046
311004632
705075522
77651048
170172874
590601420
384636278
337814410
494867022
560530776
98083878
374693186
188127520
89389702
107331252
33544254
177801316
506233318
13260168
21305470
33202106
844991514
715122700
1798300
915567464
297874520
444085502
476913232
718670846
604830936
658138910
771575512
25141312
34789864
406853510
426755308
138910564
703904318
808025320
31398432
33030156
508744524
188612186
896991522
606225548
252733196
548654674
482709694
123571030
103329760
756215840
592000198
163382216
828498536
5777888
32603972
335164088
387090096
816958254
14313386
451915360
203399162
43963676
816164496
1015445056
484124132
243295482
626563382
232591772
365774452
333497800
70223216
103071904
57444150
93619240
307498408
117763166
221053736
521349216
44387574
656423660
925696394
471631742
31061640
428662526
701574128
210958714
350391716
85969034
338707558
315950864
990666174
342078356
7341942
97321046
361957264
110167728
9350396
524153718
104836860
651788400
249355480
15195420
11857780
549148
206638660
1034326110
615357572
625402196
434668010
521249230
711541300
105254770
18913630
366647646
190811230
657235184
190843250
460484580
69774712
19791886
297048174
866140
843019850
434938012
423345360
113263572
687808742
947073464
61484382
174745798
26800340
1186542378
208685464
6286860
9592860
607710546
234825012
373043138
845870170
25979060
445837558
218570806
560727780
394593244
290889448
405059142
140973410
803467424
695038082
5828744
178788728
313219876
395024194
68894480
63004998
584083712
175042340
917421646
512155154
202671710
59051820
328466832
32790098
472390016
513576940
12814688
19122960
50309574
384953216
119528018
836891780
855404716
327607008
569706622
499895958
23865452
392409662
63347216
321862222
724396610
788706364
673596622
65683156
594824652
16776086
67709274
880149822
286669052
36097992
64816020
474127670
264856344
208948436
234195546
97142580
16588374
846888840
578463456
494818046
510227186
404640372
102907390
408474570
22782816
606849030
622642420
142787638
14334912
433272492
229993376
629672836
37813392
6829882
686455656
50144754
739872692
147200952
338874174
776673898
189818776
301167280
286083870
714704096
941807380
386021040
90108526
301376180
661549206
221069092
48564094
66318592
533029118
503796546
1171353066
325244444
104371696
247876932
439646538
948509676
18683286
93604730
753833406
273516700
188395920
623562116
757502902
13295632
71641310
103795132
244538562
316546342
333115072
415188994
540361918
187976348
474150542
8193728
35662186
224575470
823520596
465569646
957157058
14451552
248778892
41271394
1003222824
284379026
491534084
569986586
385027854
841037236
823668998
583841484
49259914
801938158
420086904
7539844
97090130
226882206
529450544
670367748
513247518
365073910
127554886
664313866
666577512
96529030
70821446
161391284
503275780
263647150
513995798
460906702
1113684
855307214
221308108
81528062
1303512
639375592
23290562
195109816
65962062
592826114
417085454
40045806
981437688
119892320
931097338
270488244
198131286
90243798
406155540
849195112
359983328
331738652
630112868
695642066
431699318
20935568
871682258
617554674
739000930
340695150
77779848
219048450
513373604
412882484
57180734
262502772
278368948
11644340
736703156
78321112
23528044
64584002
231261940
9038264
813530488
229715630
515997172
730855882
527099416
404459926
15992624
178062418
649120308
93964474
3339380
198392890
454160618
611704740
384276760
854140866
535766700
3158716
316745702
467675250
165026232
248649892
76174278
51384688
698208582
138443936
186754258
285053412
41856694
1067540
412125448
140215680
630947022
394625382
748842038
326812756
21108484
864999408
776489130
723833878
856478150
134453906
967647246
117566692
143675432
327107908
504943570
149481722
748128810
863084406
168884574
175862394
66208160
543851558
128634478
43925480
234374522
49324100
628882514
58429794
84710000
838114522
669836006
566147796
15776864
80387138
747884942
147629684
104540998
102677014
14843360
730488444
341719084
705666116
346084736
553742086
218622202
535974742
39008772
20148128
13052444
1035736438
124378540
663659304
92254348
95873096
208547646
698155400
161749426
177412188
624559644
9791964
160084
429249342
145372394
664203086
359691452
86396596
561366724
435166598
1127905716
166312336
809160366
196445580
455443346
374542856
162327300
610063456
523112816
744744428
874215162
327811822
17609416
281951280
56441614
23304550
317594512
87820814
401547182
795459740
296262392
580810664
332534820
23221278
1197645098
392845256
18086050
314765084
291622970
435279036
225730206
495210
820682638
174964470
158814438
38411632
32509340
446929880
13401168
79539790
83842256
69366158
783270000
676405468
448714778
354143790
6722468
47507402
157121176
1568438
231420
691767530
35149642
6087130
721343120
405869732
279451132
767312008
616017182
7383794
25188852
259444506
38458724
29760856
300728710
620305668
377695698
683251876
102402264
3509290
6530568
425841140
283582208
1008072644
38227124
785611898
205960602
126815844
96681242
26013478
404187752
759792998
592775188
715968738
712728446
111417350
103439438
517162406
245054056
626441834
451616424
771601738
83189000
612627744
13578892
33800946
711798478
32455172
548628662
409488566
140689972
225448274
192272118
406374608
234667494
195769262
5522882
537554624
375460624
395126464
516645262
695595986
158928940
186947648
615407710
419216790
561345066
342588280
760552
100355668
335377096
673933218
295048940
624340228
348737542
116523386
271021222
545984872
1276332
409915592
560233268
50358948
454375420
993657476
883708180
21067404
167423480
200651446
1002091624
179420686
135585768
54531078
95566072
29830308
529623576
43043010
218077360
447667444
313510870
586621130
158203836
50421404
83319932
175318546
481774714
718995128
191598056
445866798
660965418
15037462
671848378
419859382
66951952
304242626
498881896
380057830
7923760
327314
61068286
34276204
690755324
703625244
247354934
9841312
70681208
11935934
30277800
153453084
458501666
5081850
417609770
437998
19813960
105458940
725464552
204682106
365260020
895118380
537949090
238641390
172258276
437687342
8508084
579240090
941596942
333496504
721498390
329443090
685034898
260621140
55904110
174639034
212833782
169236862
453582384
606343414
126515340
792176530
362768
380900750
88069280
321121750
580644518
656525770
6078550
505058320
420819588
147289778
69791808
265396272
206038040
467178980
49928468
269671582
155428614
13524928
418818190
586922944
622711050
1754982
95521670
531368300
638406470
113991676
356302662
617748564
138615892
1627162
239119228
222898176
531763676
139944222
422260262
152203982
891367750
361850658
736997462
856052372
268700188
498486670
72608130
227014632
824392336
77082528
141617812
243874406
113277192
486126870
880650972
10182440
316266370
204128688
14656448
6145668
121304926
500226304
36757400
384238042
19220426
364127792
295538548
114214896
569772248
950286324
187054986
77082580
627089566
256336030
217867742
874670218
581352594
781993848
444791552
5293600
330262390
564873296
1704216
388983780
328772990
224413136
13316848
870923326
546036868
731470380
104923594
584098392
25595388
799318648
49540960
19582948
700359050
515412948
753939652
775957600
396318184
754972298
80319954
131948368
811064010
216609770
1041102616
823824532
23154772
397589298
32017770
290466706
35050158
1012691134
374743384
301184034
6047392
284355050
682854996
5206278
20719290
782786104
77119576
19203438
1052692222
859668498
156989938
299415034
965362316
819530784
475667962
275506204
80796766
690387940
865439550
27307408
35708244
76295680
220872734
806866062
18068192
315051206
6753528
514470100
38946576
650183238
520559434
299639864
87300
792304442
8538972
640330252
661490540
183865310
640924530
413765466
452026388
43047902
20345624
647841830
226340378
268896400
32830574
111747454
354891570
206818702
5925272
270575342
679044256
221831240
88760300
44227962
266148866
1258476
1210056510
106096364
33133248
8930236
682409892
276730250
126290908
317717632
205552322
272870496
3087600
560400636
733675172
806888536
576880566
128913528
194696010
221131714
65884392
397730290
213424276
679061766
498124088
645209174
177503662
113550066
90203736
1976962
693121762
334250432
303356400
568063538
75145388
198084870
417740840
89933312
521179568
330246048
99326476
56841840
973520898
258353490
275350436
44740794
195260470
119485998
261038622
239514450
821098244
250721546
318583690
864988210
646203040
573626360
988976322
812261460
532516310
193704510
648572838
542453840
77597868
755820918
210289086
184790696
592254560
877809270
81397972
763041884
34373330
584206120
1016482052
810468068
26713392
190108740
474482964
34580198
649461394
629562184
117310372
269763908
401252834
44725366
349724812
604672588
382041396
174437108
488007122
663189500
344708708
982774270
82175672
882275320
291486436
113435800
65620538
117006958
1114711882
569421048
128164042
941659418
612026026
388677356
397791732
440257546
784030206
38713070
550833168
60879644
635435460
662378870
974718738
128293082
375905282
30188238
90943048
462438620
265027350
101567258
428778224
243030
135176958
491232758
434577242
269257736
478510192
65076110
470191406
10062656
27036550
263488440
198678632
218519090
258703240
501708228
339593156
400627010
138666008
800176152
319130640
438486954
487900508
567334350
638727120
513246250
815845496
174470338
322778236
141366432
300859584
108968678
952492742
437730690
604604496
976112588
437660880
91837336
254068126
183689200
582763880
298723272
15916348
252510092
71088308
6376748
32579612
586593510
579974312
306493730
113847238
670196880
12944256
192763410
632802500
16434928
438582946
533903230
95961112
859454860
39573430
600355390
767870010
2063564
187894532
213362970
254615078
477854268
519398512
254060166
303055420
379801856
129283830
286520732
145967362
170994648
71516132
46158620
103638084
799136958
499811052
345370354
6341112
156580760
431963154
272356834
301089984
10922508
6781162
854559508
715533664
440868488
433656874
58598788
463340374
361039078
196655910
365546958
469988342
258201354
174531760
17872156
333939218
294997292
419959910
5376064
135017272
621633112
222234896
272792520
641224858
90876190
326374860
373529328
41269614
169474102
821832068
412853896
642961296
67190674
667694474
186198814
249339120
98513660
443210686
1188890
729655036
658688696
936281094
441179254
88299128
233064326
290908546
265781676
234471778
423572672
359036118
349909346
146985520
93196854
457992096
872437130
141986552
130751140
77886048
353753800
722632700
259557732
165315988
55441716
408911142
106089932
60201286
952169748
3226940
122742384
933882466
330752040
259592
93644720
140551596
248999688
104994178
394524406
599148490
55711014
308136806
46881480
627198410
277415516
588978068
522123956
262465100
72234948
76697198
712440014
567104938
757329750
44807852
10048960
278670392
119818590
83049850
226930492
183815320
250360084
81221482
158700816
1040407866
120581770
66410398
79205868
121752956
854118250
2579356
226533356
180194622
769043602
644256994
154404100
502788900
213222702
199563510
117866672
70667120
124936806
633144756
1007397532
524045966
893362504
586420834
49691868
297773800
1560944
133744156
597672708
511747550
3445332
531033598
39204488
767812298
5899222
214971406
356877140
101429060
4714048
129102658
508623148
1069727018
917250934
13800760
29544250
240871024
894960
61268568
315889364
412965954
155548624
773900520
620897798
3032654
93856116
54904830
489417872
3922260
158032178
5650744
84278836
15126408
795892738
42790000
990955200
170681362
30544170
17326952
846914096
149789312
43684924
124764996
297488618
190049638
399135436
293080540
227032300
645598518
550594000
27317916
84027646
943455482
145235512
769703014
416324400
678463784
24071876
341128902
593171184
606536400
283017090
666973678
281353000
233544368
849965558
97916374
417224822
171179236
635241706
692740600
659452872
376106176
181485650
54779480
2438744
222398328
494489048
737457098
5906432
518725546
18615390
762785560
509590338
248085030
411716074
206899988
1275960
147615456
339633580
185080952
729154892
899562570
353396658
423393806
100499142
438307068
945029120
72945944
407016288
1002755344
312846104
235090298
914868108
499556652
254962134
400841680
382034624
325393100
1178907118
124905118
107118936
663441194
112840164
737098598
10010248
856764698
370670118
31201326
350754910
29139264
686541698
92491086
62218884
89123786
357232786
589327230
141611570
715751948
869342336
12459174
351590644
52038160
131722960
587195632
21531898
368835766
67043876
615798094
708159248
85776936
672343646
5212812
692255496
511725590
15556684
663062214
400564216
219881574
27697992
324524424
138655416
33539760
436918324
60530958
95863468
383437782
790570980
439789486
48576616
200609760
22834674
859218686
164781548
580092304
654744244
452518110
172751350
926952360
595661244
376567862
521108944
39000130
39748150
130286814
269486540
25413136
108957212
424342084
105690170
266560978
157077550
47430832
514764280
88117544
565307578
228171070
49210280
30345512
223291402
354549922
731985226
42507640
577456978
89128888
57797950
223009960
22433530
160431838
4720192
720396722
1119584
169622678
25800892
541729490
55064674
26675766
967889398
35064744
258891654
754523854
6566196
70398878
692784540
942475870
336295980
262164962
589638678
420829882
319941006
586219136
652072378
472448468
100393544
170589746
541840886
13115610
33551686
5487914
50580656
930498994
556082430
802537236
322945654
458900952
10506250
154824398
219095722
875469916
328020094
205977876
300272690
241610496
6953546
586724316
216630176
130433300
1062737062
372622496
684423482
618254980
336637562
676056822
16152106
39513818
297365680
463001824
71271434
71378396
76778442
207761122
401662132
818837840
124500970
211691820
213786426
21592942
70091702
497355900
508694144
418502880
652542422
96187108
163063610
752051184
780613202
155679418
28466550
20176208
821991358
347593336
249579740
500770438
441114900
494376918
163975066
563861146
276421086
677325912
600560238
86761810
22461754
363339954
813953046
673274182
847561190
72857764
593809180
120458604
848974386
485162556
6957252
93958280
357706002
601083990
157817718
979950820
270892888
682972090
44548754
485778208
717981050
42911200
932976738
197631468
227585996
25323086
458981896
94859890
292978396
31701426
416800060
201476116
2551744
557123806
881048948
366197020
389491374
65700072
344570404
427192966
551579760
418792206
403848698
261771578
141819492
290674030
242677690
174620334
92869416
590056474
12064052
104957034
186279618
169414140
137595006
585263658
305212600
194245774
549937922
251574390
10034914
267153294
77147974
2930680
191811376
427924326
289067038
306109830
2148582
303380078
654331590
915140220
297140228
363494816
760366406
551373454
260947142
176189978
254507956
150417994
593873940
214584738
457260144
368509362
940919894
249038724
552413118
980734640
459189548
101374644
533898350
103911472
769229988
284623668
748268132
300157048
223511596
139518324
502722058
186076
195155012
802178724
146471654
632528800
7274066
86101972
341903844
299135400
582629098
682865658
846691574
179077660
447109730
532676152
520597630
836672872
136386148
448506930
705936956
408143974
648554610
2846070
375467420
875380
534016882
83381470
4184672
25276384
726898896
385830314
89982794
433817964
86070858
52904306
491778940
557287964
318312590
168656846
876065774
261388160
25434304
894152920
64050724
334227372
469944584
101636912
104350360
981562132
198748964
456623496
182638470
105892170
500005154
327639020
796989954
731643300
117079180
154423150
170737814
2280640
384489828
91003664
755248
557730238
394608470
575402434
425918056
92936830
74467500
969622198
368068914
507736550
177997452
75423186
794994904
196163148
69221502
188753590
792486768
837182842
401943042
309938076
472726234
22358714
422030902
482104630
339845908
450886046
200075400
228305698
864527476
438035068
165817748
457221408
225872144
651730178
406467476
923722030
291690988
198121930
616614970
156221414
939813498
113897788
372436882
48935148
103173552
887413618
115001134
137066386
751221050
17819674
3874200
95671998
575859410
25214224
25200112
104983200
270942940
694507544
316350956
1001146460
413675772
114298588
837558382
140792302
587672956
498327058
474168250
844632032
531989880
2660246
18071500
682766954
14978852
165974
169916888
757078536
638851300
778494910
293008516
625650206
272497128
660580780
713713640
18449096
462244524
533040084
9636968
143142508
419272366
16311904
551835284
354653660
354522460
570911864
9657520
489476172
236752862
441396622
210141752
644396058
156229482
56540152
648610922
779050120
130650800
576375612
702208880
478648988
335400172
873149510
392066754
673502482
252084954
12778776
155109054
145936174
404656
474620978
747656
98133852
390043738
404537178
595035776
108486342
976989932
22464492
139090050
915411520
159408108
181308090
132407266
529436522
33149980
331108122
608539654
1140351448
145642462
321331940
939194716
944333536
372732852
17995300
62961072
191863856
38296272
193616884
1071214796
19374124
340179660
135252
509786046
23678320
949477132
775920
277723902
259237206
257216920
311016966
73038282
335175740
498244500
171374088
461925360
85411688
396008356
480872026
504569616
98178902
915116528
351409908
37156130
1903510
257395358
224171886
541048424
256713806
209277640
288353622
1129990308
338132198
165840704
986270550
10138984
561467070
140540
69148280
304628254
189878570
544989062
156133638
153139984
259605420
267521770
261157708
327739748
343087602
662593030
669498366
95966866
175759422
505752860
3696528
11341214
593708888
38015162
28069420
54681396
393073654
68455920
255449724
261061950
461690920
135805060
35492276
268803606
27019290
462963466
303299270
63654306
317657002
16597566
832782650
192603714
664377328
640090368
598402374
315612102
1056649360
29638768
327768882
276232610
650099156
466683356
347392002
114605670
43199408
64702430
700419158
579575876
194396624
43734212
122501696
283134768
35507720
46045256
42211880
312895432
609208988
295209290
416723694
17440358
424047104
29143488
291093224
434511224
859022116
310810640
61307656
511586804
150939380
436833636
354983586
121246256
457371010
239679204
211689882
432253336
115202602
283145410
236224264
20531556
96537366
286796510
326251152
730988428
60950850
377645666
1208744984
327921592
15318826
488879082
812224630
20177144
342736112
91188448
510709380
99617740
318160306
268454554
645928124
874279918
448335368
772311788
792078736
132663366
1431170
2627968
820760254
392657080
607001092
755402648
1075216
233316352
168525328
938428628
804206974
6645960
321541920
825288468
41300294
144161600
344706706
101273920
510997182
106299758
226376602
434903654
39183910
792554758
404480720
518069532
46154110
336648470
456130928
233720872
700473220
67355240
109882220
186090870
100135168
732705474
469686444
387460744
1087761950
710368336
146897724
19443732
225289168
348602692
504745792
14330220
131802724
957583752
608422810
306207282
212130988
105479740
66843990
59534090
109681820
559077004
804687286
325499060
581670982
335995226
353472272
565085056
738812370
147707606
441583972
190047748
615308432
792353744
182119828
171833542
163985584
122079750
559101790
320541004
637084548
584353872
136432900
144116000
967395886
387003436
347515668
9389842
45594526
328728168
675461982
47799232
493249074
486181800
567528124
41603466
947245476
424192258
169396168
514431694
904948812
111232694
700059732
348043928
761910472
894760998
269369844
840186890
156863556
831710528
15144300
376095562
363139642
157232036
536166216
358129228
40227980
838797568
10019236
355812568
3484756
883269910
369967510
36508880
24886006
10041802
440490118
927471128
251307908
131644878
671254264
165351144
213712040
362110064
430593970
310780240
68717532
304679538
654381042
177507730
115988298
905804448
260723728
531770376
703373864
1039655244
16462606
333378260
26467494
1028321160
642880
4649728
732895532
285400008
47364222
47408520
75417988
117408120
672707822
96038196
314700810
22082574
989395232
944686100
26112458
120921938
205442108
775362372
268440120
550899814
23037068
492404712
867431934
318732872
10029748
356228414
291577578
338790430
473693214
767153602
108583250
390831298
24096380
38195762
438850756
361396958
61743652
265650142
1021234952
150696752
36616800
528882738
255190030
471366240
28420350
682295178
2435818
356806082
106013574
116288002
257849478
1192697940
547575588
912127390
482563650
89410418
524982574
507479746
399668254
281677078
225726202
682699122
595293978
114718560
43889348
20244848
2887038
730706284
308605572
568006328
102250576
880766868
157439232
371792982
28342386
93557880
822543512
598994124
30095640
962848606
1471860
272211870
223649986
596019630
134482312
500485510
144610072
43162070
273769492
27305850
180448038
36565764
626818088
243305154
111733772
272085982
29877940
210949958
316258800
763289032
923587672
187299130
15964224
595231492
283421922
21065490
494022860
601718272
641149882
416499486
636490860
369297060
488941842
259752800
13173534
403604370
79784428
774818508
635605242
118115540
77536824
223338176
424149312
809392268
350946906
716302186
551287510
846442814
112463190
1054391126
775345060
165136012
678813542
107040338
27685536
389607406
703493294
342946172
54718720
2217800
645450670
669992950
6698880
8074840
169503194
58486108
406596006
44450910
234702640
589533748
437978538
1058998266
495642562
723367014
127311356
585657586
873385406
366979156
22357594
563014574
18444348
12505192
145813168
6686930
3558452
467749508
120781570
79505396
298958044
970642692
906201628
655084644
150155572
16712328
1541332
181906970
60616500
432438658
513258804
111469050
52280628
899184000
487430060
286889976
19817990
389012536
636846
533781802
122837846
309608
729145254
78949538
238444598
4995686
31402364
662170074
35645252
614753962
112768482
186186734
607302460
664741416
856351864
113495582
144560078
291122200
182012262
143747852
131361620
531900654
177182280
442810422
543245950
503200660
79768376
18082000
635136016
110216980
817487562
626147466
378805630
449370188
773619390
530176860
215817868
523540968
535217378
180303954
463867366
78550594
126736082
59809940
18543088
302555804
923541582
5981664
309675586
164598784
404853420
374499314
4042948
479472238
22372070
6311108
211078994
120477062
74368960
311483264
671069772
114479922
257812268
917119944
127786566
58286248
445875682
339188342
194868542
3824160
86368482
28834774
230730512
719504750
114629318
101899362
307016630
375117106
14255284
620903632
633383802
765001502
459852656
198488218
124415370
509255552
510750922
151792318
135941548
19647166
365904792
34598740
741685990
531059172
285874276
159450026
830094880
1002662622
752127608
702406900
661404656
473148364
22829230
33102870
435892256
702227208
168718720
1661784
194144740
103642472
421559390
440783654
2882196
1209160182
178334736
841351608
714859466
267477802
868632606
552177884
156436564
334074576
479839978
787440432
46543482
201531008
907131016
156691684
335219820
757357688
137256722
258898950
629506474
688210120
628928846
135158464
653093300
100637376
161083504
31338000
178046824
698616944
837465888
9670208
155365200
206322542
506655990
611540282
250056876
23564176
506697138
690107088
148612612
321069858
728119310
240135186
420990316
10244880
100987936
480260924
529507412
412427436
14816692
696226906
551018140
29413978
197266228
279259068
991852780
310253228
673094338
105802130
25733968
543855948
32226906
597448554
83678036
453918406
456377302
332103196
701367280
71465706
1045363800
602266670
325920406
878074330
117368930
126532560
595150764
8008370
58742680
2561104
780259296
23874130
474077198
829792906
513710318
501509532
673499428
575809660
60026600
295830426
380271728
798757396
88046834
705160
957384976
32057830
524745424
601467756
257130654
60685490
652219042
781951548
25596064
404764612
64515282
631409252
773599280
188746960
647349530
198894328
389842040
4811394
700055844
539875786
197535822
206764108
142680462
52359808
430321410
87909278
569766624
811692436
340641696
573999400
489868084
941233030
796014814
874635404
432177140
765048640
256689888
345538776
305900684
117390000
441620124
533561946
106589624
234845444
83821000
258106812
232088610
1026206208
4364604
85500
273054516
116389746
557098824
612875982
94825128
606108890
713174802
851478650
368666494
580047846
288459128
120056048
23857130
213544344
119421548
326407792
458446986
47764178
714376118
10126832
12868824
185816270
112324358
666954328
296566402
631717694
677249970
33702024
163861120
348263870
216239062
249977078
244814410
6853654
412479458
483193194
467639958
95931010
95762
698154840
521006870
305363610
50215700
73132510
436722778
191599594
152240790
153574
49164330
324510286
247505420
74923706
662840912
521502898
527249560
21517576
328394112
55650236
195273288
9716080
855081804
107437610
716611462
722376588
390481570
12378784
593236188
35472968
99666612
2237320
97691550
679445042
221178348
337083046
114669282
691433880
675146612
675377410
63098928
415577612
565340884
909186600
164337530
320158330
557377868
850121620
536501648
39900292
88041406
957746968
638839234
610150310
879820098
312720500
751283370
313634238
599531938
746410212
365799386
718879500
366964426
763763732
698652596
73412648
3165344
363796840
643014580
857934778
574949952
543427900
756303546
561794872
91786202
165596
530559472
189896220
127967480
277356646
434011704
247231716
316424226
87933584
459655720
552289188
268586492
447962940
940539330
28163408
1031255206
25096544
305397684
824889186
131600288
764309944
860084350
96333320
76925200
274256334
67586230
10433264
656075304
528229912
36944060
504975616
446396760
149725238
64010080
219984206
709343870
660622220
519760630
756730122
283808058
331158238
243366462
395318612
456198774
253654566
435691586
330588620
737441486
312003314
472230152
60918490
356177708
103890332
1136211770
512318412
531782466
85423738
369306400
94749438
63378120
769434654
463447804
75584344
706169230
33933346
293636062
519703370
102470456
35076494
120563174
37335580
179525190
128934804
308339150
1145715034
686165110
308609814
875479880
93119628
140389170
76735890
875030434
754918404
368403040
138002896
146957048
70806278
28825300
447121650
255399056
619699130
578390132
90682280
401628284
12706666
637291156
386606
83007000
591935890
241211180
528899930
803824060
502977956
139967476
104880060
81515120
673195246
114442036
286819704
164651922
203571666
225271742
61959256
652862112
219824514
305267034
130018062
694922846
244995112
712076440
255964744
435535084
224470498
373849724
837470670
551928354
69537440
90466156
209906478
643901260
322251684
1118124278
846056060
271673080
2694700
107946750
847949116
379875490
366218674
181346476
252844302
121052470
199131884
212085996
328544410
74269220
498602470
9970462
83710822
329098636
534928392
514188
546724204
579192354
130470942
281881564
356208610
1052637168
108385138
72203964
2845470
342878704
628965932
59263208
69001542
552950284
64790540
54611424
195603112
459059016
420314686
234343832
160644166
435396110
238876258
376352380
467338116
167275476
58946548
245913564
579011798
398450156
318750136
107993100
297188364
326302762
323784766
1090636480
201253878
86321162
244311714
250040644
1011928250
628578102
26721600
624485194
98016128
385066036
478225360
786770072
453712854
56839242
430715774
380315156
776364164
248929434
483974314
18585040
61594040
475972398
38853430
810226782
234952478
457638384
827341842
808728182
324270472
172520778
167540704
368145444
558456868
34030290
2792934
2959872
489165642
21622516
102111790
424866566
894460078
10866628
1101527228
93961680
6858934
55910114
28413000
28819000
143518156
34390408
952444710
76664206
264779310
218411450
82017516
101302296
691592054
217687310
17181616
341698494
74070400
619909188
14722680
17017700
114408
575182104
65575424
208565644
151065654
672413044
717759874
762485712
192528820
30416284
410867666
4751954
686383310
352070626
3258900
141002872
422431262
153185368
726953606
992400382
31158120
21716590
202279380
38776332
494760
49182560
459422446
245105808
61677140
510052188
206720746
5698400
813353006
1063396578
3637568
1043031088
378048338
660464436
47787428
522952592
140944096
888904594
250743150
236750684
16536252
427300900
76710410
688145882
54329534
395638336
241736524
30051028
347323248
35405288
14778756
313783848
930472888
666992690
7606482
197789568
861094112
502153988
22224218
695387108
748592
141745482
11665054
348290066
248925198
695824488
41343720
183674056
688309978
690804832
349234780
470037484
15914568
529777206
378597590
682996470
924343532
382398880
133337788
535863886
691244358
175920412
200409308
147832940
269011072
17350632
470347162
37120086
328210240
1001932828
52311220
506318344
110873210
802622102
130309180
180190830
1198377940
766016518
417303902
232933184
845498464
20692286
282054044
56410048
148855338
740345110
338715150
725682698
41598906
1012983454
145610478
365162906
644946328
273923268
543629190
710491166
124558148
316086260
37091054
1068621432
528551008
796973074
821758788
514688374
187487666
466207972
439373494
98500086
114227270
940276272
23362038
203575848
180170780
337377316
34951048
249836878
377131410
133019888
54723928
412198
31400172
186669108
868578772
4179560
205290472
300966400
160548800
395514150
20144384
830464916
258648318
682284444
384787880
1040315784
739268512
28069100
669732030
14499520
247590452
52721010
474131800
284433858
348597442
259881416
895242056
371722896
83044500
467145884
49435776
164291058
96648524
397151344
35953438
309615178
318725784
142506390
222643608
419985044
95556044
7861516
148833400
354050818
358698520
121833432
92405946
10909510
71270798
640656786
708288378
12321880
489792220
179962966
153473020
264019592
1959454
677021788
116089194
3951000
980442346
349696446
21751218
157738142
296982080
628176234
179413262
425525942
372198218
348875930
664004306
421099038
165348988
686442894
94513934
753870872
172008320
356295898
5510802
361778460
67062992
239065392
638773982
7066840
37130400
510962996
442785496
443457100
36606530
291312596
103286412
83764270
42743020
38848940
670152466
1000741886
383232116
624919952
547439238
128218920
308356468
145117634
429548862
78599844
184365562
181327906
198052202
694271956
535478860
11788110
760881020
153144470
887413522
482706950
289997982
220119800
471238996
9145760
378828776
368778964
308377338
5098528
5246472
91774384
570611976
212782720
616587142
506351326
321555166
630578800
377266730
715774290
797469250
67094528
152007020
491218688
452403502
96242032
98807370
461614298
815650016
130798074
17653666
385618864
750009606
684644438
25650240
175708552
265263232
18852864
261609922
1972128
887904472
444380
717557034
748145432
120112766
961454232
253927820
709474310
260785294
192763546
312402762
532741472
927285920
452080228
204585430
112987628
421787714
395903718
721231364
393095366
12922226
616479398
335932640
73817948
192132430
503102808
48997090
86019494
747282194
333417324
309546640
428630154
472407122
62441918
127480512
244041870
491874658
25053006
9121378
429546176
2310256
870747790
482632644
160876674
265858128
938089290
282819298
340409844
369737722
98142426
260880652
572980604
712269002
242289994
122929910
110725028
76882050
223351264
760408
453299818
425679568
886369620
471960454
567478
330657068
1042189506
5076974
323035110
575068886
424203090
314772764
554893860
27657510
26444364
5325200
52153562
769084128
172325270
368672
550055756
429797568
382814642
55925740
265519132
46807980
564214424
613652172
644413654
456723448
731676328
738417410
466487748
393874466
415663706
597487750
828465824
41268084
108665436
230088844
368196314
711007052
562388238
280216868
305518838
78139740
225863510
932808530
383992
31705930
7713606
89278340
66925820
7671790
599560076
147424612
79321880
8633274
39235724
728629300
660133496
44753878
138617084
220191082
499547602
706690
419199214
345312562
16630356
21028728
144921266
721072
609051072
65683828
667867660
310505776
27612876
263737322
298743586
460463646
855210688
777417068
48950308
79394432
758486888
337985984
125089536
17769932
303225826
911133496
225759830
814394590
160202622
739736256
475621866
53754768
137905572
617038172
826441866
18704348
254814626
28904264
613949952
37983866
382444708
631367674
127934996
855117624
616089506
16035210
882422160
12206180
392831192
400628716
170303488
145804490
72178532
603113430
446206078
57523674
79706132
59966144
705935140
412382676
185437738
82546654
192460180
52921742
11735360
317273688
78236050
481797770
542811452
169666018
463898640
2522260
75008840
602475848
903705210
1031772824
791300940
250822778
659586830
189685354
18012256
412454312
694139468
613520866
655337336
578024370
593039832
55930976
251073850
108766084
3037468
458561078
338778408
645457162
10123112
433712632
570672498
29443360
8744508
582970558
111360496
381724622
526398022
91529862
142065510
37350814
793380654
598813600
653216288
760409204
200886298
92722518
38423212
81347024
48817802
218956970
403874922
22623084
254973762
37712242
120708556
568982
769166768
120523848
49330872
1180731850
48555298
399108372
243240486
112651560
573046250
439247042
690541806
203317492
296668594
463414806
562734454
143348
121800484
493806010
695767386
943801754
30734786
3503200
662734716
21033504
39737390
439545706
340807200
170279086
276913038
189828854
697443504
22129672
148884764
96524802
869470648
373290012
29563908
171944080
803875836
737028838
373114934
241024250
106394832
254587398
108372992
579430686
685206632
688454710
21655680
579952478
96650258
157109212
687125124
311200832
173210628
921269260
721840360
681204310
813598104
487884362
688022240
527342786
455390320
175741408
248938358
55635118
6937196
218116292
45462760
788376060
206755952
840868956
252330162
60589950
224574186
271311084
4817854
624103202
692563602
558837224
534499788
402343448
818497440
330588114
18373680
76219990
701790936
101720928
401541652
424037562
466915876
39092552
354012030
5546516
870407042
615860578
1040785482
656573390
55953180
855579456
654634494
20744626
593301214
55414922
269750252
336975012
16171270
5929664
758702972
568844240
397271394
540962028
270981590
643843642
58692508
419304326
532777946
70329888
71976428
324389066
504026544
46254698
696884758
234782960
85232296
33727280
93897116
266867792
24533618
619084026
34496340
356635828
43914332
96368528
17888344
47887044
696947474
202726148
194373384
764014908
526819986
787019318
164244246
192820458
62128172
216781760
44956256
975095174
631965336
531538758
43771890
18553424
635447762
129038294
958264518
286352806
348946638
461763850
618548414
462374278
203904732
928998368
331589496
536958718
909134734
193087926
37844694
17040338
335025486
77364858
9120800
209925462
812320990
159003222
507123332
920046074
407994230
793311050
174950748
142754396
453464438
876012220
96725220
28079846
196304392
271007440
475441662
291752724
59896704
495300862
71211206
14236616
100313388
73573600
201146366
97981664
237744792
171517268
313677426
259248854
932859050
82240922
326529752
6278592
190614458
613710734
43639676
633890872
814563096
301659760
783472136
27189072
50829308
115725190
134399676
56799042
80019484
29219520
819447940
412135170
289537962
75118078
42574000
345649844
859301314
307013368
168358044
80763470
382402730
677688498
330081260
430820064
724052206
898157640
137091428
45997080
196939810
246606242
346019698
330166448
308217864
604908114
896539382
589983782
512453146
142963714
362145176
33910646
324238
719263924
747773520
424309140
69614878
407244944
655006590
22993586
160740236
319935566
408203274
564871804
718360146
679463614
264953414
242835520
579317654
163077684
462632510
551951048
466074514
717351974
114449912
967765668
549273732
957909930
534108390
71056280
285957828
401838324
418929754
796269618
58053592
76030108
350364960
20846362
713984894
54250868
92047222
288334574
68448
831650530
969054460
406584690
280799030
326857340
756768988
763135670
639109246
567152200
669784956
28334056
635619696
477390
782088322
606714112
77436816
177356144
173289180
37640576
390800738
15838944
153638348
187116210
517915936
6626088
72865578
184133686
256703380
606859590
535422672
27931320
295793620
266296478
708838694
80878606
209889664
479329324
474831500
170583114
68264410
144962218
60445014
184552952
681300
25939900
927823710
99071794
358732304
289646314
539295706
271937972
103012110
65129400
625899582
277737008
277291930
801161220
109213490
26935200
188260108
253562660
2529124
83154208
122334202
675481656
106576170
481336134
9135440
835014546
644936046
269548112
411304010
113660450
23370844
94588662
189886704
80555974
97238608
296587216
224615082
52771862
81435352
213795296
603386236
1016896440
581318660
258779150
951288384
69941840
894642706
191272670
28176772
338746868
71777468
597045254
406660234
590220218
310903866
421072400
88125378
117522040
30855000
1323294
585341762
451991556
151314680
348696820
220252196
13702192
58591424
455215190
263925854
515206250
759759414
276409228
755495528
682112252
166421228
891333212
131402438
115068174
387340818
286931284
720527290
14323776
773099730
449019986
845245720
672739650
75072946
522845706
475944842
641548918
319966310
24210104
333653886
307242532
93302838
436471104
154465466
506184
150532612
871886288
361131688
395422410
1014380332
243936408
259170846
534946126
23106248
904966928
6360424
382931208
622108146
347937304
651693610
231156798
386672702
16913330
756997148
90367786
586256860
279557276
632986090
521960650
540997874
353098248
560230558
183676634
706031690
90657778
387749982
664999260
353595088
536457444
117279764
641899364
870004436
17639812
43741888
239759998
620102410
511225222
454618094
141153582
690956608
2785158
389824454
802940082
199261902
243635206
422871436
161867302
105688916
883452154
746379748
614718446
535440
570331742
324534096
436191552
963556262
68045552
8680316
587884258
66598306
631064728
571826328
7348
719527692
284844222
162040616
89162486
7885878
789265210
172485408
261537676
85458958
400693226
110301670
211406882
220898298
949152638
358656308
21239890
97220792
404701268
64926266
678907234
522753672
1020421044
336984680
375229746
173254434
81817930
100904436
612360576
560429162
632058248
10915258
305399422
128036188
335840524
390568734
388481358
200909080
665344692
62902518
556679608
988749980
1169567236
639546390
650724800
635077922
109656470
606371172
415348178
190194832
128465020
454664552
660669206
364331474
191215050
298065132
17444450
492257304
678415804
351970952
121713918
159136258
486412256
860922532
525185288
713321806
32532720
278960988
607903364
397140128
435169218
765269614
495005276
852672662
118467278
515774934
20512100
465607680
771742138
91184250
17147576
189523394
687959870
32922962
24255682
654278044
1056005320
591305792
495845362
529738584
895501486
159287750
288449504
529761212
16405726
541173224
367654274
378034864
965208604
505066976
229635846
49838200
597530042
47193240
706832362
150890698
402973146
18392706
599999278
12739458
723935160
752050040
631640500
16820282
211586908
192149910
589661462
169391908
217450340
72038354
798726956
546957926
171423792
307669896
11082468
248887194
831809908
650434958
808866088
886192688
250177426
571481836
556520276
142169630
720922994
180202992
739750494
661443986
28554394
214894302
494944998
636546106
254895786
402853532
47905874
335774042
918337838
1126587660
8306992
563625710
668801850
72657010
548910174
768658712
301798028
965574458
415319316
660123742
24303396
11388
447191742
194306666
5040728
501330
224426058
119958782
77213118
758112352
997335054
784871798
95191724
256674370
709983374
203723552
564704918
415064546
363751240
660161528
10046734
750360524
199549558
11526768
549309236
265385534
202631744
133209020
387321180
133052
819482100
618766124
853720378
301386752
301719168
32286358
149678048
518793740
582974654
534096846
160390944
657876222
39942242
206833344
616943614
253109208
399629738
4499968
44360
173968642
476961010
29026624
697678880
382650886
211261304
538321318
749565700
611774718
484999670
1669232
40901634
89350656
8529670
193129692
40871306
411470900
258194170
423239882
60508500
75666530
1052478238
77827216
685878358
125326586
400937072
125519682
533806986
806368
686073996
781538
38773798
37551026
225380100
202116220
385049378
502816898
29520130
815840788
3191910
714900198
6118600
60299624
17007638
854847794
7011722
146176456
309695806
426594056
152650336
49501074
585029014
146119962
144663362
274606840
959173416
27351142
623438988
32417118
237121546
682146890
305171790
410690328
484191248
179456862
289028558
235380788
636691500
149757012
27546444
22873092
51109230
453898576
113557258
8885720
13607090
796988900
348928350
495125620
648711520
56647658
1024593686
191907782
771680
206938030
664587084
99937722
179832886
1028213364
4037670
213568166
298784482
293321536
451082238
61655850
191344120
446140052
87205308
480235644
18434968
363331218
613347960
195253216
13619992
579265050
612271080
365949074
766241812
202989756
756526618
117331248
47229730
927385454
652796470
89436046
10484250
496650
59598336
76997950
516991624
746758082
192417810
1019404668
349693054
1684632
141879976
63825964
445071948
15961960
67086758
569194502
36856670
616077592
353092144
6807252
619430264
633379720
11612172
556634318
17832990
145797176
728509410
296425708
117632936
245266070
800496892
195936234
45876130
384188410
826884
294204420
488575566
119398988
853091480
572267154
531466412
327158
53691152
275407590
916819096
624060442
144817374
221333718
659462838
503589178
439074440
246022700
8732762
586351646
548925306
225855656
41134632
20924572
464233576
202263982
803052654
217447970
530336192
319293758
683307810
630725758
71603728
186785770
168059052
455787202
21539540
579570856
272116530
9969232
42556800
977758764
418769248
1099612880
178248918
547853168
371106204
161337560
471440620
78669322
281359624
593369022
39320320
532247400
254239080
552216126
589006714
146746690
8611054
592833328
581012852
521994000
408128054
31735114
387944690
523373536
559784756
330173184
116573520
1104169092
919546148
346651888
652084856
467632
209780000
275666930
396277932
407853744
23459872
103875932
597178012
124409918
167538740
141358088
1115757328
463303750
982423748
483737840
647837690
391358550
509952902
635456988
374306252
566581684
552898658
171321746
711253946
200493886
400471290
600279188
53301940
42047506
690705864
674704632
245305612
396651644
220209474
616612390
204213690
208797108
100514732
24888576
35155642
976081770
273885248
65305740
495123772
914729080
438343964
474903670
47228844
70235674
651485904
3730880
15310328
609029940
117677864
524375760
2464616
170355530
413544206
144590270
883348180
512240290
340655094
532138022
350033882
105623496
295410848
28824250
671557238
541548664
384991500
976138536
594076054
690348444
162494996
36860968
368924300
758494100
478998530
52468650
807922048
658715392
78700
336319654
233445130
126320636
251966828
53250770
416708948
562067556
14587724
800337244
526777672
574856072
859466920
547162784
963695540
384091902
64094596
764947846
497786484
49647006
91249494
416587408
533782090
361609124
332575404
858755264
1186818
697398036
160413088
181260842
391756802
141648936
176828242
426289758
625407446
853809096
655750488
271656752
47842080
171348152
10788708
538623924
556769480
467794972
569741516
394825394
39513386
535297842
95888856
717339044
663659512
16478728
528104046
282311160
482102216
82494622
693713260
241187098
719972766
46559990
738926862
998104714
258420406
413074678
408907974
638740562
440144288
125604952
324215820
504969106
10180648
393527808
899783180
29312448
292416072
965107948
422094840
86782516
190742140
478334022
27109068
710769254
301791086
80343172
170278452
107999360
433670294
133795754
428915232
519982302
189786818
605589500
242308298
446757020
107941106
180109968
393269808
351081924
319109176
43092866
344991518
16669404
251791182
417077068
310632762
187147040
748921134
402741424
303973438
797480652
914212850
669433176
859859350
60016016
480934360
203511242
634009248
568932170
749392820
518232290
19500404
1036471438
80668054
714430918
724617830
33579860
559727612
999742726
843459336
41625896
78010228
812166040
144450268
759806718
691016920
661071682
374160826
665393432
474107442
767137720
293085948
621791820
67015476
494715284
863566812
631591916
985494708
156658800
222821634
762312258
577385784
535716776
358094136
159409838
607176850
699297620
380014206
2259500
286525242
116835674
103786688
718399380
664468288
103913876
224558562
279215734
135747698
146952596
621043740
76748636
493187484
45036244
416533538
4434732
560815224
9223760
267992066
995668894
128082770
163275546
425187924
170313278
127159680
4828582
323304070
183562128
614090958
634834266
519260790
421794068
93052990
19894030
264892346
854633488
76601506
23832050
634813232
3372800
262980310
455202540
552424062
100792612
672249200
761626158
403051394
234523754
665256764
263904726
346713768
287345906
97359970
614572540
98275190
23246408
549054
552386120
643496040
127912612
25685972
552460466
367801842
140624972
89306446
726068910
681109992
375423394
600023168
673449192
4316192
493173090
440860938
26468172
54733120
323087214
443727356
18102700
564397278
28415450
3574384
768303460
473662962
459777444
27027392
59039370
206102936
325517332
328965336
278717928
8288896
710639214
544221138
524949068
410447120
550885898
521105016
73683752
346305926
285883040
120848074
444910814
213534668
1031212248
489439144
380155936
141999808
686955234
403544520
355424648
261493052
78040982
141595830
828720
615187364
645019668
230396
48000160
296024210
176434150
448509980
30472260
683323408
103476352
367763238
602711762
762850676
722197922
249606338
311668692
58675192
801215906
188763544
414919240
592502216
365527226
176838320
1032103544
436841418
882463852
221370468
422950968
387733338
19902620
1000989652
130352852
961673818
699325980
5462888
234429056
47164342
49496810
617039440
210950446
628902054
437845628
502662708
507958192
15172370
389410280
529427040
7014456
397253778
66528262
1167556884
52367716
107682190
502910538
61996376
3641434
207647204
153469974
315824902
768742320
357334350
884040114
221860092
291586874
232020280
461807588
252686504
261499642
4461254
519496450
85592474
133701012
300513672
94742158
15776736
694970954
318813490
716956400
65106560
1193648
28897202
624932838
210972650
914287270
128743576
5871960
103523424
134864520
507928994
698266362
28661850
499076128
230716486
340431600
371061880
876043990
116394518
46836700
547486746
118836408
867258994
204524258
266044146
501949188
51431674
891036644
155255786
446098934
1221616366
175121472
88948948
723667622
347706666
682277436
83333028
107222944
373453458
765500738
26953932
192948022
166545288
671186682
18455220
175519032
397227958
37787456
371393526
295445104
249925416
946334200
782741478
16402012
679264440
123710790
348633550
191073746
438485006
83729500
1010514472
300447252
292050834
60507316
504053150
510016418
602776510
577915468
10707312
42313446
640640674
510048
95625848
272317892
322370840
593702062
204468870
8705096
66732548
572733306
39257140
566443730
499997942
364831786
205389752
70830926
109570076
9613216
219046918
208008716
281136754
699233516
869128
36612790
731918148
409410412
633878908
673434140
171653432
592945130
363239952
707717058
43624370
240226626
407149094
215494564
172613056
13722258
916160
10843302
410319388
5797976
869634842
14428478
239697906
1011527280
175091540
87614252
275701354
137911518
3414544
900132040
850796100
53301950
592389626
218060646
304045420
563689810
209719480
262912954
204592220
588600506
61647828
632251284
288289500
125684376
350472472
113722904
962607334
30053000
1076585414
724288234
43777844
241012044
639289606
52048152
1734844
12132078
182206326
47064486
493938172
63943670
850705976
36192492
651565476
146421680
172500554
445523372
774121078
33894960
261567022
498018876
587071886
96081688
478223336
140585532
588008616
814133692
489469336
49736120
213602554
450113374
14156062
869634490
73346614
790646320
577902524
38625116
377771108
862134734
822650408
1361850
513452904
344327336
558015156
265228142
912964110
2006688
1059229434
424814072
492408096
529795146
153145678
674891550
903987596
655637622
538085296
226506692
150729504
642061694
769648276
476165998
811274320
1126605672
608532024
637510
642383202
786204240
618232822
306936360
451358924
217055516
552869606
117920414
690148072
3696528
29125396
271413110
783971546
242068928
123498500
691961570
414794236
103185084
1378998
145657814
938788004
833170302
145434898
442080028
580089362
26848824
221000220
423666740
822943374
458381922
299479266
81241824
237171318
387312794
536632924
350362832
334370474
161575024
542836184
117901978
306428152
256000972
225455720
9254960
94945026
444575858
298591568
2741120
243179068
140019660
824355782
71074562
935395736
485784226
209343756
739113514
473613900
600962258
96160374
256380488
716281570
392868700
63420792
35962668
221693272
504447210
959534482
379296420
508979658
23115936
6752016
165142974
47860240
853893184
378918336
507024458
230428798
432562110
732919930
301227520
1055614434
762587856
763418596
216130124
52899822
761240696
194069826
777562548
696213170
204626292
271321550
182604918
759500042
66216516
495112816
765803986
28179580
32958348
614373424
288304496
225242740
179664860
735579630
75043544
439880300
472435060
368077222
9299600
431988368
405088172
404859214
611122316
323895092
617316500
294044448
476059230
778074024
223593614
648093976
290801270
655678584
266800136
889495034
218485164
465234992
5208810
117262880
42613200
67981660
139115172
671541500
604703640
18254552
462154168
160294998
289696466
157986466
581305376
232368696
232707392
24122450
605018828
84894080
425422170
296499240
246944212
29922512
649644078
431870180
1026466428
113071054
23328208
96221350
873611350
696276182
153558960
151846230
638346094
766821526
100574606
68190564
670792868
900234384
8153730
1092753648
500517904
548548056
2436742
109264820
163538890
9305018
191657560
985607426
142096040
103323920
315627208
169953600
3892522
602697542
417426384
25537590
826741974
712926520
621188766
212988252
4607690
36171178
222267380
951369316
150400140
258382478
265243768
679862890
518617406
270270686
122788162
56669848
745221974
471821334
12693366
405076
334062330
286380074
376650690
330620548
421366378
193791010
255426438
483492192
166390256
542529568
350739054
346009968
250116458
242898422
380616510
244029328
482445704
403721182
339917226
485580610
672445998
244427596
131783388
82610398
17601862
393949690
127148630
419863070
489688350
805229596
839873218
2416722
326006522
59483910
298315102
358416772
23082430
913386378
192404388
577377778
425508346
27697992
34682984
492321942
189292344
256593508
353761660
103212890
87049356
288494238
391719748
283676598
525062364
291471054
170264260
640442768
19303900
273548956
757933944
167524682
53820432
726889002
116200098
322060148
614124172
748675234
1035237010
62106280
195427858
93247440
57204222
334502208
111120350
584767170
820323460
300516970
513635776
437447592
132212126
486751312
282522088
13698414
145795020
70234484
206460100
74038720
239177570
388561282
19095074
950350746
344923518
704598254
157134242
771543930
691981560
268831580
339871462
72217842
687891670
822129546
343269220
4333462
8981644
9077242
800982970
549410124
444524726
216786098
288431594
766122412
852583394
196952594
452617456
195053048
157554230
809063624
627494288
620314884
7740894
107785708
37640960
582719186
95882518
217623420
449074184
627653914
565871176
571593036
544659318
304972050
281317858
177182640
742098480
109155686
557644408
140996580
264986994
1067569068
59651028
563066948
573424524
193003990
391849864
430462880
548908210
194117828
849682972
695700990
327446800
141726548
27087586
942739910
7459872
88938510
222283938
721089086
3476860
1189730
384117264
47737172
552881676
397873802
51536770
653958112
1088402
839251282
845486632
928790668
62192330
110280992
276787240
253059446
102431336
57994386
25096358
155073502
835177110
361588612
307716864
436419424
202207532
614748634
592359898
461679574
324466248
88932564
925855146
568552586
9104
1127740682
24810188
10170232
740087078
71340348
934191894
17095022
847748540
66274558
354884880
969887942
442596354
149128774
1180861038
541296352
80282318
109823506
536246862
1035854944
166121996
530343660
550180500
535514030
150938416
165699584
823453632
6928258
491520
197785352
133049248
57413590
821568750
367583692
1353912
16307860
130168534
236481148
64310876
637558604
110107188
581411288
94423470
443317280
206778462
205637072
290666010
281756994
202481668
135727190
73525694
16519796
820697694
122976
348156340
1161454216
564014974
404224914
77484880
278088510
274104296
236605554
236343526
408895034
63293408
412157830
294644268
42342424
422429644
750232656
363155980
6869616
540073794
7557894
21569262
693343036
69860090
514623502
537809138
622718894
139077228
287052
782957056
787481866
233193558
344430042
488229358
151239756
92346968
324116
77090886
54253942
232629546
246697018
41101656
109365456
454926138
21081614
44154372
32262672
229755646
1268586052
150689520
124078310
98253056
26039580
775561740
854538638
230181958
153176726
329893598
29980820
664722164
319231100
468716856
1177977502
87210230
224922626
253739152
1022162414
695793302
521715592
257549508
233298042
71193724
190717598
578613966
903713042
785398332
47793536
754999502
386678120
2920260
30871770
463689920
162298864
788894200
985297274
52490906
137407964
170766930
278807866
45952142
135326934
463701506
73567690
89425626
3786060
625208552
189024534
29289820
347437142
893769166
4210770
894201234
25040982
622470364
162360166
507449630
168636276
836249008
990355980
530676458
113156044
100605988
353669980
8691880
71541694
778721610
493754536
497492568
654271602
76447476
239371472
778304302
26056580
278944160
57297102
295758400
226495730
1151836056
748671726
620718900
293045312
674480716
104191032
676271056
564606166
228438744
83730000
323306628
642852108
430028498
238507986
310573400
391922714
159562580
935818330
238261800
261823582
674410298
53404536
614032432
150433792
125852430
141353002
542663998
371720250
669134718
366575404
