6608296
149404
7094056
123766
471870
3552208
2780858
2350242
4908
3283106
1097052
800734
10741580
4095030
4111878
2168616
7325036
529150
34688
5496904
3894610
350804
3675784
5686186
5104272
2868864
9137842
812886
3647604
4199678
3297566
1908646
7113140
74876
498832
283572
1689114
189816
133768
655574
5628464
3822744
1831908
9100054
6241176
4482678
4129182
5187032
6762438
1151282
79844
786816
369972
8699822
10383960
5616402
883364
7449136
112496
600580
97120
3618968
330906
3744952
9447830
304644
810648
7468064
2764348
7851476
1939036
402634
5606716
960328
1257396
4489650
869608
601778
3743952
7189600
235974
3353468
5352666
393664
10164728
1791056
6315894
2043976
1680206
5958370
2537390
7352118
4638030
4444966
7657296
9838282
2441212
7910638
6241912
6105040
2247540
218916
6628738
7676256
64298
8981670
587218
439326
5909808
3468312
8181964
128786
5128758
2754014
8594032
59560
989300
2472764
2494228
10675628
7290670
1578030
181930
3942752
615918
5226248
6285872
234342
1482942
1775642
444706
5544862
8299086
1692120
1497526
1243212
8696194
3501922
2998212
5314650
8929284
7102998
369418
2557424
8217556
6650228
9906326
2710488
1100902
5339680
3829544
62920
8824604
457092
620020
2499166
6994776
140980
1397388
5184306
10273276
3569888
187482
1569132
2570592
5210084
4422862
544616
381516
6866884
708808
6617894
296128
3968782
1426912
5062122
195952
4136598
550390
1741350
8517420
3587528
517394
1874124
2137644
8046756
5613260
617102
3416320
4142574
188120
1870534
2848120
7554858
9046330
821062
202592
2382640
11442696
3335078
4350148
739672
5600760
5781276
7442250
6554740
4527030
1203158
4456634
1270886
4608834
6189274
1788868
10902188
7933006
651898
2215998
24018
2563386
2932220
1249032
289890
2693088
1138732
877734
365892
3253710
3577614
4894510
1165930
3047638
2315354
2451978
6171664
5324046
3687670
508176
89354
3032474
5865042
4663204
8147576
8054196
5049730
1409268
555718
7190004
6926498
2242640
5980716
1727872
1258422
6789714
4909208
337616
6798342
1095600
180050
61372
2731618
504172
9251912
5271752
6436400
1937450
6064382
560220
1241468
3858148
1168678
6710414
578044
8460378
4661822
4553712
1966488
1805176
7742876
5649386
4801236
2393948
1646614
1784494
3452250
8791418
666372
3937422
757248
2530718
292610
1065420
4364862
9354
77826
1005462
2100402
2628022
5165840
6675090
30798
4009544
3737656
4023974
1333916
246888
183548
2732038
5470074
3621108
7407814
7791412
3706648
948
8840704
3371682
15680
9580148
4079848
3547002
5154288
9560808
5904890
5012764
2801478
3091064
1516854
3894110
4554212
445444
741250
7008456
2764690
5894306
3246210
5548368
8965220
6577354
6810986
380764
8967542
8115204
6221406
1996476
3428416
898490
3072948
1023264
1087126
3308484
35626
154568
452558
1877618
1070804
1067252
6741088
27470
4227434
2428958
1879522
2038932
5069348
1087924
6947470
368454
7973072
1184366
9844204
4113352
4890996
4256504
5365638
376248
1921832
5876360
1022966
8017610
2920784
154374
2757072
1366402
338732
8104918
2026628
151124
5718602
3439442
7953326
4283544
7601420
117680
1306984
6499138
4287562
7626330
9375728
3989212
7201198
1931614
132154
1154056
3600312
6221862
3050532
8193066
2151186
70600
1333764
71070
8002700
4214846
10274412
507600
1625656
5027516
1039186
2154516
4299322
1155158
905704
5735370
6649298
311972
1071594
1624418
197476
358184
516308
913832
2603864
922034
6029216
3480748
3017534
1338570
491014
102836
1191922
802784
737688
1223468
2652624
4350664
1455628
8945812
3540194
1543310
7054620
7438972
4065002
6579780
1366064
2805482
4100632
5891372
3522944
889412
7133406
6217708
4539598
3817930
2654588
250686
1648488
1268576
50792
3249068
7374316
7738236
268018
7927850
1292996
1557298
9606764
448104
7478530
827414
1379618
7648914
627210
2154134
826258
1548370
6566418
120362
1102958
1758486
7193696
6153600
2736998
8057038
3606840
5191356
4743604
159760
1275148
1492162
2027866
7043412
2317136
6531214
8615050
5129400
2924542
5123086
5312
148064
5042428
2331956
310276
234764
3098936
3716998
207420
1205488
477682
269918
7469662
812794
1107528
10053294
947202
2993398
1986752
4986452
9203080
1641654
1280462
1617682
326604
922754
2162066
4314736
7217174
10667452
62402
4183544
9044702
706282
472362
4139066
3562972
4949480
149264
3962616
2375678
2567960
7738606
544480
5827758
4882130
962082
7832868
10671714
2313446
4443426
3115106
2377334
3408912
2356986
751746
3203564
787006
1424376
142504
2412922
6465824
9102522
7770552
2382140
4483988
5319508
1051496
2244324
10012148
1656040
2044436
2267788
687498
6890304
3799642
3867918
4019322
180
1047622
4559386
691064
8229188
6416002
874648
1588040
2163960
277268
459736
1814494
410546
268208
6574100
141468
11491724
4325982
3137560
471994
4536764
1653558
3381766
2151106
7185440
4000512
5988126
7818898
138000
5366404
3685420
1864052
6779782
4356330
356960
3210214
3307610
2816580
139968
3707610
8198536
5890738
231664
3812172
1918716
7540534
8750412
4137560
2259874
1590254
1922738
3831022
6205178
743928
3711506
6238074
153880
491902
2114064
4610472
4955660
1303704
508948
11119096
3249746
6657226
10097098
6111222
2398810
1841648
4247108
2888182
6519002
8823900
5195540
7203162
191758
1319698
534666
2005864
3647756
788084
5645488
789152
1863498
125472
5068060
6284044
2182334
2747364
800010
4186570
7905106
4449600
6292192
1595108
3282374
5912782
143670
3310348
378944
61566
5468798
4218158
10101820
7155240
769398
4996192
7854212
7809638
4653088
39544
6640392
1020708
4933402
146360
7590130
5589904
2923416
8418374
1609184
1004396
1652314
3984342
1630494
6223394
5636358
7931738
9214404
10467848
6598698
409904
7404352
1376210
8802016
5664400
1838934
86672
4169468
2854084
315594
1147726
1213294
23198
350246
5989470
4791816
1614062
6786712
4623580
5700372
5123460
6425168
5862078
4157172
2261882
5011810
1603710
120
10292420
1746454
8794912
2470608
967542
3583074
3663148
26668
191694
5094718
835238
2200916
4729186
8970260
9635314
5404514
2172336
2717390
1107248
11710564
6389694
215312
1799402
127002
174448
2821466
2468798
409548
29516
596922
4443830
897790
1069912
1028028
5375444
48708
2089108
4529438
5106014
11103686
2185182
5631896
9179234
3733348
646026
10037418
345196
765836
3230960
1271000
6970144
1150638
455866
3771738
7273088
3012856
4757394
589696
5881010
4844958
334504
1596292
8326356
7025416
3434492
6792526
6245660
6315302
4777860
5178644
7161356
366922
3751804
1266290
5568230
2144304
1112322
128754
1388544
142
1571218
438696
5821736
737132
3614594
7255886
8247074
627996
4951656
815990
4076940
6157154
6540626
2968298
159006
5890538
6385802
2545076
6686388
11003982
230146
1154558
665676
399558
2855314
2781596
1052180
7225990
4976888
2959196
2121680
4351246
4164234
3365514
3928750
1694930
2312530
1142914
72686
7528314
6463836
2374690
2865942
2929086
150948
7007764
7630588
2826288
759796
8933356
4806680
180456
5738260
1913628
2249278
4094802
431446
2064112
3257412
1939858
5230032
108548
1417814
4478132
5628616
4274658
6241936
970772
10057122
936236
6280224
1078208
3670714
220256
8120188
3789948
7405814
2413750
117750
785552
4708278
6457720
8367614
2140032
4912060
57556
1509838
359988
4907608
5524866
1594844
6190640
5158522
4248676
280634
7310026
6059678
1351760
3743454
10414190
2274704
3323034
35124
2820632
168300
9096
8829866
4272712
26536
20882
3822938
3932942
1170850
633200
1116378
64770
1145780
7144822
7220982
1638408
3070222
6501070
2179186
1416192
2207042
144126
871400
10879006
252706
163262
3277336
94788
2467088
49918
5703262
1007906
6511010
92922
1259330
4658
1753714
570282
2444826
3568744
1090060
3352728
1526004
3985842
7258130
7320134
4918766
4150590
1880640
10229334
9770540
899294
4839094
8926744
7582208
2153414
1487256
6492560
576806
2994682
2805488
2804630
2218906
2627958
131102
9826734
3597888
2764870
4080558
2994876
2661036
1932752
1464382
1251412
10222390
76264
5959766
85840
8210834
876054
6130498
9496182
261100
3917398
2880164
115936
1756680
361174
4389750
6711106
362678
4273902
8210346
5558726
9749800
5558654
271208
1049432
125174
10208558
4630958
1397420
2050
3748790
2106702
6221256
1059358
3422042
1344236
4868990
498794
73958
488402
536412
2606208
3289050
2082342
9005316
5767462
5468550
3204068
4937930
4630544
2356380
6522170
4074826
684700
6876690
1578108
3117212
3693640
594454
2759798
8497338
9003518
51674
27644
1051936
2888658
2628430
7003360
3034
4087218
8236204
3823154
2198052
4506618
194440
1231038
4696000
3227974
1544446
11378006
4991948
3412642
6174078
6732328
1513918
2896752
7699110
4423790
2332358
3358186
211818
15972
2993378
1300610
5242516
637872
6938176
5623034
4949468
3172214
795164
970560
9659824
3320634
3910178
736166
2931030
8092730
7783026
6720520
1091928
5103200
7067440
4167174
3055650
3133402
6303328
3098446
656560
832882
3066720
1149606
236616
1017522
6947522
5755354
226476
135818
1708956
1308846
50806
3531568
2468888
1099364
67298
515528
7607262
4311312
382252
7289226
7305002
6478476
28978
44588
3319908
6358612
221994
5133168
601600
262048
219436
882838
186312
772852
4335296
2635676
6678850
6392662
4592514
56606
4242946
5968160
164718
32016
532864
5319774
138640
2705948
3762036
3345874
3932302
956200
7389500
3918484
129638
4902920
49064
957864
3824890
5904890
4582280
400020
1197902
5681472
2965390
456310
8014706
7184020
6415112
10718812
3667642
2125448
5258264
4228022
4779460
4289608
3678782
3879368
39730
5719878
966250
7647378
962206
1351386
136258
4236004
1937308
4004032
5812100
2916034
5809662
6321194
6580116
3232946
296972
1745408
8218378
2141594
1226044
4017542
123594
9674336
6831706
1596500
3077734
3223972
659504
310476
3483638
3917890
435882
4455798
3643160
2341402
2570828
8473378
5116192
6014662
767304
2611186
3169896
266224
8882852
4668156
2836686
742956
8759200
5797432
852224
2926546
19608
3578160
3457786
6183764
4812860
98998
375928
7207244
633208
442456
7066768
137704
892810
4631078
7794492
198548
294544
4611392
610774
4132476
746128
3071120
478246
4107310
2751598
174596
9125794
3920906
6969092
437506
4811914
3024660
767302
6903930
439758
9183020
8883724
6331108
2836168
3552862
2872528
4741492
1727394
7428262
1308288
3221638
1891188
1767834
5851360
6649168
7952524
8702282
4045794
7637298
3653628
4860302
316302
194524
6295088
223390
321944
995342
97938
2034234
5001624
6799842
1967804
4927764
3238570
1426010
301450
879642
5227526
7262374
1383050
2402934
1352238
53594
1644166
51824
5372954
507796
2744968
4568316
837548
2769308
3609992
337688
1091582
3013362
356580
2960712
563680
6702644
5982
8298654
2662782
2295814
9433776
818018
6435420
654018
811898
3218278
2915200
4537730
5502134
154888
6823210
4116594
2143790
433098
4107406
10201056
2927026
8541004
61294
5664388
7794500
5631592
5424470
351470
4548698
6376114
4870032
980508
3457122
2447198
266258
3843160
1398604
300390
4889336
1724050
11265322
1709476
6483046
1404080
3982958
7836928
72836
830974
632578
1551974
5802638
2237530
12119290
2099310
6836530
2977906
6846672
3643918
1626400
460242
7636392
7463552
3533916
1194988
1981106
10973934
63488
1164654
112436
5727306
207326
3991198
178578
3530418
858934
3145456
902088
7343654
3734376
1562608
7979486
3398694
1175358
1411396
4419552
116524
662560
6911498
4361130
2397258
1070988
1254948
80548
1920172
479526
5725776
1953892
5338004
974064
3390
1286294
4080576
315734
338846
1236874
475116
7815498
2474870
256154
21680
117150
36108
7474930
28412
2087924
5407374
734870
5578566
383896
4321702
3957932
3809526
5658400
4040348
2088576
2289654
1644986
5629884
1207524
959314
5056166
5400208
4381558
3451426
148334
4178462
9148808
1492190
616902
4475328
4796306
5942678
3273098
3784210
3283338
5303146
9921984
1992
3414360
7579436
2132826
11328948
8028512
2867402
206610
345890
5091312
6592914
2404868
8998462
1729288
2087982
2421612
5124966
823448
6798232
1777276
2932676
8849368
8123728
9891640
47536
6660922
5741242
4566950
349296
6002714
3836788
8911712
1319748
2276760
6284414
7235064
6958932
3526318
9579746
6136246
724546
4481410
8211740
4255888
1168888
5705650
5750234
761816
965912
9290636
8039002
88344
6303876
866338
7079520
4302308
4
1103860
281780
7583354
1387790
6871952
7626132
357056
284808
2179284
4378542
2053556
4749910
3721912
4873174
8420662
230676
3764752
2108330
7269180
856770
129256
2381788
3005542
1494984
3150218
8105334
4380844
5563164
1228912
3825512
2234392
2610630
5825524
10580368
3514926
814876
6340286
2066900
1945858
6425068
1169538
578816
3204
212206
2930560
446320
313252
8073892
469230
1380138
4513944
7658040
6761720
567752
7521960
2228114
5383064
2351092
3045232
89296
1920610
2166112
4928490
7906270
192470
6707964
7667442
6122742
562482
1876624
3580230
5236422
2997034
1296824
4723670
6586218
2148920
3594400
317148
1366830
3973930
3258558
369390
2111858
320062
193166
1810942
5661704
4110414
5503160
2846772
23738
2411948
689502
7424574
1918556
3550102
1055002
849156
421168
3630022
11409912
3634040
1317998
57680
486458
330058
1514512
2252724
80298
9553234
5985568
1862416
3868396
1335446
1286594
6941032
3027004
5957984
8794456
8254176
7312108
1983196
7576706
11241864
3022300
2171450
7428624
2352316
5270416
18312
1914572
5801684
3125416
9226454
1836148
1359140
4825898
4831470
5779316
7854542
4248
9449218
7221382
4004256
9372272
5125016
1716534
7380620
6097292
4989306
3597898
71704
2472424
1147498
11384398
3739208
2157758
3174704
6030414
1631488
4774542
6109338
3725298
5458222
677120
1491150
963170
1931220
3317360
412340
8842166
1227972
5938386
2017904
1361514
6086204
278520
1451526
3443582
4364750
7933202
185632
1484956
3860710
4020882
5965232
6488224
2027078
6516644
4727654
5445974
12888
7756556
552324
4434154
6551978
3726154
5198256
4354756
368188
1935516
867220
1933860
6263322
133308
219470
503026
1689060
414204
6322592
6069202
16310
5735494
423662
4328542
3029270
369522
1621074
7038460
8618406
9854524
676440
77144
2096116
7182212
10056
28110
1255010
2914034
2922442
9916644
1588340
735888
545450
3223728
1770958
167864
8298766
3780974
2446384
4823420
5048132
734434
2037158
618622
5442212
4829664
3014982
90014
1050184
405630
3087458
6280158
329876
98522
4197394
6082242
978428
197570
1892826
1883982
68916
4765888
3362678
4987080
675660
4892110
9260186
3416
5327182
3383670
6723422
2432042
2220574
8304054
10396796
2583572
224332
6130694
1771138
1469098
884838
879526
8133102
6355668
4953578
1414656
3121164
95816
8293764
4050500
4813822
1813962
10403708
3342160
7149150
1464082
87592
786988
1127210
6762906
91932
4910620
1134514
6698938
6929988
47820
949418
3422710
321888
1338912
112600
2905844
782
97804
1146804
5168318
9027458
163764
9200844
4835506
4328618
6154918
4921402
2477534
5073590
1979534
340478
8371784
4415708
6020392
586676
4142408
4521790
2178178
2308
5116768
7196974
7013464
174894
3902434
7555784
5022314
908906
1347374
3331160
4751534
3128098
5710528
3507546
1684468
471952
4667418
5972570
3930486
655082
1329800
3287798
500056
1491630
2933980
4942940
233064
4
1784452
2454122
3297406
638398
6011526
7115444
4144060
86794
974982
827292
1628722
4524674
2579594
1989624
999340
3787794
1177274
3585302
6848884
75072
954146
1718192
8351140
4750564
4579888
5540520
3688840
108856
2083310
207908
1314
8102034
671240
2378042
7346576
2920106
7221002
1019816
3660122
5535564
962858
6070446
6652576
330604
3513024
1564340
3465378
1845298
6676366
4070884
334426
2224070
2532316
5455302
1486054
9276022
64666
3558312
1539990
2474216
2452904
5556082
7230108
18342
661102
7256
490190
7554988
95378
23840
2093526
2078400
220442
3603290
6950350
293006
4280296
41022
2543794
8647720
4558672
2258290
1063506
1472038
3278698
1221370
4001564
1241136
2817332
6573414
2405190
4295074
4215798
84674
1800208
2508216
4105566
2641730
2552692
649392
1975270
3697080
794358
1434014
800744
86596
7978
58880
4322472
406748
3302876
1664240
5026906
90530
4270076
178182
7709824
6732188
2204050
6346276
3549632
2895278
1837680
209696
65838
2791280
7349440
5130996
3175822
178066
4489800
1671778
5702912
792580
2805016
81510
1762812
1831164
2320190
3728268
2337066
3176788
7716766
6285560
849276
5669228
695894
5156564
1345468
4061828
2061262
1548390
1921762
3067408
2667870
1044838
3826602
1535188
2639346
7626672
1043678
1418712
272040
2489342
3097300
9477312
7506592
7579704
1613628
3830300
7684448
2774312
190240
209080
318652
147618
3837760
2145130
2441616
2361816
1530508
2626956
1815228
7731520
4288972
7820400
1291802
7095946
2300602
7587900
929920
7858556
762494
1244376
2923938
1975088
34302
8629272
9095786
2712860
2781026
7063832
3256966
6616884
923240
6499464
3107688
1263626
1279232
5441556
131458
1649620
1297688
5769350
6827086
337334
8278370
2643662
3986524
10746312
8275010
309378
6585618
4331512
283444
1389224
3614710
443514
7939198
1393116
2730820
756222
2985970
6121998
5778
7602554
6038440
7438070
2698998
204412
802396
438502
7584664
1021252
1634160
10321124
86442
4162404
2337752
6140500
5432758
1161336
433936
2167556
399082
5798580
4626780
1243196
3228
3291222
3077032
115974
6106692
7971612
1786776
111342
9921134
2845080
4801852
1546696
696842
12233446
9629700
6962378
7885110
4245616
2267510
5255556
7044266
2805764
6311754
5488684
8263100
1990082
7598234
65040
2874790
4210050
1125222
11080586
317616
5393158
9132292
7353088
637118
9499738
3854916
1520172
7106414
235166
3027478
2332452
269460
10276450
2966538
5308684
4285900
9574886
7744750
2237686
2926952
6246298
3392204
3036218
6993884
1163160
193570
23306
4803740
6747958
1005926
1812072
310636
82226
5925290
2607312
3383124
20692
179266
9171558
1403610
3460222
111042
58850
6018640
296090
1190348
3892680
7608134
2740520
6900446
7807924
11558138
126164
201588
5001806
7766946
68480
7409374
11125400
4874878
6279368
330252
1605982
2675852
8899374
3460302
1223610
4859644
3929498
5713744
2894838
8977052
4257928
8322508
6126524
8923050
615502
5982900
3361274
6289330
8958320
1049410
1368000
494882
1567644
3601142
1843260
2763588
1774810
4249562
164722
2684286
786064
4155644
811874
3255660
504176
7253738
1108154
2316114
3070160
5279922
69564
2039646
6256000
192692
2206442
327294
1678916
9136364
1669644
4286530
4998154
670606
9567308
1268936
1192516
331920
795332
7988610
6469092
2966448
5207944
6648454
2828500
4618514
7960392
986006
3437594
773386
3421094
2264118
4990080
674962
8209840
2236324
2319214
5424428
7463114
4011650
2512284
3876702
772704
10469064
3299954
1007076
3703502
771296
4088896
1914652
4536084
1965022
1492274
1019948
6102762
16354
300502
4889428
7332204
4564
6986694
1300438
5118396
3085394
5567798
10216450
4666952
3238286
1840086
810528
6961368
1858906
206158
1719406
545582
5114742
583584
575904
3543480
853120
6886960
2853370
387092
2878036
1193484
8346094
4078084
5340378
1700032
91606
2908510
104912
1916992
10127492
6703522
5686908
355136
2193094
6038444
6367212
8939396
3112
805666
3793122
6982360
219290
2525774
8246006
1320378
15488
5438874
2474014
1061372
4411914
4338528
6673060
223484
5152046
4457010
31400
3569208
21778
1519168
992096
3954536
5003902
3287796
994552
5238336
4339656
7478310
1533014
98272
6006846
6334228
5196396
988568
712944
142914
6298774
1827074
1075030
4178192
1421666
2275960
594678
3473482
589466
254066
1242906
260466
4305568
10007476
11006
5503080
9885512
443138
1485934
9102222
1627882
2203472
3937502
646664
2845666
3485484
1499736
3040608
9756410
348252
27012
507948
3067068
1069522
2375232
1992392
3166280
2672692
1333108
2492680
1819432
59186
960012
914644
1361142
2029396
5521412
138044
2022456
1364384
2876888
8709982
2577026
1244830
4304008
2793104
10045612
234780
1350826
66112
5828544
1606560
2861802
4091040
9535308
6477114
3144436
8821196
8148088
1244174
6011864
4468562
2161998
3141918
251910
5611938
6420
6996848
4844098
626148
2210012
6232568
9058160
3057434
26948
2117406
1846368
5624920
1207182
8969874
3904982
8084410
2163318
539874
5907046
1087434
2510412
3881708
3341194
3790174
357592
155492
1794990
7630020
104020
4921122
1106480
9330
5663578
7533510
4463098
8896770
1332500
1715582
7145178
2502594
5240990
113388
11527556
127038
424096
6818958
3007864
1394262
84254
4472706
3697920
9079734
254814
559524
1480136
8794396
118486
2207714
1175362
7409800
2140478
9213308
217998
2911932
246382
1964564
5502860
2284648
111518
515872
6039504
1633566
482306
2188640
9332874
790362
226402
4873968
1229910
5651148
6837380
643022
1289024
1701384
151322
2036770
10549382
8225762
2079320
811716
6006316
5714308
214562
3041072
202160
4137446
9015654
362168
3533194
951972
3159276
1478770
175934
645292
611076
6691716
6061888
108750
694018
1656
36096
4357192
2526660
4125618
4112436
965282
419872
4557326
100152
3804592
5273266
7880578
9047138
2201304
5025934
168704
1187460
2828536
33530
4515056
976530
8421330
2910834
11053964
2590730
1302796
3982040
4806164
2922036
6606654
10786852
2506604
1092504
6435402
8267204
390920
240240
9693970
4801922
6789224
5263162
7095618
653826
618936
9431582
4695848
7631340
1711154
11589784
1668756
7203008
72004
2674022
2554088
251398
1976322
2481454
777346
22728
706510
3408418
8405574
2124600
2747282
5119056
1019942
1592364
6128932
2791542
3995316
3048782
2223564
928588
232504
9455732
5442172
3925454
8007248
6509288
118122
6887740
2518900
8058648
2028134
3574550
2109348
2191870
1831380
6869432
5369294
6223016
4262030
2939856
6964788
7821048
1990552
2933638
435696
79762
1121160
9686
4557108
3699190
646836
2269390
3837688
119522
246490
8352218
7035128
3827750
888376
734864
3550774
358834
5452884
4873196
86824
9612060
4802720
4030410
556158
51908
8211100
7287830
703936
107376
2467242
6857844
3678266
7227900
3180132
3296738
10656324
8375242
8849028
4418654
2006862
1025726
9514486
2345034
3725812
7310634
379702
590766
5284102
2877208
604260
6849824
1970644
10540242
3528540
3237440
7472742
1353796
3501836
1519480
2875586
479660
1706666
4440864
1224774
2522150
1405598
5200364
6415736
9861130
7311444
6171962
737614
6617244
2037542
2388976
6086432
671202
1468258
3150176
5123542
5563092
3295148
5293362
5236826
2012142
873722
3131400
1865686
2256786
4053568
6500424
298334
5410278
3577460
5746302
6189930
9256190
1332054
1101986
131160
7603968
5415314
5091608
871412
6039758
523386
2513210
1771278
5383310
238014
2939224
571158
7926824
244544
10504106
5803444
7650442
2959272
3488304
1094986
392338
4797208
2966340
924994
5308544
3392192
3442814
6713102
24218
2893536
2477092
6620080
1176778
2126530
411130
124520
6329802
335532
1982122
10827050
39594
4454056
8983442
4877082
4211860
353210
3898730
5266028
5578620
4219722
7503314
2080764
3422538
6093196
5490878
1505658
5147826
3496280
2285416
3691294
1450548
260668
1331222
5722824
3703554
2211090
4124856
3539626
3773500
8413372
6650966
42866
5007438
5399988
9723178
4075924
905264
2523018
3875312
18714
5867782
5621176
10642
3070776
232348
2153154
4456380
3063192
7037612
6906334
328528
868782
1470290
902660
11901800
1281704
1114130
6241972
9151392
7767270
353802
5916356
2353914
2756292
1418050
2489180
2678416
84940
228684
122928
3172490
984548
628852
1532708
2999344
4785762
5372712
954224
7646902
2853276
17302
2149778
657540
1815140
4403108
3932934
567542
92364
3612558
3986592
1763096
315628
4532
203394
4118786
1309934
3959468
4789208
5157504
6262108
7288066
8417116
317314
6494882
166406
221510
675332
960868
1940390
7165844
7209322
1966042
3049010
6889190
883844
1628964
3203212
5998352
2272382
1581864
1102100
2721816
1716708
584150
4833866
3237666
2390638
3073200
1416332
2692876
941652
6450296
9131130
4838066
1173802
740008
25012
2730046
3778316
1332500
1101710
9234306
29542
8013832
11089434
5970968
4342812
1230078
3575556
1220270
1397656
157164
3656070
6707932
9432458
1815630
2886442
6777758
4289332
168928
804384
9224788
8889654
2384196
1235220
1567574
500676
330986
10984810
4828090
7557098
2953042
3524998
3696330
7165380
4149124
18874
2543586
6990
6578834
162394
3131784
294932
2466522
827552
1894188
47628
3417486
168380
1040934
3517710
258994
6507594
29362
1443146
5188
1895480
425874
292110
9892674
2728954
2557634
5503014
9791718
139052
3661228
136396
8897120
1747058
979330
5727314
811036
672508
7021358
8888550
1457262
6701842
7082672
478282
2015490
5694398
4842898
1200092
597862
3700804
141050
3379612
105954
8373412
4579208
294406
10285836
5579780
258136
360170
3699496
216816
2643426
3435092
684916
791242
2917598
1346848
5676784
3927602
8198284
76844
2580100
4735676
1515976
7711048
5667048
1157794
5829844
776092
4520576
1814908
2903368
7034694
8674204
5257742
855196
3316292
5708736
7872388
997314
6127610
141924
24454
160004
8705038
1961016
1808540
6109574
4310242
9159318
7597894
39880
1091856
2169344
921102
7968252
7982566
5282866
7234958
2318694
6520796
1175182
498202
2094500
557628
1948284
75854
8770184
627674
9030252
7514248
4188912
2705432
3466488
3430988
2908634
3444190
4345344
6472170
1958236
726186
8496868
2190204
1382368
398858
1592446
1549894
5948830
4834456
719406
859436
3051092
1681092
9659458
5044536
15438
6749424
2890458
220684
616252
726000
1321322
4579506
6519522
67156
4899244
1746496
2159850
3652582
38870
3793932
700428
8031158
1577942
3170528
1008450
317778
2350076
3860912
3608046
4806580
5051484
5804278
1792362
4503680
7497930
3139584
7861196
669696
38446
5312986
1972180
1585988
6071780
4017254
1267306
8516268
6158084
4626872
5333094
3527362
6235952
6675732
4963022
9990536
2157542
4488186
11139738
99262
1869178
10279194
6005348
1102510
4172240
2695198
475746
3145012
28608
789876
2109228
9169962
75650
464726
1444486
6700454
728618
3536722
2788174
3092520
7608292
60542
33318
10655376
4710190
4777648
454528
960550
7023430
1749878
8843402
8576338
4530160
2171512
7737618
2586104
3678042
1972774
2095726
6704918
4711828
152204
1190190
405666
5393234
7073396
1738354
2020596
2433004
3267486
4715816
4779664
3191276
3478052
1462770
81322
4313134
12045580
511250
1776532
679498
2902
8481286
2107998
1234084
3384582
1702338
1348070
1395212
4735282
2180048
2811468
627998
4860970
4056048
7224794
6114154
2005250
5225760
3662514
170658
838018
3486498
7861614
3940304
655018
37502
54714
254596
2246968
5842174
689338
252500
1212876
6513258
165114
4029556
71808
46346
3248206
2276102
323494
699200
453120
2147382
1681698
5374242
3402682
1272456
61694
22148
6073952
4399446
2021254
1158632
8253636
7722792
5846622
890240
819656
116992
1826028
2137168
8546916
2853460
1020250
2126464
6625062
4166020
6595052
25446
96138
2885156
2175706
928228
2945472
520486
4621640
4532748
30760
7842980
10262352
2068586
3334516
8906380
6879896
3177758
1224304
7397488
55790
2818132
758528
5807190
7550088
2410904
251360
1288100
2555426
2459444
1974160
5492014
5226474
59062
2188860
2706466
8413118
877262
4662400
221442
6753932
7652472
423204
318092
195572
73106
3578770
140084
5087414
105406
1926726
2159594
6831672
2939530
1675336
1449140
162844
11236
6003562
4193998
9547520
7401904
2054752
7844600
7700220
2298330
2042390
411932
2510076
832614
64464
3042538
9602714
1076358
2506254
3605858
215504
3811192
5249598
1335806
1326844
8100124
10415390
604776
722526
686584
2704514
3391320
2763602
11284672
9898780
3691524
6964378
1338648
6682180
268224
247712
13464
6269810
80972
3066290
4578390
1810896
2783772
560562
1645114
7270010
2904860
1395954
5344602
56878
3311016
3852502
593848
530018
5566108
6563320
287492
5008088
2090420
243422
2111302
205700
4071322
1129400
4528
178052
2894524
6314258
6461590
1886636
594328
4209556
2420540
5456730
6216764
1575034
4931886
263920
2609324
1683614
2517256
481880
131350
2716546
6903368
73722
3648208
3427010
447882
1606996
2312924
2415274
4116326
2447874
342556
4161150
425342
2309144
6506668
7219656
4681000
2382368
4087534
334056
938472
4601456
639878
237774
14642
5372968
9543978
230330
1636202
6382844
1589006
483784
299890
1027972
3463056
500210
553566
3152242
7625398
8179116
10549558
5939536
510206
2205636
982048
4700292
10010828
4977722
3244882
619628
2023476
6308360
4248820
105602
270370
2058464
1436288
184310
632558
2766988
1248450
4883578
2800276
6545328
4098312
798296
890026
10799312
38576
3614214
248114
4032000
10491914
7107594
5902658
337216
338896
4683218
716880
8637638
161464
2506934
4933346
10135836
3687940
8845368
5079174
2971440
1174448
2347038
9638212
2181902
2619386
6171674
8253292
22914
7981488
37864
1739582
894262
3267636
1952982
3589364
3484350
5364164
2311134
4807350
2352246
6644444
4371564
3597302
5655096
9601228
8224210
5380928
110562
1200266
5652074
4641240
1246716
132310
20726
2280
8885580
873280
5468816
3975728
7894094
260212
889440
778244
2495730
3386352
3014138
9133142
6969452
6522988
6710
851256
526980
600234
1821296
1562026
233450
6565012
6488676
1011958
1918166
449494
6369114
3766490
10061542
7079016
1718120
3136236
27378
6493304
395102
1423302
1291886
891638
2491912
4239438
819242
5648682
7371128
362364
3616822
4847462
4903506
1473702
9066952
1203614
976872
8066910
6806916
5150502
464514
1778092
5581378
8231350
1581116
642358
2192862
55538
612824
3052668
5946748
125610
5483720
1762616
2224810
4223374
1444406
5052500
21092
5761824
5879606
6494054
6958218
564102
1682322
4282418
914272
126142
1353830
1811684
3157892
864364
1836098
584958
1086620
3449950
386764
5087242
2373304
471748
1887534
2129610
9478336
3006636
1557932
3937710
1940802
7726004
2354488
4288700
103154
5620756
2510430
3208760
1288288
425140
5963516
6863892
8691228
3248940
11526402
680112
8279764
2161676
5226708
347132
1460280
1296622
10440318
4821286
6521964
1508956
1661618
4756906
4043692
41532
2384222
1771816
6896150
2217938
2782452
5911348
132724
1266338
8184006
2744582
6857680
2276546
4357630
5454354
638358
286088
6347838
5831780
3915782
3767130
42038
2397810
1038894
2418080
557898
8715304
352276
2358026
2880214
5619642
5959592
6487914
340582
7799146
7291796
2494984
5185736
4816352
6714148
8768360
737396
335174
1291538
5735670
4357716
604900
2960654
1713420
10588654
8134868
1865048
76776
4032788
279228
2083506
719706
4134954
407022
33304
886304
1664410
1300410
189010
975790
3405572
1900900
387930
1480798
871096
1717168
5166390
677350
2228932
6751836
8159052
350394
6806608
3539352
7651558
10073260
2321276
2207756
3997594
3093642
4822014
303428
7175132
2431700
1206356
1754580
8460944
352754
8212354
1747036
1052
8827372
2794838
137338
3490640
3144692
6637952
1473632
6692280
68698
1838736
1540584
2453976
2023358
6446258
86528
27220
189290
3986334
979402
121670
4233676
4228200
9582660
15652
4871986
1939930
1226816
2343582
4526976
6172630
5733136
4959902
8416332
1049642
131132
2016022
3438232
1162068
1196682
5836352
6013630
2508256
3742392
3358800
2177532
5414652
6683392
10126666
6932386
499868
10790896
6248836
6208280
7174836
1956630
24000
5236610
204884
2025440
244570
5224470
8355302
1571020
10529618
2959860
8450028
3300654
8437292
5546818
7919806
8078582
6159396
1230102
1073756
817174
5213830
3044538
1201702
7755790
11450804
662606
9100230
1462476
5908990
1063146
8341054
1891334
5217274
2039670
1918162
6922706
336062
4613956
7011820
27108
1367386
1686168
5576028
1304662
6391996
829086
6574930
4128854
11420430
1255354
423284
6436392
3394514
1582812
6018232
44058
3801792
1759782
4843632
5961484
9972924
272854
3548044
4526548
6571428
2547776
3983480
5538408
810462
3379736
3393246
2936060
5181902
9140960
212056
10915862
7147106
100488
6440974
1443674
6940228
232826
3428552
3232172
1046126
5403330
3567468
7736264
1009720
474334
3067240
3262938
125142
182
6373334
4977428
3116204
6556816
866256
9235424
4586236
623260
1622770
374964
5167242
4403770
940484
202146
6266932
7419680
116632
3520
4736452
100926
3729054
3911500
5181416
3203700
1414918
442788
7284178
4826320
241176
1394846
834596
4622326
831832
586300
13324
10529482
6059858
786412
4428670
4526846
1699484
281356
6784254
9921416
8267310
1987660
471240
165578
2277626
76518
6490500
305520
3916392
5202672
3624134
5194232
2027358
8323968
1818496
6218704
6661706
4187538
5055720
7367252
3850498
2460898
1885760
322112
73484
6492334
313738
173706
2157896
904374
2079040
9034760
24124
41066
3988568
4040764
678774
3697748
1817912
1181012
1251424
2235020
41504
2681694
7371104
3835924
2217380
251900
2732378
576804
18282
8514232
2811772
3862710
7320278
2094186
22378
5967968
574742
1856978
8148002
5036926
170112
3605468
2846410
8990206
3419878
693464
3694180
2302312
5800246
7598502
3565156
5744226
3511602
3954802
4440820
2052674
406340
6010092
3280924
3390942
4590146
5811688
9263668
6496918
9321940
2666932
234406
388646
282010
1543304
8880236
291504
6120646
4706444
2155610
3680960
259760
5079758
23520
9661904
8006804
4927012
776106
388364
4265298
1037178
67712
262954
5967904
352888
736946
232440
6968998
6901434
630156
12602
5490644
3531912
4684540
8495024
8892502
327962
1053184
175734
8904792
9356540
708252
1794918
9417040
5375430
1268370
6362268
2806462
4936300
2994130
687846
5227596
4754998
300984
4402082
4038888
5165648
2965186
2513388
213278
953108
160186
93432
6283100
864272
1362082
5106470
8805448
8130506
3436934
517422
6697844
6796618
369968
1922280
3335800
7848854
7065148
376988
5309760
3508012
5095818
859242
1113792
9661498
4166602
6537870
1358118
306586
11109140
2478
4820794
6203970
316998
17528
7805674
6778230
6853296
7020
2107792
307810
98230
4370476
2684596
467996
3387436
178594
4068678
3781256
323952
7513536
341106
464186
1206600
5537108
5485058
3705884
9087260
23544
1110286
1999864
1957976
6813706
3597380
8422264
4037642
935484
354524
662164
670396
2356040
173820
4574662
5809278
4326872
6372038
1922494
2092904
1393060
3275004
7113466
1434088
4177494
9847698
5455850
2552702
2334684
14482
10616650
456558
985570
1974714
3880348
2061984
5246158
1632332
1384688
3488180
2622954
442318
375648
3302766
9184104
4602028
1975738
3866136
4920054
1688908
2111368
472422
5465140
4922274
103118
1849902
5169478
6242684
3626506
3806976
1390608
4162838
8938238
1807810
3878022
6012202
605440
5596412
1261664
7451566
3457650
1235732
2530400
1400906
2983464
1346452
3469712
5236060
9341494
1929778
1994704
1988208
10240906
1041594
563688
5053786
9570186
519448
5887332
1255638
4966992
5679348
1996722
2311574
7557402
408196
4705494
5800752
4286214
4447998
1177128
6523212
1960510
1706692
4467476
3202728
3111976
194482
7909578
911842
6481174
482074
3487468
2954598
4795808
1969828
1075012
1681696
7903924
386816
3430204
10388184
5971894
1725510
3411536
3348852
3453836
3854310
1322476
8371706
5045872
2197332
3348322
1683428
3771134
4252746
5418956
3223096
6740876
4643432
4941888
3626898
2468422
3535024
142626
2535854
2288032
3423600
5315314
5563990
1616312
8033448
5128558
1383850
695936
21856
8866376
2881222
63270
5442820
2116808
1846384
7496314
2282252
5863770
208412
2355428
1096144
4322776
4913190
906736
2822434
1304212
1243052
7998836
878352
167132
2550670
10365598
121366
169492
11092630
6995578
1928022
5226240
57560
2749224
4074092
5096940
5317216
535072
3873560
2414624
388814
1008952
6439350
4174558
244694
294922
7540428
862884
418630
9093596
3786200
4151654
494370
1646844
3524458
5217860
3892564
76510
45554
9063058
36178
9103044
8344772
3005262
5256542
4422496
8193520
4407152
3986568
3804354
3633738
4640886
5268816
825960
4369386
490294
6812498
6033846
5024642
979936
6742050
1120462
2364260
5675296
1369434
7622804
360468
972200
38
147386
9503102
538426
720724
1765326
697042
1123482
1825302
5278034
4529056
3003014
1852134
2711802
345516
285568
565728
2235350
107630
6882736
605346
352318
1277286
2175434
293114
70852
1613826
4224052
3581774
1373538
7623938
405066
172146
1173468
4368316
8650570
252128
6682246
1219826
220428
1852882
6806914
2856680
2791654
227006
2935832
7031800
3518866
2272574
3886824
378066
6654010
7859098
1395794
1677294
1847704
6697418
2860002
1395984
6424982
1631064
3963584
1598862
685266
1709366
4968
98042
1219082
6389038
4413366
1086964
2467896
8539634
4351462
83174
4797566
1349324
8973372
1059706
3137822
501346
1549716
8141996
1569958
538930
42542
10498856
393146
4037350
9092
3331476
1818722
5117898
501760
3336894
3346816
6100154
930978
2581702
2561290
583278
5474840
1274454
8250872
629608
224760
2166576
1871900
633702
7956330
4394958
2785066
1042904
687440
1865354
4180762
1338026
6973102
3074174
8131774
5640634
209680
2684902
3799676
2494074
3265586
772522
8408
9817136
2754600
7936104
397010
681504
814966
2828016
1078980
6541216
681520
7718340
38750
2704840
675524
10414666
1394232
187474
1058748
1714180
4527326
2631174
5609068
7410474
7778594
1654152
2120688
156348
1478874
312296
1109480
2735288
270596
2556792
137132
7441826
10550
3809988
5043710
6481280
580860
3314264
5655542
899184
4630768
174544
831836
5136238
2534234
4935882
6678878
3920052
1953718
1267878
7888126
6363024
1831040
1599372
5411238
6483448
7996214
4899830
5743002
4374042
482258
1018746
3905898
5775986
2941730
3067198
331132
4808218
5452672
2836844
5259820
8440482
33298
111218
91010
1178588
8409070
125400
264184
6823786
253640
174
3160238
195042
2832186
644744
4451228
5652952
8856250
4983134
2181400
368346
8300
3878962
4810814
5424202
7058
151612
2709402
4517524
9169172
1458418
4922
17354
272196
85484
4596932
7775030
10175236
3312702
1467560
726384
3404534
8899420
2278482
7720872
3956522
89092
6461682
3554898
4091836
4756072
1414268
1011820
9260
2126028
1127162
7714318
3600800
3422336
8165880
4091018
951346
13214
5217340
4455010
225544
2733662
5133084
7817538
40752
374486
5679422
6193236
448882
806200
4408864
3377330
5452442
7644494
2493474
11356350
612288
3056966
7187988
7992190
5420812
1908570
640188
8906808
6700558
456414
369816
6858324
328384
1311054
767030
5936130
4509418
4582430
8155302
2173754
4225848
309938
2165410
6930382
5200506
16862
6665730
6087570
1042916
3508914
4056826
6432564
6188834
213418
8396380
1021824
6583184
2478960
9114220
1272386
2629188
3226718
949200
7593636
707734
1265752
5081422
1270298
3238634
45552
4997756
3226746
953718
902202
6212166
3809190
1163828
1778938
5940948
6455286
8570168
196802
3892324
981480
1247058
2867006
674708
3321998
2727560
6353580
9220840
1297732
191204
6516086
1390888
2667136
4668936
5544508
5418726
2853340
5676540
259436
9372668
6227494
2765530
5782852
66688
2864228
3995460
571104
1002806
4231158
2524746
211628
3128648
3555650
333316
1001400
986854
5250402
7775812
1364122
2929206
579336
1273032
2264
119560
5024796
861962
62308
936164
5006868
5986862
9373412
4146476
1992908
3768718
2389140
7564
500582
5229784
3855112
4797564
2378680
1354676
5375896
9815808
7190408
10462
6541770
4174710
9780678
314990
3713430
3526758
9230436
6795148
560188
2071454
7094852
76028
127340
1691232
2355570
3667582
5709676
6515684
254142
3423276
1335990
76936
5269434
10633552
8590652
136898
3560568
1301308
1763040
904376
2052522
3038016
3394048
393214
131024
863016
2529564
1083710
356646
584316
457098
5118918
209170
10411634
945296
4069888
5348098
5440160
962334
733436
2763670
20388
16494
3723616
5372854
4801630
890386
10240108
3889456
600054
7695008
881950
2752020
5414918
7926974
45062
1996866
2317558
104536
4096626
2436680
8923888
8398150
10208370
9878074
3111220
282698
8955366
7178794
2889606
683776
3855154
507716
5325930
5840790
1902146
2592890
70
3890768
3956688
4148300
8998
3669418
1067180
3624694
106
5761466
1023274
5354880
2564016
6351378
4936662
142380
7990634
4465796
552036
5250360
3739302
5881232
4033352
1656
10767504
2634552
2067538
748674
7012396
7226056
1979766
1693484
1896550
217724
233936
7706356
2312712
4078562
468956
7163102
10023482
2379738
6600808
5158846
4663724
8692686
8583962
2000202
209174
1001724
5160084
1749458
501828
3382588
3378130
144748
1864414
6912848
13788
7284722
1183010
855922
136770
966172
6374824
7727966
1925218
1711620
7341906
515938
5420010
3308726
6150676
1412882
503124
670318
14444
124318
3455726
9261770
1170632
765292
2846024
1253924
1878308
182570
8477890
10086670
1902344
2296306
1255442
1358070
5929542
602638
6671254
997760
1794440
7887990
6492748
667422
5304720
4058456
996134
2891324
9193568
149322
7485602
21054
2487478
521136
5529854
1069072
8344026
3748078
2808806
265354
448184
366414
2296570
8582562
49500
1964832
76310
1578432
8135538
3636390
10501648
3482694
7877688
4134598
5863274
751110
8422152
7041410
139530
4257758
1761724
5751696
4945592
262338
3719410
3053124
4555242
8174526
3276904
1379128
3476414
1715624
5665330
5830420
2210112
7648738
1532742
4006138
612444
662338
3730264
5702636
5152456
6005534
515210
1049760
3237652
1943900
6465962
183794
5577304
1581728
5003604
6577918
5354890
344858
867496
5222804
10590608
1313202
7481350
2186052
3028276
7442734
586210
4356
57800
1613294
1796848
6748770
2583078
1430194
9257818
4088818
5510310
4140330
1441794
4668884
3122086
5864738
7572620
4109426
1681484
212894
2429736
7094224
2120748
3861984
314092
806614
5040852
3622638
2418260
138352
3946482
4359538
1510524
868778
1438010
125062
4593914
2048490
4506984
602378
2856600
2849604
1722762
84086
8543042
4460920
8425092
6479400
5723442
1549782
8268602
7104104
2114136
5167172
976862
806214
3297142
5819660
1874228
2172756
5896880
10773654
1651990
452824
3819880
2242152
4213770
1436382
315552
5220646
548486
3280132
131304
2464140
12329818
1420728
5054550
5952816
3251608
5269952
6579158
96234
2018018
1509956
7557190
6041190
388334
141222
5975210
8129450
4701964
260474
1821336
5618888
6927726
906352
1286584
62668
3292
155546
7788820
193102
5658450
8291306
703314
8559464
2376882
4391394
7483580
5263594
965450
4492170
542292
7322372
6826590
5869218
3091026
1612998
9397640
3652134
2802430
572572
1390320
1261726
8425498
9450804
1409620
2694822
21924
27332
10199352
116164
1538866
1704222
7679664
164592
796318
5102852
4152990
2297764
7289642
152460
3535530
8316900
835910
3322520
2124478
3908394
6008412
1835670
755176
3980092
2744784
11878
1681218
6397414
62634
7250790
3839864
1518796
8078170
6126540
8522500
3664796
4422006
3993320
5655514
6606752
4045822
1618826
3257790
452122
8342960
270534
3608822
1318522
4913978
1065948
3641416
6197414
6436126
2471724
2244334
712
7890136
6012246
4711894
2867262
10277156
922176
9016
1449876
1101104
4591938
5906556
9740278
1923944
5299594
4723760
198334
408352
5020826
2620408
34798
4833808
3680062
2392210
5061234
2367638
2194300
5999750
1172712
1928166
83708
3980696
10492928
562488
6022302
10243798
5380240
7079410
6171148
2371818
3954824
5751210
1933202
4790492
1094372
2167034
961756
871534
6576322
646552
493406
1426994
4958520
30642
1446
7691216
5933502
1148420
5136854
3316224
4417930
8016454
2204206
256942
6353764
630334
1769172
3261534
4892386
4258704
5621448
2587152
2415660
62196
1297382
1460408
2147688
10440940
1290138
4108956
9314234
559774
13950
2849598
10147682
4638648
1481752
5184630
2596318
1569392
1326968
10566168
6132610
5254074
13954
2115052
6456526
7727188
4370368
340320
1713332
1971604
3800714
6134468
1657922
2329922
2941116
6130592
440848
5325496
538848
7333848
95894
6428922
1206146
1451656
331604
2695892
136188
6483916
748458
132562
6181196
2408266
842510
2498072
232422
4606228
4854318
1691720
3853282
3794458
7978856
9250
7071432
342096
444042
3090550
292268
247828
2940722
3574290
5365556
5935446
4366494
1678510
10589568
9730970
742712
474366
1253190
3781900
6997284
11503302
946382
3846134
5090712
4417842
186490
6566828
600312
1733814
1235424
5697136
1049726
1304328
4768360
2865888
1392536
929056
6971284
6869190
313308
5056446
4963654
2292626
6778378
62188
2446810
434724
2925318
227248
4412022
3323294
1803802
2952850
4136854
3777406
5704616
694362
2291390
3195872
2955324
1137920
9626916
5054782
6492078
731190
7870122
4214654
10287936
6293794
3079382
387524
6910682
7354212
3014908
3922504
443654
1397948
8338366
7280772
6390938
3008116
9114444
4524040
512386
647066
3589632
4479722
218284
8405472
5230460
1846564
135928
1630232
1545470
38072
4744274
1818614
5325484
5112628
5261606
6441430
4176390
2001920
1849346
1553244
2732146
6988
690486
273502
3804336
7443260
1034700
2529202
1034082
5731858
11646802
1003030
1609440
4625496
144
8434838
6731978
2300402
1449000
2320054
1240252
8193698
3630980
1011188
4969040
1710948
53196
44590
6811850
6866716
8051824
9242132
9398032
7274662
2706540
3306424
1822722
802018
94250
568614
4204386
6804516
4732008
9227532
8880636
1805086
4864654
29594
1567428
952458
1455830
1022218
10959884
388026
5158560
1122810
4492
2009076
321684
38960
59020
7828128
166776
2382868
6999578
4757534
5441764
7863000
2616952
324454
6270910
3036626
233208
4596822
9574970
3289854
891786
150936
1862330
2919222
871472
6716912
5114130
10493616
2559324
7714252
903180
4892722
8396098
5731504
2324712
2885174
4279770
892860
1918090
9843278
4115354
7528042
383968
3535928
1772230
5205616
4779580
6570346
1833314
8647348
1955358
2680274
7181862
134898
3980240
9248138
2704794
7620186
293350
1293162
1911068
459716
3601708
712560
5817548
10038
145930
1178480
4882200
9390194
3050456
6150000
13996
624306
2419494
71054
4255344
4984144
2705482
6330724
6586630
7739098
3369834
1638726
1053538
2813474
5574724
1066364
133052
6019682
1026250
9256
7636366
2618196
6193862
6451342
53856
642286
510524
4485406
6984202
8761812
737014
1316692
3594790
4617698
7476972
3724640
3084830
4335770
5614592
105304
1668842
1384822
884210
5618552
6871856
3189248
9892016
2490340
36494
262440
8152182
782190
28368
6831664
610992
206878
6948068
4650346
5454608
2228232
4008434
521820
661320
6228708
3905356
2614354
7208506
132486
3227764
1852372
1048926
8094500
594412
3066926
7838450
2357450
6064366
2257126
707172
6015724
1481366
7857640
10104960
1478082
5989372
5695426
3900276
6717462
1301022
5160344
8777246
576436
231030
1321110
3300780
1197608
645420
2562208
333290
3597446
2919358
3719600
3089308
6627368
1699156
1366578
5299434
718700
4671126
2091696
1618128
3068374
7402170
7258876
169732
6095194
372358
5841860
48876
1032628
2835956
105578
1845798
876802
1871924
4468352
7639612
6673338
776204
4660698
6839940
7896408
1445892
2759846
7776510
3102552
5039164
3328794
8410646
473988
3479072
2160786
6102916
4552138
4984308
1237698
263464
7208158
5771940
5658582
698438
2851104
1070170
6587016
1097048
16802
9125954
1709490
2762964
412770
1095960
650598
3741168
589546
2187222
444886
1014182
2738726
1873272
7792338
1177506
5847574
2167462
8248132
267580
4194150
1324414
871866
6748128
1241262
2658
2237336
1752092
5439246
1155974
1214354
8421786
547542
4023078
834882
2666084
756058
1124044
1577918
5305392
5489802
770674
468704
4111074
4098556
7968530
406200
1170790
2797660
1493030
1151832
8541142
2302296
725370
3397266
6974246
7934402
5539872
2431006
5911850
1540676
3600414
2897640
7472564
5655910
10475756
373604
5265712
4748916
4120880
213970
4352074
1894662
1349886
6009624
773576
243930
3573842
2701334
558118
3187640
8426398
2121950
636058
38134
2231782
415202
1516352
6793936
8247518
159728
4074574
751464
586322
2241126
1188702
2896746
2029668
9692556
5386070
319532
2523140
82106
1323714
2453150
5538204
128480
3081002
7844484
3261280
6542612
1544672
305120
4691210
3277180
1666380
2941478
4476216
5050408
28512
1040938
945362
6993396
1789552
298104
3292992
369156
10896478
9903314
6666922
1834450
449716
4715438
205938
2199828
4207100
2615786
2263768
638964
1813268
2938072
6841494
8614224
10452936
8850736
1637266
22350
2786850
4553542
749266
96184
5266068
1907702
2546914
6206218
1350446
6852810
3786118
4377698
4692354
2953194
6782940
1669934
1410572
3688258
1583162
1847350
5553718
5474080
5286124
1078092
137256
868306
520394
5791006
2536734
4642686
85682
5051658
7611678
5794942
9081716
125780
175298
5209166
553004
386
7424750
5048646
992000
7867974
260484
1913506
2091058
2583878
4477022
869410
120798
4238226
1051972
851866
3904668
3307804
9824638
6914632
2929584
9175082
1672906
690208
1218806
3736580
202258
8604786
6187504
167962
94744
2094876
3835126
2613068
728952
5165466
8339262
3263558
412116
7371886
6545820
5130280
1762480
8374884
1920958
6423634
4262354
6139716
1740956
8172698
2695702
3171942
2152422
1931958
6395586
3218506
760
6718726
285654
59874
2228466
7484166
1134292
5029140
9504180
5249950
9290342
6750870
6745404
4587528
4791984
2516028
2477418
217756
238272
1249870
3082818
466270
2654284
8510776
5411884
5272170
7104704
1323454
334680
4315372
6593396
3390792
3732802
1993646
700616
3562482
863412
4048432
5441596
2471980
166472
5656726
9981674
82760
4820710
4148370
225450
405458
2573006
1051240
5932972
265932
642520
7538944
927388
7412428
2773802
3269850
8314416
2695446
11594864
5305456
15136
62706
2320094
4683218
7411094
2438744
5727950
3377178
7037032
6093798
1486348
341930
9199772
185776
9012794
5588096
9566874
362164
2250926
466746
8283910
4746988
9875612
5305082
6024524
1582832
4959994
806904
7943280
2449878
5492954
4704962
853174
751374
490702
8078682
4206504
3384492
5661172
10044104
1056400
348604
4182430
2612624
1531292
701382
4191518
1386024
56694
787338
5785326
5358076
8788642
9677142
2070952
5077436
4311948
11504
908560
1425342
2462496
9811684
6094196
5573460
548156
399428
722390
1777616
1993984
600564
7489624
2660064
983304
8211954
179404
5248152
990690
306888
6033532
1007940
7576158
7817010
293426
755812
9616812
6964932
62330
2793384
256856
168732
1366642
1498508
196950
6441498
1140008
5419308
5237954
8776628
135354
146754
657796
705322
3004614
8164454
3818594
530972
3130282
6625244
5823924
494840
2350886
261332
1075088
3163774
7693484
224890
3597200
5733614
2958188
2784934
1335454
4792884
1254810
378900
84780
6545658
76330
348502
58044
341270
7317130
5445170
2854182
2686934
6047858
3513930
1238608
7081238
643586
6962444
3158568
5036010
10087814
1779372
3398092
11508548
41512
443064
751934
4337172
4274206
3142844
3271980
57158
4703462
387096
3933310
4159690
1392298
6381542
1862080
187148
4056484
1911552
6741450
7874484
5694442
4790588
2432898
8247826
5505766
3964696
2539506
628736
1544146
7489460
6123260
8651672
8137026
5072678
3593706
2754028
3423194
5234812
6260366
9232600
18790
1080528
6916278
942318
2023694
922356
1801418
1185366
8872334
2937784
1349536
1513712
4486644
6168428
1117210
1685462
9066794
1977506
1799700
394930
2250530
7203804
9363016
928376
2843336
5345120
1697522
761718
3099338
2487602
6376726
676176
177166
5033502
3628628
6660676
164588
927352
2661042
4983380
5233198
391400
3951930
208968
369828
7925596
2596200
798548
1043048
1468588
4475278
3428348
783560
1014652
12728
932378
5848654
49602
52166
1557320
5205642
59620
139304
1185778
3835728
181272
5486196
834618
14648
3697844
5756902
2835676
1439444
1655630
7164752
6508154
6951150
2861388
2084506
333572
3038002
2297524
1578954
10288562
7564428
1496260
108562
1991106
5242136
9589658
8816052
4340638
2117800
6489552
1223910
3703818
986440
6963332
3727722
2441400
8433944
1043260
3739828
306944
1250884
1253768
1168290
6596490
4128894
4901878
2143708
5967164
1641008
3389498
34656
8451716
3930342
4445774
4773240
493220
7617202
8409106
6120920
5311138
10791126
8105768
2321550
4674620
456766
1817710
2079206
3523862
81514
6893816
9547492
239490
423992
716
327072
8544960
6604378
8609738
4065364
6732108
972532
1405936
5618648
4009666
390066
372520
7073214
5371898
1887810
1256214
644422
9120512
2314770
488396
3641554
1930708
7556608
1478188
7314194
3646556
3089364
207840
7718432
405754
2181978
3853628
5376
435964
5201550
8120638
11084520
4680076
3819116
1249818
2208766
407844
693590
9725838
677740
973848
6006198
2017910
2831868
6391276
2938788
405380
917434
250792
3416996
2170710
8395396
4366554
1965132
4147084
1049146
5819586
18980
1303950
601102
1321084
426572
1212136
894868
1000276
491500
6294138
572436
5679286
1165164
7919888
2197632
1638798
7421558
3686900
127972
7674410
7202080
2604394
2770932
7811590
2034722
6768262
2813668
1629406
3824990
11738
3378132
7999820
3518024
3493536
1449920
5393874
8323508
4909594
634956
648110
3157488
2828280
616712
2922584
1065164
760036
3297844
325172
3967076
571194
9160878
5335878
5935610
230718
706704
6423526
113344
6950848
7120598
12045134
4598098
117776
841080
498618
3198386
703042
2699666
4445986
1659758
2033814
273312
219706
2024216
92460
3647020
7276414
7445828
8226388
3874152
5696172
3532870
4511018
3378368
1336614
1434
560624
3774428
806006
6328702
1649962
2296714
2000298
1002130
80222
5003596
1640712
53936
81590
1449558
2742346
7043594
2141354
2157956
10746552
3834870
7789746
343012
4067818
1978670
3490186
4323622
2308348
4389368
778424
1993404
3050036
2196138
6299954
3213840
366148
3223612
1854694
3529384
648652
1206506
7222970
5535806
3008842
5320152
2707928
73472
1893958
1450186
2173746
3184280
457836
2924204
5984586
4919420
913382
3138536
215610
1314984
4263408
210384
4580540
866006
1542104
9627216
909342
2153102
4846368
4468744
423578
1109920
8154434
5493934
9731918
1309596
371446
6098630
42272
4388358
1145840
3663910
91784
4964314
2125972
9230586
1366038
12976
647262
4784366
5167760
598136
1797488
1795838
5810590
658966
1100352
11200880
5776286
154692
3287738
8196774
2619696
1750
6727738
5756290
3676636
5087512
1482630
1718
8043910
5294132
5608282
3106762
122084
1364078
188520
8214314
359090
1376130
3233806
2529206
4146436
2682
4309802
4505328
8011436
5208414
4953116
6715310
4429382
7154654
9137958
5277276
1698244
5604714
1130
219392
7855316
2323684
7501300
4466672
1246310
999534
3587698
7253280
8997454
451428
7160834
26602
7500878
2310940
5626958
167712
11110086
8031714
73760
5677226
552258
664038
7580012
539048
6410416
138740
594602
1710652
6961286
6136370
4683582
1640124
5650998
1892760
121614
1151808
3175654
4346636
4097388
947812
3807648
4797670
7008216
7243352
822186
1675056
9204296
4826338
2448528
3880336
6448148
988120
6314748
2618330
1029650
1427106
183458
3835122
199154
2613178
5805474
7237576
6723644
1695994
245766
5369638
2020732
8196
3275104
4622342
6612128
1044530
3229608
2224506
10942
860362
91272
8124370
5465506
3265264
5818244
1992414
544240
831344
327922
9076
6174580
3821752
6297758
8911368
1733166
5217134
131780
196898
289372
2653958
9161050
31568
2687434
34488
198986
1877736
370656
6837414
4046498
987946
7408784
86650
1153624
514380
7697968
7686392
8162420
944000
637672
313382
156284
795286
6134356
3363532
3787886
1740286
5021406
5651208
125064
3618522
121406
5443174
2219044
556650
7518886
23136
8074428
8938512
5025230
10160642
3302486
7346280
649886
327754
2030530
1438012
7570170
678614
3808394
801878
1210418
3822548
624188
8581996
5410228
457186
3693934
1712180
210720
9669774
3244262
2560818
2049516
4627338
5484492
1354246
956032
1379860
11113618
1641888
5317612
1904668
202054
1009252
896960
3198038
8869596
5028372
41670
12310
3177036
3403648
5081688
8442498
7087320
5095810
7672644
1462528
2372292
1937808
9044984
4394590
917330
4357382
728802
2224610
1283828
4001984
4750720
7557996
1573172
8231514
1925728
489040
9170126
51886
2107872
5137246
2874296
8822716
8507142
27768
465642
2090436
2413776
1948992
214188
1665660
6110294
1650056
6440278
254932
4438304
1358070
10453622
2232630
1126414
170926
2489208
7833710
2801628
11739952
2916342
3527000
92446
3539108
684570
8619278
5305212
7193948
18256
863190
5324076
5230954
1713956
1766820
2922594
709578
3438896
5917322
4748862
3442856
330182
171214
2406520
6117110
309112
583928
8357486
3634988
192270
6602846
5253374
2667142
3759986
2605234
4082870
518082
1953550
2574492
2830714
1862134
7604480
3221476
878656
2610638
402828
5695258
422
5620148
4550542
6995548
1988310
8923172
6238590
7586110
6140150
992538
4700270
6514386
7681724
6765344
2163946
26920
4555714
3774278
61534
498098
5193890
309462
5082906
426514
1166168
7763188
132770
45062
4875114
3364174
1856396
3010226
11274
169636
656970
4776908
1604432
4388274
6698090
2863450
736580
1802690
3426670
657740
4107478
5717984
10873360
2575142
4917460
354564
5130162
2323162
1989186
253322
4481900
2958164
643688
346390
6618322
165646
764700
5729572
6440246
3947102
1228736
5309382
1096154
1355340
5986
4164432
44128
4169532
3381314
1429794
4256380
6290112
1583022
367298
864214
6282828
3122810
5841754
343500
1517010
10599808
11046136
466534
1135110
5466950
930092
3212470
3841006
1371966
2457980
6973420
3923156
697622
230828
3334352
972656
2871694
1126486
3176038
5282304
4774752
71540
2400340
6257318
1486186
3477994
734732
6638330
272324
822068
4089662
1058034
1736274
2220582
2218772
5660446
1898126
2458680
1347734
7449576
879884
4857348
3404636
84848
3238698
6834498
1607126
6213090
856698
5562226
4550430
457294
175596
9534276
3470108
330172
2939658
475402
2449028
7642304
5020266
2578528
1597328
7396128
2633060
1823388
189268
1626914
2063382
3864444
378762
3410904
1807496
5702946
5534612
3498094
2689154
291340
84516
7247560
3438138
3867582
2915012
7444582
3821360
898472
3289658
8782134
5291806
461040
103728
7680396
7354776
1960018
7759056
12920
711492
9441202
4479350
1557100
4048142
8216410
213158
3326916
7707042
440690
17542
213786
1055964
466876
3303748
4929102
417888
5940334
4222928
66896
1951050
3221640
3347240
3925186
205718
1636000
684600
4166732
1151592
627576
2635522
1384380
1462090
9936334
833642
513260
63414
6480626
5377342
8962338
195778
7985200
106598
5220
7418136
837542
2349554
6959318
2512726
7119200
2092428
3531440
9149098
451452
1242428
1879496
1263436
17822
9959450
2849550
99364
4075414
3817380
155608
2916206
3154302
3784074
2408068
3762732
1807844
5883066
11190926
4914884
2370472
2875812
6146
5592964
3617498
1692220
10853116
423892
5604164
2127274
2950190
3872862
962150
1144428
1895164
5800876
1033672
1171156
7581024
3226572
8796618
5067360
2193678
7383308
1475430
2706698
755382
5244082
6362222
3507658
2247594
1509020
8352924
3425188
4634064
3588
2981788
3983214
273938
113142
1208484
3727696
9920926
730170
8070718
4343350
1015014
1625704
2074826
8265394
1295284
2487632
7039514
8639536
1089220
5985256
1527736
1941736
1204696
2120212
4597000
4679640
5201014
5712720
6503536
8313180
1970088
2736390
48248
4297000
2459124
3274890
3263500
2157888
4369976
538114
3754394
2795258
1627572
1999268
6743414
766754
75032
3029498
7955084
7413688
2141606
7094092
880386
1114628
3949742
4630172
8078338
200874
3127324
1839256
7936
823758
2210186
176
1220618
2823196
84704
3792006
6284934
7038896
801616
5488826
78606
8816718
693948
80054
4625104
2202850
69644
44366
7119474
1521276
4309942
3188036
2781470
240498
4160884
5164650
2045992
1806634
3706910
7860226
1763796
1310052
2341698
5476538
6502
6973904
10596988
61664
950152
1734566
6166832
7542530
7511538
782096
4794746
6626234
7737842
5428634
45988
3662036
2778690
3083862
3621624
1426002
12882
1322664
10515328
705772
1301522
6900900
1768468
617058
10129704
8723866
784976
3209416
1378884
789478
401066
638050
1677744
7706
3228384
6462808
170786
4098090
2003358
2230084
2311500
4227342
860530
912956
978152
1076194
382572
6627754
4774858
2401662
313130
1108710
7957396
848090
11840112
723008
2052792
7217110
300812
5714082
2702454
6765392
5817918
2150378
753376
4206620
4070368
302458
8295640
2569768
587992
6475896
4466194
1237468
1875170
5609268
5416644
6054770
3288318
6992166
1276652
6201416
2031140
306322
3528658
1331522
9064006
6794274
25448
1297884
883444
6460626
2154926
4109808
10429864
78586
2816390
24724
6448686
1011956
3835952
624444
7749640
3717652
6082410
2060740
32286
1560826
2023274
2048536
4561802
22746
8055426
3710640
9923312
949536
5562964
565594
7363550
5524776
5815694
4623182
5507870
1162474
6652122
8323286
444678
4358750
520990
468080
7447382
3848438
8517258
6588002
4464190
9579364
54964
4671960
5782788
945830
6260690
1985694
3895128
575596
1647398
104844
5389982
6676078
1717050
531320
3359294
1451986
4745514
205674
1667922
4588308
1377380
1711372
5618444
2688700
3355102
1392766
560378
6356032
1311644
858860
1906062
11779626
525254
4046302
6857514
3160000
2731568
5546204
3021954
5887250
355486
3432588
8061148
2585514
9630534
6948628
1474686
7222952
427126
2806450
3213744
10554432
7104992
708570
540078
1580142
5605458
542676
3151004
6649192
2724032
4343476
6168068
2413874
177270
4267106
83270
435980
8795870
3698544
7164650
1985244
1833348
3590342
1248880
1447964
334600
6342796
202406
677640
4827862
1860758
5954580
63712
820154
1202918
6423270
4785350
540262
6419698
1088804
244122
1598610
3498
3359856
3892
4253428
10452616
5550544
566620
3938244
3629580
6405360
9969850
9749356
4450114
12129616
12191882
3279958
7509170
6324554
16064
3714752
273538
8174120
316492
5748138
6295678
1160406
2248442
561562
7368862
518904
889304
703252
1171540
4884438
56818
7018462
193868
1257680
3507100
5131186
1558770
6531538
441084
2942168
1576646
5350272
3588690
1031878
1157520
684048
6925706
7081080
3909722
3827138
3562626
3026656
2126628
39692
1790124
3060486
1263586
4108858
5333314
4968910
9644538
1678464
2790976
2217450
6762880
961928
48698
2278556
2428612
4541838
810512
2039768
1689172
5796150
9358792
9076838
1129518
4973420
971318
2363440
7548454
6376786
3992032
752122
6339066
7610660
2465800
4901368
3382876
8208314
13324
1917214
1940096
2049644
1912070
3582702
448380
2214514
6251022
356540
311914
3029500
2872872
7431106
2640756
167248
7142778
1202856
5305072
3755730
4866686
2016704
2224204
2142678
1025898
2264866
7026448
1242714
5792534
7966554
262778
253140
117954
54404
23522
471380
7958104
6431096
7390506
9199790
1268440
448322
2725750
1897766
1632346
841862
1029214
8626266
896894
8106340
3446
10887626
5495536
7992580
5263350
1630200
2300640
10332182
217042
7916084
1247442
2428412
6725696
6990792
148470
2907910
4131316
393024
393890
8423446
7941726
730200
5450898
1560874
4462742
5890660
6371742
2334964
893006
369896
3948330
1705876
1424272
2335290
622
8501352
5477844
8358598
180336
8065096
596180
9667216
6402656
6283450
395700
8703900
279544
8988712
7556828
2529394
573952
1218698
1468118
3391200
368342
2479056
3942138
3276656
2273192
5609080
7193786
4019414
9681392
916350
1694138
1099894
2646334
653704
11519700
23158
2129040
280072
5827746
5475030
8267728
2264836
3062594
2872418
764586
2547872
563966
719164
146448
2721014
119104
3346364
3578682
4002042
1478276
417940
570432
1184032
7273028
4083738
239744
4486264
1993146
5577294
4634010
5725002
38534
1747882
1951692
4437820
2775454
2551774
38
2067446
842406
4680784
421316
5630382
1149398
3056
3329666
757470
247910
1538322
625642
3523562
1762530
2494692
3010226
73812
5022852
4061796
1025632
10197292
158812
4431612
7771680
3733284
3409290
4157226
3606304
4393898
6810292
8221332
3518058
4700532
2018702
609334
1793682
1149652
1364792
2027328
629668
7066626
138276
5941818
6963318
4558158
802592
5315752
1213752
5712480
8695180
5156336
3844206
10237314
2510912
4214228
4543814
494304
2321574
7549492
3890456
165128
5225318
5561340
1472748
6618984
10702346
198336
5151718
1627498
8025382
369844
3593036
1116534
288504
9007200
1982094
1328846
7214152
572670
4290240
4442820
893408
5630016
2463496
6230880
4181046
3361604
7016386
3835628
528180
2196408
8570
2349778
314450
2590268
1532846
6498008
693430
8132998
7940166
11929852
4798766
314466
2672164
3619918
1825544
2473524
1941858
712104
8955164
3452488
1473174
1981172
4386010
220742
7235094
4482220
1179804
941974
3118004
2154016
2149776
44850
1438638
1920566
1569106
8914032
5054666
5383908
1890188
1803382
4975306
2130970
255534
6582128
7283670
5354022
595238
2485996
3615724
1626682
5742184
2327588
6633380
4552814
2677448
2235944
4211020
5751616
3401740
5991366
1297622
1178562
1354814
4982768
2559070
1519954
6211408
8476980
2367522
1284686
6561298
6241214
6036504
8165286
2031336
1329222
408804
1792084
384568
5814048
2143034
1917848
5742976
2051442
2056910
5548108
3031954
462624
3479034
1591904
4656270
911786
4348530
6795062
343614
7150104
9395930
9293018
4657982
10022944
6088980
4970564
343530
6161618
344556
781862
5024682
6559866
9706556
2140244
11154764
551822
4829492
7059848
3191698
42746
6810822
6400810
4022374
1562610
6917884
2329192
8535666
4110444
1006104
1338024
352974
3584760
3387510
2912558
342364
7700616
8173652
1750700
1322144
5305174
1366304
231762
1285106
5723232
5352892
9927040
513232
10567226
6655990
16230
5904864
860984
1634162
1155434
57998
6736890
6339860
428946
7812106
2955922
754198
94956
848546
5362638
6921588
4183968
7702660
1195172
864482
6185296
6575016
316494
593172
2554578
117622
415988
1575796
97064
29712
5126746
5504676
4132328
1368056
312166
4089364
1991226
315222
3407004
10124286
1046636
5579908
89286
3774254
5794034
2573062
1425672
1339582
486
193674
1960064
6882198
6246470
1276566
843992
26114
659998
6390334
4172696
2853550
970624
2856216
6198080
9881184
1458308
36616
619534
7000372
3840804
7473632
2457914
2493766
6773170
2928702
3767148
6692076
2241396
233396
6359990
9576872
319146
3084812
110328
391746
367736
2831872
2096730
2054136
707016
99314
203312
6063972
5840286
2958580
6400276
1134932
478024
9605264
849282
373546
4385540
2748496
1061488
9492496
1155488
180752
285672
2626256
8081990
3111034
4757504
2193798
4206766
4905090
2961176
2571660
6513808
1892536
605174
764706
4262978
112098
7229286
985134
86218
3740682
3290692
1156310
1447170
2528590
4809886
9457420
3857934
1401526
1958492
3036932
26648
6888746
6891014
7422462
6606
1366786
3557012
833002
1169956
8870322
5696
1021242
586760
3334998
840962
3069660
309626
7516768
2600682
4268286
7045240
1277912
4072274
3639116
6112734
485968
45144
747596
37062
1091962
1542996
679214
150316
887706
8426
200004
28280
3939056
228310
57076
4502220
1236898
834944
6243662
11241862
257588
3856864
5833254
355582
2493354
466192
892958
3097156
551504
3681184
3608494
4350078
1198884
660264
3562254
715138
3495460
1462218
5828108
3265702
2100570
759876
202346
471792
34010
3065930
365888
4744440
5518198
5843596
5130310
5457404
397110
568754
5973968
2551144
3690490
701436
1939094
1636284
6313426
4549230
6600340
4277970
6653396
8973678
8583514
6607894
2983154
3220440
3088076
3306326
4777388
2888496
1517192
544
1437022
75944
593708
6060512
2487590
2878818
1738572
4524886
4893566
575534
489362
162678
6152970
2370824
2445070
1771414
1448558
6506358
263026
1532364
7950286
7940026
3630220
4181844
11069890
5921610
8949438
931294
380400
3050798
1435762
1162962
6513002
1739538
4109486
3372186
187302
664490
2110202
3689536
5736744
10021134
5706622
2690812
8578154
2361826
4714186
1114578
4079250
7863400
5193762
7807386
839628
4756114
1040020
894746
2767570
4855406
2184048
839038
2842246
5490908
974422
3296716
5883148
4715488
7489198
7663216
2569174
5456796
26762
2972970
4520496
437214
313864
3871572
7401980
10289714
1342906
581398
3891414
6597710
6337398
5992286
4351354
1677202
3628380
10284462
6144468
9386092
5384504
7146
4508088
7994748
24956
17226
5997786
1569806
2971610
4507868
624456
1728490
3301112
5742836
7396666
3208554
7900916
3558038
481186
413154
4987628
6505750
9812754
9959120
537926
999460
2390368
7146222
6349686
162318
4719640
1609478
1612522
2107250
2334348
10066
1625864
1465042
2720
3681046
8389536
209298
842348
1558096
6077782
196132
7667440
2562930
1883786
6819770
1602696
431638
59906
1629250
2548964
4199036
5497096
847308
1139846
6792358
54196
168736
2099808
4427194
3009104
3199830
2417238
6308890
3356426
4044428
684856
723336
3558296
2916914
3454500
219772
5818768
559380
47598
7447202
7497756
1245972
421158
640074
676280
1881880
4351188
3222224
5597800
4836384
30740
310200
1742486
7462258
7815570
4730822
32790
1705036
65600
8090206
8726730
2387412
224112
9696
2518296
7689798
9104484
2926992
2044970
2540854
1415050
2159768
521916
65804
6114860
2969284
8942820
1977002
506114
4679530
1945876
5548950
5372828
866596
1729118
6636364
553262
4122302
2268326
512
6013816
584408
1844504
1104408
4086048
31890
4893322
5974846
11066416
4071798
3910308
6464944
3280622
3824628
3378096
4050826
4943564
896512
1210928
2241488
4442424
45164
4834804
848310
7057640
4031482
7209340
5257316
5982998
6340878
7154170
1190162
2297170
11738372
6026514
1362432
181312
5255374
63500
7444294
6437636
1111260
3800220
1915170
72180
7505336
354890
1243132
665770
4264080
790970
585124
969666
2077592
4079960
393780
3625618
2703526
883198
9530422
870624
6719130
2418172
193518
2466948
2146276
3658800
7851328
2711672
5630090
5085620
1728942
1027430
4195240
2931886
2090812
455736
1720562
6679380
2359928
2966880
166998
802254
1488146
4249946
3198350
1636032
539348
2451910
6971182
3191814
7356496
3033286
31632
9132368
7039082
6656268
616090
2123910
5305226
1448620
68984
1776962
1763608
155372
5575678
4423918
181686
471980
6015228
5244870
660152
9815550
1086806
1913222
2125316
7916984
1871654
7546658
1685972
3163282
8114444
1974344
8283280
1377858
8117484
8126498
8049352
1697012
3330168
2661600
3880234
3819602
1659668
10103954
1788792
5236952
1202824
4630794
3537172
4421802
1312886
184740
2265202
269860
4385556
6741890
1217480
1431842
903002
6859390
4168632
2143792
4451628
4861480
8020730
7713146
2158492
2915998
3567578
1444412
350346
49030
4004760
5552690
102186
4045934
4807788
1217218
1849774
2746564
2867666
4024084
1603338
63108
9809134
2369192
5089880
2259622
6340246
9675944
6633368
5140476
6658446
2712902
1120462
994214
8285300
5440774
1063352
8485002
2830554
826878
2473134
524220
142806
3387474
7568854
609854
19526
1673234
7895220
3234344
3678094
1076922
2122062
2306788
7806082
836830
704956
3380058
3995224
3314370
8274558
681322
8362128
2039698
3792920
7862518
4053470
121696
92484
6964544
3750888
7519424
6098206
8681972
1622572
4147912
5775442
955954
6191136
1210862
1401548
5025546
925316
835562
1470572
1431842
3726102
2810202
3087396
8130552
2052014
7621004
891758
1977620
7139924
4138506
1653642
960604
1218884
6905744
2389768
4840256
132106
3605098
1104076
848410
20004
1044194
2053786
2903236
37104
4689122
1646942
8614992
2522964
6549228
41706
4190396
6523862
187788
544340
5910242
1714688
5948032
2756842
512848
2373908
2684646
4108816
363800
5618614
36642
295840
6470708
1799024
391378
1792758
4784768
6265184
152590
444836
1342924
1764174
546274
87120
2137400
4699144
5388570
528648
78412
1321282
3591706
3002830
5327470
888742
5232994
9383880
2939208
3512272
1782526
791386
7471088
1790478
501254
1773226
1365986
2148650
2476804
1354720
4704026
8064888
1498432
1793584
2250184
8144364
1056444
5513344
6204706
1723576
6418744
39384
7425976
2976766
2725286
53252
1645290
1363286
3415898
7254806
2401140
7294232
9425286
3877054
8744258
2146712
2367200
9461200
5480638
4949974
35332
3039780
831008
7998240
154236
4135832
164756
248680
5186392
1264566
6270426
285298
7097984
721482
7255162
733968
3555062
2886796
3489078
6680
1579794
312864
2211682
224176
1315342
225076
207650
2707172
132160
8651860
5091672
2578076
114120
2055028
4038654
725076
1420572
2176
427214
1093986
5683354
5961548
3018968
4749228
896088
6597672
91624
6680246
3809350
1693576
60574
5491984
7227714
7158828
7852
2091632
638458
2758052
4547916
523170
5345514
252408
2133114
9215962
5920868
5158044
7581034
2009488
1599188
1823958
543354
2405686
690242
1170106
6904230
8029396
3140758
5091456
157310
449066
697480
196148
4889540
7471206
3898754
2636984
3202186
639764
5037898
66286
289046
7852
8246260
1051636
706672
8373556
5681274
2846242
4107856
1106886
8696930
123810
2182610
2697108
6979622
8098238
4963050
1705968
1960824
1715192
393328
2399144
8363474
1801496
5945998
655648
370420
1750138
7538284
2393452
640382
1440916
2006700
28736
3788318
2029566
69724
1743358
4314712
3264270
5884414
3989124
6065840
4561280
3561054
3325740
8385226
677088
2839508
8445178
5347740
8714364
3707112
5007314
1881662
4863452
3029124
10745934
120080
182366
6977394
660590
631824
12389478
8358532
3797950
5534766
2112990
734858
2692448
5820456
3436744
3155306
2572472
2864192
66156
3362194
7419796
10776454
1598702
2763370
5521692
5261032
1530516
7761022
3687382
5737860
128536
149452
5270882
4430214
3332806
5770872
1028718
1230262
2413180
4411404
2923020
4658826
1042196
4553736
10266060
368928
1295092
3897118
6283086
576744
1774402
9418250
3784366
2595060
2748338
2487676
5328226
127196
8835204
1252270
5489378
700284
3774476
4430596
162104
274550
7395906
4373066
2719002
9211268
7421372
21862
799130
903676
862432
1104594
264274
4438258
1874728
5675908
8419110
3455114
5409140
5570572
5624638
6690302
47504
3757386
5960244
8799148
50346
3944096
1363924
61040
837414
7441580
9386
1363600
4354308
25218
1326436
237222
4529142
1941992
4995796
6023572
593546
5995474
3963634
1114460
228832
337106
479370
1838008
6475606
5371970
900002
6398976
718140
1823010
368082
1483894
9066284
56416
3151064
5734822
7668744
6975572
5629676
1869772
6408426
1461358
2003560
10992290
535704
8627648
8166
55004
3850442
11740920
4328270
2650636
9007308
4699884
2486240
8804124
1397676
3389716
2901826
979402
1918878
1517674
1006308
2920528
8116674
6794692
6972128
9607698
1867678
2983990
5995232
2184580
6408792
2167676
1716434
4847282
522214
4150802
4164606
1369120
1437842
1100312
3237292
7103920
5425370
4777762
340956
625248
1407194
285396
5725102
6190722
264418
9570224
3637450
3426654
2373376
4247170
698152
135500
4201698
1074162
2993596
910848
2412666
304870
6529106
7056778
3032046
9182940
1135550
36324
2629006
4823164
1201750
263802
3241208
666306
6664664
10493142
9431318
2751700
5550456
4004694
2928706
9585152
1399998
3948692
758432
6741580
4483486
2095996
2547926
1408802
5156936
242886
443442
5395488
501704
155192
3003680
4336274
2566436
2325418
3428668
1205914
197214
2012176
3194400
3444166
5718738
3870512
2296222
351244
283536
7015772
4929802
4429684
1710832
5684444
260010
5970158
985868
553062
7127616
4874644
4392112
1282330
1792188
3473868
7664690
5612712
6214052
1560758
1888544
2264300
153002
1387322
246580
7803062
3189500
3895912
7589860
5437782
3456834
1571650
1594020
3389792
7416770
835570
3791338
94466
3523544
119346
5311326
4769038
7313166
1158322
2078116
4782596
2867014
3628868
1101444
7310656
6814540
154416
287002
141828
9661872
9994876
3985636
8449418
16666
1479912
3882838
4904270
1178704
5098062
647856
202536
2100388
611158
3830032
9079506
460584
5175528
5199254
4355788
408870
8937908
8138474
3397762
2294248
250338
2598338
1754588
2539278
480994
1122108
1079316
2743338
760552
7270908
149524
586012
419230
483922
1518452
1180260
4209866
4126912
3180612
8909794
2719282
2672878
4751998
5863876
4620854
3944588
871628
893540
3605664
1278202
203434
199844
225384
1279526
798038
8904148
9810540
17814
708738
11542606
4325682
1137790
395546
82852
3614080
806944
9020362
3217982
8530834
9427176
2942844
5935534
2668628
1172836
2521106
8247056
8425384
7200372
6258776
4999660
4693318
6127900
3072076
3913512
4820730
893838
585358
4320996
7603066
1029728
3552104
5562760
2751586
1673948
419822
366122
4398398
1764964
7580838
5804394
2024670
2144
341238
3540106
6301120
6595216
2556418
7686982
6278612
938860
3139122
3135014
126202
5352556
557102
6628696
6184080
3075618
2562208
1180266
3351994
445300
1734260
4831336
8047552
1560554
1013430
1662810
1770482
1071496
239044
10102100
3500892
5798714
8124034
3641010
7900550
186450
7748674
6715804
1479544
3099536
3681786
3587624
304996
462366
24514
4761412
5041844
6440338
2696842
7417542
3184916
2314510
2723876
9326262
9984210
6117228
6889886
521586
7419164
2803282
2240482
3853628
1072968
6486150
1040206
2648692
932026
440784
5299640
5099716
190300
10687004
53920
10196842
2447280
2232496
779162
3194914
29654
143452
5379926
1192390
10672756
3038254
775204
4436310
9255750
3727826
1685584
1414894
4361040
2639688
4074656
668238
1331564
4317870
1391884
8548
68386
10378316
1439122
242222
7782648
476792
8451492
131404
6854100
760736
4172252
310084
1597392
1158238
7994868
287002
607814
56752
1749804
445812
7273016
586
173120
4191998
6393110
4794260
167548
926014
2189844
1694968
2497666
549826
5470732
1658710
3661072
1370652
2156268
2329676
5795008
4560674
510328
2416300
10352670
1560294
4258662
6241118
824460
1609456
6246798
4745386
4711428
4677778
2799542
9116106
6965664
1919142
1306506
3981970
209122
2144984
420930
598084
1638134
1479514
9759682
2151666
1800472
3917350
2127090
3861426
2390756
7687444
4778290
3497762
4500892
2351004
560384
1502542
4225928
3260204
1602668
460258
5170760
5892724
7647546
150766
5199998
27016
3976380
4862554
395930
24030
2884260
12376
71020
7176558
399884
7394204
7149812
3865396
5013488
6008052
133924
219412
4462400
841560
31374
4849054
315084
1150702
7179800
2668664
1632180
570572
1308802
4141394
4419076
8597538
6790368
10338364
3412740
7898142
1553948
793054
5238318
1082588
7658206
1848416
1811350
3667490
11151502
3950442
5468124
2426830
484178
4479206
997130
4433444
5642464
1438998
830636
245838
1128678
11541564
96668
4853130
2434022
6606070
7032684
3381992
1349936
5593354
3162450
1681520
2971704
3340656
151988
1713348
3153024
1223148
9282664
8928150
4340138
8417036
1630770
6811002
8451178
6170402
184738
4911532
236904
4876888
4268528
2179438
33754
5559200
64736
211308
4815478
1221402
2727894
588720
2363348
3004
5569918
3397324
4513588
3343724
419596
74382
591638
2803520
4118648
3489788
1149796
7854432
8063558
4812244
9492712
148320
902464
5793684
165402
5820866
148586
7535804
2230680
395986
4318456
5039738
318732
4310846
7330264
2008126
2186856
4313294
6857660
2484446
1629952
8688398
79870
3463662
9484
31928
1163226
334534
480852
4742926
3853740
716106
3747526
6504448
1814434
86920
116988
7379492
892398
1334148
348762
407100
2555598
8862636
4274262
1275084
8035244
3986700
5634664
65778
249594
7316618
1379660
311374
1854260
6902710
1630882
318830
1699474
122912
1015676
7049952
3989716
4242494
6823076
1595982
5546744
3571206
6622224
6680364
4153564
6923730
2760350
4583608
7366776
2431244
342498
9531362
4658976
7978026
789376
1307050
4099896
1182500
4942508
1340304
120680
5298
8554186
1556268
3401120
4800456
4548162
7623106
717380
538948
3594654
1776714
2031076
1845004
2701116
1830778
715664
241658
1631312
4004248
2752224
3450884
8114152
58730
2804866
206442
6261058
3144514
840158
216360
5346514
2414404
870446
1017722
1307032
761738
1682078
745776
169268
3724988
552354
497322
4816338
5982184
676124
68816
1106588
294242
836
1231016
3439392
2025502
3295820
4500568
769764
3541790
1595602
4770164
503180
934868
835710
3862626
1677020
7048190
819684
8387180
591180
1908746
3164118
3581990
7681832
1020088
10851062
171712
4009540
302042
7815220
71390
1915920
2482164
3787716
4902198
5209902
