37114794
35847786
8698838
2816612
266312996
213784308
343926576
255681810
30415882
135779690
255363412
182408920
319800734
71155156
10201830
15488766
236645934
29305676
209033850
418099446
56944850
272460674
42397864
171935830
30802538
386375116
197283834
27488910
67215822
115137578
8005238
305511014
289648518
254908946
114358484
437644676
83812070
182850544
275549402
68029846
92805694
226323810
184398740
358172090
458010
226185246
51749576
174052488
114951448
314114636
301094806
286680574
32474594
105117158
129877564
22941004
102510736
101697354
22939598
410469656
161202688
31558994
5429634
352205834
369922548
201303936
20207286
335226950
194067744
175126552
177497546
196513760
186103474
381249082
39100772
112790762
22274434
158531688
325144000
264224320
81172930
31673326
262666
339869146
373771610
217431942
211768574
33994066
30335368
249669774
33283832
157366384
13168078
23510276
31643302
49548630
110002518
44085520
232799020
304247670
75112606
7062188
383770944
321430768
104728938
12640386
51162960
24056572
233200986
438078980
28608
428058512
74317386
59805920
1703942
68449004
76080406
2898844
203246948
150336836
247702330
67485858
277880864
43516932
7332782
200944688
34612988
279132346
76676872
308428556
301470418
121128256
3066062
81620088
273886486
281049932
315637132
29033294
8501614
16968440
268953738
240326806
13149262
105431570
146279790
321461584
246420184
118287876
268469408
248109006
93116090
34285034
20631398
343817886
1970340
259098574
291965508
140049058
143066168
22278756
20243668
43130830
303877606
235292076
168145348
2090102
200166346
278711012
7452010
9123722
284510768
17110826
145056262
241097386
319377172
273276254
348215732
71041758
135228594
72050690
3891998
49299274
224748054
6593086
304388054
11368070
7674042
68999678
472000498
117497530
35555798
152252902
204676006
417003452
359197496
340196256
16379222
180963904
28038028
203473038
138442898
36024618
421350340
324718806
438933292
153516484
277402666
179835948
137841258
311001238
4184516
44195026
144961090
6071232
268787432
334802846
362796606
321847814
405701422
61361042
54725184
72851500
49021224
221126
101803014
36335014
1978672
225802376
23806168
200567570
407689526
416348360
25111004
89165420
88868944
94687454
88942092
442469888
35934956
89813626
20985350
265296714
14980282
168690630
140392966
406012360
137609980
86678238
240101798
298363360
116557864
201618292
52492882
104646960
56769862
281492480
66758422
196012704
145714856
315605838
55025044
4681252
179448436
97377316
6355986
198843470
354330260
334517650
15584158
163613442
56033262
57637472
199858258
20252748
28697558
336370314
79112896
421844192
16048474
171386926
295179074
46874908
8114796
95264742
68305060
47071034
39680146
273699392
32281082
34162802
186947420
5859270
206696872
20211230
147215048
116198458
92211282
214335174
14415906
20176240
25086408
15546558
357945320
363590788
1824080
106885188
130327334
250045432
189914110
111015606
225105378
209875972
262742762
502282174
190463464
29286020
286090284
87245912
124907390
195697938
212435434
194567218
11244756
323806582
242822842
51194900
302394824
368438782
145296324
11479416
156781136
100786386
121947516
216051114
251366660
277718
215640696
60972588
140377080
240281230
346833080
27181110
70176968
39085904
98619634
307515548
278843426
25440546
59318988
304834802
120529626
13862604
19908302
351865964
261181514
52225204
81109300
56881112
34915088
201897388
345845340
167858420
43166332
416965716
181236862
5648120
113385506
141467998
13554084
288327804
164471042
279465076
116462156
46938038
290614
125615782
206477748
304854
4505388
279670812
113989370
188154882
127625060
77071510
60494782
201552132
234745158
165691846
124470634
31205560
3607254
119427000
116540340
13424684
240829786
242308902
219634828
91064836
148119232
203150132
117672840
231412116
48011584
108020146
107411918
223268422
142716252
90297470
129477642
80695896
166729342
298742964
3924992
1788646
178648870
272152980
370744004
364132852
6608720
308300218
126815090
108491138
147522234
92053188
14629964
99279724
341403334
161248382
331192752
206343308
29137624
226042536
22919702
21282854
471528
277596994
175854516
340220134
306306772
74407790
50092632
124774516
91490810
189880618
329716710
55851648
48581468
20757962
165584412
170299048
33271378
409795682
135654768
95835140
330188786
235493380
83706034
64333480
66192872
290042
272844932
73787278
180156908
186608694
19550184
152563938
34827924
88651192
92870958
39472780
359264046
437260152
98437954
62424064
18522196
83238646
31026396
13230992
158149732
128396526
132912136
116107308
151306400
28386778
168480
189328942
69034
22842364
4856926
1592944
14075734
70957032
42451854
295883970
87009638
95373748
132347542
113687084
113940746
81035828
392852212
82087178
37331822
62424002
71238466
128223106
89327554
242376646
7376084
7614490
189760920
70630012
319452938
342707292
54503340
226279234
308012412
17671348
128270220
27169728
3126654
157918710
297771272
895538
147096622
142667726
6011528
162256500
30639950
887786
209650714
209082080
225174356
110354178
10480220
21739938
3106158
306414568
176089928
129829624
2082518
310400312
224425850
217482762
269825502
29256506
2971944
139064002
59449816
28978480
73990666
25473960
3722234
6019532
53092910
4718800
12248942
6705546
19143848
139433908
20181326
162829436
345790754
342064922
26594180
263044658
213997834
104736362
1254052
347599366
248844610
229830762
273638670
214552994
53232578
53068226
77691336
307376584
539544
27316914
31962104
6253950
301835756
185599568
293465908
87548274
229604330
239311894
111650044
177248952
105083584
13580406
313794082
28942020
247210586
141656556
4316472
248995486
351870434
267295118
180827552
31476838
191831410
47464788
365661410
114872620
74882438
137612554
43386520
29810028
276692882
272149950
2764302
41879960
150971342
14396774
4588194
37256186
490260724
223595894
356946950
37604416
25089658
7623732
18461840
110842216
174904894
184001162
15782318
272507954
21087744
200869904
268675208
115483142
72083232
127750992
34750218
427915170
177135066
31320232
324222478
5658134
88777038
256150206
206104222
169778322
143604086
117883170
25494496
76212318
44520328
205385786
115135644
253655010
220586866
118104420
298334072
20955760
259210044
59549244
337437224
381524028
41012404
154347706
313245454
61521384
67035378
10576728
185055280
51609276
476580788
253191920
252225170
22853120
17988920
193040608
277820086
107559148
17393754
263583032
263708764
253943312
172004760
320180596
58345978
225437072
217522472
280965396
141203816
128220968
100653238
126550690
262027548
201248786
51799568
28067966
125260464
93927618
121737130
36321392
10127798
64673186
152611132
141536852
249376640
45406516
142003076
293038180
3502910
14966378
363700030
96682808
17984486
309506042
152458702
64935510
44463734
31083838
107045616
288287054
127759172
240824206
326273160
315545894
12241844
102447308
30358058
138285960
5881228
378052444
310914194
276127056
32914020
102626656
249420054
60006564
318669248
287191962
113942710
300887008
18555922
99500364
576942
416969708
46544942
18263032
487490914
248892350
68866580
50387740
259183796
94802616
476872
88044372
25064
12743178
39330496
178514210
35386546
383567124
32835290
112203082
72626656
366857818
63186338
97150088
2421354
223561204
218523080
122925532
28938516
30248128
296461108
211719278
10287550
1472714
114260386
260067982
157609228
329330716
177219500
54815618
35533334
94343852
200299798
23820132
243447670
4084534
13057422
494628
23886008
171713784
101479500
291758974
112326468
127152636
5412886
217036604
79137834
113732
297226366
54552658
65958894
4796998
322635526
250373378
202399330
302148068
274217608
28440306
149262090
43580532
19141312
325667454
247306364
147899010
29556228
17522582
1595834
280153920
193960176
92663432
76287702
51897586
3390514
395232250
156050084
84719756
75539400
16372650
200435880
395606398
216129724
54250258
175463842
353590
33271678
121416078
111723998
34238980
66770358
457987214
740966
33562712
26541074
268626174
191371452
23376700
483435574
98829836
20259426
84419494
4849368
21327954
272113958
47059820
122717056
75646830
275465980
37510794
89448684
112260386
184403294
32008588
295102428
453226
147882704
23494796
227017432
245286720
25147548
170383916
10864470
74239618
114421450
169086702
124996042
23338124
156296716
89204166
129610870
304865430
144701360
59595304
6540104
57276702
260463058
20764952
98873362
40129574
358047280
276423844
2893372
294726690
401672048
65816756
539164
17510532
101426196
63928174
284392460
79801788
279048094
374884820
381431350
131759696
120203560
366662348
461851704
191866712
119989728
3460402
247490496
254588112
202712626
281774044
32247552
130450250
358134294
108656972
280687174
49528408
126145702
188033950
15876330
85092312
66250272
186580368
250648658
111481224
290301932
6948132
192975570
146206702
53957216
43073528
98101034
131331134
46230484
18236710
94736774
86138142
9128
97710116
160064458
304999742
411887524
5505578
92094944
281065716
281497228
34003830
232663848
18979364
143581034
23817128
21443146
39988278
239325842
241171740
140023368
327786152
166147108
433193396
213967360
46670152
69087314
16740344
321810374
87900
24573468
130502196
119543364
328700950
35442252
84387482
52667550
2483946
151871844
242696288
29565878
235891924
130294108
35806126
408280920
377800406
20344454
5001734
55443674
130691948
180735078
102356790
4290452
24196868
65232220
111244480
110726756
302199876
3480172
238071426
57763340
82715748
8689546
49759312
115182154
60798786
140984606
60169522
44425378
65440670
2294
178343776
15228926
51135026
27146286
125020786
4948068
312052682
170482442
19811668
4228480
31126086
199025548
135967074
366231210
64430542
32509998
269873678
1787236
87114212
158054170
160995832
174639198
176368872
82691292
22352322
13494694
15977920
253910300
140157736
77336744
14725382
7363896
267634502
9179830
195804144
261461616
330765886
166134256
74380686
21100006
100762074
203111454
92073242
309317078
64294966
284533516
125566202
18310734
206481158
16516354
229779738
44133136
1246122
17169282
124875004
351555594
85067758
11920226
167036556
223255046
160340148
40039672
249558178
196103394
16738862
13890644
294666978
178101614
17282748
142426180
3601720
316575726
59102386
311914276
12938484
25714402
292836466
374336874
252107036
267553884
298217840
82133140
258642274
306631574
174576352
287444060
206576692
31097850
14986962
172723466
59967804
53857808
230561392
172982690
125600682
44973226
106305268
120545514
217380638
117058626
210103466
127735566
174296238
280193746
19820454
387093384
115809614
47503444
280270014
234582928
52165804
198016542
610560
23389302
220087778
665248
115805090
337818
45559596
163117718
6478398
11317350
54250608
194355424
123517498
74112624
12836782
250207138
90002530
42030978
391282416
151822544
75825296
302220306
253868482
446332
260159412
6024504
278103868
39852714
74736870
90585134
1289198
158619298
8304602
161790490
83825496
329651610
8025076
163983426
313193164
87172914
245899988
309286102
2208856
34645526
2778642
36961872
117114360
347727964
77192058
338129512
240371344
37343058
162715800
285694794
38106304
22946846
363073560
4043854
61581366
2637104
297681622
126943258
1392178
360607442
466273298
14363888
15957796
171073592
178021434
11730326
10917612
316274298
154240828
130806474
201605978
7565776
270017874
22409706
275408082
384274122
276334226
156761932
35196850
203231832
99239608
303652818
64517706
5703088
142095280
376676742
19033192
94032816
215405304
76958968
17701248
107801576
246227094
135557056
80850122
97376830
376831368
186696724
19317576
14659906
179915990
35618932
21082798
288199232
60470824
72381724
130792088
126301578
65139772
151349106
4806160
173861380
227612458
164715412
1418376
247391414
68017658
356658112
403849016
256583064
166565860
144748610
269767732
354904100
39968852
45455570
11094522
219061318
37824976
4704528
31070314
266057272
14423744
131694944
211596412
109269192
21714802
110024688
27015172
3457808
220872906
122461346
450653446
169770908
51027320
35305572
23739664
192754340
229950196
10787224
30161442
15657308
444376526
56574972
114505128
102748944
88060562
276575162
42000940
247268110
69659518
214201586
399694336
235008
97450052
17453836
5751550
46472958
306465988
7740734
92409824
202367674
166460704
33721200
68444374
244122326
283902188
86968112
54889932
262057358
53807526
336982510
124284800
7864474
68168210
85814670
401652622
141036164
321347204
339194378
190236462
18347972
35348112
1013474
70439484
24933400
168527574
230185504
33142574
143805876
51010372
14595040
417289756
41642928
39126808
119075176
83862718
128460318
132530020
60627128
17814014
474726
200847006
7918938
402631316
340460798
209077078
281017842
20908658
21199812
11634676
128956476
230004932
229551432
24977478
17010174
69689386
110021400
247205262
461795342
152130608
33003622
85374896
279008424
12221500
254644502
173188356
172606948
9648688
137498684
106057678
95446500
198056744
46370592
66917112
315146816
16111426
344267886
235158946
26677462
47772276
4254636
127685564
90639650
173749230
98080146
149570572
126006376
34105944
54624916
288939070
187478532
31872408
331289822
136069110
72945698
104285396
30570160
56966444
113320366
337272122
285072148
169153162
27102852
149304030
219824622
207642976
4805524
112895742
162604600
21971270
116595526
422590424
160449740
212385044
27097462
213003694
163194334
179898068
281807790
356150102
113520804
188260648
280453954
25222858
202264438
15212158
86579248
122021612
94757306
395338096
21256088
236167568
16032962
265283518
120547332
396325694
63025750
42524376
246332980
341590222
39712430
66837084
39743206
137349224
310469482
40140238
321284436
876656
320252698
377765516
332608032
308586930
84102188
369721860
252976890
329699110
26583564
197003306
464727046
443544410
115116074
150624
317057484
166462982
237667662
194782404
6082712
285745510
158856790
384816
107821948
11326894
255570940
186707380
263342612
197257906
64152046
81453426
170267478
141294248
19713936
11132468
81667072
196473552
48139614
38077428
363689922
100191334
274253334
93459078
98553864
115115594
81831462
91128644
30748656
237848442
114181046
199935402
9419496
433972466
93035930
23278282
172549048
195675268
244644914
150210886
464390854
228225656
224395252
192625626
176837770
59931080
98605726
285629538
181952966
80376258
126665982
1612538
201370250
43726550
288110188
244722424
224756958
174349318
38932864
241971536
50008526
56344262
5043938
223330134
273790930
424959866
29023414
260412082
903748
9381982
184308128
304473432
324117900
104117984
51394608
289419022
22085634
49342016
244363430
228856360
25038054
490685224
150019304
116239530
53361408
148589742
161865858
57197968
62502234
114499464
2794026
61461044
350162288
8076496
167528222
229117102
339004452
244864896
58000820
112662998
234245700
232342752
3556010
16000774
22380840
63582102
99098354
45369516
259720602
169482224
144974412
81283158
32686600
21679656
292176566
10177214
115155524
118082520
10269026
204157448
40453190
179362448
212994514
9246006
21508890
56375672
108643554
20871794
111442452
477418722
52040476
31893762
53250330
44203844
33828508
10304776
40294876
116244852
206047284
81195166
77694046
223525074
194196278
9281294
29059054
101631396
202857794
255747746
68490540
235793840
123405848
310941184
70109276
103051002
101168460
353157520
130058454
72248
16770974
276259156
8232402
68760174
181866648
44411754
40918514
8105104
75864372
230207828
406834080
121492072
10609216
16084668
6385764
356402228
17079714
339894346
103016624
2235232
263553000
12779390
137400340
6955444
341104710
49720374
132671044
117567766
4847842
4443064
307981570
168362866
101176152
43999458
323535546
176172278
74405690
313304698
112319530
61889724
290049314
146303506
324105294
59114058
64047040
44976296
858316
288238526
1768936
25555580
8721868
243294564
1285586
29557112
1161210
67359310
9704596
171991766
16368352
138083456
258963924
37822270
13800212
10538810
360890644
13191824
119043020
274911106
6002106
277941296
265433402
117307042
22619966
495509982
118121252
301256324
97930774
359657626
4078
76099520
279695498
43433968
101564952
212538270
387008730
323578312
127039526
31879014
11062172
301931370
64867958
188059634
136619896
281357074
120057516
157985652
5184278
351209430
371871490
83723528
338995408
35054446
2348188
1464722
284529094
112143826
161610168
153420228
96279106
142406614
316437378
86158294
149440646
29763694
170489782
261568564
262345344
148395776
182983902
94637644
422588018
87244968
26000236
292777028
271468436
187288902
43290574
196405014
415214502
387689482
68456550
178502556
37679224
266674398
261691610
917090
28302070
65177014
6382018
74772614
323673144
97317116
280915294
89268050
9159208
193205104
52238838
6095196
39771356
38154500
246872906
151793680
7760382
180463388
15239404
13855576
46234244
88475484
269190172
8169336
250178002
53622504
201875236
3076158
140603700
150213336
138087932
13629964
170189174
130300132
84182358
274497728
94782966
103713186
55083586
144146594
199496802
118824608
237342820
319045920
195739518
3388452
64648720
154662342
263531280
62190772
308144634
336040306
187228012
7257220
4226352
53653152
83072820
113059042
115934948
128607000
126081140
13370374
270631128
137280134
370266490
89865114
289926576
178010650
17843322
41720550
169383756
114033846
295173780
220503940
238386004
110745792
53763786
306554566
42520754
6623548
171367524
111406598
252015230
24830164
131056964
114800546
104400
131386068
297593020
1256172
28009630
355540508
120525242
80569222
89925366
195461960
83499352
230172526
14085246
39889212
251857110
142660888
78217414
36747824
313912800
200416762
38610142
258678164
38109414
13860084
88440616
32937718
49336334
112290050
359897356
113682674
118343118
235972050
4851754
4764056
31278606
52952590
250200548
276319648
340984604
20685596
48894520
204752922
96816770
95972906
193262012
39582406
312662762
315140
101524276
211478728
60671176
402609524
225498524
10371448
42284888
84494674
207388906
263155316
284974554
135218074
132395446
128475172
384992450
8239480
283344
4278704
209448066
24971118
234533770
285760250
146629342
6297050
53886824
3765586
439885118
605610
46425296
250419902
333826466
36014674
153953140
107444004
126630554
49994904
58184178
1479954
284732606
175099022
593874
130739946
189026658
338909792
248742118
46440772
5887338
222096600
271823270
56638982
3632508
163312466
56009432
308059908
233685930
337148504
253578658
96645152
98571926
50212698
64149600
17932032
63813638
248374318
272744812
251688158
57487896
232240640
112457230
175940174
60363086
199408750
284930402
44262844
103651684
368517746
5190184
121618540
21213740
143835116
13606112
77966744
17048936
207320734
99169804
194627494
199949420
284129408
332058866
124663404
333562314
7544618
172466724
236096832
386254814
22355134
1580672
157599648
65797620
200005498
292664330
14761716
93710668
160231194
278169770
20295468
26629396
178828006
421080494
283325590
382897032
2647292
51681150
262038418
133863704
376912502
227976542
379351352
206700146
304540688
412093102
282728
301155022
68674664
287148062
38524854
188225458
147836572
87246800
10292982
167831968
173440982
2872724
13667500
21468318
25392078
329266770
157718312
367145610
193676160
128288302
306595440
9836084
95084436
241493636
37458140
156527454
172792178
66775302
191946540
372057670
77510428
561874
7459920
708002
51381542
84490414
73288210
44005388
79508034
211712914
239278452
322296456
92435118
89076658
323543502
226168400
176013124
9151066
127937866
332378526
69464226
308023522
28043930
28280880
216982352
164527394
48309296
154602370
54704942
67346546
379968342
56650016
373638464
325766486
165705730
100995734
329517406
238722188
393532132
23967312
324091550
72924220
60276
261511698
143861208
199646324
174230250
35641822
53986934
394385598
375060338
32624222
294848858
18866826
145914682
64550340
98024708
12811258
130009638
182826790
253226528
13712728
15221016
238170956
48584232
215293326
41732176
8524202
93429768
303480824
36129820
446577628
138689244
276206106
31007150
224499232
214476690
151022514
224286078
46752564
58298098
118155058
207993654
9210216
254753130
76405872
232756366
34059942
227487874
5926728
97295260
401143436
271033330
164942726
234579936
49045744
402346318
202292986
308810850
96324508
3758660
26698398
76654498
20316064
35856524
228704356
2700954
213392194
58329574
22334186
134701732
93311020
84727514
359708440
11268702
202256716
113987494
242982458
3374230
63525866
139670980
395973876
95848410
174509476
231163186
248754502
64575150
21413004
4528222
33274912
226408292
83760200
175579868
158598006
27522026
138407054
121611560
64749810
15295494
46771742
36608364
93840758
310857118
1935276
244667470
298870150
32837232
207211044
200374118
967064
367342286
325567188
188515046
256799924
50286538
102105120
352483734
111745962
72629124
10286790
277811612
387279686
31589114
26470218
147888426
113681190
275664040
212881274
44024314
21781284
141089492
265501784
299589042
2864900
6089894
89627202
156900352
62589498
59813052
377782604
89496
96677714
195167514
8368434
63172912
147017178
275787614
187463476
366295088
66910280
337314462
1190170
5899718
169904362
6467142
435876
47733520
135569878
141852470
287831418
103531090
35569704
87484870
166906502
12325918
155506906
73628636
2715972
118658832
7687094
3262554
69841340
213656200
25639552
392240296
181442776
301218500
262244114
25219024
1605964
78475958
173689696
129796370
154540830
294940544
64982
317360658
235211072
31092550
261725062
212278
66485554
233623720
233460488
8836440
153552314
7997778
163081644
228101980
390080818
343468184
26305596
216325726
78381444
401139184
170250814
172889508
129023842
286090992
67311472
17637336
18798290
95229742
95583434
5620106
8415544
120437338
32514968
217987946
123467398
84333876
46618352
95519116
128115566
203828036
140063938
260165834
329906658
287621724
146243934
186850402
167538160
35410048
129846490
57328400
276427846
46300182
166348308
36146034
162516882
281562
245506856
54557130
138594790
349115546
50598400
384517412
362875470
390360476
43595204
223371464
69087274
150333390
228279918
30443708
26731614
25980492
69231916
12049496
122920740
282913968
42939486
34365870
99872504
351399684
71983390
240820446
209050246
23812246
203301002
198153898
399210122
316410650
246667572
168459550
244005136
202461394
55683282
34748590
81730762
112037128
167511286
1899572
58125572
107620398
94057908
91361570
125007068
411362800
147483748
283738542
185068874
277605808
16391374
92998750
51241742
124746434
368616692
85473124
3362002
209331572
218114494
348113354
1287018
53270402
479534
222174430
41236828
65300482
319388624
109389442
199490406
16933882
67596762
159610868
234143102
6409852
265052126
97651102
120016306
71081262
170426828
131936172
195913074
127821992
204908158
218722330
248713546
9611638
71547910
228900928
20778006
265626512
492584616
13452958
14080042
189096620
2543946
40493606
46804656
41008208
273864910
87777090
186311776
231489644
194151956
109569238
199001048
319164358
327443392
318608
23021480
85457070
25178074
305934374
159769188
10499318
9304324
32650652
381450304
874038
194912
2302760
187869332
280746456
55964626
69804184
117421624
148772
7853772
292417510
390883734
402804674
122252818
270450580
344771736
149854
265340656
36971492
5845972
79393518
245279736
358231066
219109942
24097304
225735120
478864818
263286070
204748070
69055264
1024260
12723642
170356102
106301552
34600648
40834884
159126938
71038978
127302046
357169680
336978544
244181548
146981618
130492894
354884860
254200132
31247172
243531728
158826708
395088614
8748522
23307942
40297534
149610898
404354888
138480786
133597896
63833252
134070448
195540188
420702896
220859590
401007034
109856602
400787292
359672812
245814768
195575790
246767788
185435646
243657308
154138960
356352
23622386
299016880
7400574
5906084
22793666
29953784
7035688
223757430
213249984
243959168
114894
22200868
280434844
260583068
166969722
27778780
19907520
31085442
94672588
86881522
124523242
3770940
290424740
95388094
128035438
207105210
180891608
35240030
150156456
220968598
250745798
266374160
243985264
135114328
102028
109988396
58836
9200242
77119086
14334090
48825492
23664164
401603118
79878602
345447804
89587102
349913312
34474788
46268332
401476472
176376514
13027756
44853966
60377394
17332690
83693264
17420718
71931888
10508474
385153540
340639288
152734902
104931786
301677502
10441008
141472
411563384
320720408
167418
34910100
942414
342717538
260781264
69086366
293113280
63707050
82488524
280363804
240855658
102474418
225410244
192975422
132386678
292479396
64034720
26611662
162257054
24137648
354742234
210857074
22937696
114762340
131397028
1842572
81638802
22530112
274212362
122116026
13647578
69626446
334873362
38630226
5869430
350208630
312581172
235654938
353819246
1337054
27630682
294240960
139464476
14073260
58988628
417985134
34758238
215578388
330504628
375950474
28351550
796556
125078184
262284
134763668
139161650
36042562
12482038
336557490
71530906
44565202
250551688
10216704
5072524
279198282
245592690
97187030
49390846
11996886
54308780
174459572
69630270
442281612
129617008
154530572
2634980
3467428
163029032
22030524
65470462
1217202
12834192
81340888
4518586
148299022
51385430
24142004
59171006
9605900
110228754
2454210
100909572
32003542
221547954
294547562
53335564
273455574
250697704
296243062
203034412
96556080
18335156
115694688
21263490
188973988
82244588
226805032
88621038
280618652
163768060
205475004
964690
197701660
386943170
367447278
137638978
340712732
123980622
279916592
15057552
248723566
249704174
278048712
139804360
168405902
97289366
20521446
266821938
5458872
33701132
155537516
209975140
23467076
125267450
330533230
6968134
76413794
19417828
130255970
56041098
92369610
310746028
193925874
221608656
381797444
283371004
257742110
13825094
89670016
197977208
61326402
64883628
265292900
243463924
9267698
61149050
15919558
213882204
60943336
51472322
253597880
444053146
291284
13437974
58844438
186552002
42065320
29062392
7988346
129408398
47695178
202618176
207991456
360577122
169842348
138835862
25964578
91955234
164984744
17735224
35176688
298363544
46974684
23338088
105767492
5694596
157217460
112698198
142345378
52014362
7886764
241474526
106014072
366929040
80746890
595674
170194996
40050818
335462448
213678628
190357208
45216792
168195916
271771142
272489854
27437614
52044516
28589552
157300596
220277846
215899454
1047336
109336910
41038378
5241714
1096404
11126276
141472250
244767174
177034702
191320978
86256876
8620918
9162536
202265670
7796952
215955010
215171100
76259324
8563618
84071068
402919904
121718782
116103326
381109472
323207328
383521754
363170062
47843280
154074288
368937976
144780826
40750154
247036660
17144616
157545566
444526774
149445052
8753430
156695950
3562800
231422312
112066396
247261326
19019150
70290368
390217054
10057026
54578116
18312936
208246140
77301652
73477262
75008848
122830452
138156868
20788
150140340
78951146
20238306
4699332
148120192
171297874
84377452
78517632
86062272
278879944
238940328
306097376
199483292
33256912
411844588
61646580
7852186
89125172
304044902
233119502
196648442
44478706
42719208
332678924
50961728
171826192
256135754
104643676
259052206
64013708
286392654
19885398
5682518
130807190
310946488
39115532
39589748
38737052
337944286
193716
244014772
11054654
286445812
54108256
24385112
409158480
85033718
337053632
105757268
43691938
26296232
112937816
3244198
224392226
5309318
122236128
230923326
252034894
174280240
165714284
6002358
371392714
168138
72407190
82202432
137940472
29927594
11293612
152377880
280449378
173894
44369522
373003576
151526426
372642114
6670
76054982
358192524
36022106
12248490
1014946
230004084
76309606
14660794
62451266
26645294
56507328
6721622
201227520
154818382
96607368
7586042
19482572
282044650
87830622
195794308
411864
88420690
15191146
248249138
202854214
167853292
28229498
74587372
29895782
108080806
36837862
54142902
100001298
1581486
24723214
251242104
243730164
46198450
33949944
324205794
2010504
208244830
49872846
125867860
11856786
35566758
67146164
104303252
8637820
83425072
115522510
209255958
256390482
120614544
465587742
40313904
253656458
46227714
279225748
268500500
9445472
425173478
25468826
185036326
238049978
68563554
176193152
72492404
102336038
91035110
74387414
12376410
213794270
68099764
92304316
273272464
36530304
15799670
7829642
240576102
7086846
159763556
120664818
31503322
371714096
55482976
256785602
335383546
48068576
26094130
33188222
373642108
92328022
46678064
252019882
252290198
449892634
170267388
18815912
118684552
17168182
91099300
346236104
35111182
393259244
156111246
255647226
234791600
3195710
259390666
117880610
53008630
6830380
104050472
106126042
461687074
6488006
128130422
248269986
387949540
2221208
31260554
122438638
353758998
26620038
2665924
54118800
125243864
81238632
18866290
649828
198671784
76653076
6945968
33730570
37612660
13283326
97178674
183857316
174581360
75323488
51577560
63481040
317231850
341701474
179246128
28029938
173679848
179389106
244979398
131310746
265999684
388274756
320724332
154550464
169636318
55857434
22778820
215139630
718220
19622492
336219632
95725834
234214260
99682940
120319470
123752352
8101748
21294650
105998926
60303122
161804546
333626408
21643022
29400
206026852
287490812
230610192
406782390
139976468
127147302
12221256
377823830
440537058
23094494
218400266
87052352
139867614
189440026
39574486
181173312
9752188
8658366
143455066
244863710
233817034
378571768
43289188
17491658
195528938
7011484
13073316
70768490
141855118
225568984
23688424
63156948
214501396
14733872
142677960
184940
185125366
895768
2112022
48777626
63238486
94210244
134348620
3543140
29482868
38660348
179707504
202648628
93221024
288865618
30331958
72135764
368395564
52063646
189373094
398467348
27990912
32271478
178260118
25986552
80169998
291000520
264762980
364423216
150491274
293695392
2362392
8952860
64549876
18473760
97774336
184501864
208287914
5534270
169207466
266840634
211880172
48255132
117671222
4469604
254518920
222210760
149447582
119199654
141661044
37716164
203458362
131405302
225953364
201675804
306381544
175479834
157584656
24110988
169678082
6931970
317440104
229533314
80250754
2664218
198389990
110075458
27721664
119005770
155797252
157351910
262690170
253878716
27353598
41794332
109306764
62895184
262929028
339405218
183810
42524338
409424862
48066170
143519304
29942572
287720940
28871402
405954046
33461398
53703444
88998304
65664322
70762814
204927348
82544614
303380652
227685084
248931774
1893780
39836920
95770668
12648252
396792100
95344404
70890644
48788930
6817108
90546090
217263798
31415832
353821298
13865944
131902628
186895542
36365604
129383382
407737272
95337012
233117750
56788916
261638258
24579082
268097918
17078902
26296734
236902762
294909676
97258194
101076754
4427792
296994730
81978326
41688036
280877578
75043100
20157718
150812750
43061372
86357320
207520146
404080242
349676144
4065060
7482194
162099568
144679444
26065980
29875838
58966116
211562676
6531356
50467428
182726834
305142508
427957324
148237862
69652126
58595252
76932014
176216096
12954214
89301134
26329916
16878326
180923822
122286454
45714308
26088972
435777028
163963500
67459398
93828976
172887734
33130772
334874420
13441572
228520908
3375454
19855094
405800264
146518116
258164772
29346
370875232
115824850
333332776
136901276
363039212
76322530
60957940
3135720
123846540
151559186
321743484
299273396
134919258
321430672
141980154
22798896
10204126
26957490
26402260
223021078
231885960
38851344
309348128
156585980
253898712
358962658
117949072
57142872
120689402
52559994
31713024
9221390
45369124
23070066
277479822
9490194
152330268
265000990
359510270
367533464
113005008
282027902
3203676
193780426
76599918
85467738
2592142
340621210
26052164
59702800
110091442
348025184
260221112
3743680
347975506
143338252
221899968
60659796
12681848
113801032
111917286
206385462
71641452
279735386
172164978
248250242
179762146
67653468
80103306
39225370
149535958
70132856
19548622
81299670
59188
157701054
243046902
180283252
227710542
64313270
1148432
21662934
130899018
244639944
269604636
53986800
93560860
201669620
13705312
203519444
378455760
2512594
231866514
108523850
87679086
5297058
220663108
28812978
112804582
193816250
2198618
405160174
37985744
25526152
261790960
35010944
272639476
293592464
307372450
197969046
349619534
164018180
150091268
7052392
124653366
62774986
209550232
173812924
213657974
23418950
20775016
276579376
284142548
13377080
100461900
194490
246497052
49825902
212468620
197934242
7205976
82402704
329291180
58882096
212530288
51715556
31086320
21636954
258182378
284939792
28666810
98159896
35689960
126736894
76924516
352344104
108070770
5488782
153537120
179148490
338382766
935942
21309058
285436542
20211704
226533988
18318646
11770106
33036390
95799530
190639714
112163428
230440290
251951916
205092566
83076414
37543896
71909682
58496972
280936224
2642398
307252684
424068494
122958444
41225740
80177012
252071798
123163172
19926116
178046432
130296854
5699434
212409724
362861176
20550824
19650906
96936596
3786318
16637318
16490252
264487216
48210880
223749702
100159610
2781012
102298898
191127524
214633796
349015960
196822924
188300074
126416960
8560482
353009316
437488928
27496220
202363728
92782798
204372
308179310
259024884
342219716
4255214
150808502
56072514
191764802
132832416
16243160
373410250
138896518
58728556
391997996
102594232
80012432
217224454
52477244
72717702
398533202
186274546
236307280
243387802
139462270
211419372
129673514
89369146
50601660
17164150
29586316
265475982
18345896
86704972
184367688
31340
29136344
121013372
2142204
183005992
251724454
70845770
65282582
7870262
238643724
20324820
200065116
24128726
137988836
59317192
129817168
13719192
845518
36129518
101144934
51167698
175724890
14807240
57277038
36509938
2774994
233278740
14320132
437671090
34564272
275345444
303327700
241666632
7093182
4536034
264511912
73095510
324561824
319540606
13455160
282894186
182409826
980672
274461136
7225636
24920514
61629690
149675914
322755660
75774828
285942000
51002342
13385594
359981192
383125142
101153356
30908806
290942516
17600844
109024382
375350
138812530
40633980
12966850
116593048
137314080
145122044
266698916
54743804
171167066
222263880
46373876
304188112
61838678
210821824
187059598
41323542
244733130
207988
120589204
27742636
221437652
149494674
212983472
33721842
221534928
11960448
11589574
307031950
138897080
256638500
20768554
695282
31189366
52570086
48528
109145216
13577462
190338036
301469062
7865216
10457916
64083976
56761842
102010474
205110836
271031882
50420058
256823718
50015436
81008172
28249004
102416866
426556422
83872176
114125388
142356392
364116712
165651184
37269276
55756604
91149624
274350868
69025288
48316984
27207668
56136740
166934760
207514664
919508
308154
92786890
201707154
224131618
285768608
137810294
267340834
91794548
275333614
17317476
321537010
172018052
3875864
145549494
58413684
47430410
36131100
26296584
10895868
454526390
231651752
14640010
3388444
50430962
12957650
20971422
222442
290358476
31771746
281538744
20559104
100385962
290248672
113047578
235594150
50591412
383986858
91264412
7328
193446688
126744900
23647132
99883270
12875212
23912162
14834200
303822514
113038526
281270424
207560918
112112980
244735440
106372110
276514880
12213192
6491222
50239060
122059384
27410910
135432468
203982532
186393220
198439380
67911308
12195190
262440184
64169558
18548216
221650112
160663276
11104478
278712884
281225864
50526914
52297078
265822912
5395152
116839632
148087884
186409428
291523874
109183684
29141650
1594196
344571950
346190706
136607314
30360450
113482314
137027178
81144002
241578004
3182932
239976948
221123212
12563684
166269230
399321962
203260832
12347856
114971934
330690050
135450896
37147570
112011728
259821964
140871780
68242842
298244814
124957914
51791562
119065582
92947542
181841692
384639208
101174238
25021134
8658882
49007180
165087592
2769716
118587316
342583704
11060526
236539474
17085170
139301582
132369778
210054922
45322896
164420672
144584694
14697340
443820302
20817256
110350522
147807320
100349340
82158274
344744116
11534942
226234160
358184882
117513070
26503728
184549898
1064066
221317384
222748622
271812268
107360032
381975408
1391486
136720582
101004288
454383440
60119482
169578720
14893126
105621872
192176714
23268174
11035936
117434
135401240
123409138
46569316
160594028
196663076
83371862
52983610
85580218
5779390
190368264
1714698
17262172
49660734
157438716
34369408
6503980
101553326
254765582
184894604
6733378
65621468
175523964
168491884
30291216
260875472
259806790
448324082
235255676
154675346
2166470
292192530
449485732
1516926
241540730
428884628
26974530
448258898
230547904
138988590
107458292
37755250
186281252
15337458
100631604
201424138
13084
270248850
14003852
23998706
51187864
1331564
229820692
7685200
31477148
18828102
6640644
317022342
35664652
282131810
44245830
198253748
159148420
183936136
324668662
66973870
100989642
385792410
186764274
33412470
156261646
80486676
3446742
89617554
340365840
31197646
169802456
268306396
385457180
160839712
15729134
77173364
259737156
230530432
222492276
154726740
110367134
200978018
57004012
289653360
68329010
560714
433733908
209918904
148831102
1376690
214896310
128966322
328953652
413713090
2756924
113840950
56266566
169929292
76416532
130160484
278099962
107834580
76809256
248892012
124018594
199651124
226994384
122783822
106786398
114981670
269680020
808136
412078
164970504
50252602
51862626
144932668
36664794
119673828
104187462
209680332
103038434
13455560
94263492
104447242
111585116
111841378
242163916
202358886
19531624
60729768
10209812
142207016
81882630
176084414
74280178
334568446
1734074
386569156
113330706
59834568
51433704
3654470
276285644
105765124
162007740
59163968
919454
65906498
173843042
44494660
361646832
67495168
41426722
83440634
16489202
399674950
362531530
3067790
8169714
179805688
38015316
817366
281613652
20438694
192540938
299288622
389674122
23684362
70860396
87893784
210716508
11772570
273823750
18871182
165126258
3503658
241215874
22000650
257837924
459924162
106244882
91429322
837078
291173928
22499656
367508326
130760854
331129438
45953262
345781832
4541734
128966386
13876770
47448452
284212622
81425560
46757338
39546104
3377534
35175516
254892266
27541478
106270674
397374206
202274776
1692166
151492350
32075338
187930156
282439802
16055088
93209742
66277986
246298844
79812930
44510368
234641908
65232028
86898224
304280100
52259234
165638440
118301426
131504522
46344204
5837406
273255464
297056474
236833312
52313820
278347402
56444138
171029260
363576396
209479364
10950122
174855700
48846144
50897126
60852938
249720172
20108186
14127802
166361874
221636278
142173302
448076
326583402
131801760
5647016
362701736
14580470
142728870
193127214
339099468
461530010
17619226
12300690
87840970
108635928
1824514
20543608
265609304
246404288
433909986
78949910
16633550
18160332
240076910
160163444
30729980
280760122
274114772
74479884
243378516
84785850
1771956
155355744
207502150
30720676
12353956
286950
101237928
27801056
297995076
78583678
184815602
147496600
341352
194377088
301461296
60268474
27350270
295596486
33313878
19520330
145886828
334243422
429628794
295879584
85364
110284182
4441840
356533642
231650494
182060
94677570
124612552
185210966
304400028
49719248
8171596
416616290
315378008
16509068
168739708
81368246
70319432
13926738
94009292
290109746
276734042
309069726
8349382
1160932
24344648
451363476
9950652
307285730
173378946
325741418
84800406
35498998
84614580
251828340
220309230
176947788
253733542
114419804
76422908
61477230
138388212
28194894
247940916
381258678
26968678
200880184
54456680
175245958
116554402
9676390
229086024
88577044
439767582
151594564
385538860
69048088
272830658
3806938
102562826
201758648
221716534
125001602
321747208
176820368
59536502
93806444
143272594
92300150
3627742
60193342
151708332
254979674
74349620
55629490
404115536
27509820
161346846
9940148
53073590
160965360
196978462
969108
331972428
271310882
20499626
5551668
392755460
27433354
25822450
108193356
230828730
258160080
398570622
356556756
12016718
184404962
318640468
304717126
194906880
247251492
72599780
78152666
136695530
357273906
193182710
155075000
3679664
100527900
45947936
182724248
182720736
6066024
256875276
307328560
172905522
291459374
220799090
341436248
2985566
110741522
116889242
119780586
107175780
299617610
307101914
88626452
44926938
370524014
365094932
252253476
37564806
229731566
172353054
24633056
71358312
231164538
33381392
163655832
39058536
689478
314415006
162883584
398360090
109735524
401936840
142298256
376387288
473768690
115495558
48403982
2448928
35391184
3293394
167488038
13607462
12276648
6393444
99379760
150208214
358305546
276129362
88830886
194106676
47293112
327518796
454656412
10420720
12974370
373283204
327774378
399630532
98503622
1338632
61739504
39664394
12490774
428332406
126576848
188434212
76247840
268688054
41345970
270881586
217905208
211119634
43192938
378969822
11810520
3227348
461560094
111585222
23171172
58769696
6069770
37057558
21630836
15092270
72123234
10030088
328926064
239829378
353154812
67209194
178976604
117117676
278051338
39085414
11373150
266433184
19770052
46721090
425474560
114180692
41087044
280911814
200877440
308365926
211536636
3526288
652314
92112810
174494718
49970116
182878388
167140664
328216186
111823482
158105614
370229404
251692646
49982440
102452622
241470610
44417764
319367228
168950114
39814462
133776856
50799064
125503578
164984644
255674396
64686798
416355334
272287014
202902818
42730850
163730004
368507294
124568298
101677630
190962168
397525760
64734536
389192
35696690
171067442
342040698
99875320
187182544
2793572
28496060
57554234
45396252
95033562
235077948
17032318
88691706
1091766
64718654
172587324
197411506
76248500
42795416
239460732
64240690
177371220
4157496
353557764
120654618
14410200
16728250
43894428
113322456
31879254
75458880
340420798
221697274
319416220
7960570
113530946
272316462
33120580
405812586
198719126
66836468
110990842
346736596
68768020
199233568
231632180
26299288
56867904
126336744
30138252
110636212
686736
12556518
156912442
13049698
44074756
41673060
691180
7240214
91971090
62404112
294746770
9052586
341418014
860284
51892136
3196422
299233684
252880252
233128952
1646364
15847378
125844684
137309760
254840074
126156736
361630222
336691238
30518850
303324332
47617874
95737832
13045972
93926684
60617810
217292698
71366266
64634428
72000782
52405138
147318546
6666690
10119662
464573154
129341724
136592476
20734
34264604
92256692
295404642
57004362
262404476
111027190
162866958
50927806
203944182
165035676
38796
10061804
327396
200370378
331107028
244557926
228110404
161710946
5165682
93661366
214276404
5815462
181686692
151208138
13793516
67970892
176070828
150063140
275785544
17571838
6060820
117527562
367159296
317554
92324814
172273572
216321142
9399814
224813840
12186230
1889838
284198838
7395798
119043776
6727654
187599878
80809214
306084
38397292
178218482
231991350
483434182
224686430
285163698
51389616
386644208
62768660
92722342
6956842
204562354
47568290
344567702
231078016
1073576
274656362
15464018
225532128
7950632
18776432
156473354
56658604
131216574
193428238
153170444
293217730
1869796
229390994
68605934
107925246
11672770
163677896
327864030
119766472
24154490
349091024
239762828
144310542
178172008
330375886
261693116
200515054
360726236
31090884
185644410
5553876
35626840
70480834
136143500
316307206
50729314
259029606
335495274
176401584
376914552
39985164
22839748
57960390
3128966
10978660
163562114
174115676
129652726
61875652
321604890
1821792
6376976
213139608
42735964
219032328
88230808
409073796
93444988
286585022
108936546
311753406
360086298
227661454
20123982
235681446
139288568
365992
85554624
21548554
167610076
170562980
165752550
69210602
325823930
103134308
81978148
83342644
215573124
83720868
197548522
46375722
233641580
129652940
147231194
200359134
173963978
161404884
42335548
39300620
191135298
291686002
134735222
95074920
8391912
139889976
46439038
162471492
175315452
5440998
307372832
192787236
19314380
85194342
43998424
6368386
300613604
92609862
130882122
1888120
26078072
11651244
120479916
249028834
218593784
131498788
165648152
65957856
17648058
472283982
122829360
182392372
72405286
15592322
348583052
156463456
66492106
234286556
248920304
11164276
161831216
206302448
202824714
139661052
148660806
2056
2613546
352568928
242067030
337953316
1364732
179773810
27389736
188954830
84835862
101947504
204181622
60580632
2476478
89312824
392742420
463531408
127254750
314653934
172403330
190550976
249433540
281597608
6115766
75302676
76556874
335941860
4360188
24439154
46908728
27872630
121071446
170815556
199839208
339309866
192769054
35153990
128231980
165715152
417874
162074832
239874202
162762026
8006046
447568864
205861304
185280068
243445570
353773984
206877698
333171212
133367884
247817510
68259814
5709520
153997680
173806522
252063954
175130238
441592
372084700
198503796
27966024
265527858
426051152
258717226
373865970
162526522
32849316
451667784
2126330
134686710
27328060
264315100
140551914
224135936
10003538
143070834
82396254
116132898
16439820
94760586
34182394
388900940
74255146
7472286
66448368
4269836
6671698
93065558
330517544
38235262
294306772
101533812
307077124
123850206
268782586
2635482
44430808
34688100
134502888
88576020
21373582
282318626
470760914
333678768
125244402
226991372
122874814
157156892
29401828
271342836
374187622
372369310
201418
30288330
19183068
52599336
172645012
223662330
244190368
59387958
21498460
53356220
148923518
288815948
398694
4427404
94230402
285137708
95210660
2220146
295879164
156217118
26403080
92585206
183585804
7894986
87122810
156658320
218112588
65969366
251205404
212430902
54612082
2534468
70336104
373495296
20512552
74497712
232607426
65462318
3125472
311650
246435346
64876472
9513272
274798072
278239724
5524928
25875460
162758738
9059486
3346918
258479606
104709402
155915818
22092496
130780250
211967390
191222322
269788274
30740366
94816658
147860426
46975288
66837572
341670506
16668624
94291836
219411482
187302430
306997110
194393222
249984968
151589380
235902524
120889336
261317474
8301164
131016836
45242428
5494446
6047544
393917328
138054384
79481810
73647180
53170188
195200614
37547360
233128872
2669408
207468572
143956658
226688736
50083056
163001716
301171240
13666206
112366852
288387640
226656142
50266538
198042562
473627004
33319320
77644512
107528830
63558696
42674914
52531644
94984560
205479966
378542884
295261522
171456706
88456456
133464802
169366452
236324694
370134048
394990646
7460776
128393890
24236552
61633396
1372886
16809362
151254462
283742790
74072038
309478310
345827414
170399600
425386822
139026750
19339796
80061324
158123924
184274442
4288292
164762852
8261510
43146350
83880478
108709522
332598722
20689684
90704782
427833176
59683884
8363014
4414432
293175904
73340972
164506494
7520704
29219058
244957914
131869128
3804432
7423906
115666636
85639444
274678492
134814160
343368654
131667636
214725890
5191634
40341596
67770126
229166442
278647074
6662784
215261056
358232220
374788240
164860864
222466080
176439090
108186332
78655852
39421456
213249802
163506980
162892144
213363574
251073828
447749084
357188222
123551268
7134716
64239772
24254980
376602756
299282892
105804106
268214076
84527198
33591812
76703998
2539478
61055622
353736118
6212360
394106408
131466314
148382884
8919058
53680080
101991066
376155808
337274466
266204552
131750566
133288264
177187288
78174220
106368022
315186626
173203754
145113588
108219256
281274182
132216280
89046534
332097242
120725774
42964710
280997314
195352606
155403930
460518
55784332
334082096
4396528
204051376
298694848
2465260
186337442
122425944
116188176
70169410
4204190
94784642
120574720
126315678
1003018
87355824
3026108
31392210
63721246
43040992
68854898
226329718
276534084
30742308
234541266
2509846
390820094
305177144
72633626
277364618
242179706
160097408
11957228
107866308
160766186
267187614
196337098
218647212
191178132
23617092
247803276
70071100
291453726
341525182
205339618
347219536
181218298
84117886
136390118
106984562
320247316
277937764
197729828
15410742
59053428
30076448
46665012
128361910
196646836
179174042
70716290
288936292
49967858
352649872
150993722
252388830
54012898
368332138
9616124
338300844
301467126
205212148
211539204
70646770
184116614
42652948
118899014
209702142
5102180
219577930
6062490
190716006
5361192
300521368
10501426
71910196
78610572
57531168
30342434
244760944
65700772
213592596
118509754
153204346
88502286
28902056
142910746
59735358
3364512
97438198
58238688
45648726
10124538
24081500
395596308
30375062
146366930
388443886
77762242
63959546
28422668
263081076
12604200
11644090
318554832
118877078
184741898
10700480
131720954
11889358
183205598
246446120
1641124
5288974
373656538
15451472
7282970
364857416
6686660
307994104
89093574
36433746
272658754
219141602
188136032
219864592
36190292
264639984
189891894
339632606
117198108
2940804
92512036
294853004
227680728
16959304
113019664
13268332
18590008
1928892
92238882
66476982
152637992
388111474
128862872
396517748
43101344
594342
91436614
109433966
76665324
179115926
302879980
13322222
45829486
5781236
44945144
145717958
90385606
32060704
183079556
197919582
382146990
45108110
673792
51964068
92653298
454590748
115466066
7373924
37517314
83849640
32909774
296645254
193087594
75825200
264468284
216033694
179824806
191307838
282725306
6991996
1082180
41080918
211710528
10219180
4998342
44861738
302164254
29431286
253094526
38926546
203631714
5498022
183400778
244787516
66094280
63843624
2996606
17267718
330153902
13274420
70972728
6916836
395939344
130692278
6125572
61019764
4048822
79798354
110762312
64662760
302916710
202770846
84821766
32629816
316192510
264601164
45032010
368836546
173238022
122719756
120073604
117773194
2561682
63167138
329122950
441308512
107999152
198443830
31768236
276195114
202522268
188307162
25422192
58070724
327419752
5893688
10233180
246001068
212746
115161466
291026384
332584120
84918612
123906848
24127008
49585830
13398
316058308
166842072
73225738
44387528
372865042
65599788
290339396
155576694
115705102
56110546
100491914
276901076
97725456
1199570
123947664
64258440
138115504
392242956
289804776
60876792
124725324
7074750
261427442
32316798
14684358
112435094
54655700
132433964
7652422
201823064
76626820
121075056
178017478
420397780
332175702
145659276
260252832
295851102
218404512
5495886
133640436
238223646
162569126
166836950
214677742
137362930
78764798
168506920
110454976
34556328
156238290
47933788
388443096
89149864
18718252
141325804
354953404
270016578
352600696
250318122
29701022
192761004
422555670
8604362
83983308
113880380
36846078
215417608
290314724
111691484
127448722
400183336
50703754
31644564
29607440
124345402
428378812
279370638
320869594
25287732
133824076
6532856
81196496
335362070
418153234
37549490
161323640
3220824
193718474
104339886
29470488
54843468
387607146
307754220
321411760
189877246
261559408
5194154
31363190
164092844
429657798
333319258
182839388
278870252
131538500
21545712
373225430
358811886
284569048
266501804
52387388
264078550
33439660
236651978
165994394
313962442
126411672
127579140
228673950
3882464
346722980
279908688
80864570
255726904
93500256
299078506
297692472
54689800
55079294
93682426
267575798
274890222
224316552
59321068
277013414
130663434
2971918
143582106
6788
59115524
42958132
16031356
245779460
11608726
151400
73845384
11870604
222497402
79562750
146968672
43567312
4067096
403258784
373989834
294514538
108697880
291685450
215550
135818038
201843042
15121734
194984982
264999816
123136060
345642294
19152452
183597164
175010882
120136684
479758382
255634
5818260
139090032
163984934
3347894
32023776
323311224
253230026
220191012
255069724
52952840
142007446
7531002
96984086
325252766
101157702
123735538
103956214
140643898
170056246
56314792
105090588
211078044
93072250
233581456
367073444
143346400
89544
23082988
157292340
6843796
10254188
15553598
216010084
26598892
130519240
3696284
10807800
56813736
8523010
73372394
162635744
260247626
357031544
129940242
103088172
5649776
49347664
291125204
167056234
355316740
10453570
354780446
139323530
11732448
86369202
24694312
8015794
97815710
25798586
293124176
252401904
328112360
51398806
28400958
56848780
198970232
400989044
16883834
89261966
222765852
32504056
17901490
91624574
68404520
6905454
353855230
288994204
28259020
461750
4909050
290594586
22723744
124337378
133491722
258218730
99791264
323243686
425635124
232632148
245191674
260340330
110083146
330187526
378439310
317293206
91531712
30310004
123383696
114614238
56398550
69750812
252159684
113003936
132716272
14216210
9961486
263186354
13783398
320017572
33248616
210508
46780260
130932202
162938980
337613432
79457316
2577190
205373628
143137254
66728688
22532308
346007190
41162824
118058474
14497382
155585038
44348476
196084146
101436562
5561398
2595818
307558832
124746492
8853080
231420312
257014074
28591682
34514320
141594948
218436064
254717900
34152846
18989076
145680664
54909964
145532578
193063596
123167738
107850866
275673082
11540030
442078
53664958
198409348
304830152
237589018
65899636
254214272
108197992
80536090
65306614
43951556
284365116
8051366
176701030
382892432
82043284
94850144
109342740
52665370
111885882
67588806
46572548
19678156
33879182
161566408
298033434
37403974
292956468
105722424
116747440
3990680
329852606
2266470
21416764
125526574
7619848
313714030
229770390
45436510
14927030
39973960
39100476
190035342
155136982
64608162
4143576
44520926
7179574
73124706
120163442
79040474
185721482
83492230
43481992
20352802
54098168
356902332
218948488
231004308
10263100
166368872
360372466
44612448
3546664
196341804
403272020
42246792
242507040
181915040
190296638
9677912
9671058
308308686
167517868
328138618
359713964
173115828
83997302
155343862
58645408
90167978
54480510
51388
294441096
47872546
109395670
130618662
84385404
328663304
125923302
19032818
364014812
2396654
99879420
211531272
40431118
126846374
113416698
143626316
101766704
659978
467194
356373108
79602174
189558836
784114
121812848
84980726
46998702
94446388
75843842
33318422
75493990
156893630
10078638
24749160
349545570
105533056
397846960
260287440
29123706
1838106
8507154
13262210
148305798
343724116
8593660
5662358
31460580
425592090
6384248
167015558
64649554
477554346
274144538
224772248
6766438
137888590
167250260
3803872
11686630
119488298
311179254
226298
144236026
267164382
164728228
572430
68050298
4126866
45954878
141249008
23254320
276719360
234595758
12970406
316562392
37779028
108098824
172493760
14066542
214474208
96347962
68575390
202180246
37557668
181048320
10228802
179476062
744572
202731624
80120610
68397998
350445548
63753120
180829480
105217614
117964964
64992648
154363188
31869438
7643026
311773744
204926556
60384376
109811506
20066448
6522684
250293854
389199058
20788932
73222088
37524398
235009032
245799330
138823182
93041834
50499898
53182624
31211116
34911764
362507670
3191868
271776216
268819132
33289116
14707636
130171626
11455164
4197378
154061552
231179786
380767604
31541242
23336612
271889776
98448860
217487550
23074358
121805178
405283136
176441540
10147250
87898434
211930486
54141304
145949364
115664136
156856862
266044140
363849206
77353690
84972932
13422562
2489166
106712540
2786318
54477104
75805538
354859536
71114308
182923456
409413514
14691478
328503214
407282898
77924718
10084614
2956180
85490316
239630118
71326816
417609464
74624890
97352946
101150714
41287620
328101334
92720214
43986492
283398714
138727600
246692336
7345594
38775988
5340116
28596324
31166228
110421208
63649982
120906650
17191310
99377174
43618366
183852726
173361976
133015736
156885398
51161980
177835172
248959904
91112946
181782264
132371812
95948836
221879864
4852336
49265822
14809644
140348094
29261736
166856948
177893516
4583662
6740634
257612456
190016652
11409830
39735920
262227418
35933706
462995916
214545958
162413712
122754986
386884
255940984
13654096
51603592
75822480
35141510
284919584
97135342
74044310
31470620
90634824
161127032
378478820
11599806
36671226
116486712
146414030
96378032
273559168
19883704
90305098
11137196
10554852
22576958
223940860
291737610
58225506
183253948
250662934
84107030
144471616
62059998
3071970
259645722
10632226
235977492
11206616
110508084
324534978
207825196
18805476
232478876
42713176
138993824
5603734
325062310
203974096
103426678
274565124
167555662
41803518
3235844
382373890
266819674
179693716
167811186
45049206
192318778
181997486
230818592
274479324
198061798
16066474
86665458
139482282
44669210
359455440
4088220
285886588
392079316
365192142
61553678
122699600
7320622
781266
225252302
288068782
318273316
22002990
276141042
28400618
261103842
2279566
233905990
36958140
270092944
78778838
163609572
53592218
229775006
136590076
4316946
2838846
291072428
307244670
381348802
23415670
212719058
190055466
188005970
252336130
2205588
247379306
182132510
82114398
100290120
290851586
123330082
230193340
14643302
118724570
185520452
278170084
40527566
192132924
222353594
236661050
40642480
131233452
254225378
45364990
8183918
44342648
225507570
15187148
72815202
40083474
29218266
31626564
318122526
128176366
337033362
289356346
1068104
110590252
151159526
13561498
1655066
199849956
98159176
30771364
35075134
79151100
288921544
132972338
84234540
324022994
311922740
117003370
408122012
90810110
12328080
31504324
300429100
148390582
104545958
310223310
137584238
175569390
2351732
317850050
350198074
139961856
394094922
105324526
279499410
67222250
143067938
163537146
188083336
444482108
13089756
240438272
5242060
400643874
27873492
352812776
26634040
73083052
321512384
62556494
104074446
103906976
47165666
3309286
257041726
55734144
7152714
77318622
97703276
99045652
324609808
11644486
126497420
148056760
148993312
1124490
374418
166850504
732264
317861602
230203000
302989458
12338890
10067344
344341462
290740410
16874
110958366
2359580
39954750
279528014
202198098
14844
165715040
162355698
176558440
231052928
219733068
225081354
33043226
22006178
298797722
13694294
176556
4657584
211387576
135203768
81838518
106769652
179423758
276951860
4773206
200627496
278959322
50458426
171465506
23023264
114767262
2526524
40932684
86736244
135760290
76040318
227139694
372092572
20479796
327300464
296228994
265897048
260428700
148129332
324120064
79838528
32768052
102280280
89594572
467225046
212450998
109873068
41497856
184096830
416123718
1671032
177483706
232118248
179807474
349402300
203724030
4924852
156190718
131534440
221013040
240229626
90419046
165451580
363500044
419025802
185737564
261652066
4852980
125750994
69179460
3346618
157916032
251348620
124232630
208226232
204629226
197909698
373832446
247944896
7933668
294167578
236093738
131450276
170409406
5631756
70096880
193405664
127142756
390232520
362808218
218538054
446920922
362715372
242048400
21418568
177629726
2690586
276866284
41651032
54561550
203342202
23988596
89240322
11633554
90772642
129906786
16945758
342952044
341693310
197645360
59873782
48237668
27864708
36776456
315238882
96236732
43379122
45870180
12398142
226096804
915060
11921198
373659302
103325536
351124
49140898
532816
2842318
282420260
111980302
45811210
196333202
289954816
244036018
207056
77263550
219856470
82218496
6673324
25388352
128335712
118101770
43915058
164915562
203393804
205648374
9089114
209506406
27323892
157444942
69652300
63440602
36133096
230089214
313645882
88102948
56254190
330952286
356090514
167862006
55542560
628332
50233828
158598804
28685940
16672744
58256510
362778110
24209436
378534424
87056140
87948024
163548104
281187744
344069092
190788208
95230488
106350174
52924556
1244484
206852692
284403518
123938758
3712912
25003440
449188742
324938056
301627332
222025326
28151002
1842142
175810
16219034
169318776
218987686
91953102
150689018
126067986
336471424
240507282
12506766
106207940
39976394
85144684
9752990
19926586
28271118
37831858
208396
124614452
335789604
346902070
200835126
78459446
328839154
191739402
286689500
182443220
73539500
376162414
135474678
98050904
156720792
307121618
204547618
218453968
108283052
287694580
187184874
108834278
66446820
278575032
141363660
8802622
11242270
26683110
138792670
28442048
172244868
87795792
4286226
104842166
100724358
18641896
51491512
149372874
28062142
13349934
402930
277186738
99284528
44693722
3178178
196608470
2727774
102210574
308856992
360496504
392157594
143842510
292702420
198414370
91026174
32380068
138228450
263234024
165498214
352201604
3626676
195551858
129965706
52472160
329427738
86806696
154056388
234320066
272013102
29543440
151395994
177635872
139319348
19536748
7231640
170931460
226471626
5318398
31113342
226270696
2565866
69986552
1925782
5650812
54306594
47588322
208382822
236467994
140968666
29097464
326301956
182336394
92623776
137021236
159136626
81885446
2112068
60046412
3354984
274924588
127201858
45701864
18849132
264239194
57205456
248575408
396023396
233758830
61720084
200781938
215269504
18676384
244515422
20835666
152423206
175616658
38403176
40211416
44241566
328178308
343967380
279990958
50217942
251388166
73112458
45443002
317278728
114146708
138532104
108799588
66590530
92593004
260208326
68039014
60854014
320441566
305199086
87957592
13285754
438759336
17952536
23694942
15511100
411912356
215036930
248708722
247883702
145623460
184028194
70985584
95772230
9526840
124048586
336852558
28055994
156140042
96335562
255519486
60642184
315201202
365436242
63121668
40300364
9566162
168150474
261741140
5790226
53730228
23802418
130166962
231440314
287639870
18120626
16975352
152336816
186865116
310773972
39282970
18306082
136432934
253535120
132823118
5465652
263940966
228947384
50936322
13762222
186341262
423656336
8052296
5249320
84008004
5901800
5524526
232278998
262762042
46389762
243248178
245989586
5850758
118570542
183303804
37130090
43824892
136862576
184263902
87060368
118294992
930968
86893044
123947446
183419860
182488578
325450620
7512240
14561428
117789410
68463700
20438326
164862294
185261328
69368216
208152202
234734104
107276432
31255566
253442312
455083732
303233242
93874452
2449678
48885122
29279864
386621482
46465170
38746466
25283318
104522344
193753200
8426356
301558528
313465210
39776130
150986266
82185686
399515454
20788468
39885970
163476120
194614416
45135806
6565040
42393922
238596778
237569820
329539064
12719032
10691748
49263636
322837712
420334622
10692376
385640
176908352
273770776
221289488
140852108
72554568
159857412
398986860
197165398
9228118
149124688
248239354
135236432
54983594
99304282
132520824
315722610
384846600
319712112
314240686
221452404
170612360
109262168
371395264
222071298
87127186
273532188
4801916
177466176
173344422
409903086
224724970
97848958
92917800
108501638
29993532
22219092
67010698
373103932
21665044
163580912
4427686
129779242
153416246
23449150
292239684
113061116
413041620
120398056
148926206
31380574
53204696
3093540
52382834
3620826
23193900
236696050
383140152
179256
189672322
343549148
19033432
27481600
80185420
126822390
246804924
156149252
97748240
85333310
353466580
240352648
112231406
4956364
41459502
7372982
163074810
86482446
127950744
154824272
8834966
6267438
194917028
345279368
98312336
372979692
15752140
75292874
41188532
137695296
275694466
147278344
67017764
111763312
206173982
18127152
193377240
39743054
42453006
37560968
14943452
6147886
314963832
39698762
284128606
285603624
109976106
198055026
78181658
267230770
260433308
117417384
7601516
299502886
251970166
3773350
234163130
244217392
78216584
254755116
292287718
138357658
101472202
54522928
6432780
1545794
367868402
289234772
62739896
300635298
10517974
93359980
395248786
371882008
290242420
238963692
116772168
153958932
161237028
82787310
208578722
369245998
518184
143305306
29619436
115802352
74671574
5540100
13330064
274664492
62741042
268503812
163727002
311010304
254496500
24099116
85040920
292994630
339995854
306795080
62195824
13797238
272825384
26818182
250627700
181546652
247632274
156855730
167461806
91896056
79983376
333067726
318428036
89272364
32789668
222272762
121815322
207722448
22650832
402655490
199575540
208324632
211865882
36676298
302968088
13458090
295988958
357334210
122046974
237552614
407183912
314680910
157573896
208099688
6783894
107764996
66564238
50086146
269216008
231573482
97027966
81174326
225047430
24289360
138398352
7930020
28662762
278717184
353679314
149096818
137541338
65073460
139357994
2823756
213901546
181526070
11567560
40708888
4693282
25009184
228666144
151147134
191407820
26872752
37513778
74068252
301416830
884718
313677928
431314464
1288162
245181346
13086086
265013414
256463172
253806188
352747928
234207924
372906876
18206354
227426298
276438150
67690048
79982712
26829754
5986380
43582664
90284366
355536294
442533288
84724068
61625676
388179208
883904
49155484
15107812
85605184
4359908
122645488
100756138
341002238
211640518
403460380
162269382
353650162
223881386
276462516
10169556
76694698
35276712
224074340
10572374
95806266
67820024
62458368
381543944
11516844
223969162
188649442
127984
272538346
2192758
616998
296170330
255872638
89860756
96558288
15906108
251846476
31354480
121084806
350862348
57932118
293178798
112161604
97084132
127429346
149330272
2716170
18036770
149483816
230508586
258340530
250596902
19041248
196769850
242422980
84129394
341049272
68409392
33272026
195928782
258787866
56013340
447630344
1568982
354613116
176628222
335949742
14109778
284024048
344702276
1680516
329210388
30355934
135043380
109862522
228252872
3056318
213387112
3445464
287043400
135506130
111457162
326662654
297662444
10900958
59731600
18098362
310616680
82988052
469989366
17648030
204211068
307196680
6984014
82148176
168475156
65031228
152740308
356747860
352552666
420873886
134064180
81489948
21040594
98316636
60553586
39136366
70332984
287801892
315787914
20407548
9178114
599946
583926
506302838
1671946
412925096
404874128
111389782
219035220
430577792
1855714
136216498
203644818
78654884
60391840
193351134
103627434
77542256
128993160
39647488
130721892
5610654
227008616
156586278
240700604
49791700
212681846
247797124
5563172
44255472
368992700
90164510
141453744
23681606
106425718
316695534
108055140
5977564
116313078
6993890
247928054
244332238
32059268
39049696
827170
223799018
55885586
221571686
906168
309912348
4244398
6193686
41803208
39130066
10374754
207725376
250442630
62340648
383625068
129218794
11518982
187410490
114876398
413030144
5867620
10801424
155039308
356071808
231526934
107568664
144891394
291632344
306636364
39080306
311058266
304010068
80762086
9373820
69100216
207148780
201994878
122852192
40488860
138709378
190583944
323572232
180554430
305479656
1989304
99251872
41173844
193300734
187660702
145979398
266159854
176675242
297177728
224081954
230179400
67655738
10011808
115146098
147105928
56468490
191390598
262214396
73550996
160594316
184730006
35973210
350362516
123248132
8222446
74741312
286032846
208141798
36423998
69541312
21077080
225060774
186246416
420881484
110893020
124611956
4193398
260197326
6966636
160965614
262454328
167771336
203812344
89891926
377512904
104706542
23184612
277645788
175937364
6930170
37566232
6732080
23988038
5537364
168375404
270026688
37474008
338320572
41117014
170614776
73946862
28402914
123361172
428216576
428101268
35551020
63824676
38256240
7774204
245956002
206971208
111945400
283099990
195037854
75734140
8717816
45198548
149054262
21339566
231134220
241325546
83240090
21970474
49671898
157290032
16672928
375320252
80082058
25470554
421069342
6090598
165485668
17376670
86138004
104593794
179290682
208403648
440044026
205768802
29249938
405483186
393755398
200148464
194771362
297526814
327231158
138309350
244698568
136105402
305442170
35908696
42217540
209447202
4507814
144880704
221431912
394995922
275238
10634352
276607692
77759640
175516132
13116
284083696
276707150
12613646
54502432
64485748
237513172
215611644
35778144
5104160
132233142
156942622
338605570
5936346
364555904
14024042
274736560
298326430
6865650
170265052
210280606
615786
40465018
72825576
145795438
436428414
154461416
339317764
193210176
104908006
97182902
53705038
48394080
232740818
5795130
142856270
145652286
4605422
109299322
355901958
22091200
47361124
4828954
116029282
422435604
248350496
52390856
134214794
317732852
142042214
110999226
8421932
4634914
107661002
108658258
93993304
101166784
280258932
21573340
6772908
397552628
194084062
341156122
246199450
299002956
179533900
68929676
49629802
120320744
38448988
76316546
23131986
3739364
238622162
220007642
76277520
115726552
135867952
83259714
266576726
224017638
42575676
103143298
332531968
319980758
291920164
17618868
57092678
21279804
90920596
63921438
325291378
75678268
286283276
337580746
250723386
23117440
64496316
17074170
1433590
77992302
69243756
14812794
272300600
78973934
91728454
36612670
128473998
134218642
249450200
7639076
24660142
51957208
12905216
32535636
323586814
175125036
48665112
5481924
67434720
22786212
4862188
56835532
64228596
50286570
21207448
192652294
13441568
83700578
93394704
127578468
983342
460574
112964582
312865646
299737700
287502410
42680200
350964468
39926902
82797998
165516042
182004066
236400572
88791796
47175400
114259378
168839150
148708646
419808
81369804
140062048
347012364
467408930
260285494
27355116
404138064
234018380
241328884
182053656
78954480
5820916
384344838
288429142
19786152
366361862
187267560
124179664
157559548
246127818
40549422
160072308
141036784
22268516
71016518
144092894
214316786
55184708
38937892
113501842
32834850
56395558
20279222
182885670
6632264
41285496
85621422
102347556
430142248
355039106
295677916
39952908
296419220
120615732
332835960
28130710
173164512
225877504
197136226
224749660
8701330
202300156
6692264
163341080
119061066
371978916
444005496
5955290
314992
214952814
274038192
2792154
373290650
74304672
303131470
146624324
18281848
74559804
160642612
112213984
51663076
215529036
70719776
15750046
54386842
404273044
291368446
67324190
66205328
325958998
92868738
3084834
177284
211559700
268063020
19776218
335192600
84440340
251903278
54496304
136744504
71315262
169127846
163627390
274563566
23195478
55493424
290393716
231382202
175612214
196895598
96649024
1006034
14814750
250374136
169083530
221040018
271900226
257010186
22636764
39527326
97277976
114739964
341483060
55776030
191540418
402327660
385536958
311952228
41605438
402359876
77307406
6027130
94719002
11445570
71148576
167384348
170457104
99915196
36832
630122
126981732
51841070
121467838
59787054
241891446
323746772
40303744
270775280
82013988
18438262
171664302
136505440
204931796
1611192
73955348
137775510
52488814
9172136
21541808
92131018
83063018
249332934
38597064
262001462
9498654
465402670
64903778
151189178
294782842
236803452
121978644
325636718
77828950
140588398
156046988
132547990
136580564
62764538
36638586
24119058
9650332
133760498
203393738
2646788
319348346
139549060
223756460
317784566
207636888
118531812
8682584
82091188
18694712
12546460
343225266
111538164
7457624
53130716
136077370
31519038
200705764
82238110
243770616
174565866
317279428
102193674
38992288
373936
208847072
297154966
164076756
339740458
170387692
56906126
100555922
284302950
194246286
64467184
236545972
237578916
103297524
147702406
124449260
158332426
70453980
115640118
210302980
83413664
44800436
63266020
305060548
2466032
437970558
203637468
249853400
47907628
2329116
5192868
129959146
94615994
45505592
86813950
391592018
4931702
210717744
78416146
57551590
303169020
41356732
188603636
6594428
55791282
95627318
198966412
205237082
343578776
41693766
345644350
88843442
34730950
274106222
76649482
183974760
67292830
51770046
43715616
77088594
239887016
331988642
257742786
184393708
321212810
132989570
152270818
201528694
245612882
53042468
119143134
23312992
19387936
57939620
244947328
4308412
147497630
114824434
15149628
144115830
46677714
65420372
135176778
148764116
15348372
236100310
24486126
104346816
59663746
164191880
31722128
72995152
108555500
271919646
798546
403820908
392664660
37921314
30054966
337466322
9126974
203066316
49776232
366690364
64192448
34988348
41777296
113861994
8531892
53877492
81470620
238603740
128099524
146791982
11713812
2423310
95025286
203486222
298627814
364864174
330140934
46956044
35601852
201816734
310018262
3950850
67342318
131150538
215073582
5175720
50012910
226786144
24516038
145889056
65096138
245333278
81558600
343139358
41295056
48116686
209886300
156855168
327901048
53866006
253742458
48734626
2498570
82332162
91053124
324326166
101614772
116743296
166658058
329430240
1515668
82348122
239065682
273411376
69755170
23399156
53558632
43791754
195974544
131063638
16531254
308138354
126088334
199089996
78405214
35195222
194560432
311269452
3980642
15359016
7086726
117255778
14438614
282595856
119045270
347720660
85364396
29536098
123523416
435883084
9536868
180439176
78931004
298503954
17847610
250272686
182125268
288179774
131496480
74374830
77811244
138729504
49327742
303286794
260801474
320430572
336289264
105540408
79838216
4016004
152633364
27653012
37406896
192162264
16359660
377038024
152416216
4772226
216919228
58845134
405350394
144163464
89402250
369899064
1608
1256648
215688138
362862588
163373120
4805776
61188356
77003512
242502516
52899604
258624494
435389738
190523670
61544008
116589674
178840924
68876550
279248214
55622012
69612698
2531970
95809080
149202592
249535630
291720660
357041152
52511886
52510682
29744888
399592298
2699986
273029346
161350956
340403714
160722556
10867000
380092764
10210616
2913610
226944654
76906498
278007222
179510284
97798738
183798648
55511542
75022926
287688124
35871414
147443846
29077056
90466656
183377786
416583232
84168278
25431044
103298742
55241340
283381088
61373788
117624276
258232418
45474696
90090128
198783180
339922368
307079900
76897260
45715792
279651082
175750858
123459186
67790308
235165402
401929980
163903912
339712372
154426162
252343766
86777864
12181456
204337100
27495688
353330680
172887544
59494034
250363744
197601154
157281910
100833772
279889838
329256568
156922280
284634626
80114888
275853268
254989086
61669250
236606178
128226034
122016984
103656824
478013172
88029716
7032212
169207554
247604788
311606660
64550126
51324500
182532398
372269052
92635896
181040
102403440
79695664
81748288
269136594
159885374
156149402
177824222
238537930
43828184
209752028
288884240
67074636
66553888
97995458
85072980
143025098
57718456
89223494
337302430
245743674
334159676
148814606
357525076
257446552
5857178
45079774
92739410
159678084
1177134
297065872
320406
18584008
68744858
257316
157018476
360683100
12945774
324413582
83168264
70949344
14672514
130538148
299233530
174422126
5907340
225008664
33165778
30690864
120391406
236444400
145578902
73880612
29397456
21123984
135078740
389305742
162186458
399733860
163074100
47889346
257122822
23120398
12369410
141586446
68693074
225630456
196139008
157652790
241865912
182455620
347823182
139432076
258194962
247055450
196053464
54574802
136954650
266776144
158542726
9227790
172385128
370367640
27514306
275761736
106587880
307691568
8403618
363541840
247542882
276307390
309358498
264858520
291937572
105076954
6229358
114016670
232386520
368479034
215439106
110794972
81022482
46664588
286632544
296674758
182226514
293624350
2853604
16686052
268520826
112364778
323158272
137700006
130740034
24733404
279998658
326748302
254074216
22691870
369087622
157741324
111233930
350617194
98523540
17354064
17819596
137352852
14103584
219646308
4240838
101729886
22308814
236618152
425588390
142594652
70276948
192926776
265012802
67590624
212612186
100132470
3039048
140935582
184249668
381863082
185309594
20468712
70955990
138148336
39568928
302855444
23170654
245778782
164114336
77765624
10298654
69662714
75786186
20617408
11012592
2082494
401126166
2359348
118293152
429308860
303063030
117588518
1281812
47773008
33708374
84634148
55754690
39631556
203764022
221165076
7924442
69540
236456396
232655718
117812186
25822716
130679408
97006532
111267582
472861862
177608724
112235922
15227054
179833184
391472052
37301064
15732402
14464946
145109298
173605168
390149212
24140708
144967160
33117978
4507888
236443186
85137680
36977040
288232940
288628
109550024
72230414
35859910
25871382
32572728
55163010
17479302
136636898
213782298
180008940
290632998
291277310
14932908
120375016
34089882
389935286
257362036
18998464
194362412
283692956
31511242
297954116
206511636
126087746
261446552
73498336
43332748
6779372
72704962
211726202
100124470
80346854
332023394
47950214
16683754
300487248
84818344
157108430
41582550
307584388
33844162
17542572
20604
218550014
313629760
142866516
435873654
100177970
11996870
39763258
13747146
29881424
198011456
26650630
315989894
53149832
7745984
365981348
8068584
62532804
335894684
228015308
19457260
159670150
97611238
36486964
16852242
201467576
202610932
87092540
37333002
68929848
8381092
284106684
112271852
284797294
5909840
57602628
135447358
401784888
212041242
195912772
10266588
4644420
122694534
116430226
383968710
70687996
115456252
338288976
291543830
16000570
267361064
56729180
135058826
17291262
275073306
7088044
201928752
43718
11962318
270556230
7538674
65736296
17384326
238266430
148541040
18882158
8750610
146695376
6790606
77769402
147161260
183599650
151460410
78375672
3034474
36481436
4291822
145426150
80937298
143701714
5708668
56805654
131444912
66520892
32855732
392550514
369147516
232189784
340610960
335459432
63172672
84340446
459653420
96666870
452919278
77375270
17768658
57160088
450508226
245138546
273738022
10040280
130324870
106936132
35671082
180255996
183087638
254207258
274147604
209836772
153294284
365900540
15835810
93785742
348861588
279854194
645392
221053924
26792838
116351676
46923906
376033880
435367498
33180298
50872562
32120594
648680
103728504
143781094
138238940
224407762
16770840
8878958
207442402
15891442
29579024
304903226
22322970
369095680
41822624
268740926
2238328
8016848
155130078
35122190
311609098
41469474
250238372
16611086
111647638
21951794
4192896
70556352
163995928
338386146
300497464
105222326
67055688
11315448
248931786
5816080
284187678
154985494
145182344
390094040
90464394
245513332
4788058
272080380
63852010
100354022
57200270
400973366
16269650
208042972
15757586
245122774
14328098
8695800
56254894
64540980
3108608
29268674
21270608
408354494
30140880
219606422
110699388
212443976
73693310
411180108
2499770
520472
145493200
77454410
1500744
4324170
3118692
162519640
143484544
276709736
403127286
295180680
31725202
153515162
6329512
86057826
189839778
35032218
182859838
207901398
175928482
136318286
400857820
80538428
60193530
120685848
7024622
46478698
185687384
9349292
144442794
60287310
81025026
46140162
270933790
4493828
36068842
177625502
10260862
89039844
215544096
269196968
44939340
110265412
61168400
174113756
8601858
186254218
234446314
94133640
77131912
72576108
23330504
340230358
4760396
275002260
96075148
249191038
340240
160100
256460850
92719546
239900566
24605390
119172772
91720586
101308058
13243246
254583528
312723622
141673450
112618056
291613346
257838704
287120678
114754842
103472572
53304498
177820618
310592498
34741840
27550038
263169376
90239178
34907140
140868824
163372452
430774070
127058806
10316052
75701722
136491210
108741580
9942210
17851848
93280288
372874
128822408
46052974
141189754
85351548
111207260
459177490
13324112
40372596
7934172
198745096
5416520
17341702
16578472
45199470
22033674
200755344
54875262
1914970
151228964
1302
61539496
242146932
409093334
5227432
258820102
175262726
345188300
423524592
321838312
301136
70388646
273854470
305285026
143429160
140651788
327852720
76699276
169355454
54398470
81987696
99613944
108111894
1520900
510680
319823304
49504992
137717624
58256664
132672882
276584370
133403016
440424710
292270988
122683468
244390086
62444790
136396782
288525836
354320298
269351582
142920382
5175310
67827198
40857912
343543824
272118836
898
86812764
339000662
57029392
51771402
38681228
141732202
104950360
114260276
197514726
233256324
146859040
1312014
59401564
343235574
225702410
354214306
41540466
194964406
391364144
71382974
311782
132267834
259545784
281621988
22407790
43003648
188408252
370477402
115342658
32563236
48838208
154638422
7766652
41768056
210898438
268824092
222427976
323737056
208731056
251878804
8243340
6319166
154673082
393047636
114966538
122878348
42854814
88879230
206792558
31332974
102717896
185609946
108881326
310442
131688840
25336606
463122616
27837864
257488480
95076856
106075334
195615390
259137060
278984896
205636590
114864104
281054106
322848606
135864802
154980452
226772580
246137026
248687844
218370300
244935870
114130614
48383974
59451044
322592582
13211456
63566666
231700408
351449232
252050164
179382636
389681484
254454152
223643334
256528860
294778214
273451600
132112670
341131000
204445276
25746466
144254246
77378658
16584988
67782672
381580424
19188400
47444538
2596816
349791750
80337614
27045258
95277558
4395338
252073630
83594012
1039390
142288138
135821048
20340722
8523228
46014496
3563824
47193974
192477522
95274266
322036006
1066910
357177712
356460068
75200156
75209994
142413014
49327078
408583356
29251090
240099452
503108
28273986
139785572
192141326
32431148
125019488
35647030
1967156
328649038
375929520
66687158
237893920
318856920
47163244
202622512
17546228
104933728
143487962
163456282
3751940
165907920
147368628
61346032
12780582
78205138
360324122
77517764
66764012
128936216
107742478
25747702
56585936
24548780
37777886
114653344
188202052
281174998
304556242
49554794
30301264
246335016
165108402
181963026
370533156
184276480
29001124
57211240
268153698
41698410
1535516
252079762
29371480
239458676
42645396
242743624
138970804
82107380
277497718
50048064
205474000
39248014
21955834
280304142
104938840
1677768
264764672
303834190
2570344
23661244
312436182
136607178
158368764
407709288
52945914
345847754
349520606
128450630
16437858
159136956
6112652
30619822
210956650
142885106
51111344
126595022
253129454
195170962
43801250
42403230
61638418
119805498
16281066
307525700
295424242
118145810
100517366
346157592
16389560
164677648
38598460
215547522
30205416
23537360
403338862
334869516
175414614
100663606
7772814
235448362
99881544
20526190
136953546
38129668
93028854
88084168
6478368
272277796
321655552
41634794
119900460
423194900
6719294
109614584
181847240
173739130
8818486
7561638
320018316
129813192
145173444
211088778
35468714
91556476
21545606
160496196
147320574
6573914
213452712
157681452
69569086
30274942
378763470
228334510
253535092
284203136
164607838
17933724
291969878
356886020
43373010
55466092
40618872
4961686
15283210
471510950
11380228
72848464
165896664
265436
280750548
112690566
298551340
185932760
108370966
359721504
84396502
242368984
6836178
218646980
86276136
153171272
289376632
152410
144238752
17658906
199459264
363539046
25074176
81945912
62691622
70997882
15098484
55797170
81562326
66555974
72657002
58817528
329580416
101475736
141715232
5760292
234362
94479344
232177772
378531172
41768062
251581174
142459952
38892048
338028526
195707860
106245654
155641884
112761090
3266352
34467212
111970130
40982366
271008222
266511108
46059084
127517296
98495482
249510
22959232
19346290
61933476
353764840
24209982
211351724
409415580
67001254
174364852
211259176
21966716
24816258
62947112
48525590
112663114
182555714
63058
8352554
3880920
78323784
88398902
257531206
289767122
43519670
230679146
102324888
293557372
199198252
127290876
78738252
3297514
19492964
201616810
94262432
268477632
264034378
224380364
190896306
281802202
296346892
48431754
77983066
98778
308109518
6589098
29497846
114612640
60351724
277382586
192984234
234219188
165443708
126013916
12859722
69516460
15805642
193701500
68669452
19636354
17531418
22720392
112518398
2122538
5756948
65608474
38925684
144014800
70672380
38281276
233415934
242729802
1164784
134917760
73941704
212938724
107654916
166722332
27667280
199644790
400787292
13272048
173538436
35765908
128680170
103924520
232744408
365791022
216965190
235831946
249213784
127068746
142442856
234112998
143758376
39130492
188583286
13381122
53648058
119299772
139383690
55835130
24444
99707116
42087986
16559586
88575460
209279458
275151612
316591284
218335162
199954648
38803786
3505916
1106708
7181832
106513396
53891064
291465998
29091394
93549544
143513064
302190268
161707532
16367220
288458210
128531970
46204010
129065068
368895116
10896216
58520
159394514
61319542
142847036
332525780
327013850
218564262
300753822
24645624
2801098
97250732
122208442
306933994
3955170
304751978
74258682
67768028
140459374
184800646
149053228
272532660
315652808
161532032
56708464
65426828
114312562
108585216
86686748
156914886
55798730
382446212
99497984
301110478
108479800
49204448
374428
342594318
102816148
88372380
52109814
310000310
177085680
4334104
36995168
129470006
228513522
33512684
169282436
404430062
551804
116196006
228181478
29383862
99449418
67658
67767840
341355810
62847876
66069386
336330712
24052556
390364748
3609318
143404206
69761782
10768434
39095482
60494322
48567738
203687658
87657960
95312628
20890416
95902926
24927558
347165444
74842202
175579544
391192386
204328024
100991442
25302826
357835846
45595190
87388608
395508220
105031094
169700502
6237766
28818916
139734274
166173454
246486
148263500
76935556
60069678
242580542
296401530
243740570
91227916
358298562
492084912
128942508
172430638
116629678
49933498
8401226
89335986
324120004
192791084
312722332
256844728
55072356
319076566
214633630
6606240
357120454
78475872
102650996
208640000
39069096
15868960
18697130
67280970
181256218
58420756
269888978
46078032
162362826
1906306
172203296
301449192
97684624
6092086
49799966
235641084
103295936
26101588
53706538
138903004
127685518
127789752
277807070
269819064
16812540
258160408
28150054
108915556
254201344
34087140
363021168
34029622
136077538
152025972
163171842
16351570
309818934
16137982
252446866
12219932
318946976
80455302
931986
95964728
285444860
143503226
17517098
36954594
181872304
41875596
4749098
214174740
98491554
137771792
81639068
208636734
152556398
108026
30878764
225483178
373337818
16139956
21317850
114655644
93625860
315303056
67131138
29631082
75779656
138109642
467214
95303234
73806600
21946964
13080460
431067300
125354406
45961462
178349092
59728008
75047456
356633308
295511216
210349780
40720032
187549534
27605288
9418666
4546516
78482816
93395766
208356864
187392814
274711416
64914106
372543372
132962316
261362182
22110472
13361156
206452574
305928
131149884
46163574
186782202
75798688
211111354
84433990
141827966
94928262
108623468
39126800
39456320
249980918
66761390
426006550
34344204
157326868
126729416
222769634
198635526
252314328
290353840
125350068
261583672
254847576
312909844
232795898
83845502
408229458
157913948
88815666
266907198
233084346
166450
127935248
177920904
284149102
383274658
80715168
173134152
92648814
135318124
271449644
138724586
40759284
127317744
239884108
8362744
20798634
50260240
458190416
4502144
188157246
260900162
203008398
40240712
194352168
246984650
121981064
236759664
209462270
259119552
80557528
39994420
197170714
174885808
328612198
329099604
351121862
117758618
159714668
104495494
4605924
124713906
15090098
326436388
238174028
277378336
7765658
130113366
30709142
134131176
132658022
82620070
283996208
158826280
426990672
245454700
62182730
12802568
138835620
30254308
301929080
328612570
59081240
16461936
14453208
82002458
382770
141706252
19487964
10660618
373961012
40068682
115836140
338950786
199363576
1434250
67469316
335871370
482973796
1725092
140912610
409179998
295144346
178154548
262947798
138621338
151581422
285511732
179826968
265370188
198929918
1434970
235836316
9191702
382537924
38129930
64657302
15934034
326561456
1869644
269713502
55849036
206587112
457631612
6619914
49603210
54775720
123165112
126238400
171568526
46038144
8038152
239587488
11966038
64353484
118109566
340540150
126492980
36205758
23843992
42513854
149653644
8382264
160189912
291377884
312317320
289096106
24111230
40720444
225247812
42230202
215171064
41624456
112701364
199060052
38027186
198944574
68085774
85859876
274324906
247048918
73463552
143978690
101968960
33490890
86471908
18192436
372076170
40801460
86725214
19837080
175158304
192208292
235987774
226543760
110043102
475247026
127999182
21159472
189282836
134920308
3514366
60004958
62237284
136202876
43752504
407009824
339265480
153469384
52328864
87400462
117377490
308552858
192566776
103467054
4589296
153799498
5957968
387062092
106097136
35480190
114820288
371366620
41592974
6497458
100724662
16811204
352275730
302977104
254168008
107660236
267136260
29619760
219529942
204110450
49370272
24768520
102820564
27845182
20054798
77797208
166159710
111004264
428055134
14087400
136047590
6949646
141606558
240099624
26490560
376115750
155625686
64452308
27435854
51306352
295979424
83237490
119517452
17601046
1982478
118730454
48281296
82211994
219558496
419601228
357404192
57516900
190313356
9847970
99920196
100630746
282114162
42787864
112788776
238920056
26817860
14715280
107322834
20064334
120944472
125365736
5295910
16473822
1278114
371358394
267887820
18385708
49508160
139453910
313143970
68855806
190413504
80992922
243815870
48711476
58584814
7287288
77564136
1291726
29781912
28022748
22350430
269246578
22425118
298832156
89004138
392792278
139876794
18772178
149466002
200142572
25406442
150298564
189674554
77937014
30542890
157558676
65800130
273769672
312876698
60834374
174676110
37025878
196586812
17542960
248244240
295363042
107634422
117002464
25378026
111189776
75076618
67908430
282278764
134179364
77715994
167969720
16923798
78401242
94598398
259454328
7691454
245842044
64831754
127399324
258338706
120099872
52428128
45418162
279505352
342535918
59296756
260563466
241018540
15614612
112018288
36356168
339988
94421588
1812218
283850560
192605414
2016128
67718604
168110040
35633356
6814734
7113238
141050128
30295644
9183304
103624670
166200466
18016278
141578414
155824048
252544060
12749830
127010646
17471052
180504754
90588470
270864462
207965970
104390
107271114
89520866
190090020
145874008
44733788
82332086
33918532
128315852
81520792
32217002
206478554
19956436
21887086
267846938
164670176
284189754
179770232
142112510
308344656
142598108
2910492
12096
60503004
46165316
186595808
17038446
314254140
233852434
190427432
113391396
390358438
207501920
381167800
292651054
6236720
225039922
198209616
366187374
193371426
28318362
16603330
207028520
256743286
206285740
134651126
222354184
142415268
43450800
241715708
92000
160304588
389511630
217794102
188537008
24947794
62240838
200029186
71498602
281107858
127654826
2518220
16908454
45677060
340008286
14546134
153374330
79476236
10090824
218349024
296508538
320467074
243862498
127194338
1662584
829222
200284510
314122022
55142072
186705108
20140836
266746668
85733570
254948310
231744940
180899242
328926970
94277560
83295576
334099898
39792462
426055490
133553304
65779034
18183912
120696618
194558328
127972946
155953264
19703678
18152598
25204440
260954046
103034098
492236868
32313002
11854388
158730784
73406818
236194926
170243318
468250
698320
279591102
282493988
143302608
178440676
112418468
67236934
193002864
135784558
87789682
34756240
413771722
316516274
334476464
170555994
352175410
169183996
73455844
285720006
59086884
161139686
344831052
35473412
37356904
354282472
132780746
245973218
316362254
13051490
248939770
62106962
244905308
30979924
263041130
297794730
275770254
3820554
142796462
263025190
139045358
136004056
102563108
87140314
20068786
255366386
225667534
377248966
4224506
150564280
5030440
13930426
413019462
152008086
358024280
100653596
67414004
151713510
362306202
8635306
266935200
156478066
120789676
201109574
48360924
116033694
19376914
38966918
15780080
267085378
81142310
408681308
506072128
303203770
99192212
97268
278406204
163188330
45968656
260515440
429808824
150141688
299882072
336332588
274900678
154008208
116457770
124567770
4614454
384470270
165905384
397636330
28956206
41229014
276045872
117185442
8724670
193115008
263857212
345474690
11796246
469639468
3651602
421699092
286730
133920976
46105570
2683014
308476100
24109576
305876934
24297148
45309696
8424570
189430966
316334156
378451030
4500032
205136542
307486080
48908764
169807626
211065514
7444652
39805784
2236138
324576522
316409498
275453300
4847982
121511968
175460440
195984644
322482926
402286018
183636814
39080128
12157040
442613994
47779390
198191022
166427954
118729316
390927218
2671704
380439666
358229702
6440274
30110300
42422300
375952884
298188686
18557718
2706520
190921510
22172268
60546462
381787504
197862904
439094120
113366830
69005112
11711752
83450378
368050942
203117974
57179114
78065668
18695034
153303116
99044562
195816526
39049518
40733690
25273024
164853742
107107606
329247538
255923114
221375200
53401416
397457908
42631314
215384302
320902
86321778
243181024
199134816
97687088
9140974
78210566
35966430
14127462
201791702
10574940
256494918
18346632
32041480
332750126
66643118
188188402
49830770
107322832
47635414
32313582
24496696
181560654
46142052
277279136
77651866
261575138
341376460
96246130
123084792
354722856
82401346
18761360
200962320
33935460
33780276
34479504
328403814
32025600
466325856
211945186
334472574
199421800
118188908
157702678
409119530
237761444
30211374
151568156
201209928
429181658
34401754
189989022
270172956
32415574
199796216
19750362
326267916
116644318
105327096
146541646
215794090
41832306
279001244
189335452
278721288
15681090
202391478
131008284
47332972
145525772
269451954
7027924
36760178
21164192
267898014
66937174
135821868
258700018
216494572
21966412
324773398
365876292
1092108
233859608
44756132
458975744
402796034
287658084
250446498
270206116
178628720
91046450
2424910
299955612
332240
158725638
174901752
6213476
122165316
3630884
136177194
95620160
16621928
11320692
151034
148010190
8828566
23952766
91953786
248813174
45125862
35114530
2819572
209097214
237006072
178976090
30478798
23609010
315415926
186857450
162395558
179230724
66882088
349787572
46720472
303866416
163047394
189415022
202867272
146619944
67707154
8976426
182999746
21632150
235751310
77745282
170808040
142212454
5133468
306260074
35268178
177984552
33772032
75422346
216793120
31483100
76143368
230950196
147090856
28339072
9861836
159573396
