853640
517484
558140
542924
541184
501740
515312
544104
726464
501860
574884
502964
673460
827240
718460
549612
558140
535112
582012
500060
761364
527144
973364
651800
669944
511400
545904
508320
773060
514964
504140
500840
913140
985112
569564
500060
529524
548984
767180
565160
608112
504324
611864
574112
518240
660744
526220
510512
681804
503120
547740
893384
540044
812840
717140
571820
702884
722444
501104
740124
551520
500040
573344
544104
506844
544700
524420
521012
554780
520200
558824
507812
956012
738740
515664
709304
522260
733244
519800
613764
792612
924120
860400
521012
524864
554780
504140
840312
774540
648512
690344
857012
742904
730520
843620
759920
509660
504704
833744
644184
755612
521840
865512
877580
710600
502520
568820
574884
575660
668780
597240
609044
838664
573344
977264
865512
525764
914960
543512
643112
547740
983144
867224
583640
511100
546512
971420
911324
907704
502244
557460
801864
503784
758480
542340
629540
539480
650700
511704
985112
614720
937112
507564
888080
552164
845280
515664
587780
560204
701612
621524
503612
895160
501860
801864
500612
638864
523544
735984
725120
927812
794144
770112
531000
592020
514280
564440
694064
671112
929664
500760
922280
500012
649604
532512
550880
501984
830484
705440
618584
510804
502812
857012
602604
500420
537264
563012
924120
500004
691580
692820
535644
946512
833744
500024
508320
642044
764264
858704
721112
995012
598124
552812
588620
537812
598124
762812
635720
995012
681804
956012
881064
952200
513284
504324
501012
770112
523544
862100
512012
617612
568820
528560
501984
534584
602604
503280
825624
534060
545300
526680
512324
656240
757044
579600
659612
981180
916784
514620
568080
841964
566612
959840
898724
798764
710600
568080
851960
550244
768644
614720
664164
841964
638864
900512
713204
779004
679400
891612
507320
509940
500220
762812
593744
695312
795680
515312
514280
666464
791084
500544
606260
518240
534060
882812
645260
656240
738740
500480
516380
555444
509384
513944
952200
611864
645260
914960
503280
858704
837020
675824
768644
954104
605340
642044
576440
504900
505940
517484
726464
940860
877580
553464
933380
819200
904100
569564
789560
552812
961760
828860
538920
965612
785012
513612
565884
502520
607184
806544
575660
501104
591164
622512
999000
527144
502112
561600
709304
500040
511400
862100
981180
585284
872384
741512
522684
525312
737360
663020
889844
806544
500000
506844
507812
513284
643112
875844
607184
920444
520604
501200
500684
651800
509112
502812
609044
536720
603512
544700
521840
889844
534584
879320
505724
747104
625500
548360
501512
528084
605340
500924
757044
965612
554120
613764
540044
540612
590312
500000
835380
623504
678204
950300
938984
788040
501200
867224
558824
694064
714512
893384
863804
631584
567344
586944
689112
868940
896940
541184
700344
508844
891612
870660
751340
625500
685440
609980
696564
584460
655124
509384
969480
851960
661880
677012
542924
843620
777512
505512
522260
541760
975312
804980
649604
797220
584460
500084
620540
846944
706724
786524
545904
516744
624500
848612
506612
916784
506384
719784
629540
938984
652904
509940
723780
725120
944624
604424
624500
514620
993024
603512
551520
594612
601700
792612
596360
517112
872384
702884
506384
969480
674640
896940
855324
536720
512960
521424
510224
824012
691580
672284
523980
655124
814424
503960
617612
809684
987084
580400
886320
618584
601700
520604
588620
507564
701612
657360
536180
585284
532512
704160
942740
695312
504704
979220
506160
599012
683012
659612
526220
530504
524864
715824
521424
879320
581204
550880
963684
572580
616644
918612
518624
905900
929664
580400
619560
632612
505512
500840
608112
672284
838664
777512
860400
519404
673460
556784
562304
845280
646340
554120
824012
543512
512640
654012
999000
604424
715824
537812
502664
752760
677012
848612
500004
840312
752760
516020
500024
644184
502664
507080
506160
530012
593744
502112
561600
895160
552164
731880
771584
767180
571064
898724
967544
711900
820800
791084
855324
686660
764264
592880
803420
755612
576440
708012
556784
971420
587780
997004
632612
870660
795680
937112
578804
963684
817604
697820
599904
636764
817604
631584
699080
578804
508064
735984
596360
531000
509660
511704
913140
825624
550244
950300
594612
954104
874112
503960
517112
759920
665312
548984
730520
668780
979220
560900
636764
761364
850284
666464
610920
546512
685440
742904
780500
502964
820800
663020
504512
591164
786524
868940
745700
519012
520200
500364
935244
500684
582824
556112
581204
633644
637812
931520
564440
628524
572580
505304
582824
500312
529040
563012
686660
559512
503444
888080
500760
592020
722444
539480
719784
667620
519012
832112
505940
533540
648512
500364
779004
500180
612812
556112
589464
630560
751340
622512
957924
501624
533540
502244
717140
623504
748512
512324
606260
967544
925964
927812
528560
657360
811260
510512
700344
500084
774540
507320
808112
505100
935244
500924
600800
737360
533024
508064
705440
529524
524420
541760
531500
542340
626504
922280
599904
729164
579600
788040
905900
727812
505724
983144
514964
933380
948404
680600
502380
987084
501624
647424
961760
565160
882812
782000
553464
783504
566612
616644
517860
500012
881064
501512
721112
731880
837020
680600
997004
727812
745700
595484
835380
940860
729164
640980
621524
519800
822404
683012
747104
627512
811260
664164
537264
500180
957924
563724
562304
909512
959840
599012
782000
518624
501404
900512
500420
500480
902304
904100
678204
925964
634680
975312
689112
626504
773060
577224
907704
748512
816012
527612
526680
523112
615680
660744
609980
808112
612812
500144
713204
589464
516744
814424
714512
652904
565884
500220
560900
794144
946512
812840
942740
501300
578012
627512
540612
610920
991040
513612
804980
754184
549612
780500
832112
754184
510804
789560
522684
647424
503612
600800
800312
523112
884564
567344
560204
692820
538920
571820
525764
535112
545300
500264
671112
503444
704160
527612
595484
902304
675824
633644
637812
555444
723780
991040
640980
505100
509112
911324
734612
697820
741512
708012
508844
508580
547124
665312
559512
828860
592880
512960
500144
687884
639920
733244
547124
501300
797220
661880
690344
884564
674640
771584
500112
634680
500112
530504
699080
533024
571064
819200
827240
973364
744300
513944
619560
506612
505304
765720
944624
711900
658484
646340
918612
525312
528084
776024
798764
578012
502380
620540
650700
658484
512012
989060
512640
586112
993024
504900
816012
669944
548360
538364
684224
507080
687884
530012
577224
846944
510224
501404
574112
500264
586944
734612
931520
504512
570312
583640
809684
500612
758480
501740
989060
706724
511100
597240
582012
822404
948404
532004
503784
830484
886320
590312
536180
501012
684224
800312
718460
535644
776024
500544
516020
749924
909512
586112
977264
508580
500312
853640
654012
635720
803420
639920
667620
531500
850284
920444
523980
740124
744300
679400
563724
519404
863804
503120
529040
696564
785012
532004
874112
538364
570312
615680
516380
557460
875844
628524
765720
783504
517860
630560
749924
