102454246
98782554
80767888
85779278
86732480
69008946
85503458
117991516
75237296
81106510
86016440
71601122
115762494
87355668
76579282
125707902
87044464
90243610
99719632
83973010
105405390
108593534
107166238
68281376
103589872
93017284
72322092
105543518
127809294
86418142
121258724
96967468
88290418
90926854
117680282
98717846
88173562
103581902
109143682
111460754
90563870
69633560
89624658
85805272
105922704
78946940
69608302
78719182
71193414
76961376
82290458
80416570
90838918
72671256
96653862
104663112
92286026
87371908
77155084
75361956
75142004
93738886
119137750
95975078
107018274
85987926
71991240
104145418
98391742
83545602
84830464
78157112
123932446
105592410
83247386
80397588
97685310
96899838
101689704
67600568
101189808
111786794
73332290
115181234
97087144
82658992
115972378
92099240
68958458
92392864
79085764
99994710
106191132
104314920
101327104
78443574
101083720
80149250
68237324
103440930
91116008
118140266
81002310
93699994
74185880
92276722
95789010
69792904
77435236
75813508
107681644
76507734
90814112
121261104
100347300
89281656
101406934
91131638
98226722
68428864
93956854
86573138
113146966
68086444
110429748
114971666
69931754
74534546
105922346
99412096
93866970
101331512
74922622
104009726
108428166
88984446
130111502
88580502
103388776
79304442
73437292
97676798
93845646
101120268
108299278
79350948
101089266
75516502
82080480
72656812
114236872
68605842
110643950
73307738
84476738
76461164
77393212
111317180
93250770
105148758
91653486
103824758
104597782
87578156
70392476
84539374
95464170
114878228
108509368
105932908
72430446
98440902
120240114
116441148
96456452
83360728
102001758
90999616
74871242
83427296
81591560
67534728
69105088
69668300
95612956
78217658
92289392
85874552
92234326
78596522
104763616
86688380
121460386
129672940
81335210
82544352
115979104
110718956
104404140
94789732
69071592
110004678
103009698
84358742
112252390
117525484
81443158
108435164
108288468
71361924
97805382
78246094
76094264
112033078
78814974
83971446
99750736
73407104
114397896
101291016
79831592
79656660
74778182
89552400
96969270
90964924
103737984
90743786
107516978
99023178
121793446
101847182
71542450
117796598
92263304
78155340
81819822
70715006
120887942
89564698
87737944
121500874
74610822
102129556
74117736
85714536
73456642
85751128
103377304
76730364
81373704
103252010
88448290
82699344
92407042
84736770
91765474
99161198
114698712
102116328
76999986
69080862
76408184
85153996
103808270
94910456
74484520
92258420
108459644
71988388
113810570
97858452
96505560
107007400
82376844
103342370
70043352
83546878
108408204
104206526
86649084
103676930
73537702
99764058
70244696
97452914
100773666
79830864
72720160
98498800
121506906
93409516
70619334
105550750
94756582
66981332
80413868
97859494
103564348
89812468
82582432
103063822
68046814
106912556
78001990
90991548
79952724
86175948
96217832
88858880
125833874
116421710
68339976
106525966
89652512
90950740
117280166
110663460
77776958
105600418
88438570
68358106
81035856
108680246
105668368
117210444
80020032
101193674
107699222
107371008
96387506
104408918
99032812
75022828
88164452
70604372
78273892
76207748
79172226
74887446
90720346
81970028
116182218
107449258
73558696
102668482
93199004
95001896
68353822
112554290
77207366
118978906
122455644
120523852
92275356
99586730
78826856
113508924
101130292
85862586
89941372
70549962
90335006
112844150
82555790
105903020
97849970
98742676
94715216
96585246
103545018
92107368
111083290
102823694
87203340
86852092
92533802
71248002
97209814
109691458
82004394
109499848
90461126
106836604
94195866
78082868
109855512
76270978
89264174
101245746
115764600
74467372
113827808
112447926
87890766
104055240
89391292
74173630
85543464
102354194
118247722
79127290
81309320
78825734
75174584
115979570
100682566
109779156
111336882
108810484
106713726
99515308
100287120
67111212
112543818
101650176
95769540
82706114
93253804
104551792
100499902
89583742
118055086
72842286
78247410
93677070
81391630
70279308
85106908
92757350
105233804
97699866
99378804
81620284
78777794
122249864
90033884
79623202
66996230
109539956
99085700
108575604
76790402
110919186
100509418
106781128
78161940
77927320
76992152
95888426
93377478
86899828
108352944
107307320
104569188
104015106
84365572
86258362
78945048
100200400
73242520
75152314
69722046
72263742
87845200
102185128
79399122
80832148
103379774
82565592
84428364
107878906
112070956
97274028
103493408
91045028
94161694
107323528
77103674
86079744
91571454
94949116
87559524
93019764
97550422
90975848
91394090
115644620
96115256
105554454
103775704
116177920
98774848
79157132
95232872
93278614
104815374
99335346
83929540
102232702
105825472
123251488
98720002
101939354
119791524
118447926
75422602
108336730
105642390
84721726
128756006
82779860
92006594
113216682
120724178
75987358
75825790
92132470
99873054
115827932
83952114
94835436
76651010
89518982
114949498
108275004
94514336
89776774
86362640
76781638
82723554
112648446
83205494
114424524
100564040
102925114
73418838
89945986
70114340
86778996
83521854
100961004
107565610
72330558
104308366
78987690
126885112
81190980
75332464
118796856
104763822
102513356
93571236
77574512
90360246
108565694
91060762
79028406
120979054
77535822
103596014
87493842
105556856
106803286
99062278
93178856
90202610
105389488
98537274
113363646
115555362
71081242
93376688
107603204
104034264
98979574
76715054
91096796
84868174
68148646
77448682
83441698
109274014
82870154
105251608
105458278
78175882
103700472
84806444
103309196
67178998
77780096
83986832
78664204
123818380
78902422
69860818
71066102
111316742
108539130
109508348
87129546
84890772
103024328
109001068
107069606
89261884
96056756
91579512
112541752
104791696
87195164
120374194
86267728
99515768
105685630
81303526
89958658
110365060
102989040
100406772
67273458
110019410
104269870
81972368
114581590
87645986
84156730
74475376
115560696
73218740
94949432
98403698
87997902
101588706
94023670
67618406
105674090
82868186
70824878
129872350
96939660
111517398
103035048
93539186
123101136
106096264
101722740
106370210
110250466
73877054
102794056
69021464
114259280
82252610
95673776
98863570
100160550
100319352
104322776
96591222
109932326
87969118
95273506
99906376
99747004
109861032
105689006
84039262
91937304
104885378
119584882
101292920
90707644
86658674
118950522
83941686
94298208
101009888
111154478
111556768
106275176
91177808
120444732
95161164
92935264
119443172
83005982
108058610
81389756
80485658
114434520
70583126
82622836
94636264
108310504
80982184
107244218
97677186
94817278
72903852
83270282
108849464
105217488
67881356
67761746
84171946
98503996
101246038
89583556
91348008
92818870
97624970
109497432
86790064
87727278
74907752
71887058
124794718
102812858
90257826
95135620
110332272
66814468
96572844
124021744
101142810
81460572
82512464
100113272
90674548
88413576
113523542
78254700
88735924
77540558
99659112
91123736
112974456
119861484
86812490
66998040
76683016
80985592
85544430
96378408
91789146
84619540
75507986
95664840
110095290
118094068
69605362
100223900
103970242
79661880
85368064
118083246
95126936
104483942
109260378
96367660
89435828
102869406
106549030
82695346
96101866
83181426
84631952
106059156
90471102
99595604
86670446
76931262
108115988
89318482
85855128
70644564
96343118
73940864
112608926
106210574
79897918
77877038
87371278
70978672
94061186
99261102
104584366
84206780
89293110
117243220
99788530
125017958
102815898
76478024
74423744
90604520
106527552
120413036
99770178
94615282
91335192
107181540
67817088
81414444
76230176
93142722
108898116
89477608
116772136
84906524
111015828
96762988
125848484
98202892
78935218
84734470
79930586
93699994
84828716
123735568
91339994
85374074
91775584
79901468
71047574
110180650
76549114
82629632
115556664
68620774
72582248
112853462
117352484
82502752
96380422
67856842
89972754
83711182
93990958
95104312
111676292
71577646
101641516
88568392
80086420
102656342
77797516
115481336
101914954
93145882
103837716
68878700
78242100
96913904
87009114
69669838
107085032
98367604
119991822
73614724
109434826
110533550
81703156
69915016
108304088
89531394
120605600
75779040
107591114
71990072
101773820
111745030
106030120
99168066
73906800
110683882
114005772
104004390
82490792
74416482
69970360
71431534
100369180
86600976
106150078
81132092
82355704
107412550
85782962
80668460
119901942
83916148
84206588
73099782
102939334
107840662
80913770
90875818
80703910
116292576
100752756
68252210
93563826
103155604
75503884
91872804
85090022
80830606
67904878
116163630
82636806
96456528
85412568
109687668
76690792
99527038
91946836
82955110
69672936
99332048
90308810
98442956
69654558
107617920
83229608
103525400
116913842
97158854
111378462
74369158
74449332
107939094
84821366
79525734
82525014
120261334
84595438
97063812
89982890
80708806
74156662
76106734
90774484
81785150
76487866
99172116
80086930
100036570
127935182
96890422
103422748
107654880
92352012
125729388
79221520
87704010
67452158
80548480
79843974
101376530
80526302
112155220
109954820
77712956
102379202
67054166
105629032
85043398
67487246
106864636
76883444
96455972
73780150
83383254
112814398
89332046
117286856
107193992
117357888
84498228
70474380
76715562
75597958
100560430
71668526
112278700
71978304
122139510
114134166
87587078
111438734
105326236
114682288
82023882
96826370
70556802
122467390
75748572
72411566
112285706
101234544
115339848
112774094
100094734
71709766
91632292
93162520
107380254
103841596
95606126
76407058
80827008
112708534
88296074
119416334
95716684
111519906
90755556
92521826
81748862
92190036
71563766
76178312
68087200
95312450
72845474
87077962
113636536
85028650
125874594
114166902
88920996
74975496
79074196
106671708
67800352
89861266
72467922
75419392
103506402
92981220
110795836
66921278
91243562
109114862
102193336
85357476
90667952
84142940
95116456
74109628
112703964
124949334
104236790
85514938
79002124
98133708
73929870
96605304
95476958
123456016
102015418
76816010
66714290
103756796
75616974
100855882
104831978
93300768
92304042
105798054
74910684
72102564
105947660
67565810
102792790
85700192
81088718
107522612
97965070
100114484
108176162
115079554
66957946
70366938
81370070
78987920
101176218
74491652
102288638
94096624
76699298
97080342
109400626
78374032
115708816
101739306
112945378
66789510
94409824
77947742
91042160
83950418
110117086
82779746
95398592
112951438
84510354
88206274
98256760
76065236
106554006
87793186
109059234
85200698
109548532
79836018
72272362
77660290
95789936
100185128
94889836
108020442
119952336
103364384
98086630
87592058
82014178
101323900
117529206
83108120
74762298
89641268
111293590
107551476
91163918
105822096
99296788
67883406
106832580
119126700
100625410
78616498
89599012
104917948
114694456
114213768
103073502
107743756
100041576
96120630
79650442
89980368
80667978
95689338
83107406
73373754
105773168
77155008
91527134
121081924
86829170
98224864
117272722
113604358
86665206
95317628
108134592
98226410
70323600
82481976
74469942
82366158
107998032
76453282
114152294
71729038
106423714
109386296
75457410
117449656
71474556
68445420
81388324
85613584
92976288
77486766
76931154
104058052
75587408
85856000
67577022
93119902
92334234
101614034
99796614
81458592
119128292
120008422
102160632
110528906
81953660
93737638
77582238
90786992
114090246
111216476
119700662
118486040
85260918
76378802
90341932
106611860
106033650
108358268
116513330
108476446
117822724
95246120
102880884
78335138
95192388
83926196
77691268
106423884
101876336
108852554
81522248
112138008
105636856
106437832
103936156
72422688
107295616
84238956
78890730
120640786
105083046
99323074
118912318
81275112
108580010
73991324
123882176
105919866
90462408
69994542
79258772
81717978
92841230
78213674
80236072
96869988
124763100
115048824
96756184
75029416
98237142
94276924
93292832
85503748
107562442
96337398
104736926
112605696
107510002
95526866
100871622
116075782
81395590
106814886
70314168
111109024
103360730
123516060
78951128
114004118
75923056
125236258
110729364
84586230
127892330
107210788
105922792
81634344
108498780
110399738
87484432
96829212
78943422
84456832
70289140
90668986
92446756
94737786
114784620
69485346
80457200
69339478
73473222
100046392
90904204
66963008
99536096
98798882
115867552
75829374
73738612
78169646
97034676
99072228
67865738
82165564
69961378
73766950
105439756
75874506
72012644
73759732
113801888
104973820
105492834
108766144
78564844
79765152
96614704
102681294
107123378
82000520
81834308
100676284
73317452
72147836
97105882
70978622
70734394
91095884
113513834
98765138
112907604
128601994
88970696
95089588
79591956
72569850
71701078
95817750
99052220
110350728
68994858
94609376
71016984
77929652
78721540
124207052
98685534
98006042
81927414
97713528
90554286
98315044
101557484
83408592
82174584
112291076
108191776
80715504
96241520
104541304
68681884
85041256
111329972
103041290
96465474
102940396
85890522
69659192
100062328
89974428
68742148
85928996
75590748
81242568
71602542
86013318
71663196
95568888
81836704
84617062
97166886
95910388
82938800
81549422
101306144
90350274
90444504
107153378
110453184
74122526
106491844
99360620
112043656
88658204
72335816
88725710
69960090
102208080
67838478
86140804
81845760
97032318
103821118
75143450
91223164
72992052
90755664
69809344
75103830
90534782
97299190
101370282
114378638
89459416
75458782
117278460
87280072
68143378
82516536
103402454
68161030
90398588
106351176
67893364
73256116
75705678
69848864
116459502
126864386
107752706
77888280
124384218
71873528
112184526
105566308
87908204
117913050
94336324
87036550
86800970
86285592
89310258
67025504
90166972
98489258
90726000
98957728
109423746
72818692
78490262
122882250
102124756
80569700
71785702
67031950
94725572
79590084
82867546
107146770
106677332
108075160
74913984
82511472
68283498
111257762
109309684
108728740
106446824
117309482
102686548
78765902
78825602
98542002
107069316
91663956
112140418
75499428
106593836
80576326
67579100
67040074
117339036
79407218
100491848
105043922
72566920
91412760
102192702
78372384
105913744
68684046
106171570
81383020
123407736
72447258
79514946
67942528
119426718
100878298
114396408
84406784
108399314
126646102
103001360
103793622
122841676
92206358
75283520
113139472
80184050
115385024
84244668
103711920
94785798
76659428
99379916
104479112
70814568
102739340
76538724
102591438
81866732
75029698
74521460
87096624
88067772
72001814
95796340
70294692
122433910
113614610
77275246
94413738
91150928
108027070
82919628
74758422
111413336
78759170
76230250
105345048
85111068
105027902
89303014
88191192
74982886
102061568
109688262
97862978
101702482
69927062
86879902
114384628
105566080
76619394
80160492
96177744
73293268
68095436
73364974
76829624
113851790
73336552
77807136
74607048
66706680
111694260
83724562
77090278
114200632
77125980
87710944
115370956
107746436
78802306
115866752
73907726
94714722
91478104
102930224
117572542
85139654
123812620
103668804
83469034
106589100
111293728
108846514
85820374
98992952
84690828
71049134
95849722
90117612
79868604
95485068
90161072
102063704
105129820
90531464
121379076
116678220
71258846
106061274
99724906
133020544
111953460
104593712
112291772
83185460
72223040
115046278
99872964
77190596
84827696
93711652
71658444
87240116
78773610
98491404
96344504
99095864
80897956
87039700
80313266
78978544
107774806
95506784
69558264
78593800
92049930
84086674
98913394
88818482
67117666
70323162
103848438
74574094
95515302
106140712
104938590
109541226
103950274
79408194
114145540
78041762
68531260
78687982
84921582
88817364
118538988
71757104
76483630
105511660
73512982
92710756
70281480
116831820
84104100
72106282
80034870
101423890
71239174
72090576
107010850
97810326
91186944
74501082
114689258
92828840
101343838
77152122
109546772
102089820
98696854
69294478
88991602
97349152
119554424
76328856
106986446
104030930
78551736
104416692
108625622
68014050
95599244
82403822
96871210
98278126
85856526
116179386
83915988
88621396
80633438
100801324
92477462
106287562
79635796
86850082
72429418
117085268
112748772
111865730
97672262
67113434
117967290
80839988
87124282
101050412
90201438
101034738
100023924
91236172
92921132
109375446
132285544
81559760
71732800
92102254
100979720
97038252
80618774
90972428
80651608
107632756
97662268
102554706
114653198
80125706
94099960
99376606
113373502
70087252
81548728
109751814
82117494
69053170
118935008
73464780
105717816
99609676
83510600
81855134
88797894
108234964
86843982
77537374
100496804
112803336
90000910
106086544
116382400
104288398
84531502
92675718
105179386
106163596
108728702
81071842
108006038
107119128
115523132
90876910
94059182
97505258
79180480
83116500
107067546
89196456
71875292
67913644
78277212
76217920
74384890
109242406
98397546
105178820
98135776
67785346
109996732
82398838
97939698
107378352
73893610
108992308
95941708
71269064
74489292
115143634
78586826
78919366
79870286
92862194
88298902
89269472
108961858
100961346
79698346
105941404
80493018
69224392
74814272
69677176
91334776
80653900
112921758
112788344
98741340
75419214
116894852
68589148
88442162
78884402
71935240
94960492
68622348
117834354
117421924
77420720
71293546
117690634
103648088
73688160
104961892
77083088
122079072
73968282
76308510
89567568
103103228
75397418
102119634
123274730
98009696
97040706
102024504
114843290
78873346
77405456
95623800
75919586
70402342
86478874
100204320
91088450
74414786
113474240
87759606
87586562
77053364
115963946
107982066
83477586
67215780
107673920
102605920
80933848
116977742
89896896
102173650
115264770
88503306
106938244
67960350
67322738
76001728
91224348
95651042
91749030
99095026
98380304
94236170
115477278
93536994
114486564
112710434
118086368
106192680
103955476
93071424
94288384
88609992
81335778
95942996
74864806
108017500
95128090
104480814
118815980
67996974
99843350
97804418
83101978
106192006
67810876
104559706
72445978
75163366
93713324
112835968
85870104
73701880
109449284
103203410
90315224
102452468
89965738
86796724
126408670
121193612
74213220
90751680
97905830
73209246
91093796
92131700
85852110
80245910
99828422
72373940
70264966
106195536
85834012
68995990
115080452
79269996
96564908
118967528
115320366
115929708
104345482
92105272
95967324
103885894
90439678
79390772
83055654
87986242
106179610
98199122
79507746
96153056
88549376
74130868
79444340
81724536
109835164
105716772
79513072
102868626
84279196
125860750
109305144
86404344
114618938
76933392
109849536
79467708
75661732
87089866
68310170
73581696
104285800
104126408
115392862
70339160
107966838
95390670
94311440
81912658
102067118
94156978
76307812
107291034
80082348
77910084
76646762
70985256
81080964
103510582
72094592
89159084
79209396
109047172
105995236
103144150
107795396
75780260
82471312
105909100
99580740
97685878
100774514
68788680
111794284
92993828
93474964
111498868
92440152
67888862
103578154
72151998
92797946
89041152
89299544
108138184
82470610
115614122
89726812
125076028
86202478
80660062
109976310
88790986
91533914
106010974
116914144
69793082
72478110
99447234
78187506
98699962
85855488
73718234
123847042
97314372
79068436
94715684
69711416
96894122
86323800
79371680
94254560
95978296
69796488
118906718
86495712
75181500
95829404
77635558
96412770
107219000
75184728
75151880
114855350
74912748
74673184
67157580
94376814
96823442
87391550
75196222
96820546
110546344
95204156
79394938
123955780
98159462
75748396
90948550
95307598
73241986
120691828
93166994
111161152
109049994
79084686
97031776
102506046
81181548
112647802
85341286
76378560
94110168
89132964
81888392
103557264
119795620
110279518
109065210
70950592
90798680
115246664
69711956
94981534
73880260
89127792
82218072
92125606
112906256
104365170
106162770
94552938
73752286
116584790
84120588
97606858
89335936
101956606
86099072
106878098
75090138
79966682
91149650
73521640
71500178
101057026
71126220
80448286
77867274
89022930
98734170
90943420
81240380
78012998
106717910
103935152
103575812
75936570
110138390
73139576
102621612
86080622
72404968
88326568
103724958
100807358
117984116
88447946
96933716
93985742
97259374
97856768
115633158
91615386
93467908
89321354
90194786
91711132
81501972
96616560
68487012
79169824
90686162
102509612
100977010
78609724
101410586
78830308
87181882
104832066
97809860
107575808
122227066
125655510
91185820
97445152
92633690
73599190
88807916
112580930
91087564
76471720
88737702
109944456
69288198
111020592
105824770
94372274
84889310
79788722
82549820
78277286
74587258
110681872
106752238
74500698
113579022
91851572
89254836
91471610
101112480
67716462
94525094
101430544
108950888
102302920
67133944
91385616
81968442
90430278
98002366
84144588
77652228
107022994
81050428
86908206
74355764
121336258
86833476
103172434
110719856
89437428
71809152
98878630
86135540
97050174
70143340
93626260
90803830
91401000
98845536
84901432
79196670
119432452
69739472
72023146
72266484
86569966
94419310
101700470
98394332
111050364
74834870
81742282
69237682
100771684
68343386
101982386
95592240
81555036
98483326
95737852
90415646
89178170
107312326
103526942
72064624
114568422
84181026
71910010
92770452
73564222
105270646
98047868
83084780
101202384
101980366
83699532
101790044
88632490
98973960
72575640
70540658
93732248
90668978
75302088
93648936
83238958
103697776
68396486
90876528
72868794
84210764
116573496
89290144
108746236
90940096
83341236
123356688
92579554
67859330
83366252
107776032
92996094
80020166
117119260
115997542
81829786
75602084
104196512
73902480
97206134
83339744
85827762
93073464
80114004
108047940
67512730
106916162
117797432
92177834
69377342
94231398
98038448
118773050
77423948
98930074
96754622
106516184
111291720
83116366
81289276
87218656
88375578
125181526
73720712
92753636
93819942
80740088
91805670
104590012
107086414
98382752
94630352
94946938
90228242
95697818
82968362
105426256
79465972
84601602
79566564
96296980
77574146
96580414
82616152
82658042
116784284
67845064
105392576
84802848
80723592
103386788
83151200
83183804
79811324
89065270
98427502
122232182
124783882
108715682
95752834
67504508
79313164
70824786
77804060
78886112
97979670
89849840
97290746
96457116
89669644
69540730
118978640
89452918
94902414
96705614
71649406
70425656
87404802
69686972
80195978
116272982
99180692
86685432
66799830
91441524
109829584
73087474
95164068
73310502
115609984
86877686
95592000
87786754
79150458
127818782
69174680
118648788
111183058
120413200
75205262
87098726
109543270
113957548
69724468
91294516
105556642
116712670
72327798
102534008
99778930
108543334
98533354
74098022
78067376
117063566
104852508
97113770
75529462
88121942
106987040
68903526
81437908
71413650
112529030
77959522
87134190
118928832
76532578
87028994
82616858
68974974
71711542
112576716
103394920
105649690
109764214
82225038
108151584
77529566
74162580
88683460
105768564
80558454
89542234
69124396
96308036
70160892
108020304
106182608
68783718
96371834
92741308
76283754
106336678
111002652
97693226
92953994
102266706
124068472
98186182
83539176
92489492
72924166
73245432
76542104
68749084
87434826
114987626
110597836
87222208
89424578
119802058
109596578
71869818
76157836
74533206
82941150
81390744
74496626
96518592
94130302
75438504
88172314
95133352
69743726
69329786
126612526
100047194
102557304
90930592
80396058
106819532
101255708
104181576
69561864
68307142
109120556
115731172
126181386
95463356
70019416
104965734
100518962
94091528
107713606
105570460
100229752
103611974
93814600
108644298
105640050
82309090
126536208
108350536
113189180
71748622
102070468
112667696
117982874
107130332
94038132
88652030
84823808
85612946
87026364
68344092
72929946
125554820
93918904
91592230
78416878
99043940
96792658
69751772
103345980
115793116
117903344
72461870
67038126
73697046
79421218
99576792
77664994
89884244
71825332
74810610
98257556
77040228
74266250
74450784
93396186
67028004
82609966
92564080
91479468
109222046
128196866
87678388
91408062
69962084
103809182
89698140
86228824
71530070
91926254
84837344
97662256
68489072
87609512
98736772
85571010
84851278
89428916
78891606
84979812
74832422
75139544
86758422
108243680
86889430
104269518
83729308
121418706
85327328
72845308
71808628
105073732
96239496
93286740
87248460
103518122
95908398
96674262
95587176
98452552
99301452
119933936
109898490
76178442
82736718
109436278
104746216
103857514
73080856
88829080
124912904
83921662
101775492
112524030
109912106
72292094
86735040
109839198
78956066
108635336
93120940
103632032
79407754
81537102
79865044
76566446
84183464
74275830
84968576
95155986
68380432
101949334
108997436
92318352
71513846
83268782
101282102
97601960
93036550
85834712
99135750
96833696
87631432
108266914
86291920
72433920
127626390
91206310
83838888
113480946
121351140
106104882
96074298
87996696
113318002
117992334
77282002
103181754
69205622
103303370
106931074
95194770
75313752
102992218
89050738
112619692
123076686
90026498
76978658
67509712
77237732
78559652
114185350
89343240
105627074
97539754
85133676
76437860
113136266
97299164
70998074
83569482
77585666
84686152
104592178
102214864
96070850
73271798
79995552
102442032
87407936
108053060
67975022
76793870
104365818
93931966
76847268
72838186
117102610
92959216
106433544
124930470
87183814
68363992
113181408
96012808
68752058
92234004
102025252
91331134
75370864
68052530
80506116
83510922
121707906
84764136
99986944
112305638
98660346
90537354
90753818
96675462
120057506
71940672
95674046
99467704
67425414
74241462
113275722
113045790
86391940
102012458
104537084
74829992
118693898
80666644
117075142
80917786
89275006
122555606
98839050
77664620
107929326
71769720
118239382
101010458
104529304
71925478
110955692
105463916
103768186
105743200
82384086
92019540
81452688
81233410
71559384
70994496
106401482
101124026
106663896
105012284
96090082
78505576
116051322
68518356
82700740
79590312
94963824
130328064
104663512
82423530
99323132
67504118
105420486
116961208
94852188
76447706
102618382
66883232
81336156
73611148
99251618
82656250
88272340
93761772
84469262
90788318
98252104
101675300
118211416
120938292
75522510
107748284
114909676
106576928
69219704
97058312
75412078
75683164
91763740
86332946
101983914
106686280
111870764
112766280
98031456
86460104
105838036
101194868
111134258
87115036
70149436
115995390
89419400
99361006
78360468
67976750
83308226
93096182
94250392
74672020
106233694
94280386
100844412
86154636
92183090
104809076
89767882
71329056
85270844
98715734
75956190
79236828
127255368
73088298
105358504
107613498
91361480
72782698
86752832
106498392
90377696
110358892
111305612
69500466
83737054
123078288
90000858
83625358
89130002
89318250
72068940
91183640
92831684
108007372
87501618
107441374
84115112
81702970
92758096
88856960
91314908
100123288
67192498
78900486
115541808
100445474
97939336
102519616
117409084
94700762
106205078
87347674
110314570
78466660
88275852
102090426
94452654
73919718
86776308
102191358
81200216
91171142
103643302
117069716
73885922
86112020
109032768
91679536
92600478
69802538
126424824
80747662
96499052
119967142
89015750
107982758
83190404
106648148
103786648
79354620
89060440
102438236
69217720
80294918
99913394
100992562
74946564
108378314
75811380
98161102
81113580
83062766
72639286
122640246
76798610
68412912
91919404
66941148
89582762
67225754
72149866
90492506
81884220
120206046
101536066
102066408
71564178
108433410
129874114
69509634
102701612
110006202
111348590
106147142
113158780
79785662
87344524
99766996
99147898
99977680
98730876
88126916
116778280
109502434
99533184
70264274
103785998
75849270
70632348
106957834
96615356
68680680
84233736
88317324
79421312
77766474
120061232
86701780
94243672
84085214
77143022
81828790
97824460
77658676
73498372
74570426
90844110
99137508
87594920
90244600
85901950
108133510
90330980
98659494
98658032
89925094
93001124
98456408
101797596
103068398
73779524
93266388
101113436
86056168
106615024
89803724
78657224
90434244
81436906
105109746
105356166
82588466
98448754
85539062
106574838
77574450
111975424
96105708
97057412
105182624
73453048
84384578
76554382
109510892
82163888
80335868
103452478
104463106
83976996
68737746
84770284
96680942
95051794
105882262
108442106
127844612
77485604
87434340
83946512
68287852
107230956
85229374
68718796
87249672
90686288
73635660
87743496
83760106
68899498
91676660
78735858
86601306
105086494
73249396
90625244
101108528
75876576
78818012
91447030
124837846
103115920
90971638
74010280
85072760
131806642
108694822
83842334
80062638
78718662
108191944
72743616
108774922
106565858
93860428
105392902
100610606
75021412
83211260
90709832
85629376
96007278
79611846
95987628
94446366
87782770
120836388
87215460
82685392
124826050
88547752
90738052
68208974
113671274
89002288
118774252
126590628
130887576
78097300
95215810
76229498
109620322
81025886
97041656
78728208
105694198
73293116
101473890
117282144
91734224
68318872
107324742
122871834
82555450
113239902
119089776
101574650
96828358
107357174
74020590
66959812
76990786
86908528
71480202
85332886
67906620
99633852
112637150
86088770
94970972
69065296
100428776
89632222
88890708
102050944
96404564
73068782
76604676
72558698
95345420
125422710
107495520
92691636
69287602
96711838
102002668
105418274
112033706
98381090
94042868
84210910
105074488
105716632
93810312
125736172
72518480
84783548
75727060
81216070
73179380
86920844
100546054
130792438
113175652
83069398
84877262
108104668
71300998
94475298
115585298
74357298
84606416
109592278
70979934
104217586
67744186
119852302
96067880
99944962
83448210
104698784
97431228
118914038
87570602
96759402
93373290
110225294
102481690
93769726
106910186
93198726
101231986
94302788
76093338
81697522
98086632
108096224
99392022
100351820
107651454
76359314
90030144
98306552
69753644
91985664
120790220
103127590
73703932
113991262
107128436
107534376
112380692
70577390
120456520
79560748
95854788
69047780
89499738
80980702
105122174
110599898
87512218
89062408
94947146
116329544
94348738
84683254
101900176
91762094
118043614
105141446
105473266
95287698
89989116
117852622
75931978
101939682
74583564
80468540
99481226
104202524
97050222
88373960
93892654
79137494
103928730
92026088
98436084
73026466
86168464
94665792
99436976
114263954
107407534
93116420
92612052
112169456
89554194
75836488
78911276
89741082
83192890
69960760
91186588
83156052
89403704
96698630
70693928
108172346
82332094
88427846
107322784
79463604
106595032
79087282
93970308
78062280
67219802
110616982
85577962
84791378
104638996
90088388
104443910
97577888
97976936
114327434
126353138
101985964
77181602
71047884
119357286
87516330
84675246
107360194
90769382
84853054
113147872
122183394
73058300
88484988
106510336
94797932
107258738
73005590
107788846
73447604
82560828
83617092
115330100
98235022
96978180
68533402
82187772
75586302
95371238
89791774
89280262
84541204
110493920
79623878
107648114
78316922
83685574
81863400
97896146
109645546
75470448
112461168
81546010
88362220
84620986
77109900
110951154
83283486
92703938
117614112
91264578
102304634
100367248
95072882
81549282
100021372
104216260
68263556
102778264
99873072
69038188
97319086
114237078
86507910
103926386
69460072
95280850
69632014
90970722
93172468
117818272
93491914
86572682
69364258
90894772
72283028
113321174
102084208
89946386
94086716
81406636
92415404
95879060
95312384
71084414
74537512
76210120
93616404
116505960
91394696
85232506
71829450
116398824
69322840
68496500
105609268
120654034
71172906
88837716
102678078
81222384
119417102
79895492
84153086
85072370
76661296
94270136
88408334
114963924
113813848
95429384
89345146
111285740
103896084
113495818
101648922
73246030
79132044
77471960
114705574
92874036
92963046
90363210
72861628
97659458
105464832
97764810
68571184
80282100
99431618
86071378
74466954
70437968
101619354
103944762
96243128
120996136
69279102
76101128
69983880
98383972
100170732
93574512
106907466
86750654
87216338
70767150
101033742
79066518
95938774
81496100
103356976
67779340
83991262
75408874
71370086
79183812
93235090
72931044
81776278
98872756
115248160
97105636
84105274
82943598
75841026
74980126
81702602
76766858
88973054
99703624
100589822
79569966
75567174
90558522
81901444
99590762
68183166
85714910
96711374
72954942
99992644
98320758
104133836
105663864
80599920
96336412
76873014
123445874
109787688
73577506
107886442
104126244
123156030
67546308
72798564
102341678
74481828
101510112
94315520
71615312
108005502
81993534
95991178
104512966
82474184
123537032
77522052
77444894
84701812
94385114
116955026
119344814
104940276
106744044
68497582
91252936
97597234
68846662
87838178
70660128
81774212
95871458
117266394
118247030
102473608
104393678
80691344
72765606
114989498
110992908
110305434
73086856
75788296
69534662
75333938
68909312
92875346
96825292
87397408
102132444
108679598
107139914
109570918
110210076
122976336
123215508
67769082
103832434
92143972
91512798
79023182
98830752
79656988
77176336
77354446
103210594
98791660
87078210
85320144
74111260
79460290
77708766
72764526
106475082
69686388
100998998
88696056
88249626
96338786
107838094
83647304
100496470
75799900
110404478
86006696
75198320
115265194
102735746
99895860
113398994
126101822
105208138
85540818
78725788
85941684
88688684
69486916
80290932
99055318
86330360
90137844
117474470
94179662
108704182
114171574
109185578
95087194
81689304
91484920
92968788
81766798
109753432
93649834
75262026
111613034
100738620
109241358
86757172
73021248
102342778
79456186
83213104
96082086
97661354
90379006
76017206
107561080
104184218
70278868
84469362
102740304
74498042
105987330
113827748
109721032
89147766
85377228
77475706
101478694
86693634
98725012
116051378
127120174
98526826
69516486
93394130
109322668
126736464
72769516
113806374
99806908
66752100
75574944
80023602
124601400
111898588
107079138
68124182
85205660
78885400
96484124
81159322
86864746
82936404
80703848
98319900
96015348
70963258
99701568
107661828
100449500
69731372
91845006
99143164
107840010
80575562
91604522
78070188
99794202
73154708
117748930
116770592
88023560
109248518
87946322
105540800
84602536
93244756
90000448
83000430
100341012
79850486
99902262
115145088
127012614
117546740
100494302
104347754
73981854
72921912
93550980
117266450
104951016
75363354
112230350
79036832
105570102
68154058
98951830
107413220
105316986
72413508
120260594
75694340
114181944
121289156
108911954
111998678
103229714
109405200
72258124
114859110
68956150
106466992
81400442
127871206
92990812
79899670
99299520
91688122
84474332
76750462
91346972
83554376
111187198
96479412
80410410
67918258
80557034
100868864
76263530
121914724
90183394
74570470
75399036
77154450
99074352
107481134
71493066
100766692
86416484
101246736
112698352
111904022
82547992
101502344
116923940
70101432
98243876
80622566
69700856
106483850
67721594
99084672
68978738
130798308
124435966
118102734
72477506
107758594
122226098
75358748
84047648
87297062
97370916
102680358
79594860
76373198
103821466
101198634
102820820
118032306
78629208
104220614
96665266
91701868
103624298
106326686
107843080
103333972
127289238
100627256
112230038
111254764
70712368
113204808
110127564
94190490
78303410
106371372
105248670
67037478
69944520
100281398
84977544
85370330
107224046
115403726
70262760
101093000
81735238
102079522
73365814
99791156
70953596
102372016
73107690
81512878
107341094
80721538
87122344
87636912
87365464
92823786
103913086
68463104
91703532
85679944
74380588
122943036
107123698
69129070
71928958
116193146
94163148
79677636
109001366
92013014
91511804
91916992
98561770
109360634
115200320
86347180
72753796
105105142
70515276
114714454
129236400
120329650
89395342
107322462
106860176
107680204
80233554
105134794
93190564
100147100
105678338
86625456
79094662
99805574
80648198
68385858
110968990
107526238
89500958
92636754
76563250
70803436
72601742
127758520
95143700
103719198
67969912
109689420
75450532
96093530
74035746
107616286
86963530
68592316
97742138
109220162
95365150
104159180
92962826
90082080
111047900
90180694
83771356
72576116
67943040
101036182
79574434
78638406
115581282
79292668
82169902
76523426
92520750
83721708
106291560
116157246
75336910
83016150
68124368
99047520
100065282
102418056
80418946
110959498
80551836
76667336
78270666
77377354
103951508
100664688
95972890
98168800
121013488
72063052
88932620
100576928
102076660
99553430
99707624
90580896
69145220
112894458
86200616
67514724
91703844
97902318
73598884
73413130
73477036
105885848
72327404
102837822
73524040
87950922
93189558
78099480
100319838
107198700
98803360
86195464
97194050
79451800
104671450
101599652
80999310
88703834
75680302
93371490
68059364
73884550
103604862
83134768
107719780
112927834
71815530
99291286
66878598
81338960
87034218
112102258
73277100
102640016
84321588
112188526
74876882
79987062
112182882
92993360
80841690
99348968
94494444
83438870
75520436
70248976
92070288
74015982
115121974
86599062
117366736
107905936
113082512
94527676
88388048
101622098
108350990
111765522
82703720
95093622
89712534
97063318
98670810
101859730
106184842
123204062
94348114
70708338
81615528
94105244
107565670
105250704
102720688
114818890
91336000
112157604
120853420
124498258
112705762
112085182
101324870
66984106
87065572
72810580
76191704
103376224
90758668
88829858
73808932
110137896
81059826
68579784
108750318
116140738
95562858
116160568
83399226
86946008
76106214
106080320
106318834
124254778
85203340
68752206
99370172
77692874
70384138
93252870
71696930
95114590
110599850
98589114
97227704
112613738
84290562
96792686
70640228
85991870
91146878
91024170
67493410
87756008
94185224
91664538
111323152
95201100
77470854
89070920
88990960
108068006
93927228
99225466
92798468
88979574
114807286
69903788
116383778
79124682
87749660
87097264
109397354
110940758
102461580
80558616
100924436
99615302
87662784
66785610
107167030
108610154
86546748
112636574
81665852
107396188
112368758
82876772
108598500
109741322
82223292
73745490
104443470
84098914
112698426
79900796
97015866
107482638
90369512
107166930
107193664
93258054
82399632
95855912
107242188
72208718
79500438
104436060
123197112
84823622
93198036
84714890
76595956
88936264
116980698
88997424
122335810
100146510
72280896
78553228
115447450
94475066
84311954
119689470
86635180
99747344
107163198
82587228
113063608
87643708
90108922
96656292
115838344
127717754
114222598
114766514
110279966
75630472
113400684
103135138
94159446
91393356
94071066
82060934
87882636
99894380
74065192
103735902
67249816
98895474
109539622
76471668
91651426
69748580
82434460
104328494
88347110
104454444
115146620
69832024
94091456
100265514
83955538
92682216
91649164
76939454
69925802
94565790
87743426
106201436
71030924
103996988
71917310
95465242
124861942
96078532
88088620
115990400
107385022
79114594
85964184
77253616
96015790
91513320
114423540
123904786
95187718
78003806
113715230
112525780
72547294
72758286
114653654
115103302
79916208
71917868
74389324
110445864
90546934
97448634
72108358
70829816
69353266
80104936
86257084
114096810
66856164
107912732
74000362
96954674
93114910
107907634
66726562
84981206
113173044
94291524
88279926
111006510
88641402
97231636
99060950
112071216
87683634
108417120
102425380
74394370
104939436
69865620
125449680
80148938
68554526
105958730
79101794
123311742
104137184
105940440
81641820
108388654
106202272
92199908
72490428
110494608
103549318
109428970
82288656
101137286
101529796
82608288
118193350
102720446
89349036
70265320
97748340
96994248
79241596
89029038
84888240
103055150
106362566
98680944
68825150
70302740
108354910
97387070
67434368
73048884
77456318
72792054
113292902
86334822
102345678
70264322
101495958
98771798
70386706
88366500
82856434
101081132
95135628
104082496
87919522
80363282
86425914
96572824
111416142
78451446
93734984
107839028
91351976
105789974
120160640
81499590
107762922
98261066
120611568
100136660
86951402
111294070
99308584
98737412
72687640
110668546
109835496
66900464
91555572
102343380
83502928
72071756
72177388
98934370
112299258
93652390
81415336
94176272
95014406
106732118
109174754
96007046
110248606
114013260
85692454
97261160
109381950
89417990
89825234
82315484
67612872
101720914
110397296
89332816
105621046
67622632
115008536
69321224
67714122
97720088
112877892
73520174
89365340
96816144
67110058
72712876
84099312
93173704
117335340
94178032
109686836
104265946
70098240
74150816
85390106
113053650
99173724
110855796
87724778
104466088
105815102
101662738
82324284
99128508
100847508
83117058
73844794
101818780
81448882
75316618
99827822
93195996
75409078
97036586
99688454
108312034
125484318
70985330
79156786
72078340
107667598
114867892
109240282
111364354
108019852
111970402
82042596
85636246
72012176
116205756
106073964
109728296
99287640
114953514
110790230
98955938
85474624
93668686
114347010
114073206
88944606
120411732
110525852
68384482
78847112
92149994
70390196
107226790
70650716
94607166
97029754
97985242
108358096
106608350
123889854
73498900
107593426
102583628
90375734
115379224
102739836
94615532
75312614
78888636
98961930
110856814
101341330
97315056
68619036
113125720
96594718
103374226
92941236
83561426
100178868
86043624
127036520
104616972
112322982
104836976
67058408
82906574
69158518
112030776
100819566
84399502
95569640
96031270
85902022
106906468
104712440
97780254
86879540
106331662
107643300
75052448
86722970
72364326
98799432
108739798
82096172
97017078
75005664
88239864
101107664
71115204
83834094
102557974
102075826
70614520
75813994
77318436
70082230
100092250
76491322
123684740
69868202
86700922
93492036
100910158
74770256
80933530
69525330
120351578
82587722
97937642
87620990
69378042
113684764
82860256
106090206
75748592
104128462
105564310
90686608
111998854
117421292
86967384
70365046
84682948
94308152
73815712
114782958
93004904
103681260
104877682
116970080
70851892
79433198
70926000
83062940
110598034
89824730
70500264
120566174
85892030
98072440
74346644
98054666
113872706
69670646
81637216
95667928
85154746
95586568
106973234
70816960
87009636
77123084
71633286
91822750
80338190
69884696
92744892
75328932
73775094
104751946
106688338
85579942
112422066
104727596
126262156
81322570
96938202
92538662
76937770
89008824
117410454
118972988
79875406
99884764
105112378
81913696
99992158
98679432
81253638
75496626
104459382
103074906
77702802
92752028
86289972
87453560
97892086
98899898
105959160
92226764
81134828
99013152
77522868
98995194
99178386
102249782
88083172
105947356
98644996
83288738
97118174
111512608
83325798
94058408
101545268
68026620
78081862
85817076
90836324
95275862
127325172
104593780
102092048
68530546
95702276
117563950
111057300
84672696
110185316
106003210
87158936
115320510
103122700
94863418
69990694
75646732
112171554
111455766
111730170
70016352
112511598
105658578
112071232
102884718
95748852
85726338
106235990
89829390
81805444
107300844
89517682
123026792
81508576
74204724
73979942
75017552
86217244
84761962
94758270
124819656
103151188
103305278
87856018
75444138
114862986
77736080
93779484
67794890
77166326
94273238
93337220
85376776
89221010
106484762
77961280
73191786
99172810
101893894
86741436
119282486
80751548
107043190
82284608
78185598
95345348
72662510
92792882
83296090
100988286
102685962
105955454
84128142
75790130
85080852
94020014
93065872
92431544
111151466
105752974
97755842
69181050
99100848
91008452
115177570
95188166
79535224
109070740
70284100
104579042
126356254
97814364
73037494
109683766
85894484
95918790
79870164
120409300
72048134
78936588
87138412
103800526
83116102
110255492
78610160
94001224
76135288
123369060
104322652
81023898
98726966
110038208
87103344
71554374
94776338
84793134
99167560
79465772
116547010
98119454
105497906
119607602
120924918
110572690
94919242
103759374
105738914
112519050
103643028
76331226
99787064
80065644
101297560
81794454
98309676
95657700
85545586
71075142
83518308
106321674
108312428
81578036
109446528
86899852
107333688
101063958
116627798
113409334
75160404
110033944
74803066
101830594
77793654
88021984
87374508
82631436
100616996
107840008
103241858
88005574
131206482
90113686
77442068
87423064
84288256
74715174
114476782
105179752
89474072
97025692
69813978
97861534
107403284
99399558
79673088
66830984
91619532
108247052
98640700
116260854
74351136
84103036
104732676
91883546
105073634
72229242
68394532
87178744
118027406
100125820
97327290
92571210
110874250
117589534
92394652
68790216
103676742
103940328
68781742
76249804
78674656
73249278
92436064
97626430
84061836
73021510
77742032
74339702
92931766
122779002
85968330
76699082
121634982
104503326
83927062
68190292
95660498
78722262
69897800
89582322
78462956
86183540
73076790
83185442
77829080
86908662
103851504
92930884
102397858
100269726
81233174
108420334
105020906
98943698
68496156
95901820
92565002
93769546
110505996
71445118
107588222
122959524
91214148
122662644
79397930
122267072
88173928
95615972
73631532
78621264
104121616
93278656
108430504
110838920
101530576
77539482
82657604
88217502
103302202
89518044
97387790
101286080
103557270
95013924
101246598
99083006
72986582
91875162
73216684
80220822
75846588
83464598
109617146
105462460
112479224
95964422
69054400
98142842
68988068
93557926
102319178
109503006
100636616
121445538
103535264
88564238
103134442
72350104
112755198
112649836
108663544
92399272
81439816
91682030
79580394
79760084
74229162
71672350
95607378
94565254
109051674
81221574
87218616
97880214
100074706
108719840
113430316
121556728
107575140
97269768
92363004
110977924
91171844
109758950
95440322
101321398
96633434
75213134
68394520
103049994
90375114
78463856
70658904
105279560
114146492
84174324
80455956
86883376
82006864
95677604
95643516
70898860
103592664
76690988
97872192
107563172
87141850
71420754
97714262
104650750
90637798
99590014
98113390
74037644
100702468
118750416
111906004
83447236
86111036
106890258
74892480
70745700
103421208
85694618
87952660
82290302
109220334
106144450
94602184
94320626
87229322
100534590
110767478
111847366
75955068
71625294
85108678
87177518
79526656
115625612
84551424
75071540
77307648
109025602
80890014
77799968
78328406
76675910
121160864
79610258
80001852
97026352
73126062
72858700
84980452
88663052
107209856
106998748
103177336
103524224
110566516
80238818
106879204
75876004
97861230
122319414
75025992
108848084
67537134
98971746
114359740
100940870
94762586
77849920
102945710
103687996
93201662
83194176
121852696
86918468
96320974
68007298
103387226
89045768
113418912
97624564
120445814
88894662
84830020
74178900
78216524
84628662
81206766
117638144
104364806
114348344
75963594
97621314
70670968
72299786
76921188
112119708
95263150
75952050
105574720
87276654
98119594
72860580
107920828
70300630
95580602
104817870
79951610
69490308
115502642
67163464
98721570
79128126
92658184
119811970
75066430
84963486
101332810
76878350
128044988
74249638
84649300
120261694
113581450
109615828
95912446
74654310
72109796
90621130
119103158
116469926
67979404
99438780
116159324
129282648
91191152
104448022
123454742
73738784
91035252
86673338
99801222
103629982
105452030
118358772
71180464
79954656
75998202
91467572
77848866
79020094
99729532
85089054
89366872
85368418
91050874
114699930
95751480
103211962
84988542
103495656
98200818
89650288
94508366
68129216
95000998
102552538
102779794
84305194
68137578
93288434
104491252
82274862
111670330
96051608
98753958
99450878
107560930
81505994
82302656
116502396
96717288
100346048
84832838
109457712
94170388
82771972
108573802
119178458
71196400
106716104
105438860
83303314
107490926
111614628
95017182
106387932
89616738
96069276
83214444
77991994
96051328
89528322
85586768
114453822
96328312
77010814
113068580
83838594
91958106
104046092
113833528
69142030
98648038
109771906
116989300
99859000
96099812
110791774
76016150
95113904
113604418
89662488
105513314
77873122
73938480
72834126
79915066
86192634
80096184
103579546
83195004
95949150
67386190
105879830
94229392
67478798
102480492
90757400
80281848
99573730
102202830
98516982
113698738
110530370
75123230
112155188
72649450
71228358
72178208
109614758
68891398
71559260
92012442
78007062
106354548
97125028
127576426
77513604
87355368
85306366
93440956
80350664
114000476
78913866
102349746
99389910
81935968
86505340
88952344
80301226
103034334
103412484
82870800
70126762
95856914
85152904
109729230
94455304
81139882
81629116
67857732
109816712
79967122
97465876
84004196
69799944
106421752
116845572
79422720
89147236
75335026
69869750
83142636
89274436
132377942
112569078
122698556
111830028
76048832
70848462
94926870
123364890
98334102
70631740
71128112
72887908
114307688
92183932
96909634
108876920
98755994
88141522
91314094
90537696
79312764
117771782
93826684
76865564
97025450
75802530
67563210
80094316
87689616
95907960
106198640
87266094
73189240
93352466
80922636
76853440
113255134
82251064
108787488
69557650
92217912
87563966
87225568
111979984
108690086
83681124
75695912
110388642
87332274
115933502
89278750
76596050
104969286
66928554
114637988
68077850
94636402
89514046
105801332
93969204
96793540
90519786
88360216
69605772
70700480
86175608
89522896
78039640
96056854
111650050
104984088
88232872
83743804
86585940
91800334
100382772
88145996
67478440
90971784
104006958
81748470
97658380
89350332
108461354
109609650
98610172
77541902
81027952
95546702
90855598
100358396
109304654
76432186
76617290
90727996
113223434
76983626
85253556
72582570
90118080
75656936
79673668
120447378
98577934
94542966
101964198
78367430
98563308
98304990
108125938
123946650
83905730
95784416
97980592
75572946
100505132
100050638
100591484
84720498
68623978
110367256
88295246
109153220
75426242
93251924
106398962
91872814
96615932
117315564
83646026
110757028
76399114
79005754
80805332
86076164
105124850
72280396
99776596
85466934
92164876
99352458
76870072
83985906
102034908
81878218
104968878
92578700
107407876
106219926
72908790
84570580
74542338
91878622
92729362
91141660
119011422
107245036
104290526
81314468
76714250
70018336
74494704
86226062
79384818
105326894
101214094
96299788
106192242
96197888
99896846
108105400
95279612
68654472
85791468
83438510
80501762
72077696
105534532
101138280
103095372
85569064
102462106
106259576
70909156
71304816
103518430
84620254
95535820
108221884
84963164
82933080
73659308
116736222
84429310
92531688
70248784
110140012
111808686
101372326
111422518
87885336
111716414
117652604
79092754
117139714
100406320
98509892
89224378
70004830
86393362
105575518
77736312
91517272
88078190
95372218
77807600
85877330
115521964
95818480
85114368
88765794
88803082
118329836
82569484
90191960
78626872
95632256
117579026
70331164
89208376
100154940
72640260
78283940
72633884
99551226
98655980
86171074
110628828
106109788
95405036
89004094
114713938
79468882
101355240
110551648
113151062
75231022
71443838
80837744
74586406
69227024
67091802
98610146
75784370
78730792
84423906
75943806
105831614
102174186
109738318
88073394
108881194
100211666
103158796
96607108
118271036
84623700
89603488
83629644
105007946
96995512
84671376
115364438
87570546
68003406
130243080
122980804
109009508
84273498
69735728
108547202
101325154
116754866
99374118
106496030
70286862
101470310
78195076
112699228
89811850
111738122
104417846
97036542
70382278
118823348
73802548
79804116
93135430
80748994
83388314
88355752
109752808
76537310
113564868
108567660
81771590
105817972
81744264
68620238
82075944
69228070
79372686
85899236
94518268
103154594
78920812
71010708
85867476
87790256
96998346
67379484
90490448
95737350
70968236
101623142
70789716
105611168
106997968
93937522
94432722
95997938
88622312
76995594
72895808
104573770
94303494
102356270
95580504
103622890
68685328
93011212
91172184
79489886
69299496
101369212
95068980
114890734
93147426
85610296
93206936
92792014
90892024
69531560
114567228
128798588
83064224
99736242
98222696
109315476
77991430
86643190
107091116
74953940
100397252
95030480
111660652
116504992
89897702
113496890
114254428
87933706
88015114
77015250
86738160
103508192
81639204
85442814
102920528
107028912
100557600
87252390
105553334
98677754
109627186
95088346
90538298
84822292
75205052
106622386
108561584
90028436
112392912
74644358
77519272
90527762
101530646
100175474
99748374
103841330
93250682
113852630
77481870
114413984
113028528
96288832
71397740
117346756
101825236
70187698
90201528
104237028
79718022
104795942
115030586
93170900
98159654
76140266
102087806
67357352
69430078
102864888
110918040
85384500
78879090
116274344
99672296
94998408
114469642
70906886
93320248
83818552
79368582
100347076
103073274
98953944
95036104
97851102
100615998
93622856
81877430
91175570
122535868
86579062
83192632
110409170
92711822
105720882
81292444
92007914
102851594
74178446
96290664
84040690
97639788
107506240
83129084
94197442
71616110
72616112
101275980
89780004
97605402
98176636
77186926
67967610
79426346
102672744
73452130
69685820
66852824
70922132
74146492
74113764
78760192
72963960
97598432
83955808
79057722
105477286
102445848
115504640
68973602
106003054
106767888
106875122
83775618
98843598
86167688
70191908
110460830
85500010
70791044
101158802
88261674
66796900
92268152
68093898
107821106
82870558
116874938
74706562
79145026
95957408
93059602
112887586
71162526
88949572
118515778
112010000
72710710
109728380
110070078
78513448
69280474
115385060
69837794
120108558
117848284
81743304
87581132
102002960
90012520
74059178
90784208
105834686
102416256
105368328
81855134
70654970
105905714
68519802
78352520
86442458
129679436
90271104
83176178
106981910
78707254
102390618
98229900
125203590
97137174
85370562
68413834
87194642
83018338
107401802
89158902
121299648
104746786
108326944
96979158
103266206
124468860
78877116
84101862
88995542
78141308
95304994
109216006
97638848
112645232
108135876
108337174
111771298
118102040
109409542
76967548
104835750
97962712
71694762
97910534
82174252
104863568
108738038
88997230
120835714
82693206
77780104
88411250
93060892
109598450
75007814
112949890
113355440
94264646
76444794
81988896
91698692
83726160
69542986
109060280
115768476
92006456
87861344
109433690
95185776
108460442
94992668
106466944
93051920
85107334
104547030
73789758
107970248
81203178
82814434
84145580
99119852
99219486
108948480
97347184
113786604
110285436
127189384
114448824
77950118
98284478
110594414
89539116
114854938
103182970
118682834
100361322
102887998
101788692
67321144
81709240
108250872
101433242
106018054
92472786
89224616
102081338
68264892
90160508
111391622
119782238
86820154
107002582
84639558
106570890
69572766
87870210
79660420
87468072
104158660
91695178
98264592
117292206
104783778
105034098
84414238
102017588
76144876
98805602
109577442
96069216
93748714
119615292
87676362
121410014
113151726
94305944
80312174
77634880
80774788
76512162
91967916
112633374
81214124
78144952
96163874
101930532
67407114
102210966
102670000
99728178
105480116
109955658
101173132
85021560
85190770
104295146
96394722
108803450
101472962
102678710
106984098
116854704
104362912
109437190
99579508
97944736
89346572
78010824
99037886
92278010
97993958
68864436
101088548
118009620
105795718
100548082
101163360
79026216
98193656
92431040
97612980
103157760
85243064
70212440
107040300
114338872
81474232
108141084
114222412
107833232
87623186
85714070
101031322
111563380
75880790
79813438
102200788
84544946
128878682
94051680
87462650
66917998
83770536
106404728
106288096
86021762
80302474
81379654
90836326
101816810
94302856
78380678
125514420
105034200
67803406
78922044
85455844
80321896
126565490
77831084
89246358
118552766
123305958
96735744
75141362
98910492
107028192
96049508
107779140
89459120
97783516
109803138
111624924
92106982
102729390
103812434
101514442
71431832
100169712
108702326
79768018
91442668
72945096
102675990
117490756
107485718
74193198
121284084
67321026
88448478
76989986
88946120
86433450
83342348
70922226
76958614
91931088
107530066
77323966
108598398
106629664
103586130
114590992
96046878
84389430
78240206
96368992
74183568
109430896
89857224
66777420
77317936
100661766
91670176
95371516
82094322
73414318
79284708
109865440
93218914
99777208
69001370
83173310
82822192
112706632
96416674
73418028
86851736
73730762
70065414
71293806
107280164
89482940
114933602
74455920
78713150
75845256
90307932
103197350
95600034
117686008
74252014
122001126
100612048
83491828
68431624
116588450
79620550
89678894
88422400
90061818
69047044
97850416
98373454
99663400
80365578
100138330
105566238
78050142
77463338
106509754
101791472
127118574
83338836
78583920
71337530
79236826
86245250
114757058
101407220
73523552
102275172
79545042
102632054
86145440
70556480
119733472
81118190
90249060
95820430
101275966
108429988
118568568
86437930
68870034
70104260
98284092
106317054
67059674
83079318
122782252
83762770
122047408
76165950
91072026
116654892
94160174
120669092
78512320
90593844
81768228
70702244
105015494
89252336
113661376
109883098
87361818
90090034
82262794
81252592
90760886
106110636
109877594
109883606
108498370
97072698
76750178
76937492
99414888
96157020
116237240
86011046
120680158
109237946
89377724
118594828
90048452
73286340
113572368
72282400
68580514
92068994
106462488
111279218
73836528
105653786
129757068
118489846
101525594
82209572
76586860
101240162
82340848
115682066
102815176
84898424
110491670
122266636
113787068
91131854
72855842
106660522
91311220
79505032
97002606
91201142
115546618
107196380
76636444
108459658
73386858
73754056
78238792
72271402
92388166
107335976
66763188
86842966
67264848
73320012
118086806
106137130
86706906
83079142
71153330
92117496
93543822
67233322
85881124
91095418
88532760
87553886
88333228
107083520
120668970
98706282
102039272
87540482
89003276
98850070
124531700
81498050
71676428
119699836
103028532
124930822
103101140
106756116
90681420
92718058
77848964
102421348
88193880
92358752
86854680
74258500
76093658
76240404
70789454
113987526
111707314
78406812
87813576
75116002
113839398
84003910
101989948
79053552
85114590
75904912
77460122
81892160
88251222
103866588
99559120
86793978
75795216
96021982
97995926
101108988
73414832
90239474
101402766
107749696
98766468
102483664
103414068
78302470
104863156
82225652
99993050
102979054
103167902
107272582
69466632
87250764
68437526
83065556
73916296
103820082
81562028
107403778
78216812
87563090
68168496
92985806
93675972
74291572
95358480
70516854
115124194
69430406
86952762
88303980
120640972
95592240
66736388
96830666
104658968
111831454
104252206
78433276
116028518
115211260
85216060
89259270
79067640
133210524
91799840
111213604
104032608
86111312
82290122
92933698
89913138
99324304
90390668
75428038
120047548
81483538
98723470
94155000
109577106
71950376
96107180
72210000
83262524
117903200
92309252
68458836
98860822
70803864
76776260
103626764
75854510
99248964
79610714
97512032
92789770
81281742
111256436
120912630
101091832
96007282
93626484
94807940
104006682
103554212
74538466
99479962
106735012
91442190
127802248
72162000
121793092
116287930
109088764
102077630
110048068
130145458
102676160
110138032
78977950
93009824
120255036
77192186
103566672
102545094
111952050
102746050
93956620
80789636
76854808
79655580
71964458
88474560
73970740
99023406
73506592
93444476
91310892
113834006
78589720
81441454
83794680
109531532
73817318
75595126
66880020
107740398
94605264
87048094
110043014
108255500
96715240
93708864
90442186
116826152
69474328
104804844
91698624
96317376
94871378
75130876
113757148
100543078
103629726
84944076
73459970
72843308
120005284
93171118
107097944
91101568
103064466
84010266
91837020
113082514
76472206
92376436
110617346
75566276
85146552
111733510
96065354
87903744
72765894
77210568
78266502
68481422
83412374
95707218
79595796
95538256
108218876
85429820
81088718
86683032
84840920
112504392
109954488
78235838
75901996
83365164
108047472
89404372
126973266
70317918
91601102
86145478
79033212
121126344
85171252
94238634
85020206
96461240
83111638
113765534
106895578
108803100
92448316
71207120
103833850
75728106
107621770
85668862
81324282
67721464
105916410
78865596
105283188
74805644
96792556
120971516
102639088
86919054
90742652
67306010
101793532
111089264
68843706
89519070
68784562
109417374
70425538
84125092
71234102
107533326
123495454
86168574
101620734
111282518
72379632
93866482
78604212
111024846
72142084
69160394
80406770
78823650
91804528
114613400
88091176
113310952
108870768
96111036
91220792
111886044
92731738
81978286
103577488
79593558
105542220
104405254
74778894
96512630
76983638
90111154
73080046
94992012
104280320
83309246
78189570
91274516
73606742
85363578
111396256
102445160
101150032
92857818
120114578
106542022
103871810
86434724
87327388
102172338
92467334
100162496
116629306
84304050
94784886
67365508
76279814
70624944
117483130
72546254
100833072
103730326
94822952
83612198
81299920
69851560
95014656
70009952
85672138
97617314
84163546
104833236
107850350
95715744
92305702
115482290
95986324
92991820
101987638
90368432
77578402
74219998
89831860
85036754
119882532
119087738
107386036
72630792
71119754
85821804
87603186
74098688
120147744
117010644
116672672
119247842
87199802
93455974
95039230
75851108
75850430
86243236
103496856
91488626
78189248
92409574
95121502
96406214
76830784
121671640
106890896
87340046
86798478
91169426
120086882
103720800
110101844
105665988
106938736
125479912
72131848
79089626
98127600
85911788
122118250
118797570
87597140
91089616
97464884
82956876
104545524
93257990
92377302
100564716
90182356
90576208
92401202
96879178
118605964
78771922
116916224
92559638
106466718
90245568
93230994
117449700
95405766
107589854
81426684
109450898
90218460
108968696
68163408
90992196
90534250
86620066
90743350
105450694
95654964
99027914
101908104
84370290
70096730
70800966
115296196
111111356
77105080
78164948
105808426
107445208
98898148
100939922
78234170
68806332
119043506
105403532
92729856
84217862
84663896
93329420
86357712
97072990
120423360
92736654
76223782
104055510
86286500
94170604
108068066
124618270
102606808
109415014
75134982
66854098
88702614
105740492
89060940
76773900
89512894
104123672
106509578
121255994
81582968
106634878
109511316
84225516
114045932
108688596
130133542
84673134
70633164
105198824
98877278
95508424
92411232
86111312
105661072
113064624
102415816
88688884
86128082
113058158
80301858
66858580
111644432
108128176
97786310
114968786
105773766
98289992
82658212
116877394
109460740
88540494
87828320
98984672
96386960
105310234
69176518
94201460
102558228
104069598
69144506
80811528
129801712
78261268
92188924
117815114
106017112
125899072
94646936
92063446
103747780
90139830
104690094
100627044
103458910
125043642
114797616
86317126
97990932
69850700
99773476
110080918
104262692
93885854
69684418
79064980
78027848
74031036
92507912
92450962
96994042
111496998
84191334
107438630
114988166
87627394
108338036
69528536
70510698
91069476
127883524
74696808
101832904
96207340
103218972
120241304
98193722
96571508
100923152
129202924
86643846
76678492
82250940
107712486
86278598
107154028
91537128
68568082
82077062
83595482
73471474
122749272
80326764
83984984
99997032
113418162
130063364
104320272
99265654
78163156
84936362
104115242
76983966
66783798
70084200
109034256
106167892
96562244
112953838
94481654
95202440
100049234
111877132
88941306
83552788
71032300
108159762
106867526
93775632
103341724
103972578
73559664
112744402
69548782
71976416
129216590
74042442
73848648
95539090
110043704
129088916
87500830
97265274
114592552
96078760
88692834
109850236
90124672
110405354
88143558
80422982
76594538
101839358
67420156
90849078
84028260
77026276
102525776
92873516
98684410
110570102
98904904
72794284
98466002
107939672
70457460
72483490
106145380
104309296
78634416
108989298
80229390
111889088
96829100
104551170
94234048
88987004
77947314
96402454
101334578
122100882
95553646
86981118
78361702
69168274
115507244
104584290
72878174
99476244
76099264
83039128
80081728
105385392
73769616
120420106
72934920
123769468
106575020
76561392
82816662
100555022
81242792
84834594
93935672
112102438
102286376
125184446
107628768
108547974
107858046
121556074
89869232
105761640
111697906
102339480
90639090
114686686
84478862
115432946
95732232
84892262
90539752
78328860
66872156
110206012
105356502
97712368
91263490
95587174
105354638
107009534
97993180
103450082
101342826
78262590
124879864
131910270
69099440
81693090
100175744
93587376
87799100
94995402
114625762
110069754
70891082
105417404
97235938
118700294
66906240
70220470
98365548
101762442
88500794
80440324
76229510
88655968
101984408
106398802
83128772
89335574
92742624
93650016
75890320
106194354
103878306
111571074
75380782
101128454
69258710
102920308
92574016
104960284
105121354
109171234
86705714
84717918
86743942
72955892
88511430
102781992
126200322
84006478
74301470
82227388
111160626
81761322
93442816
128493972
84736632
85042802
73665608
67167758
94601138
67442686
82694540
92484584
95301028
121810760
104713666
105190010
111091058
91881178
105346196
91774610
75003790
108234410
80359990
99469424
92382608
84306648
83150804
92510954
95204504
114149768
100373230
109390430
99160024
91942490
112791014
72965590
73075156
99846310
98205884
109334884
103220304
97832146
88697228
128259650
110394174
87797334
106497164
69970268
101321002
92994988
110139170
101097620
97613338
71534970
101653070
97074684
95351052
108294336
86491652
81439868
84021544
78398902
103888224
71566742
99244994
81832756
110177542
83442328
78875360
68412448
108381134
119790538
98202762
102243462
125656302
77570352
113016534
97575754
82795916
91212568
67660266
131880422
88016306
100585584
92031412
81225874
93909164
107758100
68871820
97666576
103413888
72538866
74796224
98727952
72060424
67115606
96940410
87775808
110322124
100725934
90121982
97405302
107355996
67978244
104544092
74809404
78261830
94496774
98089904
94574530
80666988
104069376
75582722
100251378
96199556
81123534
67995496
81042526
68993372
87035734
80069570
93580032
73482498
91430350
112368936
104528592
112199594
97359604
101734780
75584714
74956742
116985988
78447856
67808634
78167838
85087840
106702090
73125872
67687474
107666434
123719882
85836410
88752616
97808016
101031570
108770832
98859924
81336720
110705320
76407892
106123664
70401468
87661930
113369742
92721196
101788578
105156140
67169570
101144342
125972762
93533628
112355926
94191812
73532190
126988056
103589432
90114804
73819348
93983344
78706646
122371042
96660720
92596280
86185376
88498822
100294874
93042796
110759376
80637772
67499278
83634290
82201162
87096916
101469402
102877186
104223932
90918202
87405546
80855262
82348154
119508188
107375010
106480098
70000880
91320524
95965092
98832024
94808640
87725890
116455076
94912200
74434256
113531426
69548814
91750010
82157010
100182936
104368120
93353176
93750456
109842152
102455382
115970980
107160424
84145012
96205858
89907470
116674954
104726672
89350390
110224298
96313480
79012448
79455610
93143406
109396396
85313072
68177144
117864496
109648886
78164118
68857036
92561274
112934286
112979152
91299032
80564236
71452692
100579072
89134048
112641720
97606000
108976066
96788782
86851948
86959502
89553830
73303864
71618630
106300842
96579166
107125418
107614726
83604134
72151332
95890088
103301354
110035540
85821438
79999278
109228470
71366540
106273864
73620832
73996282
78426298
83754430
99833146
97860124
81176514
75400696
108901702
103534564
77115254
100816602
72075332
70221588
68293662
70906748
113228914
123864874
66889990
102935674
71689826
82501352
92652532
71102320
74672448
83617346
82474580
121351756
85240724
116728620
74570108
99298846
92329652
88423676
103452652
82661896
68460492
103835836
96044074
68352148
112221146
67725134
70115980
105708760
103111790
71691626
107319568
91849112
105642572
114820850
104420372
96794022
75058384
119351062
71898310
74017282
96976538
108513162
74048786
116445842
92989608
94512486
109587572
104491642
104137616
96784108
89865440
86769934
105772154
112619952
84593182
109522768
104796600
95833026
74584832
111880400
91914242
86562532
86272536
90647372
79423546
105193858
90814918
96009452
100336470
126707734
100555552
89873568
108095226
85845038
104265538
111780600
107663748
67901032
73449144
105883126
105371472
70096394
107900980
97490314
98205928
67525602
96922112
84982422
112712668
80151554
90148022
93620202
87361134
78584066
97484432
102279810
68661652
115574342
96977854
77488120
87689016
88739844
81246680
83727558
100186284
96260844
107815534
69413606
76850020
81014640
75194774
89597238
102868744
87098278
85972794
74425210
125980406
108543126
80656672
132116380
91022510
93669154
107490352
107358704
107077578
89344052
92600816
116019932
113406506
100748452
108627486
68187380
95412034
98383082
101311094
76659440
121189280
107510184
90825384
87245830
91726972
99921754
94841472
99281678
112971046
117218296
106131256
97017082
101656640
83511332
100389678
77734144
108501580
95776240
86092088
109670656
115912372
100257826
92925064
67730890
101718388
67587686
88461432
74002492
75384270
88764238
72743904
89632736
107655790
103716356
110363686
71338952
115865596
74341064
83568986
102129372
79848092
83187708
97658624
75667938
87649528
83992308
91304438
103620240
115964930
102831750
88128738
73712212
117972134
96859340
92797526
126727840
93600740
85981826
95607928
113017022
116492348
81185220
95180696
89380182
72527786
97652024
105091286
113011766
101064246
77121988
71414918
128560484
92766956
67716592
67713506
107096136
71606044
112934838
119881160
77604182
83747930
68672198
67727838
105685208
105484412
94953550
110260642
119821570
112260108
77784438
89282024
91895654
84999376
84891854
67184808
117122006
84839752
81805272
109449280
75522804
91544796
116031190
70104190
82441126
98411914
125361130
123400978
68044206
71165232
99590722
69185376
67869188
82318612
99808312
73304212
91246476
113799602
97290826
110223870
106516564
72193802
96394448
97110096
95486394
97617504
123648766
66786270
94479724
117045376
100872378
83280516
94422986
78238452
116379682
109295418
83645274
93938290
68828960
69654970
67790694
90169568
90744092
107121626
110335004
83863852
79829022
70286618
111571978
85351680
89816848
97406050
89125196
102822942
114303170
101174444
95717776
116558688
79377364
92978702
109350048
86221362
80917056
79009170
104438948
75631392
101351080
83137672
75426730
76604176
84478712
110206570
104025188
101088808
82798840
68350118
72146926
95235646
96125410
97254886
107991714
109041664
71278520
88502700
77155782
72089036
68433610
113390668
76653448
73922468
78874890
72391590
101828900
110206282
104912744
89240262
78651896
70824940
100143868
112862098
73491420
84379590
71067640
99844808
69690970
79260720
78430842
78180298
72494982
96914048
74312956
98712586
111446640
108698054
94232946
103615702
105790518
117543942
94464408
79208868
70000162
103230094
86383886
108619158
73762300
108667162
110797908
125614122
92917624
78893116
78407758
93576226
92890280
105900460
99395146
92175686
92573414
92718226
86632612
86641144
98503170
77770798
109883202
97239008
105714564
108284552
73754328
103123504
69495192
71283080
77014836
89772292
90498484
68993608
67652350
95122758
112122832
97615490
102955432
107731168
96395380
100696060
112192964
107020766
81554678
69133424
109656592
113554688
97468420
114889852
91301746
89896584
76064020
100736124
77252288
121752940
91350982
96058152
92287460
117945110
115746996
130756136
116199882
77091334
116585806
104149898
66711828
91332070
68385718
74979294
67505306
107360154
110461566
105714950
90840600
96681010
111156730
71243332
104985454
120986904
87503634
110993796
86221042
107131772
87996748
98679094
76563840
110304510
90350042
84305980
77266038
97123204
90972044
67275670
89474156
97812832
109836900
69471102
118536856
77020096
100806030
85988750
70344912
103485266
79139906
70574238
97933128
114289472
69405254
85802046
106306996
100100174
81016740
78247366
75004090
115758916
92400262
73370688
101407026
79262550
84829674
107318056
91178768
112179964
98357810
77978006
81178954
101203302
90404536
121083838
95389904
97027346
102166456
73950422
106977182
78529686
97070582
86957074
76687460
86132832
67254314
87026676
96838548
107538526
93320996
103340570
103887450
89842290
126637266
77653960
89523704
102780154
96010248
108483608
106315062
82237550
100995642
104846232
108845810
89985862
97069346
80937344
79129904
89315494
122324792
96598818
73190224
95360320
101850210
69548530
96639694
105576444
68179822
87870520
74200154
99207314
70723242
81754710
76527466
74122508
99464716
110570092
66719580
110721264
113113266
105183058
98331642
84827824
69174692
83503996
110277832
81530966
98188358
94758906
98223142
72404140
94223916
114588470
74628582
76762786
98303616
120696376
69312866
90423386
86406134
101183442
98071030
83025326
109307320
86190924
101916878
116511474
79128406
82541872
95029982
93489648
70221888
97178748
67067646
101448810
77300342
70971600
115699856
92071752
78950338
86842610
114414746
81790656
70454288
117257644
92881652
95180950
73363418
76042376
116224000
105724682
105253292
106851916
67223112
100252644
83738880
71931994
124284934
100231608
82508016
102078820
107531202
76660566
101252630
82489460
102978078
68322288
97255786
107693448
72734530
103442218
100512472
121296190
100487418
77850786
98318904
71526276
97528960
78937522
101259498
68586200
106150866
103972726
85848210
98084400
112344386
102614030
92807980
68690778
91379226
108753018
94947130
71925232
73682386
97553654
97613042
76599638
99096850
79260650
92303376
102639586
93283522
72023598
107890592
94448660
68586708
87766034
106076456
89228908
96923312
108894214
117928390
110852722
120298352
81873690
67308384
112371294
100712690
114785704
103296690
98108242
78482894
108320526
114157990
101723136
74176024
83866280
79970018
110456390
114506778
107853908
119113090
73571208
81176792
113119664
108163252
90322228
88560650
91887816
120459420
88151872
98818678
97985296
93396768
73929024
109728304
72966814
112125398
107626580
97912240
111838846
100129068
100045412
114238680
95760022
93144968
70148764
96569464
101996896
118987316
88159734
99878630
78884928
88458848
71238742
125355682
88939696
109107292
85435694
74440614
122573026
121252164
73703104
103871772
85686488
73039884
89400508
73939088
102095326
79931780
72576420
91141250
97587456
109288858
83758554
70895798
80909342
75415008
74777274
76456900
82558098
71024846
97535488
69195086
81637732
97834964
67666922
70807420
107291672
89053684
79542420
99503640
106955910
68681664
106259060
81128012
104312536
82061748
96163008
94800524
86016298
76788956
88254828
76942342
108834098
79747068
114227578
81169218
119893380
99617784
82262416
93230438
98753194
78924276
88336638
83212876
87646410
131051160
88716964
75753610
78786572
83901056
81923758
73113322
84351482
93658776
104508946
78096332
104304166
96470248
74658812
85022460
121121094
99193424
90043454
74041582
69955634
93295624
87033668
106905704
116019120
68684236
76878728
81042058
102852990
108787332
98530068
80063182
107250970
76805218
71552618
100205456
119455854
116232380
82999700
88308686
96564996
110847742
121316476
86233910
100025182
71286452
116122518
74091540
107039670
104773114
93629228
95894370
95494918
107648834
79488550
75377028
94623412
71567058
82721454
82567376
69073402
118503686
103580256
79141356
92823614
113014102
103596964
93887176
95091878
111389810
83406884
100755332
120824866
110720540
84958690
75285688
78130662
110438882
107025290
94345666
66802088
118199622
74523422
114301258
84151812
87607202
75691488
104895940
108856834
118086244
79552280
100425018
102228844
107660774
125172066
92707840
77420930
69092894
104543270
75513286
105438946
100302860
104052906
97831348
89805334
84385216
98249066
86431180
90958830
124318550
106014250
110038766
88360946
84867330
71424218
118379574
102128390
111815762
74348554
85332340
127772842
78616612
98005630
69496984
105682894
69455226
74865486
118897090
74516952
109576120
86628112
77324266
109530846
114690110
80400906
91912066
112785096
75147008
98597518
102671070
105633148
89032746
85553368
80547702
91912118
72933512
106864198
81563244
84732936
95234482
99361144
84913888
94360478
93927434
84124686
112970518
73869136
76417624
115882668
84724846
66912734
98690808
113277476
69817762
107682014
107979720
98155712
120955848
105855722
100594094
93705480
123226982
106293262
94418606
86536510
104707454
79941568
93215684
106442676
68613366
74237606
87078804
67148752
107134328
107298830
117841598
89990112
94953374
70993754
96218708
75009698
71312826
87993190
81024670
111186986
107568302
109273066
121477462
79488620
82709438
87960262
97200764
71784862
87246186
83127352
91368544
106582868
91550092
106819034
121691172
84222734
75088896
105496122
96400434
78378200
102448524
110230008
121874778
75341366
89651408
112068296
105777656
101388242
122933092
118948758
78558612
107542544
88217706
76069932
112201552
76568492
102700692
101883142
85857468
112583202
95802874
94901998
76799550
75845920
107836862
111310030
103169642
78858552
91723882
115709198
86137790
125239780
98399254
95060114
105973436
99683928
111315434
109400540
100125092
96704048
86999088
110121934
96753890
113930518
68223490
76925642
96072972
73198166
84776226
99123176
89576862
87005858
127050362
92618654
77551126
104318474
78298700
109714508
92740802
108345136
69377638
102828522
91009742
92854166
75754694
76193408
109752664
80516678
93912030
98847336
107544658
106818464
86908764
104697452
82732850
98652312
68779808
107464280
93490202
108677854
100966618
104232482
82430230
84793460
95585154
107241588
112042720
100275436
105514560
96178596
75292672
84243946
87197450
124026964
116936338
70736142
67710676
91741856
86103936
76406258
77965818
88838708
100003872
79473346
78038782
96282600
76215776
121372502
105885818
92788198
73382458
81850460
98933294
111023298
110453974
110495768
105241292
93637726
110775538
97292898
99064448
99164682
90933878
108451600
84363920
90935942
70025804
74463826
73646776
112282444
99452706
114403736
85180740
119183108
72705250
105222752
75839920
75444724
107821782
75779502
69594194
101793212
105208632
92417354
68148506
107467884
86497106
99466410
99131420
97152106
81950782
85098500
110470996
86649170
69189168
71266070
114285190
72207834
85645242
85591120
102538612
82219554
98963304
87566030
105637522
103346234
97300356
105023166
79069460
106816210
76054816
78812398
89600580
96876388
120849570
79381560
88189420
110986270
76455276
83075630
72664552
70459460
116375152
96356534
110036816
69019332
76740086
70212170
121154564
120252474
82783418
106812982
76974838
102860778
95989254
72323010
108443200
94299340
109340876
100230688
68710464
107032594
88235756
89653308
90518054
80540114
93056124
121232984
80329382
93816108
70263690
112316336
80806972
95832710
84332896
111179446
86107508
92185048
83631410
80175222
96970384
93930704
81250866
94318274
109491344
103943542
74310722
69749296
67265888
87286516
73611114
88903646
72805260
86484380
79817190
81563940
83054238
82067804
76735024
95040482
103691710
80718626
116779116
108411478
107225952
120008522
69853494
126101340
106788462
71960076
73756174
77943012
92381610
72267542
96235604
104796586
74862860
81165596
68395892
79189798
77402774
107080242
128740292
113028088
130420782
105463740
107348236
80797936
129795924
67584962
88211630
103623594
78110088
68313812
97336384
106672080
85393522
76089860
96058806
79877980
103291190
112676696
107225002
81174956
81041584
103846366
101645556
98927888
70885870
77303956
110091300
90272058
104592424
95984482
81571676
72275658
73930322
108871600
94496590
99837570
102972622
97677858
110625086
105207280
67783958
100757744
128288574
92323886
93208076
85184454
98186354
106847230
102277146
93587452
95371500
89235444
112669076
70848402
105068416
82337790
101243664
97778726
75445136
110667940
71773522
85506848
102525404
68149420
95086696
124005450
104987950
112706198
104196298
92656924
87645992
107308262
76425206
76668156
115813090
110478440
84627988
98274514
87297678
120062920
68672944
105585464
99551634
76907632
92653288
102763242
128465046
82628348
108686848
114416602
88618988
92042492
124960646
83853632
107835550
70141052
83838396
93197996
80538858
107910764
96144702
96172538
71134430
84130260
72672194
94060662
90501990
73294184
109265212
73621410
91705086
100705370
126361416
92429628
106052238
115015190
113369770
82800846
98232856
88055242
113859598
107648926
103652052
86115436
98844038
105611902
71414936
74095698
121579894
101133968
105685152
76552310
83580358
87837094
93763180
81918552
71379320
108934388
81822492
93871654
87744174
93667996
110137740
78578324
75854142
77474086
95850602
87516354
88086952
104771100
72372702
88288588
89440636
95356936
76750894
82201116
98118810
91161614
115015824
83313566
108591362
74599714
103842824
108214292
85519032
98407734
69204948
101500702
69540234
90715634
131067016
105310432
88607680
94375764
89040560
114837806
69937520
73925544
87618540
109903792
117460404
74576360
78188998
102279124
91459584
105563986
74931616
106009738
75634196
109570444
101093882
93852896
89562958
109031786
106400680
70710214
75270522
103132018
108919232
118058908
106000708
77867280
84929484
77207884
86877064
109946504
73585146
75430568
118367052
79529686
97958260
84726918
107589306
110122778
105755608
100023102
80779676
80442550
96060630
96598966
96619520
118297574
102680588
120113364
99824368
85455604
80814934
93895540
93958188
115053148
74538820
101410318
98198548
81299466
74305088
68036416
84154320
79132784
104658080
98508288
79357376
82894588
92376406
83988670
86051956
101808368
74113042
84808306
109961838
85307868
92256302
102935770
75760064
77582500
80173394
102166930
77840072
77288582
109727188
88422278
85701858
81814674
115639148
68752718
86071924
103012014
96814982
104891238
92205692
84440226
67645318
88122490
73085074
73761328
116102412
102434694
87974482
88007166
100682296
123261808
76717086
124222680
120177514
80705154
125805402
96599424
108800774
83192444
77752602
86544100
87021990
108938050
104838754
77504804
98301856
117565428
85357634
106116494
114318286
96993336
107898810
97785324
76769228
86853620
109912446
111630730
98505266
101117302
82375740
80953028
118336188
86203624
69279686
107145492
96596412
109572978
73635338
97388532
77376312
72515600
106064642
106358960
83498174
69591136
105115634
69399928
90811060
132785846
100784806
90111494
75344934
77719192
96869556
78589964
69841040
69330988
85987180
103901560
97964696
112218032
87371308
83470746
86034048
111307868
92687790
103459170
69617334
95253586
94168514
106316968
92767684
105402940
66874198
113955394
76265550
92545896
109063056
105958780
91187942
98970456
90398878
88630122
95873942
75043954
115526576
87112800
105427288
117166362
69281706
84590826
113347960
98074604
70690100
90047870
85268704
105972726
113744270
101023684
85632612
84521760
95738460
121200196
107958350
102478616
103690414
80102684
76116664
92400090
78682026
119830012
72623968
98278832
80366644
98422650
73146130
100313424
82700378
99884550
97440362
95969614
93800940
108840328
95882462
79164744
92059534
82562476
91776860
81442682
92506248
72845756
128351548
113396010
94328954
115384862
119986832
113359816
71677248
81486200
114087792
93711000
98664152
97403728
96154090
97182652
78712046
90377282
115230370
101518796
97272628
74485530
101974784
79202576
76210130
87016714
104733216
83416450
75361670
96084814
100632480
84080880
107024656
89912094
94088182
91726828
82103880
88612862
100760248
114501528
111695962
104985908
71731414
78203436
70217996
93088356
109846836
99987984
104884342
83468156
104134202
91050448
122591786
75949418
103830800
102321096
77762024
76734964
80788168
106332510
97581898
102319542
72279522
102212334
88022818
110171976
71931682
102244092
82655900
82381274
107813150
83374842
108549322
110697226
72146402
99219188
113905246
108644672
107596056
79989232
91023866
67723038
82198126
98443332
66946996
104460280
82103310
75152092
112043128
66968120
101694090
93349870
72618896
114543686
87728108
79831152
102013964
81591248
127457234
111980150
76645654
100041844
87718186
78847138
77637340
71280856
103280078
100803836
115172310
95406368
101784612
74928626
83375042
88028578
101763478
96193532
93977402
87971740
97135680
80781566
106360322
98317700
90965508
94576218
97388250
95899172
75205096
107652900
103932588
107999044
91405852
93664496
115646152
86704580
76906384
93773050
114903208
93348638
115063784
88142282
79468906
82442176
86763274
108191750
103721230
112219956
88368998
114759092
93890200
86184462
88761814
74731710
122535500
85114990
94765736
105828288
92766402
97679290
67100120
79786246
81576108
95171638
91167276
77587218
95779340
100479396
105393294
94634616
83150426
77181544
75070590
123658424
106548544
93555862
98025438
105596786
104569338
116313376
98395146
85424494
105324304
112588864
107385854
67438612
89089392
71138130
72738422
92673862
71968560
103044848
100386932
107897408
100201038
104708162
84343752
115460172
90752628
79688742
87235806
84587472
90465670
85148648
95580036
88340690
71824452
76665024
100737162
93758076
108801742
120250832
100509694
87211746
90561456
69219760
75542570
68109796
83104412
80033608
112737100
70644454
106543676
109735124
70565818
115161832
77089080
99437220
106871320
108317474
103715724
67794508
103061188
108153838
84201800
112794590
85240194
70363782
83062210
97100416
69698516
71361716
94563760
101950204
106745688
81306866
83569870
83858658
115515402
92334872
122405404
71018660
71238414
107406722
73684074
75379384
81656980
99619180
97140644
111973164
107592170
68722526
79689234
70195176
105814346
73921286
108524936
73936118
103744484
100192280
93086012
100458828
93117326
80562042
95411712
76162026
81334222
77044916
80044490
104916092
96903694
118971112
115999150
96154108
117736686
79230452
88405222
93297124
93610408
125281128
127063746
74209726
103846136
74551448
90875544
81895018
81439214
72542390
85824050
109682266
67269552
93690972
77468904
93755742
88429408
108511622
72283478
76841092
104825380
70443056
112472276
68468708
113174402
89769068
67842778
81763578
84739626
119598908
89506490
111641766
88355362
106898914
95720966
97842246
103995746
85632954
67362026
124364670
83385766
89612738
89654474
90575964
100448968
90938628
88545950
106580894
87404168
112541566
82966322
115688906
93366300
92546958
86465156
84625144
68944962
129576116
69154494
94626982
80191536
124654004
122902648
107828020
85545254
77006560
93993508
101950320
86229596
83327486
93495200
67774930
110959898
86455148
78971264
92618376
86904212
80156940
76679474
108832260
106892392
107741108
72358250
100001110
72150126
107611362
105577214
91568442
109462556
80285768
89182972
120492158
111056558
116394752
82238806
79192598
68397394
106266738
108407318
73598338
108666824
73267148
87329090
91221524
109773680
75609374
122208446
95992626
93282916
116716186
108142102
107999712
90257536
93675880
76274752
67971496
105608956
82261678
102468544
75925444
123402092
83408598
103841426
92100036
89028882
128166014
104579560
84036270
106644958
88668578
69086306
97205478
82899238
94400014
102013998
84129032
70458144
112875900
68908816
68488042
106911394
97299400
98211826
100282410
95973306
68322306
101150200
125311050
73299028
76398828
71406034
117565494
73282650
91479896
95678538
73202508
96845470
81486196
74037008
100029680
107185934
94791032
88630986
104246204
74208296
105489302
115052840
76517240
80745886
87409956
87889116
107716480
93318438
107208660
111027416
107894084
73203664
68330902
71864744
88583104
101710930
112078388
106058090
92234240
80922864
90670978
108313922
127938860
103271348
108139350
102007022
99085096
86854090
97240234
100162168
95716538
128195668
76170246
115733124
92752034
109880678
89869372
101931250
76531612
87914134
89490716
82910496
110696220
109578238
74546502
110432812
73385184
67096854
108825938
85487584
114620682
102966724
108292970
75964702
103772700
101857892
103809424
69310120
81823244
74846892
74942334
107540802
102479458
105522404
74059612
104796574
98751044
96404156
92644146
71193062
73492422
76644576
118337188
79793204
115183434
97823000
91075784
96559176
104214352
87445206
70630636
90577436
87709878
101767622
73191770
89242982
87782866
104849618
103601932
112047874
77748246
101952442
108800872
102868980
117792312
68219364
75166736
77812070
76204188
106942692
91026768
77043732
71643850
97505290
78526724
99123788
82729448
82816166
92199218
99101564
97128422
82720332
89458902
101424228
80072022
78745316
93051480
76161654
85246518
104049446
78599098
89674376
75327662
74790462
116925780
107652154
128728360
106271322
114491202
76148218
78722692
94031040
99339224
118645962
107991046
103143336
94916704
110307048
111415992
75050302
69127958
87979684
107972268
94671004
85555462
117751988
74521740
97434450
128750018
90746308
105248464
71255760
99542714
73265952
99003724
96778278
110081086
99695066
86924684
96593796
87613256
88354160
92340390
90496552
121036214
78543170
97983654
92218190
97632562
100186026
102712588
86121812
81529324
114589508
85317770
109884692
84101850
103152238
98735772
115030100
69097184
116191256
100461268
75776960
93978860
106218556
98981566
97280508
108387894
122715034
94037330
89652926
88776570
86148318
76571644
107588222
92874136
74780316
77058812
91552994
109662484
104689600
81956776
79061170
73374090
98454802
107920784
75524364
85235792
90813084
79908988
75925640
90674214
67664124
109155392
101525618
72005966
82347218
124100428
86346788
111576050
74996294
108808768
119689304
78769422
110399946
100198810
90723820
78920700
108708906
114474628
89609266
92377626
84844718
99432744
90920398
86998040
81978550
100270578
111853096
89776744
106805318
111720154
85916526
110865186
78439472
73588294
79760836
75769416
86743640
84926022
105953288
79514548
85904284
80809454
72827904
120609020
88797330
82610260
83934488
109251990
105897752
85321268
115012812
122298660
82049260
73716212
94684534
92497118
86313020
102198460
113464942
81318692
83425032
125506180
100053326
91899094
104898328
81136724
66785656
85427442
104519606
106128076
105347210
80900938
78031342
110390568
77231570
116227722
107068356
84088524
103659784
82644840
70835000
88177810
124107260
77668120
107484082
87680074
88524672
92648336
75465666
68139880
85642512
87845520
114670214
107656650
103815734
98801726
96988618
123590500
96162388
108040706
113480436
85252550
116236418
76787598
125827912
100234056
87091058
95186950
107814004
107286124
103935204
91915432
95855092
96775626
112774238
72805760
109318098
103325816
67088816
68577128
107768232
104054152
74545420
93655442
103096390
84859852
94014504
78398202
104532970
103490690
89867646
122257554
89908782
116385882
85199612
117246796
105035204
90977990
82602488
92631580
81467222
123826484
114941084
70060198
106384506
92482578
101544812
86919366
87898072
78897536
100033962
70908338
71626396
105525658
94956740
97593570
72108382
67785998
116101116
68215792
110680112
94706834
89606560
80187198
73245468
118110124
74641758
95203654
75264354
84340048
105289672
72014436
88509680
92382252
108107940
110226450
88590964
106198960
69942702
93410732
108796282
87415378
112759678
78914324
70814798
106763362
112039416
70719142
81650098
119396918
92564060
108971984
98065948
93602190
92179094
85385850
74369544
117284562
92500338
76492036
78735212
81752344
91310664
116294500
97442056
82765134
84461714
75833766
106914978
82322618
89130700
80473036
121399762
85576178
94695482
94377734
73233226
110390314
73673108
87536756
75724266
98849596
87432280
88028748
97746992
97171784
99098916
68265816
113944198
77918342
88965104
71858494
90271376
100802608
87106722
108575686
84131542
104648900
87622602
78882262
101352346
95741340
80983554
121558396
97891668
117203380
77746142
87940426
83415136
76702458
81156658
128264560
114876380
87333298
67406204
96576142
87658072
105501316
105042736
67571112
93768570
106101790
84571152
112124162
106374784
93272528
103609296
115992204
84358784
76325686
85362026
115871846
84818542
106454210
67778946
96241258
103723228
121934554
91165596
99972100
79626878
95204582
108488750
79870390
76196802
74748296
71406904
79115368
107644766
73283806
94601778
99468130
77184972
107892422
88407308
112385402
117631684
110064164
88580366
105651782
84215446
104183790
98218750
96001594
90327422
89817254
80217254
89880452
103564338
98834858
97191452
72944634
98007324
83827454
97113768
107377698
69777244
123778164
79173578
107148562
83922836
66843756
68784248
104526432
73067472
119026314
95586352
86647920
73786106
103654454
87298852
84568530
127046172
72006342
109524102
107089452
118082692
92304276
74292276
108131450
96789480
92003004
104513380
80730272
79664516
72341252
67354354
124001494
71356938
83209818
99112508
80205688
90482344
91273228
125224578
88249896
95844482
108477640
92394514
102718156
98401584
70888366
90467968
100245228
101019788
79532692
108788574
105038588
73229502
75299672
108179084
84980018
69712128
93369392
123046754
99192254
80493980
103523476
117405372
77192350
99860844
108425766
103809614
105077876
68840360
76889762
88208540
85549978
83422154
82255252
81000144
87536172
82681484
83333842
110953424
91246210
106045960
81638074
84334708
90630866
112405838
91850594
105640624
83386394
76114822
99693904
94051514
91443280
98398740
68452562
88734266
115435174
103879342
85597356
84384094
102848482
89464514
108803574
82987298
98512356
101582282
75494958
119753214
114947880
79916026
67225530
110933810
84538580
73258762
80097986
86440222
113631382
105426834
92927972
86929830
85769158
99169974
124274174
86253522
69051472
95641898
107573266
96908628
103528992
91677978
86889562
113972324
95702830
112279884
77559770
109238998
77441304
69790580
121724832
102207930
78828278
94630304
106270156
115019204
99813128
71433252
76233004
75246004
113034602
84115838
87780178
73937552
106962252
91423120
117912980
72152738
100159940
111417136
97477302
71868012
111281422
97838024
112578866
104820546
72073496
95217790
75477500
68425736
111103356
94530584
69993730
100473392
93450688
97415316
87488276
94481604
83464386
108092202
122971408
101864346
101169724
106964634
107550318
80091874
114208124
108496754
106692236
80814810
71606058
98278216
104259118
76525440
104522380
