74974
106066
71508
106866
69188
92426
110468
73886
95768
74030
87108
83650
79836
101572
104280
106550
86340
100566
103554
99440
80324
81000
104454
70938
78582
82582
114882
73744
70330
121026
78294
75378
88412
97350
105608
71946
87948
88116
85624
96690
80252
75696
72832
76460
73846
68880
104940
110926
97750
82810
96112
68432
82090
83980
88634
86924
114026
102768
97346
108114
101026
77346
92332
86872
75800
84584
68456
98714
115220
99380
95260
95744
83690
88110
106830
102526
66692
105304
105816
93878
73440
71572
103570
112968
89882
103830
73906
104726
85014
110060
97208
100498
93992
77438
86142
87308
96848
93012
73222
105994
76122
78820
98224
110074
81386
77042
82552
100234
115062
118448
103756
96378
105466
93860
92396
96868
67276
78088
111560
120992
120482
102146
76044
87554
91876
98108
99478
104850
110058
110608
123864
83116
102084
91620
90298
69478
107030
83556
95490
101726
108544
90518
99830
89830
96052
94698
84918
106648
128434
97118
77402
88178
112592
91732
96268
72158
113692
74800
78174
99808
72200
78782
85030
77768
71222
77138
103162
70822
120602
98022
98726
74506
123772
108312
96040
104622
109888
89934
92200
68914
102388
101746
109056
82124
118470
113874
100956
91528
89796
115344
108142
87380
115932
84366
75944
106612
66656
76918
77980
72032
94920
75004
98214
90164
71720
110160
73402
117066
119802
107324
105356
84710
122992
85498
69082
85444
68680
114936
96710
109958
69930
94260
68722
108908
69768
80852
111142
78364
72050
121524
114810
107898
105058
96878
101754
74586
87074
108138
88860
98720
101818
92888
95634
119678
92006
91020
93484
99170
87368
74892
97888
113596
76390
80698
72976
70266
100322
71580
108034
69942
110328
66406
78990
104030
66686
104926
106928
104576
106110
96672
116330
110538
100462
93386
107084
121290
100818
84892
80474
124458
88858
73312
108226
106026
91404
72320
102724
103178
100000
98112
87542
98164
88174
82184
108538
104000
81988
108256
110966
75752
76540
105246
91316
95384
108858
112134
123422
96020
107814
71078
86424
98506
69536
90848
73316
70712
117958
103080
84652
110212
71138
78172
101850
77224
112500
79410
87208
103552
88516
85788
107026
110730
77260
74620
90922
66810
77096
110926
70374
97622
96776
75498
82846
83486
92198
104010
91856
90398
108046
79650
97452
69130
72278
69196
67624
124536
111908
77578
92544
96940
104212
112106
92518
81340
100254
98246
98274
85564
99426
105558
101516
87846
95304
72524
102244
120350
106138
75108
97496
81012
74190
92084
97958
105618
98306
114582
96992
120764
88134
94658
87808
92332
85048
97244
110280
94662
91246
88420
92764
89640
80214
109008
84908
108094
97000
85422
119080
104308
81150
94670
96054
69346
75308
110696
90432
127568
115326
71068
91198
113922
90488
102098
107418
83752
73540
102730
104594
75516
96444
94188
105930
90842
80602
108130
68844
76874
106396
101316
101238
66664
112148
93214
105976
82416
95138
108874
102574
97264
110148
111772
94222
86700
126520
78130
100762
81834
103702
88866
110680
113224
98750
76602
72624
90774
102664
103112
89138
111748
95206
91398
111098
73902
89770
95340
103510
91682
89954
99714
110914
79328
98426
92978
77938
119344
116538
100216
117744
108436
96436
94826
79216
87738
66584
93460
101324
87546
78120
99352
92554
101126
102360
94734
111908
76170
69576
70896
109606
96216
109900
90028
100940
93638
119076
98520
77012
69040
116092
89240
67188
99440
90640
82132
113930
84228
82588
93422
68358
80150
107678
94816
90794
70090
67854
124960
74110
78896
70242
100240
73486
69236
106394
94372
104076
130618
68202
66786
79576
99180
84932
116836
92978
109372
109786
92162
81156
88138
66578
92604
88270
87576
71232
107726
86450
110846
68954
93344
95574
91498
78222
112442
103094
102470
68690
106754
95692
73360
115656
90446
92936
101204
79002
76046
73764
76922
119724
74826
81146
80262
80372
105952
100868
76876
102368
107154
109316
84834
95748
122960
101636
72320
68602
90438
110458
88088
76974
93956
84480
73308
81112
106932
68250
101402
85386
112762
66908
115940
78748
96840
78462
109404
76804
97866
82052
83126
73584
79720
89308
88958
103008
70502
104862
68338
91252
74010
90948
124094
119932
102452
117846
79138
75606
123578
68754
94064
81934
120152
90400
108916
107274
86916
71238
102588
69112
80468
123686
103908
98526
102016
109022
99562
111094
71650
92240
110696
82766
93862
107320
89312
115452
105786
91658
72034
76328
94084
69108
68220
70982
91478
92746
98194
79724
85632
122386
71658
112918
97176
124828
83784
86700
92228
104428
66726
78794
69372
92004
75028
110848
98912
76992
73470
72026
91904
94344
96880
86950
101176
100058
125440
103724
87330
107242
99894
108604
115960
80748
73338
91740
116062
102748
96832
110254
108014
80512
97966
80368
109408
123578
87288
85102
115352
105458
110164
94446
82726
88388
108924
111128
69442
71142
95912
129544
96674
75518
96878
105334
95874
93382
86438
100478
68426
112224
109210
107196
81572
120238
94230
90368
92972
79620
107910
69722
121926
101048
112516
111362
68734
79266
103422
108104
82328
92916
85066
89312
85334
105898
88498
89070
117494
78484
101434
90666
70840
80862
94626
104998
94564
97140
72562
111150
104216
86030
90536
86112
108512
67324
106654
78766
80546
115886
109704
114594
85574
111186
93350
89952
123914
81074
120502
111836
112704
96506
82866
72232
84430
71436
99014
89962
90540
117518
90720
68336
93610
81658
82282
73434
81576
71982
99832
105316
101844
83544
80738
91658
103624
120754
115256
78512
102338
89260
109164
114344
124458
82572
116350
74296
85146
117390
68754
87372
79370
117596
104078
102934
82092
107778
100276
106302
86110
87818
70758
122134
119232
108326
74308
74622
95910
91816
83692
81896
103826
72394
103576
76252
87990
73390
67194
97390
67704
100186
110614
98068
97934
79562
85704
99560
108972
88508
116324
127044
84082
118510
85362
79206
115554
110774
76576
66500
81966
86500
121376
72092
111674
92438
97170
76722
89816
111374
96210
88586
106972
113968
91030
81376
92172
74790
89710
93360
68300
80178
84230
93656
101190
83576
75058
105020
102456
109250
105218
89240
92624
94368
113904
106386
95738
107792
110758
94822
87748
104314
85714
68144
103674
88954
81548
107052
120526
85796
97810
73850
90976
67680
119810
89154
103508
78100
94290
87672
116586
74312
94274
101654
83100
108858
129484
75692
101228
83594
80124
108346
106630
80648
91202
96456
83182
106764
74398
79514
105646
105968
97966
81272
108492
111150
121510
109060
104386
89700
99762
101748
92380
77760
70764
106476
74066
72820
79970
90768
68006
97170
108094
81684
84328
101238
100086
106016
105930
67916
97300
128542
80536
96382
80990
105494
98062
80766
100614
71042
69708
92120
77086
95702
94812
103978
91820
92786
77644
105178
94296
123822
79188
82016
84620
80178
73644
73270
94020
99428
70306
126494
101574
79676
86590
111592
90856
96174
83678
120984
95760
84880
73848
113844
88362
109924
85678
112410
88736
91410
93500
90730
81792
88298
91380
83984
109666
90098
112556
84834
89958
111262
73874
101684
75312
95236
76160
99846
99426
98508
86330
73472
66442
76260
94352
77960
106354
120510
83416
67396
122396
102368
82644
74252
90246
78112
94634
90620
73544
111488
91534
71088
67796
89582
83712
103542
75796
108346
66922
102430
93518
104490
115244
92008
119652
75642
108642
91754
99596
104588
92780
75418
84624
91950
84114
86884
113128
105028
100368
89180
102806
73770
98882
121440
69286
80846
91416
102536
72726
102582
69638
94342
95158
70056
109700
86136
105426
92604
116334
75522
105852
127924
111412
90504
106456
87286
100074
114980
103612
120596
104246
84894
78258
101338
100400
98118
83018
114302
92836
108246
69522
78312
74706
98472
96102
89110
97890
101570
85462
83504
77652
107324
67486
90382
101926
75884
85374
103336
67326
104860
66480
113000
91700
89284
102264
132434
103144
82888
70616
81828
112906
73736
101168
108032
82164
100646
70224
92892
68652
67634
108010
75364
79756
79666
68480
84344
105270
98758
105704
104134
100972
89392
116644
103970
96522
95472
70844
70468
117442
80662
102596
72714
105324
90722
67178
77472
91860
75010
116578
113594
121498
94252
114966
122514
76982
67952
95470
106240
69142
90580
78698
103912
118890
76778
69806
106282
87064
86066
92902
88236
127786
109516
95258
112794
104692
115544
76684
72116
109028
87672
74282
77032
85114
103332
85836
89762
69330
90300
97922
106268
123486
83680
83252
102884
88616
80236
106822
115984
81538
93196
113082
106786
124782
107706
104866
85804
113536
102090
72916
106780
86616
78730
91078
101574
107112
108016
118438
83518
97650
109940
74878
92440
72374
92372
100124
74974
94052
107076
94420
89854
119420
78372
104902
84702
112124
81784
104958
87480
96404
78684
99556
98466
114292
85736
69764
105404
112794
87958
76656
96890
72804
95478
106480
104270
97070
103676
91552
69438
106344
107692
123060
96680
77846
87066
104448
72000
97844
66464
91888
87478
121438
100816
77118
87892
112180
90354
105474
69662
95036
82566
78000
93042
117982
74616
70176
76234
80538
68860
75360
100114
106552
113410
108198
84702
96456
90572
99856
83140
120742
82804
90930
85756
78672
90584
69934
114720
85856
92854
117832
69924
97694
96716
92098
96948
66954
107508
100210
118746
83768
99594
73286
78974
98910
106630
82374
90322
89702
81628
77000
97430
73342
88572
97906
95756
78870
122708
99766
77336
94928
83202
101648
66988
85046
67932
123344
82440
98358
100782
85726
90496
77930
89362
80632
82974
103818
100136
79708
99238
105870
94972
76320
115626
112822
98766
91752
66944
74104
83094
106202
94880
98410
101992
83068
86344
69608
96594
77652
79892
92318
79106
90038
91842
104686
114958
92992
85454
95656
76922
95866
92636
98862
104440
102338
97588
108780
102470
99106
88006
71568
73506
106770
108664
88170
90514
95660
107430
126668
99254
76400
83350
66674
122966
109516
111924
71298
87454
67462
97240
88370
97246
103632
94490
94112
111458
71734
99230
125602
71794
91852
75736
82574
100670
107884
73132
97300
78906
83330
99744
112420
120156
110524
120990
85692
69746
70674
109342
94062
74380
89484
77440
107994
93980
95560
77836
99902
106918
86140
113092
91448
91804
89400
81576
82238
94638
81790
88262
109948
115196
99974
119948
72644
97434
96102
83210
102218
92424
109538
70250
74546
67302
116622
95874
118888
102324
114846
112808
67278
83988
98438
90460
128706
94840
88216
108272
96338
93092
112162
94686
85932
101768
111284
73678
78658
118432
93980
95708
103574
69894
92160
121408
114778
67698
98968
104282
97048
98508
79042
101322
68962
90268
110752
81716
97496
88950
79350
77534
106664
105996
82954
114562
100894
77928
84588
95714
104990
96716
96720
87118
84592
75324
89834
103230
100210
92026
72482
68458
90780
81210
102184
125324
66414
120608
97954
91520
76848
89334
123620
93206
111766
73180
74714
87968
73216
112914
80490
106388
83356
114774
71254
121078
119012
86450
82100
105822
98698
99402
99784
76252
104488
79920
109158
79530
82890
106120
118562
120732
82028
82312
70606
108952
102352
95622
86884
118536
72470
74242
86890
71576
102532
91276
124750
94738
102250
94308
98328
99492
79584
75570
74522
99766
90774
78762
76092
68052
90278
103962
129450
83778
99874
72760
70738
79446
71076
115790
95000
81714
96752
85290
123824
87092
90334
87492
81036
82588
81916
77686
89922
102166
97306
81924
82688
99790
96072
74622
85118
83092
74606
97180
103634
67316
75898
84172
93122
76700
76680
109382
92890
95626
84106
95318
76910
75490
68856
121630
78270
69386
68344
122032
112658
125726
102766
76004
113242
68354
77858
71518
81112
76182
127712
106454
118814
72808
89532
78712
102782
96638
86260
99034
107904
92800
122354
111330
94230
84330
107464
81208
71930
70090
76154
124368
112334
88208
74850
82648
104186
81200
86908
108486
98038
103746
86650
101868
103008
84500
100912
73032
105478
93604
87260
88512
116726
104822
84924
106284
108266
101970
95598
69254
81828
84142
102470
95784
98398
87996
73058
97226
104984
82652
94378
89890
72810
103474
96182
89608
91714
107082
85180
102418
77066
95360
103504
82322
109968
75534
103864
88432
107572
73202
96008
109776
94186
102712
96828
75020
92830
88212
112340
73862
89260
87298
80716
91584
95722
91312
78752
106694
102934
108860
79510
117478
87834
68750
73250
77444
80966
69630
76402
102002
76092
71136
84666
68862
109660
74468
67740
118600
102082
94106
96970
96364
68834
79738
89596
111168
107140
75260
108668
88510
103532
94628
116692
103990
72236
91450
94290
102496
116974
104822
102904
99340
70798
69064
112052
93574
108896
103484
81902
69134
101408
86880
99574
110762
106004
81344
82926
86810
76258
75308
77844
92344
89032
89476
122548
87410
98938
106488
108058
78048
102572
100624
114110
93552
101896
120080
110070
67968
127546
92248
81312
102234
101492
113462
79002
87266
90368
104096
83342
92760
98380
74230
98056
102978
77044
102878
112032
81234
74092
75758
109176
99026
83394
114084
66888
78672
99400
72192
83290
74618
96940
95686
99734
101998
76446
91022
87122
91804
78228
111584
92730
113026
96140
95026
118860
101502
107004
88578
90866
110814
86164
106412
91762
119510
75056
66448
109940
90964
103486
72810
93396
99612
90314
96068
77630
92434
116932
115328
80530
78970
109686
67744
118420
95504
107754
90700
105818
114324
117728
103432
94160
106114
87384
115964
94358
67288
93456
106378
75366
91658
103252
68746
78644
107496
93222
81566
86320
84814
84594
97846
92444
108908
105120
75394
98368
66852
69414
75632
101534
66474
129396
105778
79774
77080
82604
113522
83094
103466
79066
83998
84896
86664
98198
97390
114488
127678
78592
82878
119670
110060
97200
126922
71920
70432
97870
110252
90098
75364
83166
109070
67494
70740
103106
114874
111128
96934
96090
91884
96508
97206
109364
127424
105024
98566
102740
105638
96584
111264
99576
73884
98540
91490
81176
108564
89938
85504
68796
87860
104314
109568
77524
112620
98316
74620
90018
98076
109632
85334
93084
104178
101186
109424
91414
67382
96528
81806
106990
87128
99796
108596
78266
92486
66918
90796
89894
93098
82680
73240
104072
102240
97680
96592
80058
112200
69148
93008
114632
80742
72534
96180
86350
78080
66526
69942
73930
82492
105210
71544
100662
101950
109362
98408
99660
98844
103762
112050
74266
89300
98324
81728
111740
87762
95974
79844
99702
70228
70310
95568
81182
104714
78116
117848
70708
75468
67966
87898
85366
107980
123858
111472
70260
87986
96686
129562
69340
109372
99522
122428
105576
78622
101658
108202
93464
109998
86942
82720
86716
95582
86368
120540
88422
76022
74852
100958
68412
127322
95678
72632
67784
74564
94446
95722
101852
102940
109758
80100
100936
88780
74492
116758
108076
83428
69602
96974
121864
85962
87588
78190
78690
100590
72042
77236
104940
114824
77110
71398
92968
93222
114814
117674
93684
102530
91974
103868
87854
115946
95532
94066
71790
90794
110828
88678
108914
70064
69212
66858
107866
91708
89214
103538
113074
95998
105772
76156
102484
70674
100686
103116
107154
111046
124450
78484
90954
88062
102532
104244
103800
71872
101862
70204
102730
75406
92988
94058
96506
83764
85498
91474
83624
69476
97066
87510
69144
83744
107974
83028
99970
77436
124422
107098
101514
74734
93102
70730
75412
106362
96798
119802
78690
73254
117080
105250
92988
74560
78328
89710
73788
78710
99454
104328
118544
93478
85368
115898
89212
114624
67682
70050
113502
125558
75192
74656
97714
108446
90268
84450
107016
108088
80828
114228
77398
87752
89910
113104
90434
117992
76404
102278
74218
102302
102636
86020
80582
111810
128348
77006
106004
79108
100712
75782
66438
82124
108130
111308
70722
114450
96916
77760
100100
80706
90172
107270
84612
72918
80688
119856
115596
117372
89230
80552
71016
75554
103722
96470
88156
85990
108546
67450
85742
91168
83584
123306
111364
115508
99800
94688
123920
85378
112060
116638
105408
93400
88710
88292
106314
84862
95684
67368
66428
74724
103020
93160
108610
86824
86886
85776
80556
83144
99108
101478
104112
99032
99368
93304
112808
85896
107888
120580
98034
89546
81162
94460
72750
108614
77308
99738
94016
78740
102306
94702
81954
70126
99746
96766
96244
68552
113692
118524
84822
113942
107098
80224
98214
99522
72708
67042
83316
84232
110274
89038
92958
83624
106802
92280
125678
112284
71598
90254
101842
88674
80448
89962
112266
108220
108608
85988
76804
91868
74200
77002
92994
122022
101182
112126
107976
107586
103946
97504
84022
118932
87182
102324
107310
83776
88508
84318
100212
86416
94628
91628
71518
115420
88072
106706
114598
113918
117484
75262
104922
126700
95268
80442
96136
101716
86860
76796
79390
75614
86060
131424
108606
74820
99096
71596
91626
84934
103010
95504
102708
103482
106776
90162
76326
117274
79536
95622
100636
66844
108848
109164
96678
96362
69382
90616
106592
78190
72004
105198
97144
80746
125466
69520
68438
95122
71416
120990
76650
103658
70564
72904
74922
101992
116828
73704
74622
98508
104968
70176
85176
73316
85112
73018
92884
82868
120566
94480
81264
75090
66648
99984
77846
72008
104352
89750
112442
91766
78380
119460
105448
111642
75220
101258
70480
105448
67116
72810
105606
67620
102364
108174
71038
70326
86480
82604
86874
104806
77448
128426
94214
89132
69048
79720
80364
105310
110710
69318
72850
89416
99286
83404
72316
101220
91508
100230
88356
88424
83756
105372
118108
70830
78656
114364
107186
90348
75242
107244
100810
96750
108688
114238
85418
85100
83922
92116
86598
69736
114494
86716
100338
85738
104022
78410
113666
75242
111848
102368
104840
111716
115422
92736
103720
125800
93740
70046
67068
76982
93942
96932
88964
89106
97780
107528
76052
126830
115594
76410
74564
69058
115854
67492
94488
103890
76288
71132
84826
79810
76834
92640
99338
69276
106230
75380
101294
104446
80732
103750
86956
100152
100908
102416
79320
103044
80256
75294
76202
116548
100214
83638
71698
101384
83608
84356
68196
107402
76312
104488
111306
96934
90172
87498
110368
84718
87876
106034
91920
85800
76380
71430
103052
102906
66558
67944
97398
77158
99418
77058
98738
73256
70958
88384
86338
107504
108690
85246
97206
91068
105008
107202
108890
75374
81512
91072
103126
101844
105276
100730
71408
70074
78460
86242
126474
85302
88290
121474
67144
82154
102232
117778
84448
89164
105018
73220
83646
87804
114700
91182
101850
74932
101854
115608
104226
90314
124448
71756
100724
77492
96184
89224
104376
77938
105704
78096
72246
105906
99752
108548
84000
83128
111320
102180
99504
96112
100662
100428
94220
115996
71380
101606
86124
111826
108986
96488
96848
92254
126684
83258
103010
74730
80702
96690
113308
100530
71916
77748
95164
67398
106604
119468
94404
82334
86736
89848
94452
76128
118282
110320
87688
107854
84008
117556
106266
109846
102606
102578
97012
99602
116512
82648
98566
102936
119324
75596
102048
101066
75636
89670
118302
102646
92138
122178
73410
113052
121834
93500
96008
90196
105184
78358
91670
92346
100478
121072
112620
87808
85688
70668
74828
106640
67518
107396
77542
93626
100722
90782
91940
66666
85872
72472
96516
78466
104038
80660
77550
82382
102756
88366
120446
87058
85778
100168
115498
81200
113652
94338
103768
77514
110962
104914
88800
88186
104578
106312
121628
73652
83896
93592
83556
72508
89134
110672
96706
115786
97826
82684
88038
77864
69590
90678
79362
93964
109410
127462
117456
79940
114958
118790
99086
82194
73994
105220
94730
79970
74750
110744
105252
119762
109688
96116
103066
99530
88060
85186
81980
70570
109362
99592
72270
69694
82452
96768
97310
101954
110840
90438
90496
88906
121324
109770
80890
104938
74848
105354
95018
90620
79846
81592
91744
93084
99458
78608
110060
76036
74490
97298
96120
107962
99560
98970
107146
105708
121462
100700
92968
91412
73860
82220
68968
95038
85756
97140
92090
78700
100000
74972
85414
75002
89622
96112
92662
81574
106058
107884
102030
71954
76720
73788
91982
74836
100104
123064
117838
98726
101818
70070
100190
101440
93158
90936
77178
113210
92192
82524
107472
79044
99772
84822
96082
118556
81542
101032
101124
90806
77786
92672
78832
106026
81580
100088
98514
92348
97236
66500
80656
91124
116024
83260
107816
90182
110586
110454
97350
91874
73108
66752
109558
92630
83268
86432
106006
91260
91770
114646
96808
116236
87754
106190
68758
76674
106708
79408
89260
95086
108746
73810
86648
87680
104858
100762
96164
89358
97924
93880
77644
95722
85202
86838
70220
116882
112202
104318
70388
112760
100178
66986
107416
109820
112382
79898
94040
66976
101082
105778
107152
87708
111330
98390
71324
84288
97354
74320
96650
76508
69688
77744
93178
83742
94814
108204
89782
97144
114082
107092
102332
92948
99324
105190
87754
83256
108932
76344
106220
110174
91032
76066
83668
110428
86138
72198
76292
111136
81108
98864
94112
109394
97780
78084
76312
99298
85824
125360
94950
115870
83996
81850
108824
94766
110162
77856
72936
122714
110446
106634
103278
67484
108550
103348
69690
82756
106774
85172
109522
102110
70020
86636
87320
121382
111192
94150
92154
120388
96974
76988
105554
106386
100418
101410
82158
103896
108438
87236
96744
66742
98022
86370
116144
87344
101974
107402
85376
99888
107002
92210
70698
119112
98240
100750
77852
74102
88126
92768
70078
66760
82758
75792
83434
101460
83270
105544
75256
86500
87784
112078
100608
95842
112284
110934
110326
79100
108398
78208
67120
89960
107840
94936
116738
98930
73316
113312
86940
104864
122226
103994
78844
106770
70666
96280
102286
84634
77724
108752
86908
95296
94038
101564
103066
102246
98822
89632
115820
88714
95278
76576
88798
87832
99026
74120
78046
88704
87772
91634
74036
109184
66560
81956
90664
69602
111678
103116
93100
101078
71482
101706
93104
71044
85860
111250
111092
118284
89266
82298
80618
73902
94094
105402
92324
87960
78810
70428
98402
115636
89714
86036
80838
74740
69060
82948
114180
83332
98950
91666
94572
79886
105188
101926
79084
102466
73210
76498
107138
73994
125820
90718
68058
112792
126192
85006
98952
95256
99616
108412
100220
86878
102004
79690
97792
79206
76134
85628
103446
77316
93704
90598
73906
108412
113414
122178
84164
99320
110406
99846
91490
106990
99784
90270
100078
74950
127830
82648
118092
96598
126458
77836
81918
85576
84404
94568
124584
74868
93098
68676
76792
82704
111988
112238
86294
95712
99476
105206
109458
102976
86804
80610
92250
90044
71456
104524
82286
84530
104678
106014
129424
105398
70184
103416
112882
81820
118636
113780
83404
96708
102534
82426
93728
89680
85782
99606
78096
90350
81810
95196
112192
78858
105088
99562
83022
77030
119222
120862
109250
84968
83612
113220
116658
80524
84696
97124
106972
112686
103746
66594
97012
109522
95636
85856
77968
123596
87308
66980
100944
107790
89186
98222
97414
92176
114922
69130
121610
72660
105758
71204
72438
94238
104394
102630
129432
108376
103580
80050
75348
100866
81988
95384
106852
84736
87150
77564
98150
86362
70238
102082
111672
74948
88744
113344
94172
97822
67936
67210
97266
68470
91622
108188
68678
87128
89788
105248
72518
68952
68036
78628
95892
88778
110116
104126
113604
83514
94108
78136
106064
85732
98910
96426
104812
125522
84412
91394
108562
78984
107056
95326
112866
107824
83990
130426
78566
72448
74332
77156
69194
100540
76018
89108
69706
75878
109284
87796
89026
106152
92592
99196
99450
79272
116032
69552
70488
89534
107150
112376
75648
105544
67202
93378
79764
73878
109846
103058
73322
105934
98776
106470
79990
82366
78082
82838
107548
114020
119110
84928
73076
112908
71534
92910
105460
103794
85468
86946
96604
77092
66692
108340
96628
94938
75878
91662
77840
69306
103814
88394
106344
93700
107574
90466
71464
83264
111458
79120
98290
78884
96566
109696
86966
90440
110918
104652
117764
85746
104328
116404
105184
73280
97426
74984
102364
76410
108628
126356
71334
90276
96336
102424
71606
102040
71440
88300
68760
91456
84038
69886
109258
83420
100872
68438
88786
81594
71050
82522
109398
100992
80932
122558
108938
96426
76890
72580
66902
107842
85146
112758
74444
97676
71640
68276
70094
75868
109744
104440
77172
97412
77520
66936
105768
80046
104134
114682
102594
69034
108798
125978
113538
101168
103544
85634
111026
67164
81502
90834
99100
73802
111688
71028
100550
94680
95410
116562
90468
68554
118668
107306
98072
125402
107692
92648
92240
102354
111746
68782
72410
76354
100664
106742
105226
79408
109798
109186
110488
107788
86370
79960
96170
85190
86534
128486
76652
101714
124708
99342
101324
98788
69994
72750
97190
117148
83180
97534
93250
83022
77174
102052
80784
81522
118480
82720
106206
98528
114362
76776
131314
111008
88602
82084
95442
77868
103990
106762
91294
105290
109888
88460
84628
80732
67720
81570
100950
109006
83144
67252
129676
118190
114724
79436
112136
92880
100692
112382
98098
85932
72600
85940
79588
73662
78336
93468
104154
99866
86836
70766
97200
77004
110276
88754
79988
68030
88556
99730
117156
83578
101056
83176
68884
80052
114080
90374
107866
116548
105256
73776
100730
104884
109836
88318
76378
78168
70422
88080
109922
71950
117712
76506
71898
79696
72400
106488
104892
89438
98736
89316
120532
124938
87124
78740
100288
103510
94340
66474
96616
68000
102146
100958
108342
78982
83080
113574
98536
88054
105394
87002
109404
97046
85468
118834
91286
76188
93900
106670
72824
111788
114956
95236
105824
110262
76072
80618
90478
102730
67224
106192
90548
112854
95166
125476
69810
91098
92698
99024
70950
88822
100802
67912
105638
97224
106324
66606
72666
71458
108006
76314
81404
114842
107532
103304
104986
95446
79280
104724
84730
116924
107140
98916
68224
93696
101828
126180
81584
75202
101116
85390
90696
96886
94822
108372
96368
120734
70766
93000
74964
117148
100960
85248
78656
91688
109272
76896
96276
94448
100152
96040
107302
115524
78642
116814
97840
81000
90196
88732
88792
77856
114718
76384
107778
102252
101260
114968
68786
119854
74694
116676
67444
95574
86304
111620
77854
104220
93492
99034
86840
78596
98576
69302
81606
119542
89612
69170
103194
72184
87546
89512
89238
104450
77868
106344
68800
84536
66896
105936
107140
71924
104338
94900
114640
103012
100810
100770
85528
95614
79828
100824
127130
78164
100114
80672
102486
68424
87128
112904
90474
83582
116352
74556
108036
70752
132426
115806
108230
73138
106350
85422
93444
119424
112016
125424
69628
95582
96974
107564
94342
67046
101454
79580
82588
80066
89902
106256
69588
99786
100674
79732
103196
87300
78800
76298
70708
86968
106436
111680
91824
95536
89352
71804
88828
74240
68794
80580
94896
101624
83646
78058
99548
107406
84506
103186
87754
99160
106002
88440
78684
77034
87782
105676
94166
114702
76008
106522
111470
92882
84010
110896
104560
109892
109748
120608
85756
105590
87182
109638
70920
106422
91544
98832
66422
101638
80302
73264
95254
100964
99386
113660
91770
104290
85464
114632
117050
110730
104056
126346
86884
90106
108430
82408
120054
80294
78730
127394
105560
77364
76208
75314
84510
67216
97290
130486
101238
109540
89370
67376
104290
74088
99310
89492
107026
67320
92020
72750
95348
84988
108104
104288
86812
89350
97196
124336
94420
114218
105364
116514
101918
92278
89040
92952
67556
113894
104494
71898
96690
84726
115126
119024
122868
95284
74728
79692
67084
67742
70248
69682
113546
94476
90332
91714
112408
70000
100694
95954
75988
86684
96664
96012
100950
76158
100560
104980
93068
74786
122664
112188
68118
93700
102944
111782
102254
71522
80594
89180
108846
93836
101856
71064
93696
116872
68426
100116
98908
115456
98894
81390
78460
95388
77498
105596
73780
79946
72330
90098
67612
114344
86232
83844
100212
74272
101814
118418
92876
106906
121454
104460
101432
111032
69592
119122
84112
101366
79576
103222
91394
97350
108276
106882
84766
87678
87612
84916
77820
123038
83136
68036
73982
84052
120420
83698
114486
111688
100080
73426
103496
96130
109082
104280
79750
99032
107476
106806
71640
87480
101580
85256
107784
97682
123494
81436
68348
73508
71008
109272
72520
86912
129756
96684
68450
85036
101910
71708
69228
81582
80846
108078
98156
95046
72936
84730
95694
117824
98830
93336
100666
83146
89894
95786
114072
66944
77632
67410
98268
98028
116478
73938
106368
67774
69940
92890
104854
84978
120430
106436
96984
80620
88004
69046
99100
93686
91394
92768
105606
87560
100792
69672
72598
107442
69732
95526
100784
70382
83652
115198
67120
88636
85870
78824
102996
96582
91116
90268
69214
96846
70894
91842
69422
80532
110936
104892
103484
106682
68414
70620
127426
106640
79864
99650
76228
79352
106786
104190
78980
100920
101244
107542
74746
67742
73634
98746
90178
105308
92934
96266
84356
102356
92420
96990
92504
121898
92868
108808
108916
91680
74880
79404
111902
89358
75366
82634
127316
115634
81638
96132
106566
112328
79136
107404
110728
93010
96266
81002
102894
94586
103910
97348
111616
102830
82606
71908
117180
79802
114084
71554
80066
96916
93220
108100
113454
94180
91154
95616
91734
82716
100914
111640
106276
96928
79114
74284
77384
85046
83876
111144
91720
93930
120744
66568
127616
70246
106288
86826
82644
73048
107084
74338
126076
88176
94438
113000
87948
88982
96654
107060
108110
71080
81584
114404
69136
88236
112822
99480
113506
90872
82012
111766
100872
98448
105962
94498
86876
116502
120510
88308
72026
118768
118516
72206
100964
95822
74014
81558
99974
68840
72910
102334
87960
84772
96706
75510
109060
113550
109352
118190
83640
75390
75298
96198
99018
101268
86306
67790
97714
116600
79022
113252
86916
94654
67768
76976
100760
107978
117720
86866
96290
72526
85364
69282
88700
68698
111786
86768
72994
78558
71928
110940
98470
86552
96496
75940
78742
121604
76060
66880
108850
66808
92226
100540
75892
97776
107680
74596
99394
108944
109900
94076
92922
68238
66766
113682
77900
89396
89108
79600
91958
81846
104434
95872
67436
114848
98306
72530
81362
96632
98070
83528
115380
84970
104972
102326
90782
98172
104908
105366
68678
112468
82958
117840
104118
103774
109406
102026
88222
81396
79898
73208
97962
92342
80274
98016
106312
73196
109406
103768
111012
71254
93910
100982
114544
120852
96340
74574
110888
70256
84752
82902
69386
89944
71074
72512
67808
112326
102350
96958
112898
72482
129310
66796
109890
112928
66720
77750
70662
92150
69774
69004
97434
101334
85722
77612
105780
81072
81536
108448
75294
87254
88302
67154
83312
115884
117066
73248
87894
80954
93930
79696
116142
108824
74766
75398
117994
79836
101838
93944
84164
84826
75298
94210
115728
80140
95508
73134
72132
85972
75482
69094
101960
83794
94744
90220
83170
73890
111204
108924
101832
96876
82578
81840
122506
92024
72094
96744
132344
79542
90914
106752
72988
127510
121688
117590
104272
79864
92340
79392
74044
98544
87824
106730
83022
105892
104306
76402
102006
103780
103136
86120
71246
87032
98372
76712
88816
105418
106698
93142
70546
99744
91818
89090
107836
95604
92910
117192
71796
70816
112324
96568
107780
95998
85304
96936
88108
71448
113474
79592
81920
78190
91952
70378
105306
86316
110216
106486
122788
78180
76040
74610
68948
77406
84028
113354
113012
99864
82066
82136
103334
127964
85466
115100
86702
95388
101848
67818
102420
107448
104042
105094
86842
89112
66474
94054
104852
86914
103460
100472
102448
94614
84312
74534
84840
86014
93058
66568
128664
83374
88018
100154
74342
77002
102688
90676
107898
104154
98112
86118
74022
80834
99030
68078
66750
67660
87536
93834
72020
70606
83380
105400
113828
81266
81018
110014
97220
99778
88758
106786
99576
100072
90524
128422
113948
110984
105368
107074
108334
84532
89118
88572
68382
93822
89512
94824
81610
90676
98166
97352
90834
91542
98666
79784
96732
96378
87422
79144
88690
83562
77578
103468
104208
101228
93918
90322
67458
107780
123938
80042
89128
75284
95338
66592
66728
106036
95064
66798
67744
97636
110610
80846
99966
71842
84560
107296
81638
71374
71784
83778
104932
84078
73110
103738
85998
68454
105656
103528
111566
106050
116674
98940
76316
90244
79692
101650
105428
101214
87884
128682
107092
73366
100720
66808
83850
99824
99654
74386
70582
69962
82576
115112
115440
111242
80676
80986
69942
70770
72558
86994
108180
81644
105740
90310
68754
101216
105402
106614
75416
67116
84676
119546
94476
100976
108910
103298
100158
81812
76386
96932
122554
109616
71478
98934
71096
68794
117498
90742
95756
77928
105300
96712
128458
99116
109208
101636
117474
69840
101480
107068
95268
92428
76928
104440
69186
123406
68710
79290
97782
118616
69982
75766
93272
110338
114974
92864
99178
67940
71212
92430
84744
86510
100720
87180
87400
110964
83130
91646
85862
102512
105038
74948
123434
90658
76928
109972
67110
109844
68706
116228
110274
75016
105884
71974
85934
93052
127452
97244
68512
82128
101818
117502
89348
90684
94652
119958
79702
119038
86354
79272
85344
70184
104578
69858
88232
77134
87984
76418
105262
111872
72322
93270
100954
105694
87482
105628
95360
69006
110882
107890
90660
109198
101802
66492
97764
71466
94040
67126
100136
86928
115866
82642
119608
93680
81176
111484
91422
88658
97808
106654
88318
92910
72462
122966
100558
76400
73592
95440
74710
114884
116600
92758
103422
99814
103730
87100
76324
85856
93140
103720
99458
79362
69280
81408
75420
124420
111188
90270
87782
80322
82576
92826
113196
90012
106486
74210
84296
104124
110614
107180
77362
113924
85308
105428
103094
70056
84704
98892
75606
72192
105512
87594
73162
90548
121574
105998
91382
86778
75800
80950
102010
102434
97918
76088
104318
115800
68680
104700
68022
107540
86792
70536
120066
107812
118622
76076
79586
71162
105416
69616
91182
86466
95204
80590
87266
110714
82974
86006
108456
93346
76532
82594
69742
85656
78386
118460
95260
114682
70252
85856
84190
101562
81852
92628
107818
118670
90816
66928
94392
76276
100202
76908
102974
94436
97798
95406
78920
91750
104018
75886
106534
89678
106344
78316
106622
81394
82654
110596
109358
103522
94348
86636
102588
96194
91156
108574
93334
97232
94394
104080
88608
94366
116062
120752
95292
104292
98058
69280
85814
86824
114052
98222
76930
119552
112900
100106
110602
96252
128824
88900
70776
68070
106252
98682
108124
84230
99684
85572
115876
81742
112992
67604
100774
90668
110454
85986
106252
67564
82744
113940
70896
84372
69202
92072
89942
98910
89288
104850
71838
85246
100706
89866
92726
85730
104522
80784
89486
66678
92836
89258
107940
71834
106848
87012
70702
81512
82510
121776
119898
71220
82722
72248
71274
111324
109600
73330
105472
106192
115588
110894
72502
82174
111030
107140
87416
125146
109148
80842
84580
89156
119678
93770
89260
72178
88068
88078
83304
85830
97614
70656
96658
68074
71052
107136
101200
89554
87584
126584
76800
69938
84780
95554
75268
77992
67196
70656
83828
90940
107966
80828
105998
71402
100028
102260
74092
105980
89352
79452
87764
72428
108854
82522
103528
88928
75622
81022
106936
68550
72894
89646
68708
80988
110172
90378
104398
102764
114280
107872
74660
102288
70282
77000
124846
74274
72828
77562
81860
90288
77224
73060
86116
96794
92538
84012
85788
91718
109580
68954
82998
78088
111976
104030
100696
103096
98372
67362
124200
81642
88272
70862
86634
85910
123736
85492
84534
98964
98414
101238
100090
106658
80084
96404
93742
80982
84572
69914
118566
113852
100688
88402
113532
78412
87730
77068
124200
93346
71762
99046
97136
74648
73292
110462
66506
75492
80656
97764
123996
85992
82732
104054
95644
124642
116744
92518
92096
89420
77414
117716
94462
107758
86624
111020
118082
84730
69016
116804
109770
104744
102658
85630
90408
77338
107966
75500
101348
104862
70546
84786
102658
131450
102954
107984
73998
74844
98380
93062
69266
103106
109182
88362
73838
102928
110472
109048
91072
116128
78056
111472
103678
90344
91782
86326
98116
83210
97884
76908
103544
105328
73368
90698
84666
77388
90514
103566
93670
113410
103232
67628
81342
106800
67684
108916
96872
119346
109862
74474
97734
100092
108616
85394
107248
88872
79284
86762
93168
103432
90738
98318
93020
94280
76784
109918
101296
72514
73760
87854
116176
86082
77012
113504
91106
77890
76990
67280
80284
70138
113952
87028
85848
102624
83676
94912
94100
70648
104094
96114
71204
93048
83564
121012
78122
75286
67330
67080
76888
94734
106688
66500
73144
91774
74894
69294
71206
73846
81276
78798
95652
85866
81966
87460
104614
67664
112524
98610
107418
96714
114898
127484
96492
90586
110748
80602
80600
92352
103588
103220
99584
95490
68318
78064
68906
105440
67682
81634
125560
111602
90518
72434
98840
95378
84120
112712
81644
90792
76708
77916
113046
103658
75614
96196
104330
115810
71620
90220
97760
98068
94922
109274
70714
104168
81836
71200
99850
89506
89770
72978
107702
91716
67612
81956
115746
67642
73118
98488
105568
92008
109172
120548
82226
84656
67086
95516
85966
97998
77284
66980
73224
79948
71158
105670
105344
98434
90608
76280
72174
99022
78620
89216
80152
107042
77008
81028
108954
73728
82694
76046
72578
94108
91956
107222
103734
74012
100268
103292
66610
102704
127672
78662
105310
107536
97530
92212
108842
97696
85088
89652
101398
107340
88066
111598
106084
72902
85200
100566
77632
107762
124700
111272
87072
82760
79616
113344
82534
77232
107866
110442
115720
107070
69770
88940
67572
81554
94578
69764
76282
109170
94848
98998
131544
98934
88366
83860
94434
108314
113368
121932
99820
98026
133450
69610
107336
77534
107958
72570
84562
102528
103068
85342
78130
70492
78348
99482
82534
105312
97278
117190
70904
67996
105508
92706
78860
99856
115148
86390
72574
96916
73462
93914
111428
107880
90694
108528
95552
106182
84046
84674
92074
113160
104604
79284
89710
80716
100740
101538
101082
66586
67424
113510
104814
85018
70662
114398
103686
122362
96096
85816
101976
104034
108054
98228
101524
99696
81804
77406
104062
97262
77622
89218
103442
86590
87458
81236
88076
92652
77528
88376
85866
86706
79322
81758
96198
78938
100872
81346
90884
95772
68356
112480
92782
103016
104904
82662
68420
99980
79676
71426
108230
101382
97774
120220
103434
121484
100604
94156
94080
82744
111440
116410
107950
107744
95628
81430
80976
78850
105316
101066
111868
92684
118334
119090
114614
97620
84002
85974
110816
114052
81334
89168
81832
71158
106744
98098
96738
103692
80126
101426
85902
73626
110638
82176
73096
133424
110950
126434
80086
84860
100948
96286
83932
109330
114802
83860
96766
115028
113786
82724
70724
100014
95732
109176
119876
77034
72000
103832
116988
75226
100246
106740
92304
93984
130462
96496
114204
101508
86056
111624
90844
91216
109698
87196
76614
87504
104970
90152
92940
71800
109046
80108
72334
87754
82222
101264
99482
83630
106392
77004
98616
87944
110286
76392
80586
71236
92458
112092
98936
112020
94364
103674
106394
93896
105668
75308
92576
107232
99600
91420
77912
102318
105080
80804
132486
80642
79478
88078
101230
107186
84946
88118
86102
82472
73432
89366
85668
88860
89304
92848
85960
112076
111506
76506
89670
94776
117686
105292
101298
88310
80966
71674
75262
86284
109436
122730
88112
68878
97044
97834
82848
90504
74260
88200
124486
66684
70380
80800
97844
106020
90312
104412
67096
100900
73012
80366
92266
75812
102436
107270
110290
80632
123676
68474
98124
69582
69364
107558
103958
78200
115034
106992
108074
109188
70168
89640
97132
85962
83176
82040
68178
85068
70320
112062
110080
80858
113404
104606
98062
84828
87640
105182
82846
104366
69170
96282
76376
114000
75752
98806
119516
99432
106306
103658
115704
76228
84634
98354
71076
95028
106246
90784
116772
108228
90882
78182
95442
100968
67074
107194
89814
66724
91214
67666
94724
122446
112072
81404
66552
98496
95268
121950
112702
90436
100536
95644
92810
113858
121702
87138
94484
104242
70902
101416
96352
81370
82678
110286
90494
89834
83770
111614
91346
84860
94550
74222
79254
83746
119436
123544
99366
91316
81810
93032
69248
110306
126998
98430
97166
98368
106962
96624
85022
84530
79052
70734
117298
129316
90858
91998
106640
85282
90640
100696
77456
101036
103358
83746
77614
93598
126542
83306
109092
73592
83808
82784
103594
102390
118122
95642
103532
108568
74796
90670
105768
110286
99558
88302
104868
125052
84150
82628
104910
82064
97472
91280
79510
103980
116138
125616
89428
99928
88028
68178
101366
84800
83610
91672
98252
113662
100030
79946
83802
88104
111108
66988
98006
118736
84242
107858
71272
122046
70066
80602
117366
89700
69664
97632
73770
89674
78566
100214
83954
75120
77078
83662
89558
76502
72426
102296
109192
93264
95636
69610
91912
76700
89358
102422
95568
72356
82698
113612
80368
81718
83850
98104
84014
108120
98078
67436
72328
91540
79574
84028
75440
94114
99622
109800
102414
101812
108942
72034
92594
104386
89252
93354
128676
67758
86248
73692
92876
124680
85906
90414
107880
92512
108368
66600
79044
91852
77216
99856
77762
107752
75944
78668
116232
101742
102662
89118
98284
98078
101132
99504
110234
119766
109918
89680
89016
73518
107226
87058
68058
83892
118010
87446
98442
105428
91562
90472
99456
78544
83906
68906
129586
121738
113024
118594
84822
106648
92972
119976
110806
100724
89606
95344
103010
104430
81872
125930
109344
84900
84592
81460
108928
109852
117870
78964
92714
93002
78674
87088
102698
96010
81168
107204
74806
79382
110350
92376
92976
107218
95778
82550
92772
87980
100994
73964
99424
99164
76992
99980
110328
71840
127758
95348
95460
78712
93366
98876
77492
84646
88396
68192
91928
74364
88458
81788
94534
113528
100570
83138
92450
103316
93798
90248
110374
78846
118950
115600
73790
97388
113470
99992
67404
96514
80610
76486
78960
102448
72056
109834
87850
84326
101666
109066
111766
96632
73440
99466
97566
110354
105444
115274
84916
69682
77944
68228
76592
98440
109338
76984
75904
79312
87366
90256
74390
88736
87446
103808
81910
99484
79902
83028
74616
71002
97286
90718
109460
95452
112712
95018
111718
87270
80052
95664
71438
84812
85978
77834
87730
90016
75740
81864
88312
102806
88222
76166
69812
107946
98028
103682
98186
114588
96966
91744
111790
68654
106554
94164
106502
93186
92796
88814
97568
91332
88994
71848
68552
90190
92738
109982
98926
104382
103748
109928
99672
81830
95604
94142
102714
81744
82486
92374
93792
85548
106502
68990
91512
86322
103424
104194
69196
84698
70108
98226
91164
91466
101442
94948
89598
83610
78984
108942
95046
107974
109596
110068
72430
70190
105400
101040
101180
92244
106228
115244
95592
103776
104582
73122
105292
97362
98338
74006
102368
94344
91316
94444
68560
99324
125756
88870
101570
100902
83162
109612
82344
104062
85798
76736
92476
116548
71184
109410
97420
98412
104944
122464
75420
103506
100372
98456
94130
93320
74618
67142
97788
93298
102016
83630
94040
82948
99480
82102
98690
125684
67690
107916
89176
83764
112632
72784
108410
104614
79648
106082
91576
101732
72376
117558
126708
100454
112958
81450
111604
107972
74472
78898
88444
100698
70264
109728
92816
71350
98416
86784
97850
96070
78574
74414
79974
70758
102970
69716
68846
126710
79272
81966
67454
68824
105482
77232
92270
67966
108014
91738
80290
78874
78112
99198
119702
89770
99548
66816
75624
105160
85816
92832
100254
120472
91902
73562
76524
89210
94938
80874
80588
101508
96258
108552
104220
90496
99348
101364
71914
83606
100868
111938
93760
78580
107968
76154
99324
100696
78840
86348
75930
85364
103796
106936
79658
121890
126422
71650
75720
116666
114096
105014
106190
90188
69252
98678
94612
78220
91780
67922
79348
112178
82220
82456
100134
95048
104450
77178
103150
78984
130706
112316
84116
87214
90774
81276
81872
85462
100538
78852
80736
84672
113702
104614
122590
122212
110626
67874
76376
94688
104090
96762
66916
109554
104470
75268
76106
104856
98018
102250
71342
97120
74740
73782
115364
123818
121306
77458
111532
83498
98530
89532
71732
89366
70328
79102
98986
101100
83870
90278
116936
122644
88130
78260
88666
92236
73498
74076
76076
119228
74828
97566
110238
95314
97628
126626
86514
113882
108474
109160
101308
85714
109784
71682
80688
69818
88196
106058
77726
79460
84678
82270
98178
77778
125576
93376
72252
100508
125484
89242
80520
91702
106588
99344
74328
100170
91500
89752
97504
107530
95912
72828
95196
123618
104140
95506
67958
106752
101526
86920
98002
87734
104946
82504
74236
110796
85766
77860
82258
103500
112116
76872
103350
88272
103700
106140
88122
76034
91834
100838
101616
99794
69762
80378
124708
97772
78864
99970
70898
80232
71678
81564
107246
124122
116494
110642
74770
94056
86772
103258
98920
121180
106318
73726
101360
104736
97060
95606
123274
96764
88694
79264
71576
73002
70772
82588
80958
111156
82644
87834
68342
82958
91212
99862
117804
94176
70170
66602
73956
99124
80612
95502
78058
76064
94502
114094
74484
85920
98804
80016
86692
105788
89532
111866
120274
81072
114188
77864
98678
102632
91476
90290
130344
68560
80048
72590
97306
68210
68746
108526
69290
91074
88496
111084
116312
71346
100578
104454
90486
99706
103386
104944
78746
97994
67950
101422
83430
101334
105656
78160
86082
104156
92278
79404
83684
114768
123744
70774
89120
112768
82594
102260
96162
90440
96018
110774
101242
130512
71360
100644
98468
90222
82774
89162
83574
73864
86054
112668
77796
104416
128338
100384
126318
111086
115634
87386
102610
94508
81158
69486
73998
108322
83334
84082
118280
112040
89266
107084
66708
90854
88264
98922
117760
122722
107162
83908
93416
76132
74000
79336
78534
100188
102652
86956
86100
110462
84532
101510
82282
101228
95320
106390
91584
90688
107332
116862
103690
72666
87538
95522
96588
90536
89564
104826
75936
82598
96030
74332
119374
84572
74014
113716
128512
95372
115002
74890
106876
104126
107962
100722
86426
129424
109158
106486
100846
118728
106016
79860
88094
76296
98524
76720
75494
81978
101948
98254
101756
87302
78176
84936
73256
81134
109624
102608
126690
100078
79762
78950
122472
76312
105034
96090
104948
110784
78706
113440
108526
80106
126442
81722
81328
100622
99430
80348
95496
108400
70606
89268
97088
131394
111708
111570
81972
87218
81182
97048
97848
112708
122776
119024
93372
115488
102606
110564
95394
77758
86806
88588
110214
92972
83802
118638
68172
106864
74162
90996
84526
73180
77436
84114
119326
106006
108532
74778
70958
120264
105410
80844
69404
77110
98850
105364
69310
73938
90382
102542
87034
92444
67416
86972
81458
89888
115536
112844
109760
99180
77104
107530
101412
102780
75854
71726
89116
104932
78810
101618
103442
107748
93244
93426
121386
84852
84484
79786
80034
103754
118778
93128
106784
101828
69292
107828
81370
98632
70336
80040
97972
95936
84252
71142
77220
80776
97478
70460
119430
97522
98224
78562
68586
119948
96794
71854
103772
110462
93980
89934
112168
87014
93490
103456
93746
103858
112774
116538
80394
99760
124676
69972
75064
96072
118590
115622
114376
85682
87394
102094
83394
74096
95678
121340
96278
97256
93534
85074
99284
70336
125764
72716
103008
99850
86438
103202
102546
117948
71298
102140
78140
95976
109002
113170
107788
107276
117276
109272
117730
96600
124836
82416
90138
131460
107122
84360
83898
122836
77944
89802
72822
72374
92248
84426
72450
76632
70764
94438
108676
97298
95326
69860
89538
111780
78064
102586
125238
91442
81874
89828
102160
92234
101344
110808
109166
94480
70960
111172
92016
97734
101624
96344
98376
103886
77156
77188
95458
71006
72820
72818
106090
99838
87674
99178
109784
73320
117548
99270
102502
88490
67408
106248
99576
68980
76018
108582
96432
112752
95070
92138
105532
83542
121754
102300
89436
73386
69406
96058
86004
120248
110020
78346
124702
88184
77346
104644
116014
94646
68940
94342
106864
107540
100790
115440
124612
102704
76770
109404
104660
77530
106234
92994
107672
72946
70414
108606
98264
94524
92252
112508
106794
94158
112992
85380
95902
71994
109458
99254
112856
94224
76388
84286
101966
98204
89454
79948
98456
113348
121168
83346
80966
84976
117890
117060
111046
117388
68096
89836
96686
102674
119028
100666
102394
88352
103348
101136
119828
114854
88404
108726
78648
91122
102038
83682
68356
101544
71874
113962
110226
104686
97226
82132
92104
102616
79316
108542
100998
118012
86034
88566
109718
82714
98542
109618
86998
106398
76866
77948
97700
107412
101202
74370
69654
89384
90156
76000
110726
86886
105410
99116
108194
100472
113682
86790
92288
81544
91750
77010
86812
118636
99746
99332
77854
90054
72310
93390
81130
68106
78748
92376
107380
67356
95898
88146
96584
91884
75940
67520
96690
95456
69226
118016
73448
86996
95264
79228
79680
93766
103176
100672
89320
91736
78676
106658
125330
88186
117302
105164
121520
109146
81666
93022
75474
84272
85638
94538
79896
87220
85238
72962
74380
112700
87744
80522
100030
111930
112316
83348
90766
117554
78804
85228
100684
117364
95540
86326
98678
115384
105740
109980
86946
66566
70136
87116
71888
97390
115266
111980
87378
107970
102470
121056
111286
99364
107474
95578
71928
98360
118274
84308
107072
107834
98542
102008
108024
71316
106054
92770
79660
77778
68460
94172
91144
84774
117410
105296
115406
97764
78328
99736
105100
92908
98000
108498
91276
67726
88516
71442
74646
105094
116544
96400
94036
88312
99114
92958
103734
72752
74460
97362
89968
89740
94138
77064
98222
97556
68832
117766
74736
99162
76484
101914
68544
95946
86752
83696
78948
98022
98266
92830
95802
95030
75308
77724
105778
118590
87428
91366
93940
97690
103364
110928
115190
102460
70582
122726
93062
108246
104444
80118
120548
77008
104912
102726
71162
84364
110378
82974
126314
75644
75292
68360
119730
91372
77038
82840
80394
85894
108136
103894
97724
98756
84752
96338
109988
94968
95496
86598
104456
91940
97830
92868
86036
67136
110962
107296
79510
69738
74362
82706
73460
74852
80680
88726
116816
121646
75234
98342
69514
105060
83636
99578
85768
90602
69362
90504
87836
103764
121644
106226
85752
86040
99588
87596
107566
75700
78828
103556
88652
71870
105154
75132
105200
91766
114222
69760
109100
91040
101178
75656
90490
72770
92308
102294
78746
115480
82048
96636
77508
80040
91034
76688
88668
84760
113722
74220
94580
117580
68078
70354
96360
105294
107958
89254
72654
100692
111538
111932
82828
78020
68180
71246
72156
72076
68118
71936
98868
106246
109972
102168
119352
79666
81568
80498
79556
98080
76408
113970
97696
89702
81604
108418
102398
95706
99290
87602
100854
96278
103234
104196
87286
81388
100712
91558
71560
74282
98472
86116
99010
84698
86984
70592
75774
67590
118180
71936
123430
112128
101724
78930
89238
108172
84482
70404
97308
96870
107126
89690
74718
93166
88214
80612
118786
98118
91306
106212
131424
124542
104862
110838
76976
91338
126466
113864
73240
94272
89128
82712
85180
106628
100662
86448
103018
70880
112670
109312
82682
76266
90282
69890
80618
67270
93098
97228
94370
73854
93206
100982
72356
93390
92646
76770
102278
80110
108834
67578
85444
68170
71378
86188
81938
116506
68196
103030
115264
72416
93284
98700
95680
82758
77844
93726
130302
95096
93266
107088
107540
77500
94996
94438
105698
106088
108838
75818
68004
78842
95330
98922
99716
93342
69230
81894
73996
108954
112204
66508
93438
128466
74894
72876
115168
112768
83826
79324
99664
103010
67690
90826
116324
79140
73944
115762
73070
72380
96764
83746
100452
103796
85418
113504
103382
76668
87388
101516
120588
82816
101992
82292
86748
96566
73208
107124
119902
68594
84948
67044
104830
80680
100944
74392
106206
80082
68890
97968
67850
74484
66926
109612
78210
74642
115238
105452
71238
103882
108072
66484
103416
82470
101594
102476
71936
78906
113628
113636
77174
88692
85644
87174
66782
71450
90062
111178
107038
102856
93106
114358
72562
87214
75894
119504
94978
74926
69056
90380
96328
105460
80288
105664
71328
115564
112830
92504
109414
93742
71844
100310
86212
75260
67104
109108
91758
89098
104726
106134
86162
71254
68336
84986
81162
81908
67528
122480
90628
103288
87526
110930
88524
72374
84686
112586
73722
68034
106374
92674
69828
112536
86156
93390
101736
92278
95436
68044
71312
98182
108148
117794
96816
79794
75806
82958
88260
91230
99088
92952
85016
116860
84086
101056
68472
79770
81646
79772
85076
109596
84638
78266
103196
79630
75026
95524
70784
73656
82356
87950
94096
98436
80602
103254
113744
103506
124718
84830
111042
100174
126448
95576
107288
89422
85166
93526
112716
95528
85430
109858
117554
102920
106422
97744
72728
67722
94050
76318
78680
77868
69688
72154
91758
81832
103684
112526
99846
106162
89794
102788
68660
89540
84690
103668
74390
102750
87422
84134
110390
84030
104368
105424
123350
75236
89246
83840
107770
70316
105704
89084
71742
110920
86384
99926
93680
86466
94868
88918
81818
104538
101234
75376
75552
106814
103658
104818
98826
75804
101794
86428
106512
80890
83136
94344
89554
117920
84154
103632
73322
117390
114008
116162
89336
100484
116082
89266
88606
106724
73216
103646
66902
88398
99140
104170
75238
99238
83188
83300
118792
77280
96298
77158
97276
105232
76730
91198
107060
102718
117144
115626
97804
98292
70818
107098
73782
81464
87118
76984
71516
108466
106544
115782
99482
74718
112752
76044
94978
107434
99976
69716
89152
121082
118896
110138
104676
87602
79932
109966
75248
100782
80844
102292
73182
103778
119496
95504
107196
100590
104276
71564
100436
79284
110264
75304
113142
78790
105522
78970
99118
110496
95552
83918
99936
68424
109712
95346
69286
91528
98814
78878
85196
70230
110976
89930
114628
67758
81352
88420
89426
79400
112614
96840
82038
72530
87374
71126
102694
120808
108810
91446
106426
87250
109534
87112
81034
102758
77524
66894
85112
106034
74252
69296
86874
92978
71992
84186
101686
124510
100120
74528
97228
114854
123484
70484
76476
100532
114820
80868
85352
80856
100672
82076
104456
78088
106754
89096
72992
84682
103822
82842
81862
123458
87958
109738
86352
78672
102178
92858
75900
72632
77834
72748
72814
96740
74818
98532
97332
115798
101238
93666
85184
102706
91824
96014
91102
113096
90844
93508
72338
130448
78456
106940
73746
80546
104000
82650
83986
100288
73144
110310
86310
80940
84048
117150
105318
106188
116892
122684
69518
96500
81532
113740
116240
68392
89934
70400
94572
74720
75496
110460
104830
88190
93982
84730
107778
110214
85500
84180
82828
98248
95008
100866
105274
75254
95018
67070
105750
109294
108054
107206
81588
81740
97226
123614
122406
114186
89580
77120
72378
76214
83454
66818
91860
121198
94580
76816
97016
93578
110092
96986
72430
81918
80666
69888
79114
103180
89760
99518
106652
92126
113630
93234
89614
115548
86010
86928
122120
73598
96498
68480
81800
73744
109702
80178
73816
91820
87206
69100
86578
111730
120044
111172
120898
74596
83988
88880
100390
67820
69646
97960
100452
95984
81706
73652
75400
118240
68814
82556
83892
88548
83208
114856
92720
102590
78730
73644
79306
98104
95146
92358
82068
120854
107244
72182
68000
100474
103866
92818
119418
97328
110274
75302
104360
81210
73952
70272
123168
90990
76490
103104
104176
84652
82478
88036
94974
95068
113788
90814
104346
105966
108396
71920
73164
108176
94574
97460
91430
81632
120702
113846
86762
111492
87940
69444
102374
80564
92538
91744
85288
108488
82342
95516
87022
109676
121446
80046
94020
67466
105470
90894
105120
109180
104376
99064
79332
82646
93834
110974
78812
92200
91618
107304
108482
91930
88890
101726
106802
85312
79016
72406
121380
98112
67846
102990
67520
110666
108402
95496
105258
91666
98946
67062
90528
84928
114668
93990
84324
89246
125510
79766
84916
78524
88024
81714
92426
105170
85828
71344
104780
72522
110686
68308
84220
71290
92114
93130
73660
68816
68572
83876
71860
67434
69526
94684
75686
99016
99468
94774
84066
81546
102886
77840
85120
124358
105084
103176
103568
92944
80578
86654
77176
98046
98090
116664
115016
92928
102890
94806
112094
91292
94140
89428
72534
103552
88906
80200
99586
104174
104532
111626
99160
86922
85812
70634
82614
71244
113656
80782
107162
75426
69654
80716
91478
109110
82288
75426
115648
86126
67638
88058
107932
116632
85856
68784
74598
103390
88944
98226
104570
105798
108938
68380
86052
84454
107510
98628
96944
106552
100982
107434
75950
80534
99546
107732
75506
93956
109710
90896
104472
93426
121784
93294
86846
83590
77776
107912
101970
117420
76920
79518
68726
86276
125378
67202
92272
96774
94634
99908
67942
82156
95730
106664
105376
105582
105696
93734
126828
105394
72406
102352
112950
72534
82732
84642
110888
100532
72160
67090
82546
82152
124002
112416
85566
88810
107462
88702
86164
69946
70654
68712
94024
76262
68910
100480
70890
120478
74756
103988
98126
105498
103618
102128
75334
82470
98232
79102
117914
68052
81242
69776
97970
119490
107508
83304
104928
74232
98482
86936
95462
125674
122232
76036
86820
71552
105572
123038
106398
128822
69538
116608
108930
70654
76500
98920
67738
110026
107102
68250
114652
86270
119068
117548
90650
88870
107954
113170
102908
119810
107838
91024
74260
96078
110244
66670
70284
73710
103578
104710
100142
86368
99856
109364
93210
115574
67902
90008
84436
95628
100834
113038
108562
114906
111032
123260
75266
67344
127402
92500
87624
116798
114144
78380
93416
114324
99612
105260
93152
93884
75604
89194
116716
95646
121856
113002
83584
73754
87032
98800
101156
87780
67284
102330
67582
90024
84298
95042
73410
91356
105998
104370
106860
73312
74756
106540
79784
97190
107480
91812
117126
97834
102088
129710
105900
111660
116654
79964
80646
71810
72608
110260
105712
106106
75130
71916
101614
101670
80632
103528
91158
72800
91878
104076
90604
106828
71674
84830
103108
68786
76156
111764
114432
70118
105640
101986
90582
117564
94106
102178
88062
79466
92552
99838
103980
109284
69200
112208
82128
82772
77330
87480
93828
76082
82974
91632
77776
84354
89638
99460
97200
89026
127588
110224
70378
99570
120562
115438
86924
100850
92998
83988
74146
89844
114422
107498
99054
105254
85522
92066
70638
87860
66902
81406
105200
75796
89160
93948
102496
97216
76394
71166
87814
103432
106450
79794
93502
70296
81408
90152
100702
81532
75608
80274
120394
114582
68532
71440
77738
99320
108518
69892
99532
70176
94476
73084
97412
78334
85440
68962
85066
114078
120246
124478
70710
102708
86286
96006
108974
103624
107396
103334
88898
106352
98872
80978
75036
122716
72390
86794
122454
94630
82372
114742
81638
105268
84708
112154
89466
89806
95080
69886
84116
68164
128618
118474
72330
90736
79702
105664
86308
122844
98400
90728
109686
79892
105172
98950
82558
104998
119636
66734
125010
76520
93780
96726
93952
91536
100864
105094
78928
77944
93038
91700
74286
113518
93382
102898
90592
70196
90264
86666
112468
108896
86548
88114
123368
67290
79726
73924
87130
98104
97414
102440
68698
82874
95064
99056
82376
86196
80594
102478
101052
91126
130422
120694
77278
83696
102338
96414
84104
88814
95784
93838
94696
82724
93322
102290
80442
82890
104820
103602
112938
112498
77846
108178
69846
106318
128448
105214
109184
111464
88154
79250
75782
85050
72074
96698
81400
71898
112624
104820
120686
67400
114764
70648
96608
111938
121288
74604
119520
117158
109892
112708
84152
106782
101370
99378
67716
96854
83546
95578
119122
109068
89988
87676
74792
124542
100200
94044
91508
76396
73886
89886
79868
112096
97872
74622
78646
78878
83264
107088
68920
112750
114128
89106
82868
92546
70214
85786
77134
86992
105920
104386
71828
75264
85296
104604
110874
77690
88082
81316
67982
77362
77786
91776
113024
84000
84514
78262
94304
91490
71946
100912
80190
85648
80208
103218
84868
69982
113062
76346
104766
75040
108408
82548
118760
70274
97228
103816
105996
93990
79356
83504
77410
71106
69156
98114
95220
100636
76898
100876
85944
110086
80610
72416
68604
93024
94944
105058
113018
95282
98480
111590
82530
81320
78388
73392
125838
79052
108642
89250
75362
74992
74756
123512
84908
86136
73874
100684
91232
99736
75294
73752
106248
78934
109236
103420
87144
104224
95740
71392
106400
91960
84628
95776
75842
88334
70124
79582
77840
83466
88752
85414
94364
69898
67894
116250
92896
116832
104676
79934
67858
83186
109178
92210
67206
94420
99748
78094
95092
81168
71946
71876
118596
66420
81782
128306
93978
107088
89384
102506
103852
79794
111426
69254
86268
67560
91078
73736
103588
109752
101816
104308
90992
79474
94378
89300
106152
87062
67208
119218
79488
109850
71858
94612
110764
116028
81040
119788
113958
98106
102586
97092
105470
70862
110428
93888
80436
71118
127432
99682
94438
73298
119554
97454
84670
113496
69666
95368
101940
93906
94632
94504
80580
107876
104026
108958
69616
87974
68036
92004
78792
110988
86450
91026
89342
84946
90274
86346
120204
111732
108100
70140
112018
79074
82838
87300
94962
103126
102798
101170
117908
73932
87246
89988
95126
76478
101924
73058
67964
78212
85612
67044
80550
89004
108094
87596
71408
106730
80686
76592
70446
110932
98336
102350
94968
79676
85614
68094
86652
96864
86860
89946
76886
66840
72774
92016
122820
88226
96294
67298
100806
87958
71894
94764
84004
84758
75122
70644
69208
94562
93890
82160
70404
94612
93584
73420
106152
86842
113850
85702
83756
105584
85790
110334
97698
73220
118002
104768
69244
108094
94280
101192
75732
114688
79550
88506
112580
94208
79792
77570
122212
76002
91700
90548
100736
97706
73680
75454
74574
104964
108436
87150
72698
107906
98596
84590
93828
91892
97206
99318
113146
114384
102966
72046
88840
88410
115866
98094
84066
108714
74562
78268
100028
69572
130434
74128
78222
70024
75730
103614
103870
72654
90274
75810
119126
75620
120806
67562
73662
87608
102010
71380
112398
90676
107898
87754
76560
95022
103500
109654
100494
67730
91534
106754
73334
70286
116872
105558
74402
106574
89264
94414
90672
73312
108770
107314
81614
99274
102290
86188
90364
109426
99522
114252
78738
102532
108460
93560
107892
98488
83620
105200
78176
67330
101626
103352
89048
75962
109970
101540
105374
100588
107708
75596
83986
110804
75316
92790
99966
88082
108206
80904
91814
101144
119710
106704
89630
105384
100652
85890
78580
87224
83564
92762
73016
101220
86266
93842
94208
76566
77262
101932
68504
84814
88614
77096
105442
93844
66734
89408
95416
88484
101022
90670
77618
79712
129460
103054
109810
105262
99474
68358
104260
75890
109064
91424
73304
66432
77526
75404
73256
73864
113708
118282
68066
117580
79500
106462
80100
76224
73892
105224
104204
87204
109840
111958
95394
111716
86044
95954
101790
104384
83096
113546
101776
81346
114074
83780
123126
81312
86354
109068
70358
98144
115140
70846
94800
88496
105280
80232
92272
77994
89088
78730
66898
83104
106044
96964
90776
104218
75898
96080
98704
121844
99802
97020
97048
73306
72834
111272
73426
68378
95060
88674
101658
94414
83524
77062
80336
71328
113850
113992
102036
79824
93684
93538
111724
76514
84036
97188
99582
108950
93294
73108
79930
77656
99090
79466
89170
116278
91202
102022
72830
121704
124326
79572
114504
74690
93312
96102
88340
112884
74184
78544
72460
100014
89696
94922
70422
109926
121698
88256
81602
109988
79658
72766
102254
74242
99554
116024
70058
82634
110856
113268
80726
68454
95018
82316
109934
68092
80538
68210
76914
94832
78376
105676
81046
72558
108976
123692
79832
100266
104788
70894
103820
95130
74530
92474
94038
84354
109520
70630
92892
104914
95966
96926
104952
97750
94066
69694
107418
74918
80928
72050
92942
119652
86528
99486
96820
114738
92768
99984
96528
102668
117066
117284
100942
100750
81218
77546
70152
75230
109112
75364
106736
120456
91450
100214
72742
82794
68988
115774
93396
77612
119852
70162
79146
116770
78306
105172
83870
74394
114734
108248
77744
100000
119728
101372
93854
111984
90980
102608
71326
93464
94696
75048
108708
116678
76264
102278
73094
111998
115804
95332
95524
93876
96098
83836
106638
86118
77966
102498
71948
134426
84106
111582
98156
86212
80594
102464
114692
99034
84760
102474
73890
107222
95612
88260
116910
103184
96270
95730
118846
80164
91026
118598
106126
80528
80732
101288
74502
101952
115914
85812
89270
85380
107748
117650
69562
72646
105080
79334
95604
68784
97322
107350
94720
112752
91282
103806
106084
98292
68546
109878
93094
74126
118500
69394
105758
93756
98276
122532
74274
111732
106140
105344
76992
73698
69392
88178
83662
68288
79220
77402
76542
113360
108328
108576
100702
80110
109792
79610
80112
98210
106890
97808
83674
111150
83430
88886
93468
96394
92260
82346
83516
87436
73026
104790
73162
81598
108028
70872
104158
108496
87160
103020
115120
108514
106562
106002
106186
114596
107440
71440
86778
104542
103402
78190
87516
83476
116240
94924
73766
100190
110304
114628
122562
95582
107476
90894
105110
70808
101022
94510
97328
99236
85650
105296
103596
68276
103634
83484
97840
105632
77024
103392
122510
93872
90300
100990
90982
82944
103798
85408
82582
91836
67014
75542
68330
82728
83186
82846
96700
112982
99572
125432
89336
79980
100934
100198
110554
109980
112346
70742
81502
98944
73918
110536
88230
101386
92066
66558
106740
125410
104074
85896
87094
81838
67856
96584
76062
91312
93556
83754
79798
117874
103734
88256
116050
101916
105730
98902
111802
88590
113380
89418
103962
89816
108146
67418
98710
91330
72144
80680
84710
111166
123764
81966
77892
87448
69394
97370
73030
71876
121770
90230
80208
106674
81156
81568
86928
77084
83170
101794
86072
85536
84760
66612
97118
75080
102386
82538
118186
95226
93372
71534
123426
69696
102114
101040
73032
