135760716
154688590
122209428
35463770
303204314
290057046
297204418
116594606
281675734
425554262
113033052
151681404
310133120
275047844
37780096
15330168
42017426
37495918
498950068
49873652
17004270
18625760
240945484
209798406
24787168
57012622
4340428
15014144
331441752
374209644
286985432
78622852
79076044
48560766
114018468
337345610
159690586
281833808
1673698
22956978
288133924
310606552
140076980
224250388
30828050
417159056
283962462
303530302
185285586
57863608
64122202
371126772
419887292
2285478
199989662
329225506
3660246
108319044
40324122
307887018
16920524
212888062
79231600
236934178
271878510
318595250
107029882
215881286
367426760
312316680
145822462
350616308
16924528
31753008
379054540
204465328
202552992
9974928
10254390
261961122
202246620
82770482
173317498
48678932
49057786
117528646
500875596
38424224
77228440
68109704
36600570
11654788
296166228
509586092
37087522
133439092
226656
52521172
127316146
50162032
313335170
42035498
139146718
147045504
19546334
47434886
290179006
154599100
55657378
38832384
312126700
110509648
217573166
377687044
138236832
57429472
36498294
174361288
335806142
141499660
182260
39674774
24026438
23553974
80768956
172589788
223744244
368266030
244150200
231200310
47586118
464312968
74398216
11174324
459561662
358093880
35017202
1391566
321959990
190200088
155665846
298118214
75404630
245551060
343433838
219032376
90506564
485770842
207076358
59088074
106246178
852100
13280250
287622620
71750488
86022174
149473968
4373498
124503998
402986996
117733850
197538508
157974494
14387554
231274152
400716488
56993840
381008156
61800960
188498908
165907252
215016914
76559594
73596068
291055582
433759672
189392504
93451200
159897114
3688460
356259820
102809304
301751378
158190532
207739844
1385142
1030938
224951136
392490160
24059522
3298682
359276444
199267130
33323788
22992768
155574906
418836302
210910670
61684630
351129186
94270838
2529812
332326112
76742342
333380662
231420662
20917166
390842088
530661366
18840468
413742182
7475032
74427446
26268328
21116340
3514574
204478388
15830642
54949138
33272120
456293234
295042566
44101860
365380484
402151696
474105722
46932576
427711758
12351392
94265424
151730534
300722266
312763846
149765886
87490104
6963756
69239320
149852360
327900
72019658
381532138
27644444
8508120
203872930
136625704
46169694
333175362
409159466
189644162
1821606
50531668
304966026
190440582
217285072
170439050
110902926
198786324
75412076
287508244
10049134
67730080
409448470
438305062
52689662
381393402
122857254
1287172
435675122
5986862
250012318
410816668
13550398
338857134
141026632
74382
305488032
360380904
159940388
235818720
104169166
200703778
230350794
204686220
79725416
82136644
353195252
107279092
13908286
214007958
360921100
126483212
238131228
18971282
303492470
61376826
321667460
102697718
436213890
105263918
18299544
276993750
256810064
243061102
401884368
429365908
83799746
279668180
3093260
117914618
410869880
91279702
124847778
93833968
91723308
77199274
173491072
464280478
119253790
132640328
54109090
428725284
554622148
57067856
211424024
31438880
77133080
297237502
459775634
34072150
76992228
114102738
35308328
134572224
318442344
489902854
133103642
217744984
91835434
353919192
132033720
74081450
39079358
51334080
34859578
172601870
379570
256909982
430684134
53303336
163171568
373322884
447429432
28544352
365640418
42888800
533212274
5895424
269349294
22445042
2251618
59284004
138001034
50832826
151642302
163886830
175069990
285362468
318163020
353317580
146457036
4062456
74802514
222100558
74606468
265140912
9099168
225189438
45578894
266955932
531017640
15354756
457524070
132007640
82882688
156170170
3336328
7985734
22307162
100679544
51368474
240226556
417056348
81569908
221560800
96864984
41904488
77132694
465791042
140929298
309314156
432311950
173675050
251575632
152602884
70308812
25197188
66433024
111067056
25943178
273443912
409104486
247039994
506473674
1775844
366826678
209468536
330683206
197157412
56651394
69573892
174098308
165380996
356159026
119228764
10174174
569228508
10136042
144042870
465391988
3608428
41570746
412986250
222135486
373902822
48747146
320330290
26356936
8799530
80581894
34005698
376495146
17695298
238830618
221689776
153668830
7842466
28086208
199091368
193304374
25520296
131973008
44284696
200072
156168348
375111202
416028128
178647764
240462336
378002240
29155698
82132222
303410440
25628912
182615190
378151064
375573452
362241110
62580074
110562184
198817236
253486136
48003048
2096794
15904996
85266378
172917416
197747722
74322978
12323682
24850802
9530076
156775972
250460626
116045256
280061388
54401230
42845998
118324720
6149068
188968646
435270038
59895548
393525468
127084912
15640440
394254540
157671112
120982622
397313064
47218956
567568522
6570318
809012
475220416
38301898
16044710
361944240
140273014
112232470
356505366
158808538
119167996
113053338
379430802
26094824
5699196
345562162
44719846
33835730
86005622
138
133551980
440544650
149731960
13877086
19494754
472348524
243625156
463772776
256281720
423424658
117885766
302417454
338456136
343724776
299966062
160619244
122596964
86719756
152733022
37493652
315560780
384283208
282058306
325899920
221355710
245868350
340416526
398958186
47271024
37528760
278608024
107323032
414358708
267825092
836726
128477076
405870512
282182640
218837018
264403614
408790728
86970052
511314822
515853384
341109430
219029262
218873618
237506654
246743168
603166
163944572
123495792
24261838
2101634
138092124
97473980
135200992
102604584
164840814
292685872
4664780
32669356
81521664
336510534
315282292
209371486
146699174
36708792
245673900
90204114
284341044
261082362
3262958
6648102
291866956
141076944
382797444
37503826
144820086
60124676
11109032
261493452
405224608
407936484
25553950
167983742
5940780
185773888
85220300
242819174
429373508
67416742
72856950
133642880
74587954
379610698
343030908
259144302
311423698
67718458
292368376
127705872
96412484
3650326
112289312
115732088
60575618
20891302
283126124
117442228
547062082
539917052
57558438
107379968
23776060
292476040
311992164
137106928
142124590
464584548
144186432
223722056
99534456
25887088
148754274
300923606
24432588
8799414
392896884
34951342
1552414
11417596
70984146
16973772
113989322
207495890
14844442
69035570
34763420
14030650
265287344
110445448
175011344
7384292
111376980
18858626
126494314
186020762
62845598
48084692
93873806
376310818
264903368
419145910
207211032
297332044
15607884
329025628
395895860
255176676
247466878
343861040
2797616
344969430
502696
364460620
272011050
288560288
154375960
494414908
135686
316106322
364512138
342853028
87024106
68590588
148771250
15320512
1687726
17884782
340137184
175823370
185678520
83986612
128110314
482991194
59548352
114397534
4395510
384702198
62435432
459297146
15955416
73536766
297447934
312128650
597890090
3394144
245933190
68373598
342813260
479147692
25215102
58772516
38894782
90625798
346572746
64594382
243439820
71878650
237747506
112585158
222225038
34323778
293583132
411848642
320354380
367832864
293772782
257300050
94136594
41982556
66049632
66152540
425038536
330678310
202673142
81048064
115128084
179103330
602336928
47660272
286186890
69060988
394627522
62609708
150002396
409796850
25167762
283782
327547576
459047358
252489790
393163808
298212474
331143186
1471896
216935336
229036400
255880466
12782960
30022974
54816236
439354776
19773374
185749988
502675954
2556134
157932
37894794
278851640
337048670
21166406
156988208
1148970
187519788
75681952
7291278
4584390
90685552
319433926
207503248
110375348
192544756
279292696
363800178
429285382
92076568
360932036
287182164
200536792
363278536
31544728
54279880
180780890
147772096
341255220
38811530
186484654
67961968
398811174
64674222
185492128
22010034
317766854
47470930
107860508
277016284
200244136
250850080
24166728
44172068
190399602
31625386
314739646
339314136
84082188
261195022
133258852
169025864
12363398
131627304
95872232
314536114
120798550
15758720
223509200
303330948
232851038
118559102
259907982
398131636
18858024
302339360
270533168
63935766
10170034
117652996
333821922
224805592
221469250
345576248
469926188
47833236
5684304
75640708
248619274
52351946
344557528
137976076
162210124
75407596
108426190
10522640
3695636
14917636
102709940
131679262
347275952
532221180
318887124
156113344
145540006
123625452
107962188
276429052
157923558
302906336
229653388
61134872
458012118
75657410
370806768
21055952
539502212
160498366
414394976
17516344
142609202
303816780
6447442
98872800
498024904
63964434
41987928
45966456
239719406
355725404
354909724
12610514
582120472
5691398
364660274
4691162
34645198
309262410
18809660
68735138
6833452
76306612
112138278
184335212
21365732
293548968
321473100
113463522
199778000
43384494
27594412
93479362
93266446
163710346
307831412
275900544
334373382
392656092
7850096
131559524
242649174
55585022
25975198
16308830
39229604
24119944
318463796
225029488
177645232
120162486
112806874
117882672
207495144
4996404
29497320
385804808
319848690
219040
99383452
172973644
26695960
3129128
219945556
142772554
29612452
36767432
457565978
214667116
187123176
81506186
356451256
328036774
114290514
254995542
335912744
97785484
22961820
131290334
34245832
127184406
630720
453719838
267524552
13751906
259063288
240996920
166574852
144654978
93366942
297417762
140767544
76682802
77325400
14109932
340563458
339469636
296964456
209684162
394166634
164978012
36201412
42914076
125979202
349190006
78008016
340628786
370458316
5958460
224777866
31321878
468794304
19039478
43716832
124099270
212533842
417149014
348053990
103053322
60252174
451112816
107666954
102734860
3911714
399795216
41636574
182150708
404927928
386802236
384338876
403385050
12436166
70799992
46798842
284002068
40365390
408519624
354013354
164392386
297419208
246150750
513568820
67422902
91142816
33347816
188247936
445231062
368067190
528214578
80239304
383208036
187541420
62052560
80715288
308261390
445825382
101380852
894302
1619318
387551868
26055078
95097582
316477624
446271916
122215144
138761840
19608346
401804042
384118072
1847334
199059232
366730258
99278164
391028
414691372
83789538
123924456
362057380
335822836
8969280
284262328
60959128
393694786
296576640
101550552
85965580
56178174
58901782
290587206
207070124
45724672
440925150
280994494
389841894
410662452
9750964
17536012
254321952
103046562
454734692
282735456
380652432
95311930
479309218
366343032
316413824
224208694
371958300
138430436
92150796
287570988
389620198
139832832
101006750
169192782
16376420
345380622
159050386
138102818
58160242
314055980
259143128
327946676
246453752
102154262
509093146
416773538
188081168
100578804
26546512
513895620
332476632
341275564
377688618
233453076
19853732
472956220
223238486
69717184
353819474
17579048
503509388
38665408
181622922
221428816
12961762
47832396
17152816
185721166
52578
471672886
247410486
102721446
365957760
56584086
293212676
290328456
211631322
181330790
178847948
106095384
348456454
495562952
274867376
221514134
335296022
377534492
103058858
244264630
2402410
234457872
337617544
171614818
51116802
608584
217391308
4318256
139301110
358577928
193279704
411494650
475765810
4220670
271840934
84051730
254611708
11411306
64331536
79502
295483346
14446500
29392072
44930936
270192150
886218
9906446
129330968
41323192
259545550
333805202
365368120
222309892
100954928
169769594
33470208
425693504
16068248
310196944
236681426
35756970
110608790
53922574
189046098
384686430
397522466
463288886
142386528
304527696
9161456
12750338
62833644
301306242
195225072
296374372
2132632
438527080
455031316
273170478
2583944
1343842
365054854
433240720
31248400
4572870
255937784
5859406
184933792
16051988
154758000
3849450
21029858
73637882
393719696
218585860
51100662
82471586
319214962
160030
77320236
51373938
13542184
154986420
362707604
206291876
380461310
224082536
360295790
285386486
147825384
225821852
463111620
820100
62250576
126486000
329055250
234114688
194431770
8285438
9182192
270781884
220084040
432915004
43805502
298271876
102078832
43322842
13051350
353494546
336775420
167953138
350776084
300277106
334324028
132123206
274037198
24590660
322028554
402520020
263072166
149529140
8508278
29248878
404338938
428619718
459481578
32023380
3905372
110474362
87236930
315605524
83134220
8890808
108577362
265137978
10728570
304461468
322833704
405239936
195043874
181647804
63695378
4171466
8504956
229551928
14587126
238542946
78070908
88683564
205382534
94527850
63428532
458026016
73149246
2864722
20568356
319721904
13495058
397428
387827530
525898526
1692558
369160618
322052004
254563706
34691518
115822268
92284248
280940728
77654584
106436620
269891650
118269666
308003156
4124872
8055484
1227960
353012802
2858522
74736880
128363288
218705782
53326832
280205262
46773100
547909798
347806968
120787046
353021840
8025362
52890354
481989014
1646550
190820458
509288754
75873606
355005214
155760258
63609270
291281366
187166868
310998784
237340910
15980430
55969776
7412110
32159008
132897358
73844008
209894794
431391994
6082340
367336210
252689290
411006010
323613594
18191414
362516488
259032036
135242258
315135824
193508152
626592
330932834
303567510
415903226
30571706
55784066
294000774
364803894
65984158
146478376
85132270
150989584
32238694
815098
366658218
54662274
123934424
187225914
34002886
227648262
112952162
367349270
74889266
322275066
436690740
235782702
15995952
94569096
45265984
175791858
173246334
27321632
71342752
590732
395079002
24262302
34692660
107949446
515194532
16004568
29858814
355901610
39415258
222606396
501644758
253108762
41115188
20257728
305859890
97166
108435310
239378592
147699740
79920214
73182746
104077440
32929666
37785288
25611992
148786338
462478696
154943742
136141216
48618536
19828560
170505716
304310516
286535146
210229948
87935528
6723104
92544674
502719554
12594
369517582
108303594
136929004
154466912
227732852
347914020
131200716
207146666
60708658
138961198
129275168
171549520
439151396
405396664
126791136
271900192
508978210
254445794
511738806
80158360
22503062
42667090
50558310
18829108
395029912
21121312
197241674
225338300
472449496
405333724
411753768
126110058
183891144
127458674
311314646
244636912
450802090
34178966
74307612
211917446
5112906
384705358
29243972
185871778
172697268
153074128
47849392
181162318
349155428
17274850
45732070
225436566
290418228
270638670
184118262
54785944
91754516
16787996
138671782
546002168
221331746
4547320
193502540
199204400
220042508
98836436
333542996
34845166
7385210
58164318
110652118
264169578
35565342
25430722
159116466
58123316
89120644
9814
169587106
86249050
22721072
161047702
392466184
241573942
261462598
224638020
183312438
480920400
506777746
280292
335363484
739314
264590398
197969950
70604342
21298368
148234334
37112750
180127154
399453796
4350578
267450820
46123826
442517632
104780678
503214456
259701288
371751280
257249928
186124176
100588936
236574802
477007262
3429014
276496764
271754
304831504
18557386
73096658
231274240
154026698
151463634
247633304
90838222
384524414
337052244
336817464
13642
108735706
153490590
94009964
81118766
53664588
48208284
76383542
207509162
88260530
8524102
88046130
116959056
46508698
28329194
47607038
392034020
2143272
378166686
100787962
407684570
21528872
396480350
25081294
247289650
19964624
105853794
340390716
4575824
122638482
118054054
21885958
135529422
31525414
15088854
342042362
408884412
72010282
139722264
236735532
8138636
233951212
191939948
127031188
2176248
139195038
157369702
95249892
502940656
38895478
105033376
47831272
304203740
32211572
276288796
340719116
344197702
9254218
3365136
7376216
108777678
341643150
106917944
68725672
236682418
345264724
100485932
105971826
367950914
158132484
215895722
6635892
10001512
380114774
15488768
5422884
257376882
298310608
65531562
96925760
216018878
369922772
588032
294156960
3630842
4156
300509578
76008498
452430154
99679940
90558138
21364970
186157846
2557290
5729950
240019050
22450096
108741650
46241980
409504580
3889318
78972068
15701716
1851858
104382390
166268598
447849264
66904232
101585038
237841292
220943626
384433006
300433284
197303444
472070308
9753990
265711060
360947512
311955878
252740506
26768760
152289072
262151768
419878234
34714428
182759990
55643808
253128666
38950648
347858688
12396738
315923300
22866010
120260482
95068188
10777780
530548116
216419742
405800108
428428152
383846120
508895972
5941382
21744632
134296908
17897630
4905698
99213102
377271300
129497984
68843708
91753158
207095054
25483078
408721632
21248190
546393110
34089008
154243146
20094390
40136976
355067066
94589180
303499710
347132972
188154
383219854
544924038
332584640
155020192
9105960
195133128
37742226
482425436
13083546
289059524
133053668
288012160
3345552
350218914
122305380
87623622
231468500
50737574
1344466
105070972
65236484
1541162
347897484
63916278
274856746
88918698
440822320
224858770
7319098
405269150
1940946
360684994
363098774
171216172
220125902
362091182
3158228
43208468
67570534
46823878
5050112
185246696
372037250
234543466
178343176
15748130
405981546
478691066
167557588
119548726
1180102
2210352
196179786
143949570
29434820
4716058
441106708
33876364
64606800
30441674
302540832
155051168
197085840
277124170
566379928
20952794
352616974
318087508
21158838
80013016
50994426
166564608
191060488
430309262
85446552
183248144
180202844
80966080
169813152
286147626
9535286
346139014
127434078
180348820
62101672
13687234
32486
118891690
273602168
33767804
238017686
53421354
61766156
138722376
166630
159733188
223352872
2896312
190326612
20759608
66185348
334081838
46995472
148289994
442583570
5978996
429047184
2189590
29558554
82337898
191573920
194106968
254838698
2467286
22384490
360803414
257147038
253163660
98830288
310946544
262693390
169983194
387302830
251664992
5715768
77335494
134347708
91934448
413540752
152709736
325284600
501147080
268734928
201459318
362913928
162141004
176091014
202190546
92541824
165210668
221904374
327819060
126707682
426092958
75236078
92985154
231781104
285374882
69832104
417012468
113011610
68191436
104062490
2881868
412471810
248079908
66400740
63082018
131868466
350343044
179871466
290656318
168694904
276562142
350720510
128640886
372079050
107351616
252215648
267645656
281548518
42872638
76294516
341984330
3455498
202074166
330007304
105209786
418028260
207509938
55296530
329612870
499703156
242213396
314559372
296679780
147423604
130931024
345467768
224678460
137142252
424078422
111810816
40653326
167069236
218940038
82424670
7377246
46979828
390989056
42549956
25719414
64562
281280834
6533420
30312550
68207358
127494228
28408920
115654804
277835778
100416472
11084410
275061582
132948284
54600792
284241608
526115232
1740472
107222608
43463736
26326164
74281046
67161550
242496132
184555456
39261806
376338696
256116548
14195316
272194054
168588230
297158166
515451908
82954978
156542320
52839782
79141368
262396220
101723184
37202880
37390826
15203200
186642330
148327042
231576574
301247158
298920484
49037942
177486204
96443774
66864790
67824112
241542140
126277962
153529712
343513618
898636
203313624
126121956
52891236
20379058
88796542
191672892
243074192
130914358
34395260
89871310
99758240
47193062
170748404
9993930
179252128
316077928
21150690
2766780
71682526
202305584
28484144
112985418
991554
39558300
209112472
385736046
338854882
211627802
425217226
389365574
489967734
463350072
182148674
246750862
236047030
214525920
1348152
131554686
200251836
562269418
92509518
187503360
124965906
416196512
89717618
20878172
211950336
347807368
150995690
245092502
259869450
16000952
103949056
3359062
103856354
3097006
83005112
70830440
42789744
319385742
64283134
139096840
120882168
646136
14313330
377985176
291737922
183148088
107024718
31519778
79638906
103834206
475166678
20550136
167074818
14092452
201176388
154383916
201339284
35636626
80669924
106933652
146096374
395416420
84698002
450967980
25508224
296971512
212651822
17098004
88381594
70229822
421568768
295564852
525508840
125474306
128164560
347782798
168418822
114753754
255951802
100383418
112899178
29966
417408062
182500344
268206432
133462824
201132552
82292
76330194
2946976
75265600
20496160
341672370
54889732
129661596
212734930
102391326
31070816
13819538
220761092
51990478
2990454
147752850
194091748
240505440
116120450
540762
33630972
10237252
572188398
19022696
167934090
366597248
355109974
11246490
44160152
18044886
60759802
165693580
115007028
292719936
255642008
311631962
152497230
33604258
332307898
153427502
156150616
284189994
222173026
96061480
372673408
436704592
304777306
86174224
269102998
191116268
271020940
342324666
318648272
277659008
1833898
152830216
49684044
109662370
373407806
69331292
290932114
289610458
277685652
4814574
42118618
374961436
24757370
260319018
36845102
260336724
205434476
78682128
19149244
57068410
27465060
267787658
168440030
79904180
20882936
146188606
444111030
70938502
429633520
102239274
39706486
221228580
56561340
579463312
324507078
26984714
64739492
12103192
16964212
394869458
23865260
57835580
287971896
11224810
298165904
185123132
205011390
115664460
70359050
275016502
39576442
364609920
15192060
192979894
135389076
144643408
259434298
217534324
952476
45305280
121341018
226928034
261565016
208925860
204695232
347773204
107274068
208789850
162802102
36207878
185511662
191061402
47957960
270315878
306572014
72153754
326804948
224511708
54773672
87792870
21975984
48397020
162395830
232487754
5077856
127160476
154687240
239781248
393056888
178495412
177289530
540147788
128952488
325625738
126194076
428710674
130074316
186153520
63601080
54357434
86500964
309250404
17209238
27843914
9137910
12887578
54947438
206048324
34351500
43164820
126349658
282574324
51300314
104713068
13273544
15771626
76242884
243544606
28827306
176734192
37314412
11365480
383987824
172823746
87278622
32782834
114572766
150374960
5030020
40292820
4505860
168130436
114298388
158178758
127968172
124933788
318383034
163699878
85045222
8877812
157866304
25550336
308423402
8374860
92372866
190843478
406772394
98496126
61583946
225204390
59514456
61572286
6123820
249938160
142206714
484059650
419570280
236399340
332001360
115848482
9537102
37669498
52254506
33842102
428344514
289545906
76218792
34899350
429510676
262676502
314507252
8821158
68906834
355583346
478690984
320269496
3859128
58733706
178337310
92371004
339379936
308882688
4504874
281673280
544365218
212462148
547666088
70366480
423506678
168707206
99607084
217566508
1811466
239218470
194545588
75722916
154110970
302088820
5390750
309092644
199695354
185296540
63389352
314456946
131345236
53717982
146362224
197487872
93600898
14008294
158056990
305991646
25519072
152913868
537203826
168028962
59581986
480443956
42655742
54633706
412642604
17785902
1093026
30138250
468221792
346550696
22860394
53310406
479317306
562883704
551178794
270170154
166102772
301022468
200249826
202292308
68743946
144349360
198567182
11098560
182642378
339022556
75826740
195864804
92386448
3512024
313274334
171375982
40226580
75278768
156566828
149107468
114448996
126992292
193491638
184370
46057442
2603724
136610892
368270330
63782970
165658992
633532
208434076
18368414
59757592
77728210
158331222
177742726
55352282
149834134
163351892
119831120
99860154
902610
197509768
49841968
89124578
314906066
72981366
352793170
140889206
10665802
282143728
78350378
205715752
74473744
169236468
209971484
65681148
299872056
148328616
347872236
33982666
3335624
20359020
31035888
249333244
96497882
471563294
295691456
172551868
387438370
262444980
8486732
313785866
83758364
83891136
48115776
103570
102989710
88398550
88125810
15750482
25125104
132609164
40850848
50573440
158778214
452260630
106003646
113340954
260134718
211813644
323091928
370756978
22869896
160228770
180233592
130131280
42400254
338510500
401449214
106962422
188308964
250844694
402414076
323741970
108105808
4119500
353047306
25729590
205430606
30354074
127019464
367654698
114693488
38232434
8096858
195631718
6263858
441346954
89213192
75296980
8846508
54577550
140647204
443806234
410738906
184322834
8421496
6656684
124197526
46705754
432009092
140491828
2000342
240386526
25675082
130583630
145101884
368178744
1046902
297636
1546604
190302100
27593140
297097668
85756024
104506244
1052178
284330908
601395058
344984272
84470106
103607610
260702704
148660176
243754820
45784880
224089550
361325136
307968138
18100196
126075276
112890362
73144
89287094
140964002
218365830
56246514
197743534
232478482
117349814
58390150
123322446
469051384
76312578
96223686
201523390
202110546
1493162
301651684
18029464
5463938
444684624
130757312
173612196
83999514
160154522
65759424
74336522
158025542
158196218
229526262
488262344
44070236
399163696
433356246
145792380
137690712
111700284
27163858
84422104
84894818
12167662
144792460
207030424
289753826
5772750
12009672
175665010
95579938
2341754
48709138
48837500
237119660
150127058
323775282
68556292
2500258
33530504
103020418
64905738
132707970
216555396
18808954
103725536
398040452
146326980
317047458
104181620
3055342
308737358
116374724
154677178
19910776
7656138
284814778
34440022
178959328
144974514
80829634
341979726
37434034
6741616
372957966
411887764
335478756
205907934
4606724
166846842
230668114
102761452
15432110
81633514
150161546
13171660
341133804
130411618
388594684
261195202
283189050
21051978
210728624
361270
24334474
174723484
335028322
506455724
88896936
322042030
107739068
280159460
305539340
57728264
275055176
145532654
76694848
482507924
178205008
35540094
203461974
447340890
12896134
149566406
76732890
426378670
365412646
11544466
472604418
39048912
211254778
248472596
336729206
90502414
165792928
282794306
81838242
182287026
113551634
44868
314386364
180084612
20535686
193780684
399918618
93551722
330013192
169858306
277662360
9632066
5334612
1338418
136231778
143039712
190587894
412765854
252884000
495674402
504368194
16314474
169815096
441528568
182872780
2980632
9063500
57487846
294567490
255883794
1151808
10394390
391111440
69789888
196822578
266286164
157963320
255242586
388287770
383592574
13012848
2372214
28556190
375412038
65500774
134347824
217861694
66702630
208566862
224141324
104080354
52938878
88797828
21565782
54312256
186868000
284503690
509308612
162727410
124324394
11529096
100183016
226005598
361228624
14680
34477386
180886988
69963244
11108690
234257958
483986174
401019094
10876718
166657792
536153344
170224216
53279370
83604904
271610704
285820760
51197172
103279164
213075544
197108668
247181836
421528288
91261104
26409052
60677000
65389314
57374
230575664
280059724
379252334
294530164
345264218
169851110
190180460
91512644
89370418
403396320
293541874
183997364
473464582
6541992
502916494
348659874
91782
214800508
336641520
328610028
317838094
287699264
64126530
111774594
240130864
98299660
5799654
90434914
78678226
70066256
21577044
94877656
5681194
342394596
484807064
353951428
194235354
45627740
218188036
246410596
335263238
230066592
83493452
28717932
134872612
56308650
58671676
40136276
325556186
264277202
137120062
116143052
234413338
119786404
314075006
12476822
38233702
394194670
835664
75020210
37885120
377726790
255684890
55628642
178559386
131207924
30096076
12390448
194810714
443501632
359222472
283324892
52308296
79070662
350536748
244390198
21144906
30075274
197215284
251825616
97290366
212684240
43574276
235562762
149996596
386033334
14878302
26116516
464650022
351930410
14562928
39785874
317204320
281251448
40934080
245258984
56332500
141885542
28368
8836458
37831582
109429754
230066824
44180104
126074076
131262502
20265580
103296244
27063934
23755780
186900310
172170576
141317906
211810760
126572530
197324222
101140278
6438240
64238508
130014296
79016042
5440484
327394
43118870
33599760
31241176
266666616
76802
210883134
80872440
643812
287587444
290776446
13648444
436089054
255444410
8449266
128177504
265472150
14428046
194584602
281217588
352014080
98441902
88126962
153278606
293920052
386576734
95764090
281525378
216591396
367876198
225905738
128618384
68389150
246372912
16148362
209261554
6776654
310907090
213426618
347489260
296275016
106494182
244758826
42840194
8312684
286578328
69936
261823126
325998512
2023674
50445116
42992816
323344406
47311804
89874512
394781342
346009732
68484650
24107104
210154034
39643994
39465806
219571728
15527386
59889470
48014116
343940850
113008098
107027996
191299088
116251852
255459384
73407958
12050162
13867468
158907404
219818212
254102980
315832118
396083130
560659090
12070946
55671358
309262616
107629114
45204930
160347880
174572982
178619830
143096078
39870908
460549988
336207496
227128942
27233610
4341906
21410626
306559084
292479282
53444350
96492864
22702786
186297920
197041734
172807962
345297310
222014700
254017646
134545558
23033892
49192718
340931058
24241638
91306052
296428746
393325862
326642454
35793796
315819594
176268374
271100686
139485424
426498390
239506318
82002992
190056512
23771852
216851984
118926780
399328
44821522
62585586
399466456
232001028
367683588
298457068
353470524
335236842
29275932
97132252
405408124
292011826
58503576
310327504
162782188
348069408
152682342
222245322
242612578
236541702
20896736
241696424
232834758
361800232
58924946
401435698
35245544
251261588
92534030
372217108
97793102
181556128
374355034
406102116
331233964
53956620
259132212
239711164
386654588
470566676
147155434
7600052
21583806
27523608
39525214
351231400
90575300
10112856
385863814
355117320
32616132
46933144
377577708
27123788
237484796
514814612
274402996
123334198
3401944
254606848
217695332
298954150
229331856
21438852
194651482
432916546
304886902
101784318
17215984
85077976
302878020
15908148
181737684
325300794
37623534
187087080
284421512
7349102
286532322
437879868
41462486
67912386
255210810
259360838
23821452
61446032
101328952
14396044
148100758
162298518
269291518
291357542
561140356
254950808
212050518
51757290
140754860
104239430
41190854
145712058
354847152
345478674
219075682
149764576
3927020
536393592
369272400
96217250
99674134
123171270
380038246
76094942
2303290
55067860
400544404
185751432
398989188
187677512
87707330
127039312
20923764
139999452
294737106
384289036
166756560
140394884
54166602
64537214
430151344
2163366
15491012
386427678
3075294
290916286
29853016
510234758
8234988
235011888
368682528
388099658
88239230
100013302
240556172
6479726
300195112
430199176
7033800
265519790
8013714
346399952
178176948
23000236
176149056
376638934
23538594
363294948
123929498
12585184
24765108
104748564
25118568
235325184
82382960
327775498
71434228
320083730
421766128
164742628
13312560
2232958
628782082
14058278
70247726
166860336
776628
8149926
329061820
55043968
68380004
320093008
179427448
261490212
268009130
7862348
341528558
242706460
88769740
358202856
432021940
3345482
49454660
303563652
105885150
250879518
129546672
7430782
235954858
42817800
326078154
88111170
86041132
21823904
190719048
474978002
10907658
2181842
10228272
351832082
428907792
7790266
372485460
251347540
211234310
30497828
165051604
132043698
40426914
213509254
291877446
17586316
350133940
491954178
48359776
86219884
481596226
22910138
402756180
146765206
84989892
67152276
13014380
103402124
201781074
369432888
173470028
5300862
50087224
165885892
352317526
43770316
92949322
223777780
265829784
288187220
344610672
26431258
282543332
92374948
21813974
2707402
130347848
20162476
79634
165891658
38306962
51934534
88211450
141932874
241738960
265763462
187744670
32387174
45580324
365095488
352944290
345285680
60471662
5501474
126031310
112441208
34908242
179083632
41412418
987134
317219976
182943414
175075090
160779046
130599668
338972892
38258444
309088236
137167230
300773908
145454268
18137960
134456932
5220
10516296
281240768
202495350
497731326
305052370
218880332
208840158
153408048
311366926
1228510
52430
71965816
225220376
54505314
20101670
5542056
63859568
248536754
458430354
29010856
16081398
104585238
55432194
261541880
49634556
324413998
379371340
315830406
332354698
6659490
298542198
13417380
184954036
7758198
39819094
136188078
402447908
339547808
370696286
542508
2916556
309822924
105669350
15241782
348296306
446019830
215295516
3131264
3319408
49676856
391839004
382780540
397057712
334150704
200172142
162718046
2136838
16440506
143872334
487108118
479009516
139257850
45300652
238460742
8079602
114428126
339145050
64175556
128836186
99676
41852740
215990110
62087008
4066624
251902414
405021440
219422066
329004830
417833686
139595370
14859812
242734442
405530526
133280766
51718910
39502032
129787124
28243492
114254804
349575900
127399174
176666748
416841090
502175692
259521244
5806106
454544848
330167292
3363130
6041300
405175828
516986080
218279176
304479138
230624556
239098512
25047110
194966712
473267442
430179098
520468446
188339848
197442918
23406850
157887514
97449798
159484146
21440604
299262772
139499934
250794868
475745308
59495332
168088400
164949054
17321806
181026458
348502010
15725456
3395458
54355330
30156934
6373462
3114286
250017510
135944472
42589768
46765820
162499746
140809410
69197466
284358478
124235486
257481718
58025262
401159176
506978
14655412
365054594
108752948
374738766
69541386
28960214
464204434
286285120
44949768
16927902
26236446
52862872
52848834
47722342
238809488
159441692
499939732
74857210
123948252
274310766
267664398
67477722
122175488
198609406
343621896
3567408
53609760
351675706
1836270
197626394
4195816
133032784
12380548
227982208
157578678
299629174
75921460
88763334
389100594
115794198
79114008
82653076
41180062
42371316
76346092
127764306
187728388
22522482
180069988
105564892
14510860
29650702
417343642
249179636
18640
413115704
48918
97295098
247450432
215027014
362406620
261815752
264060902
2419384
56731886
1573010
40683052
355803508
20202972
218657816
158964458
55713176
346268962
12358208
80759742
126260326
187719578
118081668
312193172
74124596
50235066
480267714
129994520
87105530
270256756
259888628
22162054
33152738
329400
13528548
40813994
100994762
178121918
60837312
30238508
139066298
341550286
66424112
144863776
17151634
133095610
137981840
125643974
144298424
62366536
172821620
76268938
140683266
21230670
24014640
472420592
78173608
573867314
392022076
157318088
71283298
302101306
173825618
176920790
94355206
108351274
29264810
470496196
902418
34196170
278620946
263526818
6563264
44676570
166113190
466
413494218
174225900
8194360
401876034
17751610
109737850
147734996
29393278
16314842
169655094
47149122
373171264
173040924
5482184
407588474
118190542
62473962
27807500
234168908
1244660
144073994
486444116
136129684
124760408
348631794
207449522
433602846
265617440
370596268
29874990
486010684
5054244
355435710
454067730
95110536
117207470
49411658
229051386
257136788
467121388
32587026
2403146
91039836
545151674
75592574
524181302
115699114
107685966
50150822
219322192
458902342
365068098
486748846
257065004
304220678
53209594
223268488
117756348
80833146
7937854
167316200
310755242
21186898
494840632
157410638
223474982
246530372
101796480
280403762
8209274
99174690
33656706
62447322
184494634
134696270
301656548
232590652
106883632
27877314
10166748
210601546
349830804
78588252
424033692
169760378
77740376
101477690
80672050
375846120
162931934
21124394
33474226
109963360
2265282
1339480
151418538
215100412
276262634
205061326
175656408
130331220
6581662
386349188
13722136
499462274
68195362
357420860
424732216
6202750
380822614
336331596
401745890
193140620
152203948
245792506
358494244
187747444
8869300
99761186
499358882
380368486
5507378
40303400
161693450
104176836
938344
40295730
4134772
88693002
194801060
78435642
171767658
104662206
7257862
29521606
98874220
123976246
20461038
204245722
292221896
148906104
68046186
186374112
140530308
543342470
537716634
12152258
55184042
1082066
12057776
191077470
379542970
30436392
36057044
148603614
119830026
9363418
11850640
468479234
90792714
428683830
16062648
220032264
97459196
311505714
427707488
3029780
34184480
152880406
27294386
52293502
195995556
289702518
188820662
31901286
248656336
411385942
90194626
275796652
175982738
21032158
241831168
35526488
150385698
17562448
192543090
116151812
111896848
65762854
87683548
7822616
19097528
212021904
769794
29582388
446209586
230549366
168125528
458650598
326720318
158420912
68745182
308198000
191165054
436684408
30128620
57707782
266063004
16965314
129084966
36305054
213032988
1235422
40409332
58783516
423477104
180060934
1886080
129522404
160594954
58480962
311453312
16373410
359981576
310372918
150880944
1669676
39591940
200058036
296002244
388755752
310358024
206031706
28003264
163649216
505991186
383640048
40635090
255483228
222485650
821250
168852524
143344338
137545078
239813876
8741856
283602358
138049394
335510598
149740916
467400292
114412280
128461422
1160338
30142528
121300870
1939838
219762454
147384270
110565538
14666900
953594
130406088
300699242
337914620
18378638
404081194
52358176
99668052
496727176
14388906
398628002
233933628
33829020
72857250
122495304
928642
104936638
282084820
361454668
303851222
127680848
196418524
168908702
35276172
274594608
329694844
34228694
20783864
35835982
72995852
240850500
135006432
137394008
374954242
520038610
191774178
279552554
65787000
9084736
92958746
42920272
234736804
230537416
196519450
213559882
112427690
93461244
414852330
105716914
50553908
85333056
49697254
339742422
293851454
295652324
185748974
278179874
185097482
197846412
920070
253848160
68253412
44230726
157642516
264522030
160093850
25229454
376016788
284712230
446611622
199971226
14727416
1097454
1111726
121287694
264008118
181143388
56473388
240978078
118656144
201061386
26818640
5749090
409581470
213088100
283889032
84765788
168363222
176789922
74749902
149063440
54716154
1397268
439436734
16116648
65819318
204207364
297957938
17039476
335725776
151602902
323031432
422400202
63567908
390655046
36356726
2025664
14624364
587712306
250484340
267085006
85489178
354779090
79433312
349043988
173775790
111736398
333934
72986548
489931914
176770924
187854
13274
231169178
430818502
104672430
151340236
41881214
18489374
36404254
253581082
30738
355344384
6558280
233590442
20692526
133229372
255803818
29831420
177702036
9200436
9915022
392517062
190842986
312707290
16076690
395238964
79262542
77537490
568053660
55368
316909286
101671100
48228178
82670718
1741628
41073394
145132546
334440970
12063646
41981520
353324326
339142986
364196772
37763164
7948338
321025844
109222448
245494722
20837608
195251488
492930976
155954060
309221292
265557294
7736012
229858616
237420696
102
140578854
83098206
50712456
130840818
328751604
61276378
389695004
10940276
194143588
40414068
114764146
44377970
172176864
317624780
70560780
102994132
266703780
126678252
4034382
347177422
197142372
11560934
138759458
20151688
110059372
65931614
26875880
195734864
6350520
349043644
20022986
304949278
145943814
7949198
3078706
8127538
137956660
73555442
490537772
20345708
19058710
87547266
227092546
313453534
128705110
219529782
93941902
5740466
120942976
586872922
20442858
130369372
18944680
202517034
115659076
187449916
219694954
134127924
28241358
31311732
333312690
99284402
228874856
34968728
2730582
195797630
324689616
108918338
111716830
9889548
307403372
98343674
189053766
301796676
73183272
32856942
373492812
297110702
210516426
120242414
273998222
425867758
46339600
185661604
133010078
63001618
21741650
106465612
8074720
9737184
82123916
311711994
60662124
99487164
146170380
200156182
338089114
166095834
420591974
72962138
24761740
316509458
356125842
278764444
320117642
428492774
22885676
448476004
249099620
81248132
143173978
60034460
124210472
28057254
481089680
144078390
277891190
53588662
201337690
167213988
47963398
193647530
398406626
64186710
292460904
100516856
111058784
40434626
72927020
119174388
148336218
510371784
38946920
215100126
288550600
2054932
136997790
205410
394175724
246322454
17127702
628006
158079902
72872238
7841830
326802478
311534272
14746376
229308144
23049852
170675632
232819372
265485570
486400216
353911090
102595208
93836644
11606888
32564960
88486464
454333922
76107698
11613798
343368160
277223002
262116086
45776980
332290382
136414998
337167350
214442936
493982660
16171328
235094274
459092558
314166776
8055660
34054450
38163186
96429648
189744736
35098
33088372
35845998
307611272
345164876
135833030
86665154
158487700
271346122
91020706
362073462
324014612
318246962
33135288
13389370
203754590
150465366
133087856
432359976
202417008
347726454
108049192
165786914
51331868
117461204
392365678
6079816
6710642
374670950
141487874
478689598
294715378
94456208
168647124
273276488
132405916
156412184
315252512
10727998
361741964
161218024
74876332
24315470
179155664
130721662
147489758
21329780
88385908
95929760
337663900
14642124
58123394
13358626
207149842
91094136
153703252
28545378
60033640
47251756
249586784
85600306
106384846
111755120
14443486
36365048
272549146
180376460
236748202
29002262
320245194
84707474
40718464
8527290
124943458
3754460
119711970
337331958
158466736
47499834
174960234
460339888
21400252
161429940
276833244
476917626
382069478
156402590
37981916
82664508
93310904
347782180
280015212
177809892
160944892
181848150
9880460
463070288
99185706
83591952
390936354
6580806
331030968
203262922
159502072
7693340
32479452
81783038
224378380
90999936
519156562
222418280
122767422
14169258
4230054
7558448
70623656
113141552
492180564
106499914
86004002
257018284
108763852
38659374
341617810
202486888
221128606
456285728
351149202
643146
164272354
6565420
2486826
4085730
89245030
1284738
365519892
111431826
32694522
7143332
90531394
512204854
824848
41942124
302880266
32496590
211237472
108058260
144858144
41344624
296610588
69936578
318010034
412484134
125667560
350602174
42602174
74283940
103093736
181604042
446894
99671236
218865850
368422868
132483826
238655736
149279312
171329734
252474620
38855396
253504634
525618066
411373128
217721098
130117040
456019598
32433220
323604094
443709552
61951776
288336920
60927962
300779044
9056402
278647900
112466050
201769978
58750730
81789598
27725130
267732538
337542184
362220076
394486176
34019658
545623242
60382158
83021514
527511394
11907018
116730598
178184564
20721118
370308406
168649162
200361284
156237286
27298822
404697028
20405048
372249742
361813674
245194310
97678380
143864612
316712124
220360938
21961538
960274
230906260
59307118
194493614
500939322
193074598
68427172
193297536
259272226
358457078
183467514
150502988
461308608
399730134
138428038
197512838
13975648
260377324
1104950
86003800
377543466
239026650
156808702
209283228
362259770
294366354
1236172
193655504
65561082
18245810
179005966
464585452
318778168
190845854
267846726
115426596
237612716
360178
22984264
223968
3541072
299591728
320232920
5004178
143289892
223483536
464410356
294640918
193374202
349281846
417005778
103307032
36737844
257778050
6141250
21814604
18843210
191159358
243391022
235410862
14376966
322046122
84596738
174996
240914928
417634060
171060080
262319812
240958632
51396818
10248462
353017830
120874564
329923560
38574174
317731132
465504842
286512434
139522188
214573058
162657930
77958316
499887546
387645472
227272
212338592
121967378
157000920
365782072
111934784
16205578
93692748
10545432
251348294
354801756
353343728
419858724
2197382
44076300
20221578
495766836
50250850
216104416
350718120
225666312
245741304
72303048
109712254
430957042
477232624
116276740
93719048
15441278
102122054
360043150
5809418
375474590
461492114
43748544
63142370
21349790
109626236
329973106
84057556
213746802
336569346
195640420
151755036
238606656
32027446
383816840
73999458
146393088
326786
81844680
183460686
489388646
71798698
177543252
107784426
28274058
479979688
32343186
15172292
131231224
376110354
237831380
94625024
206550582
273833356
266464890
204498786
486307850
383142444
84087566
162478958
12752290
2344326
104262898
17023226
92838500
245457030
15232734
110156300
374039118
144930532
271286440
12308324
5442878
47649728
342247582
45688344
272826750
1765936
90209060
58659128
315423578
247378084
47268948
51644130
73967850
303573844
88918130
2567132
69847976
3171292
460813638
65480866
30624018
22627726
138175010
8739328
172205836
233636256
134658776
233317930
361676724
49981872
34404494
94198662
112117374
156213162
8770434
284080430
68606430
363635634
115853048
236514236
175134752
158471964
329561956
31845970
357526252
346610876
131840
116547356
260029048
84871056
338260412
352541814
42279000
55121366
130602222
344026370
85913566
40111292
428483916
357000342
223060718
81187216
280748828
49933478
207015592
7318880
230921864
227658892
41046070
123678980
35942708
332206688
145240868
123672456
194726628
433598390
102857878
171578634
133094758
45514512
69266684
507704282
131684494
451230476
6899800
181078608
79353066
493863896
36641280
366367220
37013860
10899468
134452154
37115614
57823662
283943894
416637390
295754868
225685334
172944864
497707294
22239680
205627076
75197772
39815518
83002224
308125528
155130634
2683056
305100832
57345326
262088
203901510
543596
165781314
133004314
128101124
17351866
130291450
4568100
73269934
104723644
252282892
274560330
67744342
5723438
126627602
179691734
446710220
39095488
100045790
238232664
292058380
241742074
234311104
306015390
96202368
127394786
56535706
100270518
78895686
121463920
7320972
3989430
61131202
308348830
31297008
155038500
154947996
74956634
216192
68408940
117400708
134491026
29643304
55921796
228042052
79079488
321690132
27740662
260811856
105042904
198104542
240790906
294790678
487106442
21046950
235365662
55963816
305159266
162999964
52395686
285532686
2318002
23269100
26898096
44234754
320385338
167173138
164007766
118854994
29542480
223886712
314129352
353094032
81252966
59543830
26232420
98333782
160017462
263598484
41740018
178419678
27986362
332756064
189031390
42081718
563042692
9309170
116415866
96231654
240626244
338387588
300162264
410268998
49051080
85786840
340514186
59024824
35751742
62106934
483630092
340423658
406715698
159057492
2952714
121333936
173418812
92546326
336052290
36418228
141754002
245779914
141678876
63959598
146689180
59198732
200337106
147770068
7289178
2631792
205964222
58944034
16591108
69282220
158844052
112043712
83968254
34883636
123542010
245316570
178314576
12356080
25085088
180247174
358291416
18353624
112633488
454916868
57540838
183013016
23052610
82232470
50160926
264927232
269114146
138988706
424190056
13459254
280779160
88926354
327470716
69038836
75328348
306866588
426225540
87848992
236435290
2881800
25721408
334464294
84179766
98401928
168781636
275938298
48717702
366097396
876164
7649202
1641458
85111302
395115928
142005340
14259762
274397762
247370634
71637192
578760414
290458288
248791988
226492040
204969918
330373986
341801476
250934346
214826406
366651756
16021534
119643538
418506038
46453030
365197110
314555182
135139666
263315020
3545558
4202490
248958716
115401634
58195058
162918276
286340384
41889750
137050302
301387540
203457088
222256412
4228762
3102690
1990264
285932362
306780590
318535828
106332758
84351544
160143964
160069428
279312240
109503398
106353996
311203896
218594390
155847104
71726622
493062556
190418234
106146574
76078746
332028956
97796940
6362896
10817164
341757616
71952952
346346068
83381686
3356640
31237794
498131010
41876330
24527102
307165380
93742790
19793646
189687746
355423502
361089690
99645848
327349724
481164
116460734
52540040
213179404
222549900
5126006
286422158
339310016
307435964
469062684
124415694
329913428
741010
23432772
34189606
5362358
11941004
167695124
13993764
70527562
399868528
159141264
250825430
378926440
119055448
101559518
351633404
958976
22946352
501386120
10739078
154468288
264998614
60776674
194050630
119688972
486924202
829786
19437726
70376138
243976720
342726914
53429298
14497642
258162198
98906056
221325260
127241668
227330658
468786560
13831112
58600494
1465478
325836596
131939780
130731744
326399562
45959136
30163528
904
16936376
100776042
16374320
129880366
62993076
258826302
433515222
53295506
256083972
124662056
7477362
111843652
257611772
27223810
81916854
3030904
39540330
25226990
87100654
292944736
26078166
2826916
246369772
256573126
83867262
191297964
16824710
239793644
140108882
365447866
31883492
140927194
21318246
401885532
454113640
36552092
79066856
361225120
24276312
276301010
508372142
448213464
383070458
345970766
107565702
4808072
48655220
89585398
92943492
106213962
99982748
40069520
2589006
100970650
4186724
212888078
56968178
423969084
86205362
180800592
36280356
95746930
358588760
957150
506662118
18386206
31618898
141774576
360716616
39121870
15081394
42853174
339128682
106928318
2353780
2028752
167926566
172142194
244842950
417916720
240740416
1594630
73205858
314142378
160932520
9995446
70891650
88260766
212605546
109896064
234513816
85805976
518530150
352847860
306351660
357502762
332807622
30029886
75700236
3230912
27093446
12810276
446084990
23089420
65254078
294777182
79647584
154935720
11934604
162515726
146845686
30361658
45573224
119449036
190356040
455134150
256298036
1014998
31603546
106821278
97664152
173053620
394560448
1677316
32116646
210351770
1096186
48032512
367679976
507122
1286642
7113176
324388342
118390192
129550094
191025068
329557422
79953086
217372496
498054158
573453896
18892382
405534832
314732132
90194882
15724304
23010742
155161852
294486736
530686948
22963056
19827224
3832366
28895306
63824234
220432142
199208472
25403818
243244124
179313536
312864342
84457958
52034214
26210102
1089610
199378900
590758390
188670780
374771420
57896744
484079918
3134734
130586960
76919238
25132878
430239166
216751124
3450244
321046810
1182078
445239532
77366542
397145604
55629568
389805372
372352978
345429170
246110526
245027242
347686050
9662712
123600480
71525286
582286
342040570
265452688
78654358
196088180
17505554
20422012
187085016
41401720
134178204
48187490
176710034
224149036
31212572
475962232
505568968
16552974
137498686
42371882
12920704
198468712
191310046
73241202
254007092
365311374
133017750
48288774
160186830
40320724
425450824
159107596
189582828
344448248
11120580
167032792
404918380
91447052
237272780
230413772
52762976
481462488
237739562
47899282
372101046
81160250
14030746
221435370
109008850
120394906
17856662
95287888
144574910
224825218
164081016
165354410
142660824
307679928
180701358
387476876
123390858
422283078
316989320
3603418
360474
31201826
124224230
408567624
301231704
221101212
127654124
218984764
362544988
67339080
6725632
409695714
56670554
78346184
101305078
317180654
498316880
1442542
222971664
2637114
2450492
5038420
302917536
87219148
163330838
252825424
5534834
327291184
118689870
276857444
67202928
171627852
221563184
136306604
206763626
377592024
137759878
255128964
9114902
261460120
37283060
15331764
416653098
298090556
133972822
321387218
286164324
13621812
355854188
130704040
374843684
162981274
254418574
72784648
16253006
173137870
234414368
362953628
77016
274040760
37149554
195418476
49400872
328930022
360012538
113016672
17213794
213335880
105681148
15760092
151198538
8809286
81265044
72004300
23713856
310615104
136466952
269689452
90174334
60396504
196747896
196099732
158655358
428489668
167386348
254075032
184595992
38540392
359630514
191567814
274855774
76321188
248731392
61735330
11540952
1605242
8097864
149709134
270666404
531685870
301661012
222487986
552212076
251209920
45374592
350439326
267662084
165684556
335673436
11673508
97975264
417426228
16264600
174163634
270582132
152012420
30976228
15085602
57147892
311266328
52579352
100295220
145625162
136437634
213965188
23380656
86777586
22241932
249212386
73903060
398536462
308100746
244725116
366556680
292847626
203552580
249037818
148702350
3105824
157087536
163133440
213714048
7799060
191424684
27740
278598066
315101946
247927012
157748992
218910714
232348
315175994
178628248
1006656
390911038
10414864
69807450
273486320
190664622
290455976
238501596
84021714
11907008
190000522
263057686
432697612
442949878
215148692
330317056
275489872
92307170
11282738
63562946
228027376
28088114
32255118
107701298
7614660
191225192
55803282
566008620
425608384
160406822
108426
336828166
222229636
95088760
737964
38167332
140068060
255555952
131622506
521452938
50012380
201161270
56455410
252349178
211956350
266959068
366615430
112590526
119332384
423647270
17202068
36372460
14124082
172330388
162557656
234355182
64696410
4034150
4468036
2002938
289803768
79978500
537551906
3703310
270859830
33242514
34150288
91199858
111074082
85258554
330984348
363414138
22035624
18867552
207050378
96596260
304911134
1105636
56228994
169143358
512554870
339328560
33450696
138088716
100534590
149877054
34715458
80654824
268332708
141104806
333276274
149205000
204846510
110676546
287048372
20204602
2167878
214400500
60731906
454354020
361378918
115076120
135783954
120797276
170041298
127669070
427393872
440483854
40496896
342509188
218948504
376492136
1247148
108506974
158045758
28463522
42332214
101343070
399811482
281891564
176842058
228176448
91279646
29289154
6831382
256254696
154445648
515326
124513580
157618580
279693860
46850072
166258590
155501494
101956276
50427200
85374522
90330486
173769714
164903816
323707588
42699010
406420942
587626344
70506156
42287420
165195490
203548086
409776466
150557980
67746648
236304624
70589934
26051972
374033316
157023470
493305934
49037408
8372042
219342830
237846026
387650756
108102428
140931196
166521144
284359032
253123100
258001228
172926422
263919152
384420470
38392332
317543440
38412972
142122774
298235082
264240328
353366452
40941380
12923320
29471524
471724206
10332568
113163810
58916902
436039250
67014206
212119608
116333900
10331796
69630246
61095290
103443804
291050216
53590946
461854386
20022060
325370924
8923238
184740858
1169332
234691446
523312
46323612
201672248
225256450
307312420
341943130
337758714
5751036
221694496
314346816
333243316
376955792
75592366
116121296
292684346
278137564
106769078
92334520
259101096
87514456
18439482
164096534
326217248
194667256
59632592
89372522
3377540
393904420
127371700
46932404
44787198
198424538
3389386
22414622
20736820
30650510
519392
471010260
253307656
272333168
382947870
224861902
80123276
471113376
224751250
301402044
10297606
413099070
252836488
47552370
45057958
5076010
291502034
435159068
156261480
147575270
103480666
31855974
58286
286397316
102908296
55721390
368633008
20992852
51161548
134764884
298721498
51492922
22752242
24992660
326862202
365709418
298501764
9315210
30623484
115705900
59791098
88754638
363035922
98383836
235120608
285107820
2549620
29048382
27546060
489887582
281909930
235427490
74454152
3457910
147541912
243000988
64260550
56866640
303745432
420240316
334884268
2328114
74120440
442193670
103886266
239086646
73705136
64142718
846590
175446328
298426880
33072326
2210154
391990628
89578600
96517122
356405306
299894908
308067448
23990152
31941728
129896062
70126770
116869904
8453032
98080272
119412638
17805044
295555020
187206176
423453222
373115670
97226054
372507586
80255338
165706988
18775396
481843120
34206868
8159962
281638846
48619978
193066578
14589134
122475810
6631746
190386958
199237538
102232970
364614970
282121310
27309162
329024660
338262372
4369664
182940282
82672712
150596238
114074
20202902
22665432
141938548
387838506
69467870
255009888
57663450
25750752
107385914
199137710
90779662
124615606
191361442
347745622
259970524
107575552
51916574
105479704
91631024
419495710
158561458
376825952
60902124
190518516
327569828
47784780
34970532
95590884
363704742
45253166
29534292
201861618
215742666
152866742
224782970
324994086
39935418
359164778
39489936
560839938
271305190
351790922
273898
167873096
370264272
133160494
301337886
34005952
209530
168235320
17483986
285821720
382586848
50687134
288614566
330583900
57088710
196167394
152776816
119885692
401530342
277359848
155072528
230435640
71791504
210686474
431029216
135780358
409690118
359487276
107734
117546614
147592394
93750370
342089226
12891952
343931704
64857668
346842
204387488
32600162
12174278
459769104
174677340
116913768
93937726
219334132
45912734
472725278
313081866
285088400
287841710
48143608
201096292
103654616
13603630
23570374
258165538
531026444
86961850
383374198
121756642
96384894
179183182
250947776
123286734
32696974
50488948
365320722
80099750
234699792
17615306
63080366
287115606
7472964
151565864
462920426
182881748
475003906
34690630
43070220
118979136
49865786
491582790
448663066
361415516
26288672
27107996
130271324
9937068
360717612
186095548
4930346
508600744
69304358
141086720
13634360
296483496
254272776
480040632
3694410
23526812
244004440
330034268
333213760
97952544
215767268
366303168
410130150
241797206
106942880
102700678
173852266
317098910
37376084
45178768
11038104
30317080
138967218
76503034
289276342
414633716
301864030
348158218
55933412
40241158
2920184
49181886
29856912
163895270
1236204
72512724
18914602
426221984
19804842
162021354
68459778
53112094
5147892
311734700
156973350
183577412
4688872
388334696
252159866
44937134
4960866
13870462
93337364
5934
243932590
405425216
22351568
96184534
230802472
9323584
141554040
490038602
106511368
18649758
86212480
49666726
105383094
90580300
134833574
142595062
163185630
189550240
11364444
612952
1854764
14839010
540038722
23178882
220913272
260107438
214346056
491108254
13210928
4203518
195327406
362868568
146548522
192982256
30665722
125109350
117927404
206911580
168677276
82469674
43260264
59318392
63075676
5344040
351152548
79842588
285236304
422367420
35795086
3216406
61948312
19606436
221240
111894448
307711800
43320428
347118360
15203790
74223140
838418
259005170
28204990
209597840
24132070
31142168
526785960
453638450
179778014
209533336
1123500
76767786
156675816
345906026
1265018
139617832
32325314
116886880
10231710
45745652
319778104
270481624
392656706
378409822
73966608
77961390
159149996
95361230
330576436
198263968
279187022
275366662
32787536
379440966
177034304
183915780
118023648
11132516
55708104
106120484
277225102
275883710
179443180
6419958
29662204
28036360
24814882
564880
81080876
169693162
16974904
9102366
39104144
145828588
102948790
187769324
47099644
203610610
313226572
199998422
13673042
187211570
11154788
10736172
71789002
109637236
127356470
26022056
420763914
50704980
990132
469206216
211258866
217673586
89033330
397552944
252380030
385931524
4049192
26924290
488129974
22004246
307725120
245329370
230492066
446900050
55938836
137101972
10562276
220687072
63528308
333595810
303378546
166517928
188624882
248474632
97509896
52969952
273361258
191691576
420047758
24469750
1045888
27157270
75772542
180251436
218567254
260105192
123354882
389887388
97082
234933564
419062712
180741868
206133718
493655168
47141176
22724656
233278808
258637016
39412514
331826488
32470572
170048408
134131620
418721038
154380984
334306244
311160424
19313582
3887334
73566728
54151198
159269538
176772302
112460060
81662444
39675954
39480524
55825140
488157070
190522300
44766058
164992836
131357032
250642658
69705310
34611588
68464828
10689706
34805414
509525928
459911376
334615126
11246694
59747166
125932970
256129878
412104430
294356560
109471548
37380052
97941002
181908280
38494702
64597568
331776748
195824756
115218536
2319780
190912938
226939028
42455060
70996244
123684052
379928686
723422
241405892
244475250
12609520
64941940
219395746
2750750
270141700
28794508
112634100
371523012
490949448
405540180
124589368
4345534
6421614
217081428
81182
2408556
446653558
76624128
19074736
510297608
2166038
37341916
170597536
396771422
207705310
446548398
470014806
234136090
302941958
458312286
413951028
242497914
163617638
63309576
252599230
268601206
15053558
9670132
359952872
36972682
142183590
314048340
102551312
6858726
498561506
533702894
113758974
11319416
297194722
182601870
425834744
18631478
292535940
34512178
264028216
27657156
238819346
195259714
321545854
1849908
41725544
306063886
244219382
15794374
222130778
3800914
115081554
359222590
272080
109216226
75612072
57678786
77112420
309364310
26484074
18045828
271118782
33388186
54087950
91326324
91124740
44445758
15135048
570571138
50211790
143073136
76884924
38998894
22674458
47474
9045564
76511068
112072950
342339562
302790354
2714356
174338670
66561234
5182904
73976172
104096108
164248930
19745066
24276400
185998952
239465224
464859054
214391434
42662384
194930048
95998484
134231530
8181878
30008682
15653850
284611136
352468970
240547594
93240074
194187440
206230510
116909856
15345206
1452926
113980828
408445992
434666386
382051958
143916724
3136562
331338760
47685762
305600610
941402
122718954
96439576
62306100
758
83375150
174607044
70757636
179263864
421788660
26658208
56875418
299113522
470000956
285910350
241841022
454795538
10727658
401501186
222723394
988048
318591060
923672
134778290
33385112
346513522
19945926
113362268
341863686
383821990
285385038
274837826
76586718
347813190
249782030
187411714
3817418
465368148
86502492
480637208
477713170
111866460
11125500
205522088
490003864
287092304
31142522
11567116
145363638
418978158
234600254
27308184
8457364
94374064
489710440
207305926
330588036
344721438
424295482
317546416
181904528
171087438
38032
9301152
135215808
23936192
395573154
106777124
281230838
307604488
197348318
225461530
320569240
10289000
122665464
426160982
34290732
228175492
24148890
375637900
3851996
193272308
6958020
344904478
33363698
72204610
1094532
167873726
359742150
285743656
124389694
428918342
106027044
16744848
63876778
5953136
107549494
79679264
347577994
485998842
161412820
122086184
85448356
3362756
452727086
73254920
96585154
3568470
87327868
445335690
52123938
302001336
25588740
424073520
12934930
374358
227211710
42365898
111646212
190938724
27921154
183036778
90815720
55869074
35760744
67392004
1334624
40074858
345223944
315977732
2016864
165375758
253956354
519864920
37592134
338145542
193795600
191137412
210059208
235605706
48382498
45927358
128230456
44196350
195369988
312175812
465025858
124661292
684066
82562864
44147738
97131800
297924872
312643830
155895608
316108870
117024816
30784886
455015794
141880350
336941678
241241516
32341242
54941766
130026244
200644388
367447748
275015296
70158654
293064370
213923700
326865602
17654440
330628906
83185646
70455736
361675248
123531118
274836074
4188776
205351648
210658988
195111826
37467300
144774360
98774384
456088558
62030400
8913022
297883474
42265804
261754258
100197610
113582578
8496826
203379206
291678406
243062836
326863552
199792796
32447736
76572826
5531640
68636578
41742284
182490514
55748092
74385108
2030678
358825670
20260000
201883680
40289728
18443302
423373408
433397718
350687800
51572928
368307054
210057286
106690010
70806260
72016440
331701780
24949628
1629534
209749004
150711614
298448244
141211810
115597696
287781272
116568576
124835542
238902544
353782244
279219164
78386080
85581974
339896890
74389188
292449498
127485864
370849584
4002488
20840480
357745784
2584118
17099968
353559138
64578316
32954188
8119666
5402488
273165130
141551698
11330830
220172164
8565032
154452540
175479726
217052492
44208612
64759326
399482650
288078434
93636042
99652534
185477776
200547480
45924298
475676712
993678
24865880
74014830
7143570
386227124
51214586
324054484
157665252
197572598
371122202
52697906
55814576
61087016
416217730
202617206
260471238
355851374
562310868
379444428
323020820
86116458
360442266
488769108
20170262
288084526
2935630
60343210
456707414
154273274
120871220
2382796
179408592
35371740
52097236
70340626
77839996
247476280
44026870
28345830
392459126
378854466
159060736
55132570
5155614
13236622
261014002
372225578
331492972
168825400
317321186
57706776
294389902
342542898
223180434
133971800
226762348
5675392
433378608
512868844
28150272
476598594
51932304
528126
179946346
20189576
10229080
161722794
47421334
81843078
179718462
50631448
2820816
61833190
314524686
212768796
31087772
102537292
142825616
79800720
267068826
616138920
18403564
330851602
18719328
46539690
69489222
86459960
72590940
109503110
168064434
26698022
328803828
201112062
115915292
77724300
108399556
98585600
46497264
256319926
39744132
315863892
114165070
22181328
9349598
160790122
73919508
118690722
4847976
151074196
271199620
212705230
91360210
162408310
231657306
432319524
181957934
166176122
49035860
39436974
400223500
378790504
82930912
33882002
270300856
147139274
61439286
164811760
136132034
20849584
67279452
415100498
142623000
420762532
75482442
411418382
111598542
48035636
16400634
191361134
163500872
35776262
36499420
15529426
228095506
75154198
227374504
228595832
2392752
384787684
507416926
81677578
589620
452791432
78603296
335994728
189257526
360531890
332828488
4256502
259140978
435715606
34921684
546170
441527512
265179980
264979422
41566630
171112682
3374358
299455698
205168262
213723722
119629242
70411796
429347208
210539242
63462976
19550150
492594246
85397748
371989114
314015642
25949934
347705538
254947508
72785760
7984380
256491472
187874762
205896
82991462
310147222
146987848
178928010
91973266
250382372
193034506
412404180
11007526
13106426
173391372
346880346
147882300
414908370
326682400
224650406
42587700
24920690
40138782
170314498
195586670
199901974
41096548
428183206
12354594
56422678
186658500
28424
329844204
406647052
514830586
337996834
171626374
16793420
32783114
1427584
81606958
143761238
146743578
184001942
343859232
277898702
140917948
195227792
94849338
315242346
19562730
28846410
448856956
92877936
102861052
13769148
108799542
19028296
97785102
247393578
36121036
1390356
38558600
401377982
193950254
179534004
28118564
184306400
103035540
25805140
1311770
3319538
361702
238851664
575222748
17894590
390970070
282112852
498135036
285997016
307238946
395114668
75755028
249567446
55488238
17154246
230839896
302154072
114275754
78640960
114811432
94279850
71718712
275724780
266755178
222124012
9743886
287136940
280126350
281554848
307200078
117356676
6009414
389646026
349909544
277651004
543657750
321985518
36101190
111487044
202682740
212241012
38265674
629310
120930550
49408398
408763902
130444768
290398674
496395722
263783382
156577604
315482868
18571846
40360140
156449952
29648516
382149784
55304904
97860788
344841996
307912986
33608734
89922126
49971436
979292
109038622
242993440
369894174
96525496
301718896
244630202
160805566
185459214
271993504
33984098
76208790
143051424
205101804
69193898
123433776
182603942
92903948
119081926
319849634
8282820
157570860
348103430
298432858
35444272
114895230
181935782
209409578
189266
68803480
405415134
261974512
59058204
333079258
258984358
316723918
191482740
237414838
6567678
709304
343343816
37509028
9274256
21689274
181579170
248249356
11224340
450483556
231459530
185937162
14871018
15073660
7257556
2105804
89480676
292010810
222662672
38081452
89170052
406418988
272023404
104646406
16948664
93304914
186230882
181092146
374834570
244101118
389177088
302014340
318702870
359408484
60412072
248575792
50354626
284745202
542382400
364395926
94702282
147223248
506628174
389309724
265237274
228257132
431375820
138696698
13165154
17865388
390022204
384693972
454032396
5868540
195447984
108669840
69750116
187408748
331691370
137307476
235300972
406891430
28466000
39153100
327546352
319020988
383378588
1600266
255586948
2918036
281549224
466552642
642123256
158055570
187636286
344437846
96180928
256621130
46187370
29013570
98048180
307872108
253873128
8469476
49002864
272754954
190377698
111344232
269883860
244598314
3033868
312698082
162192038
371675552
290250464
222149216
486279322
264836474
29074468
402462148
273783204
38964588
191633860
104628322
136473106
5057374
124506750
187531338
270403764
314660900
424433468
117587076
31932702
335717812
194905164
102768306
166961466
33721840
70060816
49931428
256268212
6591526
165234816
225147136
13610288
87497324
309884404
220189206
121026762
219414600
16055234
124787806
482600
131606944
492100882
340533780
52781628
192432948
96717292
13795060
309639130
231747836
481024504
9343530
492956632
61884220
104252696
4054238
219039538
166895282
371339770
144629194
248796304
271261828
335887330
105292566
22166
350762552
209436282
318566666
141542728
162022306
498903270
9793956
58811206
475917996
467765946
187767528
4299546
229526260
13196626
260804908
19830880
5087012
96288712
329699740
312963308
288212214
163629828
1200940
489846434
18782850
128299024
247590728
74516888
42951520
114108488
12513354
62790458
157771312
101528
89937796
110598938
404212210
413771394
177406308
19995200
29853672
91657874
24749734
39868316
228786594
139959396
63061618
72654396
339330406
122383222
273365164
43844970
152116566
298393942
189481112
303322102
63383744
99175778
355088498
24748014
252718504
284155930
108027170
62329516
62806142
331780050
405750802
44930130
281518044
35011544
265136726
96150650
312106942
460945296
25382614
417306148
721652
60562356
289591964
97396788
464553574
71990986
82721826
84603384
143951274
327770494
153998526
187224
380850186
49476582
134620884
312617598
220423470
298977590
276046252
51627288
275663858
358602360
407088190
381176822
376312132
246356226
249721952
14029626
170303212
334647086
91728082
269793528
468764806
276074404
32155210
394233216
34230646
279839408
29522896
66301658
403846644
490694004
131328864
265890314
48642670
78034036
33238888
130579188
213302208
12687268
37074372
195669630
7162406
187851974
71028712
289230618
339418462
262451726
259506190
132379364
418197088
254936126
263318466
164352190
84662660
189990
429182558
229300572
16541350
319314514
104260588
16106230
342828388
412989208
138692948
316140914
299085780
74242500
227073478
389499914
285414298
17929630
354193530
210690922
62919678
69235364
100190162
109029138
186530880
339128806
14251462
429463166
319988858
18197990
542199704
97292
116968600
70605526
218626320
17091734
286908288
324719996
117650510
261080928
103568182
36394564
31309752
189797036
204778708
86572088
28663762
47351356
101787840
105510278
3613482
2181056
338553858
358980816
35388974
43021170
404411746
9474008
334461456
20506842
498892662
105279894
740938
38282372
420141040
137702878
96824398
243283002
26329034
19532304
160954262
324883726
174443258
195570670
271207770
205155496
32105782
315294656
341211146
73999418
258675274
134924092
209067272
48434246
44222952
264186898
128736778
414391954
19879560
2108322
58723086
142224018
21863682
3560330
39877000
85469684
2817680
350797268
40009674
223946606
266236914
355065050
109970202
1683722
64205932
17933212
84442918
432756960
255489688
172531252
5716222
208986668
152403824
435809286
37299696
191747570
1093068
26333960
19920378
1946700
410561270
257785192
186844350
257607084
156522002
9031514
401782620
254729684
2852596
20373742
362667170
190578188
355061048
232542826
33120178
50349030
249198594
9733620
136844006
497096818
158612824
30721646
165276346
38914960
480771356
95294916
449611958
87909794
189696022
30695296
307899368
408191548
27749308
85877466
10918318
29552048
3923532
15742262
333099752
273712530
9836428
231774544
51546114
25411034
251275962
29885568
32768866
16380772
515261322
2347530
109331144
394731058
47949702
330083146
642028
470705052
53344946
188231206
121759994
217684146
115007198
21079630
105507692
263905814
356513074
26472736
633422202
250732804
99568334
60822744
156906448
307481938
358872738
345956168
19845950
45049098
444158246
330917324
82691028
16722336
139318110
223787524
10649644
48177864
16669542
8716502
343184832
260658262
6503642
184080234
115488000
72068392
368006466
335506488
54179978
325339264
106731162
121241152
156056210
119373862
45839082
4947022
999110
42755950
203488650
331895426
331540452
248339916
80432766
67763970
67014734
434308
185948012
322457352
55333156
127147870
324117274
51637278
10800446
94252622
117305890
141588986
27350878
282348168
505467912
40036322
114769166
65106256
192650152
348371726
160254
1352892
179143590
296164794
154756000
122631006
390230002
14299872
63909272
340907454
22700642
314777172
349904486
20293538
291381080
26727110
41020760
165382986
447890764
122109696
51575956
380048578
421055196
243145434
126694684
43784482
62349148
45684250
179060868
261443396
67417688
228286220
55665430
209784452
125933276
383548044
356370786
224265550
336160734
89173192
314185728
373539126
427403306
29753704
191919886
3488528
11735006
2134244
163542458
2672464
463068388
12975578
13767740
442206826
502762802
2592
37220554
62742836
197765972
499582518
19194802
314874404
13183306
31406770
26008496
4629708
445631578
41414338
9917854
170374448
305975196
195201396
84049008
488747534
193444772
425984852
26463554
7824132
49157900
35301890
388681400
289381120
112068850
362363116
254130882
147218820
2087344
597337228
223247304
218697264
155549848
184430710
214932386
3169258
152720504
286015544
14053738
148630500
86648962
38047684
47772934
12158064
379431562
21214630
18940656
243513824
181842286
279763340
218002126
161483692
294574870
125280146
364246450
314740218
356124506
33526066
138956358
384344084
299914794
30094918
11319190
42788776
249188238
129655770
5372358
1937524
87623416
399470500
92764428
41929864
351597076
111051578
104127404
339908104
281704
307806396
168471046
275942438
208409658
23713146
126650976
444884862
25719218
343553812
12641852
68638840
403071798
455143500
45758454
366557656
197984642
37805132
389920100
94455168
27782720
469247840
476890456
32026174
59432124
76367086
3511884
170515498
103193912
78166816
67332868
82940996
148138624
135938248
269740776
43515168
325225252
198270190
293652098
251050156
62493566
89863376
341220564
89129628
341873314
84952056
439623370
33416336
378969488
340815218
85634
177982042
220922842
268766206
46911518
98200246
64851996
491959534
245500642
172964508
185661100
341117922
10319146
139646132
17110948
130576352
24545930
49443632
12402934
306241124
545464
362615158
310043622
238244326
206805140
7272518
373344032
300933278
427545294
423727082
34988216
222327504
247734916
59349966
32443376
106429756
32760486
111942132
875466
316508
106548856
172383936
374868526
168166936
79220448
104144488
34167682
337913702
89836378
151882142
299797122
109046820
324635760
128838706
31540144
390270228
380001740
72219954
272510558
346476922
375498126
201090472
244433784
2581488
93750072
148294076
140587060
307984002
594327028
60410902
141546262
282799946
319997110
249799164
8667438
6153324
318437668
246533318
75675230
459844654
57126736
227252
305905220
136901540
11538482
26521280
292257480
25955172
55568338
227541180
286336112
9828
62226166
67047450
149699446
253350372
55546986
4019772
179807540
154111536
119762970
359494852
37705752
216651732
69798096
479075180
82830924
264991080
569203992
251064416
55008792
166047146
114189224
5290744
421874032
284307356
70422896
4401922
52182462
382241272
2021304
143598252
214080364
307104206
100069306
301058878
146731310
33968288
176141712
58478558
212999920
196633372
237114376
309917988
160607320
285743044
210530488
277942436
228569568
72787888
146186052
303542188
369484964
331274542
72837834
92941176
377162176
17310158
310290800
188428496
4380790
226203402
87565232
86862626
98287414
472635198
137991290
1003210
54834020
117739968
123539814
215057360
186278976
59663000
213703318
28752786
158966950
82053710
2871592
194328700
216965904
3825692
197683278
54951158
116314490
39501370
122630346
158021406
697864
171412798
293096322
59698618
387480378
3316988
308408200
36521144
7971056
210037046
233672936
590519224
6566496
79151662
1291468
26600196
213764776
7848970
430210894
273536830
104494416
326558392
103843446
457240670
480340
14610212
321074678
426904700
483768670
219565914
131344450
22630940
30046434
177164012
169286608
1219868
250755380
206953274
257773022
420251800
12182758
147449294
173454722
23240674
40619156
147601980
44252718
42131968
16911366
341846
153897002
343154010
202051416
26685378
157413634
78028008
247823408
7665144
83825176
312143204
236888700
164660808
198530804
122886320
412691106
13993826
22711286
106051560
428001098
63525922
633230
51737372
50720016
119460116
4266806
199292656
113808998
92518952
307542
53536544
114980838
82334796
10329570
430297820
316728860
39721004
289196742
101345352
203064096
581430768
57689934
16669982
158531216
4150452
232848992
140824370
42919588
196615046
73229716
46095236
96584774
285275032
112208632
412874792
343918120
28684290
11307868
111626514
85081032
16949432
398469048
20949228
232919892
113052196
249050008
29342678
5233232
496407006
21857420
161864850
352722200
9798776
111431950
80849930
66860112
334889908
334997302
19568154
28856180
232018790
102247988
154478056
135509366
277731992
378832998
228219708
375988570
12433510
22424904
197368126
402292650
57222562
368472190
33105890
407172426
491070204
257414078
417741806
34418584
305530042
83198710
121764032
545648210
287566004
129027262
24195558
112021410
211298340
153357894
34565994
162972756
326039388
88781632
43768586
333477698
223551892
117020920
15751052
359858640
180537472
51589756
307261716
323850096
61157008
95121116
95991992
50250074
13082398
26358736
280004658
70576754
221901086
18592508
47832506
353397106
39373442
75958846
224849364
161194514
143663588
373060828
79507020
120244996
35400698
309955266
411485140
220515276
77387860
408722382
52841124
55516728
178844710
101363556
68214908
133631594
20998894
87874718
84642214
8063130
23853018
83925076
30941790
500454210
25111412
303695700
7494582
91226292
90956596
247182812
98048176
45647800
135593942
294882708
82800272
15386860
26450922
1009196
50156306
234695894
204905228
1420510
65077378
179523000
28165502
274181364
87019920
91492388
16679250
458205458
265062826
286803688
27715398
51349216
20042928
31009624
251390476
483311002
352583674
25704110
113870266
467728820
209602560
125778834
11648850
350474918
695956
350398734
339419974
59877756
13639124
442114356
134081950
110992396
285273076
15821374
374688254
64609446
162161980
193314026
335388924
397382520
223873390
308672658
92334342
110459678
355163024
110769324
196327740
18768604
161089174
31523368
92718818
16386750
437145388
18177244
276206714
11432730
118266536
168209378
305595494
445276034
10775942
13760814
62647382
405596164
487438512
110297964
305909402
390492818
69501508
181920324
150212694
342900158
300551090
154773360
405927762
26216848
88496404
97153752
5233230
20244298
71283250
15321610
248427920
200897820
333915908
392174604
141008202
307313412
2461950
18396612
37786142
175659900
509785450
38425502
16756794
1063594
185933178
331411128
8956874
232917734
431928728
330808952
86764076
28078134
118695204
73674920
298507386
17594250
65033880
15444646
56349720
244117042
300039904
180697420
209350252
19542144
36746706
169924786
243673222
265257010
1977438
233995372
23866556
147716476
97793162
116303778
8989598
1655774
235124552
88510680
219882858
159303310
4104530
1123330
69821932
85196702
34495398
388579992
530234020
36750456
230407542
323019444
292407008
257582398
56517412
176612566
203022870
109745050
36667608
240869316
19851306
337293828
92365274
147143066
152522898
81046114
104591816
19766056
3598372
35278504
165018208
250598060
20390576
93020394
589879454
189406020
12667288
286652276
248140954
396244210
6359912
43728998
198207210
28643616
302396652
933142
178359762
40761944
171772472
175331940
84988022
218073494
96589898
114602202
4420500
159799014
149149032
2946504
30848980
204378962
9642652
256072174
5523688
120946152
104468156
42860566
237085938
29371866
7180456
26360900
29489120
65508592
195969458
48233824
221567346
240558278
51752894
51520044
436550792
263265108
105579734
155304008
132590342
415388596
420452720
13636052
346500170
575863352
60138262
94387346
519277414
205190542
207192572
4353568
393599808
55083974
411901376
36453104
267834100
404634514
429946108
251185650
458177388
176631950
4718326
146795946
55242282
232920984
192224702
354195126
184939634
64349576
300201914
11044510
297284816
401632846
101889522
83867980
159511456
100719318
125874746
279568
190160164
185672982
103278652
327143664
45000172
448587452
409534156
285532392
350334278
161318112
307708782
2928990
243906366
346917290
54839496
273848282
214613592
3647044
566979726
130166778
157535954
155053928
54878440
1527242
71888532
258423820
399307632
269258840
63960586
228217286
285060654
46668698
553140
60590130
84869846
265338410
2642160
20254490
111912702
335485128
272148248
81720764
164340680
286566628
543502
128545068
540642236
340504016
25936942
227499678
48022378
268702396
192086408
8525750
60716744
97952110
18641936
45434466
2469434
156827506
551411442
60298048
235346540
27806682
45145762
69678982
160922048
3910072
330342770
24458220
291089312
4561312
165127580
7547198
460311880
180255088
251762876
322408064
332941882
152393030
394309612
45351438
16511322
284444758
88652220
502300842
55728680
178015754
319292592
409688106
182723512
203721286
212177358
377972194
207362994
1556740
173206630
124157678
158762254
2558360
64463130
514692122
134256118
61224946
251348556
403379646
12567558
159699930
139764436
340698178
78489944
14919514
58994218
183345486
45676560
21299320
350080234
372570616
1733978
66919106
252276412
574356
92968424
29434756
334894
275253960
284604498
342053476
93354088
84649090
900470
89445024
12766166
60720118
623748
401031678
179996988
355778068
91629312
302618310
98619518
166341414
229967642
27317570
25287066
54405870
415373716
199701216
1362884
22878474
64296786
262871766
47963980
95433526
111193584
60568524
12774074
96832794
169366400
16000142
332727786
1177072
364168758
174378146
55648
287767472
233498138
51183902
86475376
26433748
329344116
34399382
54585054
54950492
123758076
50485680
520611994
268343650
16808366
47202148
242571590
333109498
32333448
11251842
236114222
238929468
444447790
198877672
167805396
382517938
103327990
163183328
87445774
188747762
126729912
109147058
261738206
8791308
136839822
183636634
51806466
169934490
497542358
47497666
134869676
148179984
333721494
224334132
360242692
150541266
192050452
155643852
36333104
188023240
92048612
92807562
57299586
184655864
200153158
786574
388462120
131114940
408646660
230016802
27816934
23099246
14623714
127576138
232839306
7165790
364962224
56250826
280533168
76543902
25970274
38753058
273602092
31383876
8026476
76099724
322623216
885556
89729468
136920328
178173688
192567674
6817176
337183586
290241044
213243934
77338498
4651152
317483508
74377860
333837734
58912766
421269024
345012698
268858398
301270686
305986914
350796750
382605848
6600404
26323406
2628366
72452052
43780630
140226866
181649224
189162152
373996578
167924730
264050632
2356804
6269040
42185178
338585308
309215964
182728994
75918658
263543706
230078576
228722338
28601288
382574
337912934
84290856
103863576
48512950
256612140
222421248
269545988
43596036
259865836
3208660
427619790
71636612
1386316
257666206
594714842
246050574
27032900
327803732
74416324
274049946
70561070
243297182
295653640
1087222
130607122
42349988
80887330
80312260
85004746
375539664
275245192
260154268
374525144
8539554
8076806
165559328
211372108
516779482
110956370
100686562
83631944
430860186
184531118
294571670
48538590
246425378
89667890
94535382
12742862
41890690
480409700
90047906
289132824
201742202
9509194
128263366
269083228
318073932
150752106
2635018
284945428
131631026
11247266
134481136
172340978
225803714
4162230
354231716
119445580
68228352
315638074
189116744
138794172
180992002
59975898
1376728
15028814
341203668
220300250
15355710
17571574
407291676
39646348
182485420
14305524
57165638
216047686
302540542
36429704
277725214
80009500
89010726
44251892
17672842
205479740
128386524
131646406
332225532
129138912
352770110
335992566
27977676
81678278
293092302
146386548
231284336
31680468
252084884
376065304
202061450
337795192
156479240
469399400
234876960
523856468
228799936
126448192
86017920
134693536
193320324
72175764
346598536
28936924
115316358
355342294
656893244
89443502
251881694
243299486
6274778
111262574
326850324
256050762
2573112
138643396
61854
103272782
368236858
82094644
32128962
523260810
381485016
83024466
925972
17160938
13558780
44076292
270164878
1250690
49370432
254718958
248455458
104070022
195682586
150486516
285516118
321352212
404770932
182438968
8914146
474669010
11608370
143521984
174910982
58752320
222785066
59634076
436576646
30383518
92411680
31556548
190019410
165363882
9334098
479178044
102982812
24354574
322824524
121901104
155287864
406112600
85449482
2705264
279455228
522284810
502508750
24846474
114921784
3046720
111709948
49511956
225531256
325958948
284418434
73357086
101635128
193327100
178768760
156254160
186243244
378222220
221095482
29420460
263275434
56960818
61561790
15135504
239611802
284797880
467893954
573582
55463076
1148202
239716552
73258380
1944002
229188658
283242734
59881118
315354358
95356544
26586150
155692508
338191516
17280542
334340384
139530512
393260376
319045218
30764324
32571638
305475942
338518258
21072290
46570286
254340032
250897342
311521418
37986250
233177892
12631910
7280676
35003512
205209142
479052312
82515170
72208744
127760948
166015968
136849410
238103804
35322528
177888286
382749310
264482760
31259340
4573952
217675508
125165350
278044720
13702326
526968862
96039638
578165528
9296620
1952158
28704816
429173420
300012296
108835434
1956570
8876166
15097908
69108404
343392984
31150652
179464386
181274648
22670
318451142
133474376
30486000
246572596
146452444
280259696
176013196
266876434
22755090
87869420
87922826
412472368
260142894
16975752
142013762
50015494
175143500
323069048
92208682
218554604
162038488
104179302
150119066
316486042
127344314
29386630
33823634
6266310
93462028
97620538
360094568
140800182
72859488
166664640
38903774
7415080
44624840
8411304
484395400
101485334
4340156
83001762
237799202
581541916
3914448
124739154
84316366
396322482
242546714
216430828
161261102
27675732
112230412
126565542
180350650
109708310
254372246
9915814
74341528
354740366
8176522
13234186
455434142
279921226
376040568
142944668
93947656
18333374
15564010
61069464
149291970
169833416
367606784
407770558
145645286
156465068
149070094
6636970
1984622
86568312
236702808
381563404
1853520
99876354
13845376
1636
263097806
71201680
111467122
159935496
9197416
188971102
153765638
70426776
12750514
176691310
70415336
19338930
275866118
52840824
65961400
80979786
100878622
487693982
353050252
168833062
265016352
99785456
14595954
454473580
219780610
422488918
5743172
375633772
9148128
54876544
160236122
427931608
262649054
139254008
92594284
69802552
5286422
112374048
347769922
7183278
24383680
235509444
173349034
30958568
135838596
296350926
419310592
168653290
20793258
73816154
358817686
253848300
32284514
560525498
115136306
446225348
179593842
77551936
286088144
12782426
342853332
44963134
373038456
4666220
31116
175123316
62889050
109134718
380165832
4646842
315789274
174802128
173326682
346457618
82490
116238550
97279834
34787014
18282932
111808388
484013126
6588728
240364108
6058450
22819022
381506058
374132644
480601514
337093004
322280272
121204220
21896568
8002230
353617310
105680174
68766816
10029730
146768912
488359386
95464190
109144052
7179222
437904684
171159454
377695966
28483442
31431682
394564832
497787032
570294
328134742
341152600
165820352
40485300
79392664
130497062
129871292
11703408
55542732
240785200
354839368
62614610
231456896
252627524
106758918
69479878
2195584
175724826
350693520
47532228
134346008
1691674
21187604
139796202
204549506
121024250
45153976
473795136
298402662
41243404
220979414
29399886
408970636
113485520
105404844
352040860
188371900
135098210
26745276
87068544
25473526
1194410
5689364
6163038
314115974
116634288
11934276
187032306
338395374
1655964
86527530
99365882
406453500
15684910
15333798
1322356
180393532
409418592
468950572
481179102
2899134
194703550
35523300
71543058
153626394
148049314
334764260
259901310
252161438
54450888
19863058
132199182
612838410
2163018
6955968
129782090
76394202
35536582
290790
92678632
348130994
127515228
355202906
433294338
276709338
64098964
24805372
145427718
292128942
256913332
384367346
91578666
76097114
191651640
522243074
120109820
433374486
47636494
242994434
103002040
485941264
42426334
84306114
151789848
145763532
82186242
1517282
274089600
251569760
105721610
47379696
88558014
145338248
184693760
116170392
47620966
109577392
154335692
120202024
64408346
462138812
84973826
84022982
5211232
52550218
390767774
412669650
9370360
9330652
161965664
395578620
194034878
26096042
59328380
206402052
495780254
67536724
493064266
34821672
269709636
20630772
237323742
484869906
129686118
266843014
148254912
292453084
42584238
332278104
248567742
51429666
170805826
13961516
94394590
168418232
187639328
614952
56918548
234086410
176831824
58774844
82674196
92411698
11822004
46735572
119096740
116269524
239081696
355596582
9552522
56001420
74749972
28782084
450904708
289930058
272566062
416336118
94214732
388575618
33448956
67520582
148837718
103901658
67961938
44901690
41760
1831248
547380026
511433080
195839870
337790616
490843720
382944258
202953998
65856296
47351570
81236424
73946300
161231932
18881456
245156842
251090034
29017942
48181152
60606750
115546584
179738646
46992736
149182646
25400118
422190010
285167668
4041830
492266
90779638
5416390
28103474
407403420
105360466
8218406
120243020
33725404
376135160
49551096
186824416
3905378
298199956
539762402
190553098
260269472
140539426
159743592
167398278
302177006
380530922
134413016
9863700
331633266
114678210
514326348
33538288
191406228
202855512
312092576
54872282
270639200
166470108
343840866
318669726
318600218
318838574
13815404
2388776
172087414
5168
23978400
385434728
14079648
101287784
341392846
200948150
36642112
353100088
195666622
87818662
1785204
135843222
38542690
395518862
507050258
94812550
14668584
60319736
59520526
268695746
339073914
237116602
222017554
23067306
290375332
101543524
446273852
330104756
84577890
67282510
65912546
97028310
92105456
10265472
326017032
112516096
303172654
291241292
236633354
45571000
17355278
85020604
403704036
46211338
117166120
13625262
151835460
137832402
64548592
69973678
64522
4330542
138168640
1936914
70007508
93876634
61797592
7345810
7438806
41810180
56007520
96071514
385511364
15323754
109571500
102000862
143921168
477019766
370247946
288063430
13908590
124723198
7550340
59123054
147231404
2005000
235561042
20508152
286050042
27462654
495725622
43290444
470436426
206221344
8676956
141236864
307632532
367835594
468975500
268716968
49022274
8184048
79449202
102329252
380862126
68927440
232782224
364370412
500700378
128125380
22589982
164302112
224257526
62941266
347934870
55195038
384618960
382094646
172574818
360700462
341618098
206461850
85747406
61461872
152753644
24682224
135267600
107909730
129943236
145389392
76896016
310093920
289889630
124778658
343332152
423296170
15535014
37733628
282384146
238346286
144282862
32226490
106085082
57067812
10115326
311587428
211118862
42297832
69207316
432393534
359760138
278679564
570044
355876656
360639292
197321532
178621432
470186402
63642050
287137332
10862442
206084296
125014864
360517002
189140236
30164054
90098796
314210042
78988330
114951740
491854716
257500654
226777508
90491416
317645216
207242944
86455594
215479252
192518692
24598072
14962
399942782
457606182
244484080
241094996
105938332
126279136
346419382
134951074
386186440
596610
54300470
108519170
342145548
293853498
249998444
299690606
23020714
243297066
29983042
478233972
47293284
84031200
91223480
244051020
265777840
45125236
338318286
124561620
108792988
425334174
310877318
27799032
428117286
343010150
127909978
423261714
201813666
16273582
343499530
224995934
127629896
334486022
100018372
54252452
37523360
68298806
516176
219705400
44599378
29221608
45277582
111926074
412532224
387503996
39613856
63072446
168133736
308580176
213664026
488419488
215383080
1656584
542008
349391936
36523688
748428
229493994
194281808
12867008
420333206
345745716
252493018
446363672
212242
177408516
240839132
50308828
72182030
39794332
351839988
351197404
358547118
287500100
125683008
1947668
209614544
3454504
177191174
140674994
99194162
216539060
385572346
346933250
90553176
112765006
6985104
499418250
221684800
108238824
139595072
345290662
337679978
186200838
140822844
337170384
7226506
27676976
35094758
102667396
314189680
133228640
33261420
8177510
3226644
50984044
335527170
319861980
122125828
105935368
416031446
359992518
283521378
293635846
4536820
146594018
54938732
52319562
317519476
347148492
348949348
171873770
393395202
343093668
63938436
323272
241525252
377841364
20673594
68931602
3094888
136870782
13557640
164665628
446915546
140816
295344620
201073494
41088698
205308094
102342210
392765530
116348390
171911340
2352828
39512334
224497508
228936774
239710852
134927008
92318370
82672010
120950708
23914778
271900116
177451732
141063936
88469286
483998622
7083066
14833266
295721280
7345268
41388904
155726232
443871538
179358750
310493224
180707092
4687050
191380300
47789252
399333442
512167288
135180100
385528072
382852396
33965914
32024188
114658204
467590492
91779086
105791414
41048928
220046722
106224760
63121810
242963076
199625604
184115076
288394738
54531098
278128672
25906512
93841890
70158038
144065286
90621140
85982112
240214786
244875964
52045022
384915134
333260872
63611236
279386584
312015354
95610576
35082214
12398840
59914188
88427194
245929012
43461314
154855046
6182564
9483254
209302142
25821530
50573650
20279368
294754022
107355442
60067340
126141824
559727986
14260566
490112588
304153104
143399740
418932026
50997156
150221056
12215014
14920630
411222702
23284484
152425414
179695278
226283124
206322284
59515664
420210972
1582524
266592350
157607092
219221548
77009586
132564158
319948800
352035948
2637212
442179328
1339104
208565062
404892416
58139190
274193056
143334050
56378552
116554992
374299994
205906398
139532250
223391424
27790940
9747998
71715356
184386960
409212188
482164534
450417370
485291868
42271536
95427684
31619552
139590420
345323642
133971716
7023392
5885800
19634934
174203284
44819246
26801800
292410616
254507906
125551640
228928964
249790996
24308144
92516176
166388818
282434584
312754448
237193774
45820818
217682880
148786832
5677654
5044988
432697184
119414586
26832988
14046230
327978760
295626734
142391316
119795184
47988300
72418574
30251974
97830604
16432294
199287320
50662776
85577424
20296594
97058582
73209480
26905322
195987024
228001350
113169896
498810828
17938756
322441500
207804586
56794522
358917490
166661628
214055512
347834316
23280862
161669786
5325322
115992968
27099532
7882008
48961674
296652558
358967574
93738978
7835148
253740606
11902102
42750000
77769300
225952802
421909580
279103228
167124582
284773092
115780388
109325110
61073764
123479828
42258494
282152912
334369928
269485450
32241092
522562288
307798212
218414256
604246470
325557952
398215164
60805526
80342576
189638060
34992004
155116928
41792748
225783740
24698262
515182382
132049500
134503284
271363710
34283976
57383500
95897466
432597312
5183332
181797366
158915604
70447898
65853282
27695740
515571350
215076490
214688118
227246802
312043894
42849852
282641670
351910896
534400146
6875104
27462138
113443750
188888196
213813276
102388372
207372850
199959690
126378954
423448386
24087268
287538670
50644536
24669544
185592362
24057058
260166906
24103740
38803786
31344724
276052098
348700224
22790362
495878
