100
433666366666639399396966696963369996
98852555558255858228822225258852525558
355
488822582
8693699693396336
71
1393366
13711171711147411
5825855282888558285555852225855558525258585528282
5792192165
4687654381957837591267531294291
4651
9723483156159186756726489123426783426456723
4396339663963
888528588288282255825225855552225885555
9243216573279
2738
9381327384984957351357
943249
9813813546213279549219816213279573543819849
686783
58672948318342615672378912945375648912672612315
6681384387924384984654987351327984354684954627
5249276579
55942
8711747
6336
712915645612345924624351624624387
44951
5795168738
745975
415978975318318615372972972612378648978
355582888888585522225522222525228552582
614477141714471441711444447
637831531897867894837267294831537894567294
138465135165165765
7717717141474714714144417477171747474
6342
6435162492795
48588252555558828
59
72882522228882888528
69339399396366999663396393
7819579519216249519843276219576513546516549243
599666393969339369336966999366936699966996
22972948972636939669663999393636369396666363456759
7576549576273
892792765168
1552
34834531591864261561291267567531
4393396396666
555255282282252
98915945318642
1147473
92432162732135432195795765168498795762
7858285282228228885522828525
134294537567234867234231564594264897537
34747141447
19969339999336393366753753453189129
272675972942972618945912378645618915
835738
316219843
15678672315945645642642378672642948312972972
3132768465168165162195492492
97954921357654351951657987
637534594264
3987327384327657687624651627957354984324
813879543819549876873213813813879
73789
1156
4933333939696966933639966933
8762498738198765795498735138195768498735432732645
35492768762465495492792465468132498768132798
7267
46993939966339366396993336639
1399633363669396996937267
3732495765192768
7381
9435732165
7345975948672645942375315
18645918912
9
3879219843249513246249246543573873516273219
8951927984357951627321354989159426126123
85525
92552222279819273846549519819849573276516849873
26243573876279276813243219579546216216546279846546
48678915378648315615678948618
647171777117774114714147417747474741474117
4
74297564294537891894
34717744
4486783426426459483126759159759483696363399966
968432738135462435192765135465798
484386729426783123153759
71681327
244114744444741
5555828285825228882852552825855552285222288555555
5231831534591567534867561894
19846219546879846216879579246873576249
