100
93453758258258525255588
56933996666339339669954945829725228525882
5234
728225825252825888222582378645318972
422582588585282822852558465
1396459722258854357357957654324
971111
943843879249876243573873846276752
797234
26669636516276549819219543879813
16339666969366633369939966333483759
9516516279816519246522552885225885855552252882582
9438558432435165168435435435138138198498
425225888
368435
752552585585555552851621957954651
7735792192192435435648915972375972972
98738499
1897264294831237
58432165192762495432495168165198
5337831593666996
8894591867561837597531864861291537
3
815918315375975618312978342343579215312648
894918375975675315375372642642675972195132498
411111411129
1894834837525855528558888885
618
68645375
447771714
234561592792492735198798372318
372948318912375
287987324957924384357
485822228546513573276
5687924987
44744414471174474417117111726189
11837891834837534297
832795453159459159183453
83699999368738435198444444714744117
238799696336
2372978618944
96762492123126483753783726186156
5198
7528882554954984951387324684657921111111746
912348612648378
7363939336159483786723129729126789189783738
4243213551684951357327324957414777717
653453186182852222522888228795798795
7951
94894861531
751381687657684655222522285285888735465
39579528888525588558555552
93666636696393969345612948912372945912317177747
72641741419639
759486246873813
95942963366999366696999963339969696366399
976873219873
386489723996933724621324651324921654621684981927
9393999933939936693669336513579249246
28945648648975945348675948378
157831
3267892135132195138195132
8435138198132738114
5297267531261594264597231267597897
77774117171177411711231711717177597
4
58888885588588855552228555855855882225876273516
67294591897861531681957
38435435732468795735195162132768192735438792465
98
623123459123489453756489487
2585282915978915
53513849246249
11687
773846816246576573846546576548948615
7288822585825735432732
763963999932168
4219843576576279516213
481681921933999963636396636969333363873
5
87387354357954924657384387951987
564867567534237
4234861864234324651654321351
43339993639573213276129156729786459753729
47984684381
648948933933957
5345345645252222852858825856153489729724957
63723486483879
6141516246846873831
736696
155255288582522255576
475978372942978672948672945972675348
88675162168735165468882285852555822888222822585558
6
789723459755225888285813276213516516879849543
84177471741474849279723489729453129453189486129
5732147141771159156759486786729453756756759123
985162794
93855252888885252
11447147177777712465432729156183
