100
582692267753894563575318449478755998992118157795
268184485237676639565693
49299646
458365273283881116499287227693688382384432
6593374458924751841346
3947166568112199592845131
63879249264415726
54555628538466413943766721275446852631
3
525979723119974355819948841554416979373795862
582122395217716855965247221195498952
18974158
18954548
45
514584513398
8346917475725
548248954519415848742477785488872572292181712749
191491254618233232
3
8184853461793715712565637276312
394888759822
69
8194428762964915439735764827716979556236223632
151746375272
39624974645896283155332715449761578527847965295
287173814346326617686851215
88459553372111211978167716427718443335
8566417272491
3132539226943787712853672214418825418775
8122322984782397641
98235346617945148663747223
593223516918
1139747862432526966259297657337259
7485179581321631549634826
9257544767391574437491836559353838
7656
742634
927426858812684726616715
67
37115139251266135516433437621767164335338591
491998916982295374364197159352924547879
5788763355998636886574142367643112761369545578475
754194861829954162756167213164338424581
6623813549527494292752951517518566165
7481179875853318185119435986775
451138731
333475725495589513838616142
62515458896614966391939755
55
56924488
599811931999372997453628
459948743156882135865626554132718535564343169
7874415588289266289348374773433814343745
3138691191616979218457487
9665441561938622365929857423837877
72921833832361992445312836636461
243721768886364742416268631425
87539854891144769264368641
7157158651
53413182441484822
1256929775531226356
381585425926481654494472668
9964966619684
83341214853671
432557151785457479478385
177772721411339688695531496528481452646196358755
428272838355342718132
348816941977133874624133894317943919712363798
975819278489254125772137633342859988115487727287
178688623335762991317895589259221769422667835443
62134911388148444625634617
97788876317271242263692774
36737179996
5894474
5
68893699144864278782
2332941345182777256473387335
8
433497178567436
7136786391696824719986581282964959
9455242617517755319181121275821137556
37881165557454698838839465957643393
74489483546469
2511224781245117
22388844555839763464483662113296412265715
94372854
3
4
66854746522119
95849977218895783
2226238865222118
71624855665932146914322284524497512622538321384
3326214238
761442116192351
99219917
9745256925337379
619527534439119127694559658
822497697993713773136557794646687792617
21
91642525325541629869
