100
86253584556553925785155275221547959845573836475382
53476
4515211889826853293598233
78968899887
17784582269551424514272173449914317
553
342182713136231817668843141914466284349424544853
555382115242292662263568635473
7131395575185392757
38233887186565296229922187284581555143
6
7419974587254436766266742159653674247
2929376271256327
69772
83884161
345417891188776118
1
33116792362686521259353571932659
88477525
317214812718245145562962337319673496133439586191
3193311
3236568659856286556529523218757469198
14583583771334124139229864467
8
24
7392871278527547151515475445215146446116473161
5859
17772541617258
9532615593482
125488323929596116917158763527998387752
49556563736884753236232388614212566988
1845592645485392275592878
92544577998862274137613712748476955527
41364668758185695
86596194496
81815863477655376
86558389571356229412
1871
3419553593386431738355413322577763224185494992
89399919763148193246375
35719178415
5616347371241848596
5415873532752922782997815392827187158182968964
928965326835352321215545229658179173141511823293
93659599131589941344452782757
185631757548626564319973557788649
7892455136232848154529922
6164118479329926652746716346653227859941851643388
771244191461641
844917697373112466
1
4391316658989861133469185244941749
87535872421848187517218243344643
795182428745215124553646
664787851543175266
9
61164932757841667971668577221264
51692992353623839782356548331611884
6557187584
15599866417838579772
77624218815242964761397
8611398364967757575
536476742751127184193721519311818721452
81965628523833711524584756322
757763173
925965292277371379581794446984
67829676265394753193293365939863288194928691852
81769469415766245299862929
93
79436466119919199412513935871619982773
84149329673685324793
48472275558145529142155632697466142155361
222177997668352922896256377827156
27151764718722142466588664
5644924151399883935733191185322
258212276937494398
1562294769266737188418743253613977
5728379628661433
47538233782742628244562565
693193866112794318844589588692674281851194545
5787476761994782451122761455692481
5544542775482179115968622757482
83298112422637724589913419146538967347286659236166
3981554887598466221982923193598593881946655627
96
97
47668542925
2742239863
76738868314575784259976926
15442774553647585934998389766
548
23148216115296734
58291334926557464979329577272
55122787227244
614637941841577
42
357463829473646
434754842158635598719448272779923672727
365265536866533827136856
6897613491724451586758773917214373
