100
122873
829723648943749847386144323645267163246869346
9615993636947714867298261494656181418981
16965343453762981382829829777598616844927479917
154384743241636372982
327771
5268675449875382221621547451342
41778976
17669159462321
2763627628747746123218994448
149659874894144417952645131798943272
19557
48559964
79574615984844746718678117282168
965372597834867235439663963728254356
719435474634138732131185612318678613663484968
14477646251725852661158885627115523748836
68123459891598375675996
1427164335741727995733315796854317465519
422286246873249163969398441
4724971463369489438162329447178839363826761243873
4989666316837
578253789786261882
587383382848641544731945476287652171721112
78942738
911134341539369678
16129334582257989126
46277846186122934937329153586816993613543
7731777296396145977858168498793
96819
668
32614917323549354861379367625
53125575494585657
762689267543
37837621955842195399539924381649788
596965915464332137471778676598374971
769276759361714178951975756
578868
44975169694855753694
149776
662412348965513
76519932812322411168982521945314226795765894444219
259631129415912371774763942917
5186519657186632184712426888655135659
59591543391
653843719593365475954267993531426686841
1226727685285264297797565482997641113861969657
76681689372987677566997564357466354635619852288198
371
615
5435798976545948556
678136933273556545971119993996
422523483571986189487
547117832153391744247561888927956121
17471141681921631873452354567232171782876
88277483791652285543586
924957
6149145362799213591462718956455758892487648449557
2345336798771666
9969583941889451111546235345991
2237879531
9458852282462382757667
48
67653498591244699453156425237388834192
8937899
29
946247787948291422
1291333249114627532971
5363296122581441118975513281
1771146727492142771997238755171735716191
914354266549675
87538678344471776813654959483169
6524636639979578787418588431591552664855729798888
782255276952171772948389185
73993
1385776241461529
1863
4133417177
6447477735438194122252139588
29495354841445971298822119815441196547683867568
73288553424326836337142
77413743563989751251963
975987896484697
32745326765755438484
9918391825899797
57984381699124654431894273465881993
6219352
28648987771333
828792234281938462526487596999788251354682
3261972325889183183787213937414
79382463224627998453634531351685366663545
198719974899533728525819
912257327921243693617548885313
8629436482858
735821932576212816291549367174539895679949187
391715119846519873178612685
36271442743369573462491285855471623776211
886719693953777538466527614
8164
54126759427638111777621628736216848246899978362
