100
52372693393936393456186789
588528543273876579573816819522288588889492768732
127954957327924657684744147141111435762765795
65495168198498132736996936
671749
5339667263996993633699962795492492495198765
29
6282888234864564899336663631567516513249849
2234822225
693999
8252258852528288522555252585291567351984684321384
47354954984
91945996369933366636339918732163
174741837231594411772642918348318
5199396336663334291567777111111447412345618
42465195731831597537282
734534861861441957681369951927
13669699399363634291597831232132138438199897
83576579212912375972342972372315642915588
2636696369939393691597444777477444112696927351681
937
398462735438465483129
41981957657681381683158
888554777141441714453873216822885585285525885282
6312
59543873498168792438432138195
1762
725558588552
994291237837291537594537261537597534234537237837
76789243819234237834327324955549241867117189783753
1357621984324933933819873273843212987954777415
176579849557924693939993696396
7645611117479273549
4771894867561861834567563393963135474714951
89726369333693639969636366696936637294531
522282585855
466633366399927978648612645312612978375681327171
132
2213273548678675462288888
3396367567834
6
5771747242393999697
625858582828826
32744444417144
94354323783
76489396933954351985255882855
27714767291591297564297476816213276546
8858888198339969312342972342
293639963963966669699993364861564534564291
6897294567294294477111714419279576
4
8951651648912246212
733936585865432
987381921951651354981954963666
973549879696936993814834237715345942615342945
268198734234537898111
29999186426156
447744456423456489489459786165732438498468498
829425552
69
2177474711171428224357
287327471444114778612
382852885822816579579277462135195497831564
98618328825824981
322282255223726789756873813513519549546999
555552
16369939633489186459159723756186129
496633156455882888498792
8711774471723123726759786423156
52675641711114711477744177177741414441147471
13924987624326423423843249213249579552372438165
62855288
19219819877774114417741474657339624621
75963636966675648
417776213
3135462468444741441162198498162165756789
4738882551
1
7411114174456483452498468735738
64957477442
79183183669249234861864
598131594777741753168792
53816843573849516219576549216872351354658228
29873597861597231834897867861297267291237597561831
26876123126153188258281322285243276819249516
1483483846876813489459769936696636
976273573525135432582384
55378834858222228
297228864237537591
43933618612918671144471747717
665736996993933162798434297531
28492138735762438138195198766639699986361267
216216249549879236393339396963933333393996363
6253756159123726723459189813246876453489165
68555228
761213213279156156756189
574117711925228825259726639366336
129726189483
32282558828858588826789423
339363519291891591
