100
2952395354
28967466248544526926911622713736284521842
894166469746943748
1253
868623596
18846715243283985699469526921
179148397482332599824851731454722
9232845212748536833743965535386
715415175
73415596833827212592532937985755149413479
18593472489677548811217857211287121196473355787562
731461784259649959
115715781578236175
25893134466611512
24147221733432292
56671872122184916417581752661128326559865
9599593586374739685684871644334372293887125
245746
99923523
47781497737
5115575128448989251878476169749922328368325717
13134643524212517364733274364247859953646943142745
477221884133761482782667823319469536521587494419
29899529
6652146765833
28934917644634947868331
836199232362697328745
64464635578
68623685841
647964976149929352179376191464736172455368
113739446626568
986679473112742119476464961857
121278298842452398367752925116773196764913436467
15842152
899836536892836865274212571811281796439568394
96232917973676779928653682578244
325659322833179716714967349736889826973656
96466568391
137698694487727152235862929766569298542886
8457718
461
74248817346532623827516629982995694751937
2773499497755682445443944193777611554752
7854878874893
4823671346257134643977581
932362217874391975868625326
3425679356641541823953536266
298298848338938245571887
958713355128473734478152122992392
6157968267644914871962211976388145
248515727283881191166148569763146313629892857248
27
6571977325697785779
85868949628413416
286526826379719645754517367964
7938991455631487547917274827856954511245473
8742121193763112478518749671124553958652817
6175715181578461668848574314
398335832335838811614851163
7655395937691413146446325715883644454493
3119163524277256171
363192934979662575449199749454751815
88
4
45331964613628398988638232291787274963446
64182477646719151854158388487511613476
87974395211638
2844584848445445
58
4688766567614211679134643917664
63224287286826569262
52665335914542599287766591397755623688
33953928987248875896284721517667368959
64787284248124637731158955184847663
627527191631958962228681337368686257761163712
844877526598358
6899481814343687292856221464164946119
21
798688334638815815214395665959917877218269811
5769466419169584545
98961974677842274253293655326584422976619
43947551764988955719
88779626829886947878566173956622965
663448835262997
4542712934395268695315574854151785
7362634949385118532337434638234
681
3932
684793499431617281559697155425929292218
46343919649473793737736449713413562
868923359931664374276199175218533599767783
227182779464935332827221
3683353281734737
844245488428773746119669767911436112244574
31136
759945
54514814572832644575744289856356317247559865262871
96382786593161799376197992599178548
87494317533589856974
754781524572569169712752389
