100
456 976273001 944259518
697 472762651 159010083
83 507635469 163909844
391 442853390 217571131
426 806951336 718815550
587 339220809 480557858
803 322907100 345745500
794 462136108 256941388
106 519098926 96803173
156 330156198 292882850
451 284694079 154869715
108 767880192 256568448
148 632765597 792555086
875 607241926 939129886
687 716024146 862166384
522 885720469 115147837
966 796511809 558731236
151 149413945 442864268
457 92685286 454904179
942 19077263 259134327
17 881412610 532110199
818 617237573 914398823
74 853624840 16158831
593 731292613 846426085
650 550215287 353806691
449 660798681 764632828
486 628810390 99160789
411 76872980 689300683
677 922639263 642340852
392 584291316 304200990
570 116665058 42884304
739 259341248 964020320
551 884812143 452855541
13 997046348 220505572
721 955357670 469566933
929 652012382 504386533
384 338542294 357387886
615 419599993 199228496
169 676273721 840197965
786 415395289 508271281
168 711819156 52659191
967 793028482 826431053
353 733674124 934706376
581 693591476 673458570
565 493582843 511053417
293 918004276 799305657
212 56371479 831104217
747 353035946 434382732
843 916022831 323478230
754 5939018 434632243
939 211756084 150091514
777 76144517 158060424
334 526893572 982743171
590 982803193 499461518
293 560620379 869717161
603 590421223 545853666
744 510287234 138727120
76 154117139 244990251
357 820725004 503597684
235 489225472 482061844
635 583141742 828267273
473 758365228 166481327
268 291694826 677151019
180 464922021 609079302
971 626826316 253972774
81 946415574 468221506
157 980321868 115849312
434 659803938 94487380
932 110030341 527805533
647 206373028 160910174
206 226705246 998443757
182 999964027 309191920
642 598065452 952105858
436 926802086 134205014
139 368760757 961554312
905 449368809 150607286
33 622484860 315190647
201 603038170 340231287
267 866452977 364679783
294 222139712 879722352
913 135109534 250742565
388 273638178 210710762
713 102734580 299166588
115 540895203 125488561
990 426173573 521782428
371 632508948 514625429
216 889470101 729359629
857 93211928 753679914
204 45445628 323290613
106 305695375 694291471
986 101317437 645046124
859 453304218 434329689
841 407468098 514234263
188 979864032 867285886
798 114340844 965382886
369 297585537 152807660
652 289373183 704054368
329 703430219 335303444
856 490618201 232824241
553 123017043 818272952
