412384661838133
1200683904467
3178501084236303
540077323229318
8013481119161217
7917844310840597
3312811278717548
94874404367560
3708810269970
100028734621752
360543590151372
183165708409911
1088999919908548
836814941624113
93279634761041
81250596628130
279970609358339
386643846778335
368699683906222
628687665466314
188521587626490
363467125685924
242858336824447
644186368794291
41101097790535
97274907908434
135328572218138
10747878154110
7734760986
7752140790750456
235640695731294
152587632384332
1487604789970672
275145287565056
3217308854916937
651772334392076
268928200136575
535208212715060
774444638946064
15209751588050960
433075534251594
84575308068230
92644188443845
170539295348836
72746382499024
128103766571761
281419649469088
216959396535560
595236763242613
1751486330284988
2337036690893688
16353268025234
443056431730028
690864689225984
441859813597470
305165335969121
23559699972453139
319420351492044
1566447012678216
4699620670051344
12740466713832
227992145982634
2606870848143088
422391236828868
59022631687698
56917040917184
558601673766780
4092350621984389
243954092768477
1996054442047771
3521678024488339
2216080771053349
3328912698856861
369186300193163
262843742919264
1691677475391968
7492132623957800
1089119605147098
879528890566299
186361955270856
338770358311360
764564701245360
1456054063247070
368857686770950
1246302640864848
735914157910304
534796642624254
146007299930378
772698512744256
704119627574719
40924117644408
333308594246490
285958185495318
1404403465650029
1890689764879170
1109185505040708
468857302571830
1487945989007176
284906148714726
124849672052587
