100
31939 999999911 999999978
31755 999999933 999999904
31232 1000000000 999999938
31802 999999920 999999961
31720 999999977 999999983
31003 999999965 999999943
31186 999999959 999999903
31977 999999958 999999936
31463 999999998 999999920
31516 999999937 999999907
31542 999999962 999999963
31822 999999948 999999989
31972 999999953 999999904
31445 999999966 999999964
31910 999999906 999999923
31942 999999921 999999924
31762 999999963 999999949
31604 1000000000 999999972
31589 999999986 999999993
31252 999999901 999999920
31154 999999975 999999969
31186 999999942 999999996
31836 999999919 999999943
31526 999999972 999999966
31566 999999917 999999912
31386 999999972 999999978
31707 999999930 999999911
31344 999999956 999999920
31335 999999976 999999946
31239 999999942 999999927
31104 999999949 999999915
31191 999999908 999999923
31192 999999993 999999986
31802 999999902 999999927
31432 999999970 999999980
31364 999999910 999999942
31227 999999971 999999973
31806 999999965 999999926
31563 999999917 999999917
31440 999999980 999999925
31141 999999981 999999913
31169 999999980 999999933
31369 999999919 999999931
31033 999999928 999999958
31325 999999978 999999934
31818 999999970 999999969
31240 999999977 999999932
31444 999999978 999999911
31914 999999927 999999961
31561 999999910 999999993
31542 999999968 999999963
31184 999999931 999999946
31828 999999984 999999978
31096 999999958 999999907
31145 999999994 999999970
31874 999999990 999999943
31250 999999973 999999996
31785 999999977 999999933
31300 999999944 999999962
31861 999999931 999999901
31099 999999934 999999983
31971 999999967 999999946
31614 999999940 999999914
31032 999999938 999999973
31877 999999995 999999916
31698 999999904 999999966
31191 999999994 999999925
31154 999999979 999999910
31648 999999969 999999901
31073 999999901 999999991
31567 999999969 999999963
31776 999999912 999999990
31611 999999908 999999924
31337 999999934 999999955
31409 999999986 999999911
31556 999999997 999999957
31974 999999957 999999944
31666 999999926 999999973
31959 999999969 999999982
31138 999999973 1000000000
31462 999999986 999999941
31473 999999978 999999964
31520 999999926 999999966
31830 999999957 999999960
31712 999999926 999999909
31841 999999938 999999909
31167 999999925 999999924
31337 999999920 999999912
31503 999999946 999999901
31766 999999997 999999941
31519 999999970 999999905
31194 999999968 999999983
31269 999999917 999999910
31701 999999983 999999928
31198 999999982 999999910
31965 999999905 999999978
31729 999999905 999999966
31039 999999900 999999902
31221 999999994 999999971
31179 999999915 999999986
