1513473755534213
65722658846420
58695487424137
934425053393593
3013923732133
18776208349247
1249998634380
1120519006017720
258524558368311
384458869386648
414943837356090
30207534965862
902960236274280
12474807087702
595346779180133
253646622597178
4275888421919
190354039757808
1815207885454821
683880097885103
814863604027203
30076718392957
23284674555449
1599925604251273
451842643305603
263727618947823
364395675683093
973385051266667
128675133734145
307128696231160
1487199512299996
2866852433552336
2862145128590295
573101992910868
52378374778984
3105805652964816
214180903071137
189924254447476
487791592098084
4334150890731102
549684628481200
759064388742352
77267706154896
304263967350732
32477779395738
598267018872711
789968624156630
1775357797278825
894534662194326
1427892409678726
1068135588826391
451348759449156
8456352822355
8377705819044197
521477184392395
221692538209410
865625820620879
383587850307634
619398571028936
196414010002682
1759575279068000
136095582950628
525337004165467
653449871290827
97482577112807
8126771168641380
2354861991695044
1331768992220340
275580252165060
550562974566726
839519942354392
7273923902477813
269651501183805
776086261727157
1298890627217676
20672993663372
2983166316868280
1817028671448256
6308722165332860
5641383390568
155220386286012
1836457966990901
1211591424168653
5559051833424
42122239817782
527444084644828
514014917042876
300120671552245
2585417581205461
146864165980625
800859051758266
3100571191601208
423368309017549
7792029888967225
574650359713465
186194849101052
778862669422925
21895949061692
95278773718062
1137664278796845
