100
905438317 566628707 634018401
980639246 242880554 961263466
983715401 434461561 713733576
996986059 883823916 948541331
988767201 64151979 934593056
959618939 336218911 664845134
974362240 886393440 916586896
997774118 479886928 638349623
906539152 308601791 884597483
913742272 453671283 533923069
937154547 834327576 638819532
938510602 480727138 684644186
938471526 476806699 650101514
994905082 497450384 788181032
947813796 564554279 611965697
906133800 629550604 871773020
902773556 627286465 388338443
963356846 10411337 957574110
927910657 614294632 559147424
904982754 353659297 607908073
913066367 386024735 703892113
903031093 61388899 845295297
981107254 16471530 980106004
919770042 564260759 399771149
917384935 319858328 793135449
900596613 779601780 885561935
961894276 201576343 799568357
997092676 675877767 581746980
923983645 378224257 911428927
908026823 6440114 902305427
903134500 545503449 759829419
990091106 777798431 484760624
952035615 371696549 899807763
907232115 619012516 827175864
930241269 924710725 413925480
991527129 367068531 650726949
961110100 232952210 782729873
999350826 776088103 415683514
924684592 570108107 906878978
994379746 622368886 890151417
986710342 191473693 797194686
900094730 888340192 328756569
964844207 737964291 957152448
911971610 524678753 445080118
959407994 693429559 479249923
975537772 529241494 768706974
981426454 486391540 789670802
907371280 548347063 628629521
913826176 14115031 908844817
950589605 919167448 802220435
961238576 463830998 943498048
995616273 811053246 596112085
968240200 516284389 646960701
973289847 857330164 134535312
981436629 555327379 610990174
995850972 815785771 214260979
975610164 197739748 848857113
933211582 88263204 905772891
964849048 856424111 857663285
945571131 879114651 766055699
996274331 857392488 916060942
953829992 869664663 668899498
950024792 226222015 744583233
938691999 175786408 916312679
942828407 792798692 507953165
912427197 781133131 434255299
939200869 404671998 616036635
984424792 266292004 762317227
950013346 365885940 893441926
956162470 606666501 523758698
988963567 584744864 566588748
909882556 99102528 889219540
936079542 869815503 66759499
903800449 27724239 896713175
973151462 680357065 543476080
979652489 735995503 445294412
915739744 883833089 41094505
957710213 389520193 709933004
980240404 803297316 711172382
947151086 221125025 839625217
972590140 719161549 353799821
994782018 127132496 932387232
929959241 603073445 742483381
948788247 344028685 849175774
916999181 515571931 821851315
966686321 136243597 921567118
966621476 62100263 910594573
960754895 83206567 910116129
945383554 775837544 888342766
918046329 16668202 907316041
935824061 687963865 276907167
967407954 562908104 922957048
927824092 488453779 814920302
919022020 412327626 805314705
905628449 449000802 734254428
919650448 132289001 891130693
922867230 184122803 824007704
990399598 140074400 968523323
958994254 888780919 467468984
971444188 608455162 909933989
