100
31121 416073793 724039352
31361 228462215 5207721
31179 420049207 273192945
31242 322544514 78753900
31343 517673708 576682978
31581 377895743 639610244
31973 446016192 519497910
31382 977768706 2290933
31736 683036755 224159420
31824 290233806 775996455
31661 873527059 400337187
31319 808138038 402920081
31263 716581407 982272796
31013 334392866 498319892
31092 180387754 111032045
31104 825246035 9799789
31398 843660276 742029358
31125 166223901 148317986
31697 587370602 188475637
31169 112492841 572460912
31494 82221376 535655239
31027 766086655 714149158
31142 569578374 804368542
31070 997264467 477772137
31002 869535608 470146148
31505 504087987 122842642
31427 223425592 896756184
31690 731634215 878266521
31140 118871042 237739726
31096 577515004 534154552
31222 431470280 808591070
31427 844267994 730691798
31712 861597300 396544013
31786 44269720 750726353
31521 269085905 508497208
31927 467029900 239104787
31477 298667884 903341427
31250 914092306 64720018
31041 819329968 460199766
31510 671479578 43424323
31795 483928174 589972763
31344 304632973 819772114
31428 504852982 158904743
31628 954386652 21032691
31133 24973418 880266574
31280 293345759 980300378
31585 4391711 612244421
31936 160090311 42956723
31185 550616659 697779266
31306 932220178 865241281
31382 121394376 71372501
31924 123278085 61873208
31002 149404488 697953700
31179 31732680 717620259
31605 273736023 488530546
31120 365533590 397434262
31610 365282409 449812240
31907 489095474 169333165
31437 287095561 822245753
31541 896278615 592356047
31928 768642865 869645545
31174 476436660 887659247
31025 522607125 998699568
31688 437786783 396809737
31990 331436484 428130944
31938 836537558 960673673
31510 184746781 502265455
31200 80924101 656797751
31419 608198743 993195999
31771 392636774 600092977
31141 807754237 638586655
31581 386436693 681424294
31097 579500061 570202852
31071 816221466 71006577
31854 541654933 469644197
31559 217879818 992848915
31509 78485160 292466794
31230 642271771 198781675
31052 749860376 468235491
31673 531219989 969404278
31186 88946645 263317734
31312 612657797 203263782
31848 533961191 339564416
31432 786326614 907479162
31279 36830834 855086230
31144 252393657 692966590
31431 379809901 372269033
31134 975235461 91222951
31843 873964343 757274589
31224 297615786 617868557
31671 697438215 565601175
31228 865244511 875216303
31589 279987129 630976405
31283 91056407 567168475
31812 617248473 881016499
31837 419696300 203981212
31301 147811324 105067446
31662 161305259 463185808
31927 585720437 253921646
31785 6279357 281052935
