426248390787
9029959885565
790751850063
7508290040020
1054793793850
20405593343200
6747798807820
12150926188690
6610645405966
871242902999
413305973243
540725830510
5091201395507
10108845684902
4861693544646
2529089277404
219685411486
1676623381984
6224937019603
10951908447948
1435440401861
9571848175340
7634685709380
823268998856
366158693210
4673028767760
6228941914147
2753787405604
28084429984737
12893845220125
5703459257188
1419526223970
3945622986236
9464660175094
316027044521
5784026397608
15113777212181
17106107626367
20288642830645
2569200391144
17780253663931
3358687571235
15527401440387
470488599450
822161915602
1531160986169
18957204255662
16769123479460
745416371505
6868460352388
744051276574
15165884879674
8980262856344
7207023933000
13385918280717
9561851334756
7808379434289
1652318792634
15523155880272
22888661435810
8264075929380
6262791659896
590640442082
13225720043286
1073223329976
2952484423110
10021605704358
89376717226
363048321207
4464041276557
9552564783748
3548770046958
7326230719580
15278385035096
7383642217659
4776556210608
1597919995704
5973150999601
5987843966442
17649608024943
23557977398165
10136711388988
1836672986560
14980106052600
424394032563
8302488228381
6258578545894
6653674699903
10650021926745
11532961513154
16412011977704
49924662489
366637679617
11805966161638
5447430195369
8321809549252
266106452180
17069655060576
2489334425673
286945299212
