39255325396245
666121392789306
870025443244726
1000351853913091
194438475025060
449082144176212
626681801913504
550044667604875
85556870803560
560047756544992
192564113212634
354958281915359
14295408754484
698088214826290
628627207864175
848931725061258
1359619745450066
2307680546591690
692282881762516
35597212713426
4604775913285359
582559432452733
17867516068344
339516736093860
541245792872535
452518097467240
539681012646506
712179071168162
73772553146060
25793686301159780
1331408695127964
287194873265262
824295138132648
2915869405933272
445948099640640
120262281026330
835858822967132
423602905760816
125613625511214
1313930380524924
10079489081758
266580934941270
6844286060286528
889930712228256
1004409527467017
354763807687656
257068955538020
352440959863759
7395400987545646
184742838994076
857565073883191
542223293978168
64387637924726
135903030974445
789083320986413
466481918469080
616227576589808
625859538505678
687936141004128
830742047130341
44445768676580
300834181990204
50212826420916
252421559303934
151315598980484
557516111903854
3910163131923618
5576043841158
690252078962848
967979839120664
2011953902884032
31168061844336
3719742521203608
710199004102658
245952799104699
852665306646654
669988202430624
548542021977427
338389882693341
401430067587540
497609054226
1040423061676991
241123969532323
905473184149836
75254206836576
1701687383693683
534884923210806
422532376228837
1619729821426890
17560483592108
435887022580026
60029027521428
841786547936448
2322433621182384
1136740328710164
396344054661876
2579067890926856
297272451759800
226539906778548
1159588338114000
