100
31991 463043524 294921849
31508 777911934 582541494
31450 627124862 623589999
31503 861544446 441671912
31666 502001571 944881585
31803 283849981 706343414
31174 261938395 204897369
31060 355664498 808765662
31450 378022577 12922003
31799 766696210 833578203
31779 233093233 264508104
31707 996437587 145114999
31232 791629241 786076420
31652 342022221 672107969
31918 337562462 28820039
31867 556513733 571847985
31671 390913869 861155900
31020 277019658 390505674
31922 727900983 94669831
31214 710579753 169177495
31826 476724553 825150991
31811 760253494 236417558
31867 41371871 398050587
31074 78643958 90659115
31084 459089660 732212327
31891 932375366 252416321
31941 167768830 93382160
31556 6541538 459639680
31157 241590767 933281678
31210 277666471 866786359
31708 2723399 145538175
31248 453492591 382000639
31853 585540825 557254872
31829 906120628 899962653
31852 451574186 375594462
31538 969889703 437936337
31673 439180029 504676793
31174 365200169 518077289
31179 849003009 509720245
31852 18764208 47934932
31687 893398470 108363043
31189 185032162 719711243
31276 756638638 103333109
31518 366908592 45788103
31503 263458722 78076943
31790 336684103 897758950
31567 271446909 597498540
31526 612980645 643439999
31296 47237928 857255465
31867 838069254 252287524
31082 785101530 485997169
31820 658916854 124503850
31535 675043390 616316233
31855 397951035 339654114
31865 753486980 964360015
31969 79372369 502733927
31918 654283971 310126107
31339 493438055 140145831
31736 824145956 285287555
31058 664731330 545273483
31723 808109469 931253978
31036 529793520 867823164
31900 834440784 399132434
31833 249330932 12187831
31061 367306903 206234827
31916 852780161 421925746
31130 986709175 467136518
31489 436682304 400461339
31488 964865299 690273366
31444 923479642 877852972
31259 958893668 769560165
31424 582810829 896883968
31804 181674971 148772771
31265 44954969 16230772
31063 919380073 251578739
31324 888560839 118114488
31112 794901478 207378498
31893 697713447 342134371
31545 946176109 259193494
31030 64737923 811769220
31370 576635170 800240950
31914 252404414 18036566
31650 592421999 600938161
31167 661855970 101260046
31749 171605100 954659562
31100 111209407 493973555
31122 805982924 976349386
31665 986653771 841844282
31009 35497992 785165057
31330 571296772 308239244
31448 779444024 857712047
31120 984303072 259414466
31201 447351740 718880643
31803 515771061 967500010
31670 50529242 288288543
31232 348212322 788633030
31207 860029742 896271909
31691 980409670 946854987
31463 959035165 940830052
31134 987421550 768848030
