100
999999958 999999974 999999921
999999968 999999945 999999904
999999987 999999957 999999930
999999998 999999969 999999965
999999944 999999929 999999909
999999977 999999936 999999949
999999984 999999911 999999998
999999988 999999985 999999981
999999916 999999902 999999934
999999904 999999983 999999919
999999955 999999987 999999978
999999919 999999978 999999993
999999907 999999951 999999934
999999929 999999948 999999912
999999995 999999958 999999990
999999990 999999942 999999962
999999909 999999943 999999940
999999963 999999954 999999974
999999991 999999924 999999929
999999927 999999931 999999990
999999963 999999978 999999951
999999973 999999919 999999967
999999914 999999952 999999949
999999936 999999978 999999939
999999978 999999908 999999998
999999989 999999938 999999902
999999939 999999985 999999900
999999946 999999983 999999918
999999965 999999962 999999977
999999951 999999947 999999964
999999992 999999936 999999902
999999980 999999911 999999943
999999937 999999939 999999908
999999963 999999908 999999984
999999957 999999908 999999921
999999944 999999963 999999947
999999993 999999953 999999983
999999932 999999925 999999918
999999909 999999923 999999995
999999924 1000000000 999999941
999999937 999999955 999999946
999999933 999999914 999999983
999999971 999999948 999999942
999999930 999999981 999999934
999999958 999999999 999999904
999999966 999999933 999999941
999999981 999999990 999999969
999999977 999999963 999999987
999999967 999999916 999999961
999999981 999999964 999999948
999999962 999999906 999999953
999999909 999999976 999999957
999999937 999999939 999999947
999999907 999999940 999999944
999999921 999999980 999999932
999999921 999999905 999999972
999999932 999999943 999999939
999999933 999999909 999999942
999999922 999999964 999999925
999999938 999999922 999999953
999999935 999999907 999999914
999999967 999999973 999999914
999999934 999999917 999999912
999999970 999999959 1000000000
999999918 999999991 999999905
999999946 999999916 999999930
999999942 999999944 999999970
999999956 999999964 999999926
999999900 999999972 999999980
999999902 999999933 999999995
999999968 999999973 999999903
999999988 999999939 999999934
999999901 999999994 999999982
1000000000 999999918 999999918
999999968 999999958 999999927
999999987 999999913 999999904
999999993 999999978 999999960
999999903 999999989 999999966
999999930 999999909 999999983
999999910 999999995 999999929
999999939 999999937 999999991
999999951 999999933 999999906
999999932 999999939 1000000000
999999996 999999996 999999948
999999923 999999998 999999984
999999995 999999934 999999927
999999998 999999982 999999985
999999934 999999991 999999965
999999957 999999932 999999929
999999919 999999919 999999958
999999953 999999985 999999967
999999996 999999974 999999926
999999917 999999968 999999954
999999983 999999944 999999921
999999921 999999951 999999955
999999991 999999927 999999987
999999954 999999901 999999920
999999963 999999990 999999964
999999934 1000000000 999999961
999999969 999999912 999999954
