100
884 577853775 682504805
407 346071864 540833232
904 565245374 684195626
254 519468791 281629937
252 240669034 519798926
131 689309272 932011835
782 323611539 762033587
411 793068290 421093936
19 332830949 583445077
309 543451395 795079131
896 40516409 271316679
844 557127386 300318378
589 956965209 533336727
131 276643453 757026326
232 468839802 943705422
581 727862529 739378603
55 426129428 608679457
925 462592722 143668003
818 111979888 248542978
292 735396825 644817095
623 443152974 525678687
670 770967888 34342632
898 440354789 675226121
644 381460354 128652690
928 480684144 132366576
412 939470870 739302234
4 331971091 547693801
839 451448399 749342664
350 587815937 583913363
406 329503808 713538206
268 313045630 37560278
925 959673534 482242366
101 735413839 498354994
659 630968444 709738060
35 273453888 266911427
747 495806368 113541701
26 526515558 537518244
849 878420311 705058079
899 527332714 593577345
469 244344750 854956075
867 799856075 796193821
864 225944832 948300288
100 698445011 205473689
914 916575929 3091785
530 642104547 638317683
114 275287662 101273376
539 880768814 759058375
486 592708275 886417173
58 964653980 224451638
494 160269923 806260837
341 513307220 927893816
141 196646898 6100386
917 872552674 213399074
125 278997882 979891493
637 259753500 438215681
5 701214562 972619713
195 324955506 726144024
286 152369151 559668175
138 144913456 90918470
968 726850737 153639159
941 571539342 909349998
333 163926776 385079668
485 493398643 66145372
778 528439975 864616483
197 814190712 286446318
150 528914001 837111399
45 369180910 537893585
673 138708368 812328795
526 538838616 999897062
910 466629017 356066493
81 145937349 19487817
278 798954067 13222933
257 609429048 919522034
81 202145406 942500586
620 98138800 567762280
717 449100651 833519856
282 873899964 357588960
674 64184389 972652727
671 198378646 417624852
921 153731861 346951369
618 242406253 240373493
943 324467079 794176101
591 129509283 239829666
481 608835942 461863324
772 557067078 364226914
705 859080816 731648049
300 340166993 12881407
32 554261795 239957789
972 736102291 874828301
993 454351525 400761488
748 161208544 37834256
424 643613710 705417338
452 29722309 24042639
319 676067603 322703214
397 448404868 886342480
857 269390918 192870597
617 845770584 548142859
808 238723037 130146739
53 276827794 65826110
179 27710678 838817582
