166666666166666666
111111110888888888
166666666166666666
142857142142857142
199999999200000000
999999996000000000
249999999000000000
111111110555555556
166666666166666666
111111110222222223
999999993000000010
249999999750000000
124999999375000000
111111110777777777
124999999500000000
166666666333333332
499999998500000001
166666665500000001
99999999700000000
499999997000000004
333333331666666668
124999999125000000
166666665000000004
249999998250000002
142857142000000000
250000000000000000
142857142000000000
142857142428571428
142857141428571432
99999999700000000
142857141714285716
249999998500000001
249999998750000001
249999998250000002
199999999600000000
99999999300000000
333333331000000003
99999999600000000
333333331333333336
199999998800000001
499999996000000007
142857142000000000
499999997500000002
99999999500000000
111111110000000001
142857142714285714
1000000000000000000
111111110555555556
99999999300000000
199999998800000001
999999993000000012
99999999200000000
333333330666666671
142857142285714285
199999999000000000
333333332333333334
166666666000000000
166666666333333332
999999998000000000
999999996000000000
249999998500000001
111111110333333334
124999999500000000
333333331000000004
166666665500000001
499999998000000001
999999994000000005
166666665833333334
124999999500000000
199999999000000000
166666665833333334
111111110666666667
333333333333333333
142857142000000000
111111111000000000
499999997500000002
111111110444444445
142857142285714285
166666666000000000
99999999700000000
124999999500000000
166666666000000000
142857142000000000
142857142142857142
999999993000000012
124999999250000000
333333331666666668
124999999625000000
499999995500000010
999999995000000006
166666666000000000
999999998000000000
142857141857142858
333333331666666666
249999998000000003
99999999600000000
111111110777777778
199999998000000005
99999999600000000
200000000000000000
