295208791
223504774
164479736
835379188
9977834
41445106
828618096
120462433
286660122
73852080
535992561
226860722
188436687
290726334
228706180
595189824
112851352
4628601
245531399
56584616
176850481
3653103
15470280
44261866
195608842
764567102
39250424
260532071
365669539
718718
402198368
272467949
319468697
538956265
408394936
26268351
54571983
192420791
552302493
518140557
1958037
317002031
730272532
57787261
213271488
322410696
294635888
269605304
9133672
770798278
446090470
411549058
195004890
18575629
184880924
34195778
70986697
60824513
749238348
699599219
777179099
584734169
20780456
153407088
357923450
302961233
81507764
44184439
309314520
174262729
162370045
78439512
495460
20636965
250681683
201637426
9187850
141742984
534229294
113599156
100371230
64737710
415597585
244416212
420424065
91124394
6073360
32567801
718796756
5937914
29046971
518457198
375549989
298620311
277626781
103769246
85263277
118198125
397255649
546944963
