19294754990514
8213089757096
28192538737100
1555797329349
6091249109372
269039080071
15073948563162
14527150438720
27412891186718
7347593701974
10526814391556
3260998092891
8198040719513
9756212448969
25485851258024
16689251011162
9686889842247
699699025040
1887687335784
7854429975135
10667595267086
16216839933388
12996988185668
11412017528393
6827530111196
23389312223780
1502057869338
4721107180542
8641548340212
308528561784
10490350677144
203103854728
28134395373093
4345877234174
1563872329754
14332109149584
7680107520684
1396479214326
18662630771675
1034227121610
2610604861825
19916280187818
5628601572684
18454702038802
17146530014570
9978520816156
420442481020
21081309087255
3321714849887
15900218260676
227477463583
6183775329518
6351058050420
9800151141212
10932924482614
7028525997636
10580630283598
24801748049858
6881894043928
4770001908760
6750062304304
1390240081870
667524297164
9894186096428
3010294917170
5277193382587
12414673541250
5259127765586
4234115759764
15991928432559
2775171813252
4123147316326
24720356690721
18898638656262
5167208719260
12311907938513
21389855323425
8239773109858
1056895590958
27777226016041
8782952442124
1104157336854
19999438330369
7993385532315
359437061660
3272405463150
23030215418727
8851646697026
870279511368
14298328094975
12053831845998
614808155255
9296026500372
281952338970
8420177172708
21120268718172
3033082376534
14007307649840
7122994693220
6274798979020
