999999921
999999881
999999900
999999936
999999894
999999908
999999911
999999978
999999906
999999998
1000000010
1000000052
999999978
999999914
999999953
999999914
999999974
999999956
999999862
999999994
999999954
999999913
999999987
999999981
999999908
999999851
999999907
999999927
999999971
999999956
999999846
999999874
999999908
999999908
999999872
999999966
999999943
999999911
1000000009
1000000017
999999964
999999945
999999919
999999985
999999904
999999908
999999969
999999963
999999910
999999931
999999897
1000000024
999999949
999999977
999999991
999999940
999999950
999999909
999999967
999999922
999999886
999999914
999999895
999999978
999999965
999999900
999999972
999999926
1000000052
1000000026
999999903
999999885
1000000075
999999836
999999917
999999830
999999945
1000000052
999999941
1000000014
999999987
999999888
1000000007
999999948
1000000059
999999866
999999969
1000000022
999999904
999999958
999999999
999999904
1000000005
999999882
999999985
999999923
999999867
999999991
1000000027
999999897
