2021612002983845
107853699246489
1002487355815142
246424841251854
1361617766220824
277709072167050
139033221348696
149548983670464
474060595638588
619853129585910
97761620569641
1824202121401680
3388524271271454
651747475129918
898590900747442
195380835616741
460699821460671
438212565439844
92260227424957
5247955104514
27588743488718199
689977151910221
186399723337319
1043819803391153
299492076970892
1125319296640753
128299041983021
128926028268218
875404564673660
453423461162228
8777368093672
338308840170712
727208859712470
16911867328942388
622197463273006
354000285069962
315080507224546
135928903295854
3362152687379726
268617678958429
223117981507501
677749083183288
1942690882745074
803967510483882
446455218562326
2504320856508435
220993273185961
205291457453384
351498747344456
3423459833471
33847488015116
15489619874232
1550302574032306
831987075713577
1664099537278569
534466980196930
95148761217148
496805217986994
1157745689678652
1003561417719533
760625543966598
266921034900832
737020330831808
1573191000195036
163951409156216
5470766979754741
723373337237898
143647800496062
62311827014642
51325378430256
1098798240523527
1698795590324507
886949564356064
285278639740482
2550960402803833
74782559929794
5945497144578918
1020758471090670
1183437766412201
664698196983796
37105926737169
148604404635742
43106246519148
590227484141497
224616042090251
877372476309516
3003442513296067
81974279905164
72020318305337
2002280109307969
66282373256043
229200791648598
249148700441023
4520331091237502
138324177905252
123234009644476
312476155633762
716907522931184
133443703584776
182028063149946
