100
631 272039989 956531143
821 69575147 14168299
218 861475965 804332639
827 530223810 842368709
43 752573092 457868733
93 762953849 965142940
68 226545527 994374817
98 592191100 15700492
807 45069813 66408305
742 615697722 120548312
996 691128556 519587004
593 521891475 208122321
175 219633824 867694158
629 703448022 748252297
393 52029906 704573567
544 74814437 590799401
280 406913914 192649521
394 272561879 558910425
945 663457136 525160078
798 617373032 812624995
479 155107970 582186979
984 635532862 562758707
299 396905591 182951927
657 555313401 762147003
776 57290026 556719103
637 345587300 179300907
783 211581071 500811682
297 591416850 5397411
494 52819629 72340
28 576563032 376472181
908 496307132 431107550
822 206814621 606470825
312 608470261 762786161
475 223922856 583656416
160 583239875 882603263
858 863956423 647278784
749 812056411 248045849
811 791487608 548402598
400 624010922 496430182
21 968772247 329700592
865 611525086 612583761
719 161786108 375864450
301 63697715 437784946
455 87960986 882156771
677 188007997 261953224
597 935769538 81727333
282 562326254 141128643
796 572891646 301452606
332 328853075 600932819
356 814113728 765899299
93 324785807 669193073
303 6539225 757741202
441 309221599 631870112
817 858985736 657096419
465 274890106 747443465
638 848952267 229336197
18 861300358 492365521
222 105273402 673591968
110 333783352 516230574
166 858316728 908915096
832 377392132 28087677
466 136035850 781002508
324 985154572 857353941
483 592812096 344147781
433 763867973 33457090
683 442211108 87909006
630 414546683 848925028
136 646853710 860410439
708 545200870 316799747
247 826113273 596801266
144 939304476 539890577
127 810323903 347320691
106 771644719 457289135
530 260929140 749892247
994 274368212 952248362
547 944689513 979525618
93 950705863 732895800
801 888125986 982275958
178 432166559 362258808
867 192718977 838401167
43 511103033 28501348
594 965205485 470523054
64 385469592 241750483
989 663866435 549508505
122 349639408 434873526
502 774294252 477116944
310 292641900 566518189
644 105874332 888116122
56 379068116 114151296
273 583168557 329621095
988 195138280 207201930
650 247972365 873688430
617 841407120 209691832
246 811244747 425868092
250 508373319 929774289
254 456808504 616742280
561 268831706 978414900
207 893494271 344719412
730 607704938 342240906
816 110337319 923326154
