32133673743498
31586591169459
32137803893924
31498042553798
31268559982632
31861338172654
31678648426458
31942756434625
31488125448192
31303800969168
31728905193748
32205078773430
31690697034040
31513925910586
32218569973007
31504988658200
31344027990192
31908101658888
32155371776110
31489117579926
31950920473961
31256832712536
31432698337499
31383374869935
32187456379473
31514920330080
31937655197352
31855245665760
31517900970444
31539767014020
31275408576600
31355822744532
32072865646203
32044089947508
31723874182616
31641562422782
32030745449643
31461376745475
31787403218095
32119224254858
31763171297859
32183310823414
31367627505000
31914211845132
31308700529415
31880638214412
32054361024202
32180206338160
31944797404810
31730918387868
31440605101040
31533801556538
31325374145800
31886736740928
31412950430286
31832938116648
32245577029218
32194710663535
31738976862269
32020487344400
31730918546523
31766197012732
31568644406784
31327334259090
31770236527650
31699735653700
31367624525040
32138834227038
32026643219220
32027669086704
32147102452489
31451481326104
32237263408527
32210266988690
32007167620659
32019465428184
32014340404862
31407031626849
31299880778300
31316546154036
31756110066296
32018439799248
32124381825864
31997946147366
31304782179810
31998973376832
31897921977492
31326353952474
32126447804314
32212339514480
31931535836448
31922361708182
32233105627541
32052306609432
31393227913180
31918286081034
31984641032345
31336171000552
31993855611078
31794475479270
