100
914424832 195568934 577322573
926466978 433268832 416951653
909055108 618065316 189770601
984904857 858227398 46023636
969444339 833938887 35595536
944252677 731744500 205677543
913488744 683340200 92363438
966647831 12622421 938065821
959540328 869623956 4094494
908355453 285720809 237151610
900386648 758740431 66372550
999570769 883767427 57991570
962705813 212627120 508157837
910930888 118607725 432133222
908167126 583398692 63815469
968471677 765609148 77381022
990149530 214834750 553299349
998221522 592231498 48816891
950215017 949563841 261425
981140349 639025975 21463063
941754622 909462287 19623134
936976072 696764040 27235858
986691663 28070724 725264940
953587568 512382787 339386048
997211390 466871031 316291265
964133295 353555526 25964874
943254571 320077290 565735563
922266312 174541393 555294062
903756361 702578719 103561833
968470737 409124449 148510759
964243404 564704462 163906324
974302289 475265307 54335067
979084125 636307121 144899448
904273899 556519707 126479093
901372604 557167000 13236258
962816966 249484577 688718123
951497592 891438311 52877835
971393396 913709031 1187748
990206836 8082829 25020598
983707938 193522746 450408583
953494982 93606657 115044745
937955168 685792619 173458297
950267525 602189093 343094838
931747993 465111671 208981953
900447463 587477911 80556102
904465882 455370176 413413876
902944027 853340351 19898498
985506248 535116331 185816488
954331673 798197894 70672150
912438726 121099909 374092980
909006745 766659100 75208950
922897750 101777116 130367883
914327790 687277385 87883753
978061403 145380600 372221285
914008369 657769446 147273832
991828597 872455481 4550011
985519839 654692226 282312060
920843245 300232747 316997312
902369408 89218862 768604523
924136451 847078944 50995659
928361915 306794256 38509080
967753727 776013168 84073777
927694560 693001040 26009563
981116687 575231666 325701889
912012674 589180674 300214439
991689639 681795525 298011885
978035959 281426839 129484112
935584930 438164050 139250577
904063404 474147608 55628648
938577021 625800488 278775848
960936363 882280449 62635732
907586408 605922900 58920170
973217179 890704130 59230845
923299081 792930399 29299036
953773750 619657169 68021313
995711083 803413701 42707906
957278058 250328102 32215986
960386294 501907143 286773575
961767003 308014446 443656301
947153469 58607745 842676199
940644491 658080413 145574748
979548828 767957874 88943064
959991452 121160838 429379631
995434348 399109415 449653112
943172299 543485853 315784038
938561986 654230270 145287343
962360194 3378553 187054158
984713715 199594471 431311726
984299254 624929301 7451662
953420367 724230294 56960602
997477463 613264330 24582824
964125386 237712526 594572191
932671238 929125921 2889298
925466344 584294899 271286614
930441914 216300101 82754360
944406743 431760175 210104790
908410184 292446274 97600022
972144809 539062459 81101825
932560220 372467191 217927334
910387451 859735987 22152488
