9680080952048
37937802470
3680505464918
813060570720
9524730099928
7653525486194
7246879540710
71378579870
4824461895709
7077061481145
11045303861766
10396725429108
22514743376212
5373057003144
644179247447
260006332424
19938234695164
792096196005
3492603345242
2066083426128
1398434962078
17633033796445
14711673181182
15335216461518
13186530437766
1965513413313
6375354984222
20276738295417
907526293850
9920319920028
11174268635206
19629608245972
10773878995085
1045568657120
4340897541156
3497637885052
8571308330760
1893122254726
12147013933295
925374359814
8979538976930
7967381836064
2552613377817
634669266005
706108150396
9193317084425
85129034583
215335516931
12320310660621
25764881519745
276088845068
238930287786
3363570581350
730363832595
4231242167832
4668238192680
5197991096770
2595671311366
7509085014331
16832568949572
20936070003071
13566222070033
16822804508142
5482140179541
4435705364012
25162490082714
2944840555954
1703550236894
19225963841403
7416152169094
16564049840764
8338157458313
10625867043596
1865311454808
7985970234919
6854518230105
728499892560
4088115862040
11307202154388
16258861803014
751017410007
3977105926267
5693111654042
22702183017034
1006858876697
5615860897610
4498471717771
2857450268643
20784190830759
5889297850263
12455302127067
24249907195411
5592619958143
1650875022260
17094369693575
2689014665746
496155334724
2359746910451
4658348649636
55524037699
