2673796371657705
10416665864583331
3124999825000000
1550387413953336
2242152242152416
1745200638743393
1057082441860276
2463054009852216
1034126044467418
1455603917030552
4048582489878542
1291989523255690
1083423511375776
2066115421487520
2020201814141416
1862197260707580
7092198163120554
3300329676567660
1221001078144064
1024590054303270
3267973303921538
25641022641025728
9090908590909095
2304147124423938
1672240643812667
1293661007761966
1071811188638736
1072961257510640
3968253452380948
37037029777778129
1560062299531904
1440922059077802
1234567816049368
1855287461966480
2824858615819176
1526717425954043
2785515122562660
2183405757641934
1142856953142863
11904760154761966
5405404870270280
2710026959349595
1893939236742375
6802719836734720
2341919934426240
3759397954887224
1071811177920626
1655629069536418
1243780884328367
2906976552325542
8474575754237294
1169590549707465
1230012115621128
16666665000000008
19230766942307753
1322751157407369
2380952054761896
1210653604116142
1222493767726140
1694915218644035
1362397682561266
2364065973995274
1934235831721468
1027749190133565
124999985625000318
1459853861313868
1404494249999932
1182032977541373
6993005930069940
1605136304975840
1082250964285717
1438848696402861
1661129476744050
1703577238500780
3861003505791488
1564945109546150
1111110948888894
1408450580281602
3048780219512160
4854368567961159
2298850257471200
3333333299999970
1364256312414624
5208332713541678
1727115569948116
4098360446721265
2890173248554878
1037344358921024
6944444354166644
2739725610958908
2049180075819660
2008031875501997
1607716813504828
2202643129955937
1589824987281400
3194887958466454
1231526976600987
2150537305376254
16129031387096780
5076141959390864
