100
31120 999999994 999999933
31659 999999917 999999973
31116 999999916 999999990
31748 999999905 999999950
31981 999999908 999999909
31386 999999987 999999973
31567 999999958 999999937
31306 999999934 999999999
31758 999999957 999999931
31945 999999966 999999956
31517 999999957 999999948
31051 999999991 999999910
31555 999999962 999999983
31732 999999973 999999924
31038 999999997 999999978
31741 999999921 999999924
31904 999999965 999999904
31340 999999933 999999973
31099 999999959 999999948
31757 999999982 999999925
31298 999999994 999999915
31993 999999933 999999916
31814 999999951 999999914
31864 999999922 999999935
31068 999999924 999999971
31731 999999939 999999998
31311 999999950 999999972
31392 999999933 999999939
31728 999999980 999999982
31706 999999921 999999932
31974 999999998 999999916
31892 999999929 999999970
31179 999999944 999999934
31207 999999948 999999967
31522 999999976 999999986
31604 999999989 999999950
31220 999999911 999999962
31785 999999911 999999949
31459 999999986 999999932
31134 999999931 999999997
31483 999999949 999999973
31072 999999906 999999928
31880 999999991 999999974
31334 999999917 999999997
31940 999999944 999999951
31367 1000000000 999999979
31197 999999947 999999954
31075 999999929 999999983
31304 999999979 999999959
31515 999999993 999999900
31806 999999913 999999973
31712 999999956 999999959
31923 999999970 999999949
31361 999999988 999999963
31834 999999943 999999921
31414 999999977 999999941
31012 999999903 999999932
31061 999999923 999999985
31507 999999970 999999974
31230 999999909 999999911
31515 999999904 999999994
31480 999999923 999999959
31677 999999990 999999959
31921 999999901 999999936
31476 999999994 999999971
31546 999999904 999999957
31880 999999918 999999952
31115 999999903 999999924
31224 999999912 999999996
31223 999999958 999999954
31107 999999987 999999929
31795 999999946 999999903
31020 999999970 999999941
31046 999999949 1000000000
31243 999999979 999999959
31231 999999976 999999949
31236 999999975 999999962
31840 999999964 999999923
31949 999999913 999999978
31932 999999985 999999967
31490 999999988 999999918
31232 1000000000 999999912
31129 999999935 999999947
31252 999999906 999999907
31944 999999965 999999997
31251 999999972 999999945
31350 999999929 999999925
31922 999999926 999999945
31127 999999988 999999953
31044 999999914 999999954
31317 999999945 999999963
31326 999999973 999999930
31024 999999926 999999943
31199 999999965 999999949
31854 999999934 999999948
31330 999999997 999999906
31265 999999901 999999901
31912 999999948 999999941
31256 999999968 999999983
31452 999999923 999999920
