100
31422 915607638 770653992
31125 487876998 582231627
31643 569581412 686012828
31890 684020484 297617496
31825 662098968 387075807
31344 272589764 853756876
31350 408156106 135923144
31827 710906562 487698258
31827 925101700 177449234
31815 962258512 798892628
31950 320948351 457737049
31392 575201112 861202632
31691 464702471 323294244
31788 631983498 501417642
31596 145374044 533339632
31171 313289315 96048257
31963 76209414 759846777
31961 477095764 613030024
31436 846882691 222129925
31832 133964088 253749672
31812 510680292 996954012
31323 108394001 899580139
31592 780307023 794870097
31886 971573931 460043697
31123 396769055 35311554
31048 635764427 40957781
31888 687225338 643556566
31389 759898955 403848220
31997 1149800 574988182
31828 326253544 127072660
31747 237033325 699820645
31202 809572634 500443336
31768 811211424 191418424
31758 95860280 620524
31883 377592827 476233913
31219 567557369 19984211
31346 709854947 289957069
31695 850089259 929014481
31994 799537312 78378048
31141 762625849 214672154
31567 563156745 612903407
31337 160737928 502196307
31173 57588103 865880849
31806 743934384 753205842
31857 704143111 101998274
31167 735950133 539091837
31558 108679793 889026377
31906 902312082 454713910
31628 419610036 95926364
31238 97605299 810795741
31806 966727905 647044923
31014 479375435 830252743
31106 418546723 283173531
31581 429095241 704188944
31017 987853210 324941315
31926 772366642 688758674
31401 689499937 628871048
31710 340244958 882968292
31039 622323751 586024519
31949 747742207 73027603
31228 555805768 858447896
31390 546488691 440099009
31724 486701537 670304467
31913 692122649 926983406
31352 612318052 868248796
31455 792005557 709152863
31007 585548097 581865453
31023 979318272 592399977
31508 278801979 279614305
31110 341689768 127542362
31634 972858533 59263985
31094 210256352 311594250
31277 765979344 424423276
31079 894413087 62820113
31219 718012013 680162121
31761 893083106 362143375
31207 723258971 409929613
31353 388281202 971404349
31508 131179849 551125891
31359 940462982 907993273
31180 315152244 589286016
31808 249975499 166295797
31164 190510495 71890385
31986 413320992 390583146
31396 756998244 256527428
31062 169532249 980538301
31720 319663554 800813726
31702 22877216 430271172
31590 544255636 868607114
31145 118742895 729460035
31929 505012371 64058196
31049 148559074 679828246
31673 476759143 302333311
31598 458274969 601711539
31926 825250139 265533577
31981 939210455 499518792
31729 52522842 760342409
32000 473328117 951215883
31061 991390643 221883078
31570 458969182 76237028
