977247058652610
411096646045766
68577348187603
153854494851339
134836018336799
193864542400139
70160012550545
296739451160158
70919966201145
307622690583586
132632855000632
73524638827274
1971132777441115
892615318166104
1253694290297879
441323942810652
127465312440924
819531742294560
788684011319284
983413158249018
209870020555014
103145756885573
1138313223942008
1416096595371158
2361620749140996
235903456321491
49069066629632
54792203428441
19859076404986
356653401863306
446389621396996
1321821148957512
48830510175459
297634860636472
71386768349182
24365027047392
1228446671883364
34018058291728
653201149549630
4233293039174453
88603704403311
6527160081479688
266656883857105
128983849902726
138625540835651
1080981814343799
135934093113911
49184662926862
2023778098416288
180391704401794
5697413547674039
964402166709652
2307665723903711
623529550144121
82211510928548
450982476795159
411944480905384
1133408733137774
362852853563464
45316858036348
640956998077835
1039271076920
272111738154225
481903958149566
814608265933056
3646891996357629
412272970339811
181092856397350
3050787694038583
2272953667868781
1174419171959680
421336648670235
321897398511007
401539007352327
71720826906576
28301411358258
290447977313789
7736031909998
37462920368732
729015071504220
65697575687538
1391333910529448
1101943627135115
290067073593073
442329817948096
7404151864063
901145353295790
4393325750424008
1287504409659370
145699433797567
272669807556898
599618633646644
2074008078798
445172153543574
46491839635158
64062502547438
126791817599799
326852200900418
5290885437809
2371297636729360
