999999940
999999943
999999956
999999941
999999862
1000000008
1000000057
999999907
999999973
999999932
999999949
999999966
999999998
999999905
999999927
999999906
999999971
999999927
999999938
999999905
999999973
999999914
999999875
1000000035
999999893
999999939
999999928
1000000005
999999903
999999873
999999912
999999922
999999978
1000000007
999999987
999999948
1000000000
999999960
999999932
999999978
1000000002
999999913
999999852
1000000011
999999919
999999999
999999956
999999912
999999895
999999926
999999941
999999929
999999944
999999956
999999951
999999931
999999917
999999913
999999982
999999855
999999959
999999929
999999966
999999925
999999961
999999929
999999935
999999981
999999968
999999927
999999872
1000000004
999999918
999999896
999999951
999999943
1000000043
999999946
999999944
999999985
999999945
999999994
1000000000
1000000005
999999853
999999993
999999912
1000000025
999999909
999999877
999999948
999999967
999999970
999999935
999999958
999999896
999999933
999999989
999999912
1000000023
