31309680606690
31491098629812
32018440631716
31444559486995
31525849936240
32254940102465
32065666064676
31272473770800
31783361976587
31729910013720
31703757686328
31424798471475
31277363219801
31801556044080
31338133155162
31306738617857
31484160694336
31641563466968
31656588648942
31997946403350
32098605118102
32065668501692
31410976944326
31719848314960
31679649904320
31861337854044
31538771909952
31904028713600
31913193616171
32011263770640
32150201387600
32060524855980
32059501755540
31444557851855
31814709529050
31883683583184
32023567547904
31440605258245
31682661150315
31806612749775
32112003275424
32083156757538
31878601480621
32223758126656
31923381064851
31428749102293
32010240363090
31802566111671
31334207180408
31684671046330
31703757876552
32067723092820
31418875266570
32158472626126
32107881328832
31373531178318
31999999008000
31461378318525
31948878785494
31386329113596
32155372097660
31278343276050
31631551015392
32224797336975
31370577871824
31547727614568
32060527677348
32098603352657
31597569192868
32182276958292
31678649598581
31470288957540
31634552269845
31911155789502
31838004934890
31689693050660
31275408170025
31579609008020
31290088894890
32115099652845
31784372476696
31773264128949
31725884898072
31416899685519
31533799033818
31406043999806
32085213493590
31911153970575
31743003745674
31480197001840
31726890922574
32057445367901
31980550283178
31544743412970
32053333287094
31284213450732
31516904755626
32217526395400
32029722460050
32072866383882
