100
1000000000 412 775
1000000000 334 400
1000000000 302 408
1000000000 233 927
1000000000 326 54
1000000000 726 14
1000000000 534 771
1000000000 147 883
1000000000 251 90
1000000000 673 811
1000000000 433 421
1000000000 558 830
1000000000 380 728
1000000000 271 257
1000000000 592 56
1000000000 302 488
1000000000 459 457
1000000000 684 443
1000000000 853 284
1000000000 380 827
1000000000 510 789
1000000000 57 661
1000000000 207 779
1000000000 778 682
1000000000 179 374
1000000000 588 10
1000000000 893 371
1000000000 198 780
1000000000 926 45
1000000000 800 491
1000000000 470 519
1000000000 307 489
1000000000 415 960
1000000000 646 476
1000000000 784 431
1000000000 511 160
1000000000 144 682
1000000000 278 540
1000000000 326 393
1000000000 957 160
1000000000 130 904
1000000000 544 93
1000000000 911 883
1000000000 459 801
1000000000 878 400
1000000000 905 427
1000000000 474 700
1000000000 328 717
1000000000 28 637
1000000000 241 767
1000000000 10 797
1000000000 960 233
1000000000 504 591
1000000000 858 558
1000000000 98 952
1000000000 576 864
1000000000 158 909
1000000000 816 86
1000000000 95 629
1000000000 399 950
1000000000 937 425
1000000000 259 728
1000000000 743 34
1000000000 959 120
1000000000 444 357
1000000000 17 532
1000000000 846 402
1000000000 930 681
1000000000 610 946
1000000000 870 93
1000000000 56 327
1000000000 233 238
1000000000 840 34
1000000000 16 514
1000000000 650 69
1000000000 252 33
1000000000 581 254
1000000000 132 377
1000000000 492 116
1000000000 619 245
1000000000 375 991
1000000000 410 311
1000000000 832 639
1000000000 491 641
1000000000 369 66
1000000000 784 802
1000000000 71 242
1000000000 663 381
1000000000 634 666
1000000000 518 854
1000000000 498 555
1000000000 288 823
1000000000 739 415
1000000000 361 969
1000000000 364 925
1000000000 47 739
1000000000 450 349
1000000000 815 258
1000000000 382 969
1000000000 905 898
