100
938058286 795459063 142599223
940014465 899623763 40390702
935342370 440841312 494501058
936111344 15530796 920580548
935980976 441129879 494851097
929858984 912950511 16908473
994447417 502750841 491696576
951673871 259348623 692325248
912317964 552033864 360284100
911823612 213018542 698805070
927992338 335748777 592243561
949900524 899848915 50051609
954632892 450996118 503636774
914597338 745961673 168635665
978411948 281619992 696791956
918187304 170977126 747210178
990419223 431665516 558753707
985370090 518880377 466489713
935786730 777553430 158233300
972778875 552946040 419832835
988742181 950749907 37992274
924324755 490912364 433412391
913577579 49025228 864552351
977260414 783548273 193712141
903028840 367484335 535544505
903001497 223798673 679202824
969921517 864260511 105661006
927741804 261100539 666641265
935240711 915303825 19936886
918104167 757308204 160795963
906134553 424224748 481909805
900551044 692246458 208304586
995048604 251466185 743582419
993384636 931809693 61574943
935886158 722562121 213324037
929625726 790902930 138722796
909671125 803626630 106044495
902960082 885537322 17422760
968319185 899579489 68739696
914994139 593082985 321911154
971907702 348485817 623421885
958464460 577533257 380931203
960047104 147380295 812666809
986758085 713802659 272955426
957659508 248719990 708939518
987626194 478834082 508792112
907880235 679689725 228190510
982032130 578513515 403518615
914600434 870800030 43800404
966365813 602884611 363481202
971655433 367262892 604392541
947001748 645221036 301780712
998106623 459724668 538381955
955051869 299144104 655907765
961977209 28230442 933746767
909884595 75443488 834441107
955852310 165246346 790605964
955904681 478686149 477218532
979390839 411020153 568370686
955345043 220604384 734740659
989714587 589030653 400683934
960163349 857148878 103014471
904327067 796797781 107529286
937743018 879818025 57924993
947166407 327027998 620138409
972433098 343309180 629123918
966217424 257078664 709138760
923556720 700225439 223331281
963703703 289648090 674055613
915427777 285724243 629703534
912738059 690790067 221947992
913797894 611956647 301841247
912927019 786766716 126160303
989681038 526120197 463560841
953023218 477171194 475852024
927794278 265486112 662308166
947005240 897479980 49525260
985839814 267345590 718494224
936725142 186049301 750675841
922237347 745080785 177156562
905449815 558716577 346733238
960402693 620728245 339674448
958099582 833164755 124934827
972216739 742639265 229577474
957924175 798846177 159077998
952480120 650801756 301678364
916854682 163260540 753594142
960617187 325108798 635508389
930642697 817657310 112985387
943319386 108611763 834707623
972589363 304375199 668214164
988382545 366071456 622311089
935625318 76644087 858981231
998632906 895216599 103416307
947073215 316923975 630149240
970020377 947361279 22659098
924745719 271113673 653632046
950067702 251011942 699055760
908964247 431091557 477872690
926121895 317097394 609024501
