100
280 44454445 247252915
415 356620272 775167313
248 528971737 407897615
391 949945157 411747533
622 358154138 337677884
216 665123620 145840172
921 627112723 920367134
830 684228285 667229175
948 407209170 199179978
774 509185324 851314724
52 13262250 755025270
427 659974443 229656145
864 32623441 378599951
942 884760698 743250802
874 642669105 854903675
468 803993991 494157981
208 292291498 967530390
175 997981662 404660838
194 700750944 191655652
464 33295346 496078542
84 929428269 416171091
746 546010027 795936549
212 6356160 595943684
774 312298494 841457640
216 172311473 678475375
810 620631865 590591105
643 925436718 374974198
893 680461054 934624997
962 228960886 309962096
22 921706768 615663374
266 973102839 363943767
226 278459450 233089742
910 812655428 923033982
100 575471206 506692494
160 71671548 995537252
614 78052742 946040314
473 614512544 643373723
940 921272336 432213924
609 502712690 152171806
652 924965533 926177871
991 33090223 301864804
970 803185735 321947335
77 800167767 658624414
664 905738312 652411392
459 503338037 915933109
838 483787759 614509287
528 244358830 555463490
332 287648401 406782719
48 583033793 608848495
843 770311769 202175560
249 586309667 364199527
492 816553916 326706976
355 36596656 624581969
888 670280691 180046797
184 205704153 705825959
400 476388328 391682072
332 515670536 396740828
893 629960540 887186629
371 860442846 296619711
697 593723571 975247127
518 87837080 262109216
594 398258596 448692146
552 124065294 223410426
787 511955633 388033170
832 206812363 608738165
939 578184326 905433796
78 313717673 972188533
983 613333638 8936818
421 915691261 317351642
363 747145702 470292047
148 697159608 427117656
493 424628935 36186546
234 987455670 881477292
126 203491834 439747742
379 131120263 710920713
936 910381558 876659594
440 492400656 598688904
64 839372923 41824901
781 393288231 671981711
479 659361554 291623012
467 273190108 850629
299 517312841 601350809
995 489925439 489703801
58 938695428 55947268
308 39825480 581996644
75 171134599 745767101
635 367985768 923002887
918 793272637 488967731
323 986115660 530538915
668 17438422 672675718
465 910323836 222654244
298 926866248 19300142
617 583043687 890811978
368 956923516 893128404
432 634385955 774089997
638 643393515 393021535
308 864741220 918601880
595 388445475 455346040
324 113684580 645636636
612 782607108 906799920
