100
31024 999999985 999999919
31003 999999997 999999994
31498 999999917 999999907
31399 999999931 999999984
31001 999999965 999999958
31116 1000000000 999999992
31590 999999985 999999961
31420 999999933 999999936
31237 999999974 999999951
31568 999999990 999999901
31009 999999904 999999957
31799 999999943 999999941
31621 999999913 999999984
31893 999999945 999999973
31217 999999937 999999938
31134 999999915 999999905
31084 999999964 999999937
31626 999999963 999999974
31263 999999965 999999992
31449 999999969 999999911
31686 999999937 999999969
31609 999999900 999999953
31813 999999929 999999992
31235 999999901 999999930
31598 999999906 999999968
31687 999999919 999999935
31839 999999930 999999963
31537 999999922 999999962
31968 999999900 999999921
31697 999999968 999999970
31474 999999944 999999973
31581 999999909 999999950
31953 999999901 999999920
31116 999999922 999999961
31554 999999928 999999935
31022 999999944 999999989
31037 999999992 999999923
31577 999999978 999999946
31903 999999914 999999923
31931 999999978 999999969
31028 999999938 999999904
31255 999999939 999999937
31148 999999993 999999916
31216 999999963 999999922
31859 999999942 999999978
31377 999999933 999999944
31876 999999960 999999984
31894 999999952 999999994
31476 999999994 999999905
31005 999999915 999999986
31085 999999958 999999953
31401 999999968 999999964
31619 999999957 999999988
31205 999999966 999999908
31830 999999919 999999914
31227 999999917 999999959
31919 999999928 999999935
31526 999999921 999999945
31912 999999954 999999997
31186 999999964 999999986
31388 999999974 999999969
31077 999999901 999999989
31144 999999934 999999937
31971 999999984 999999977
31304 999999955 999999905
31826 999999938 999999990
31241 999999921 999999905
31520 999999940 999999949
31351 999999980 999999974
31958 999999906 999999950
31379 999999956 999999934
31423 999999965 999999950
31888 999999953 999999914
31758 999999982 999999999
31610 999999983 999999902
31952 999999977 999999914
31538 999999916 999999980
31397 999999941 999999942
31666 999999996 999999920
31764 999999919 999999996
31340 999999934 999999952
31591 999999972 999999989
31667 999999933 999999982
31173 999999943 999999926
31913 999999926 999999911
31900 999999918 999999978
31684 999999955 999999925
31546 999999916 999999916
31887 999999933 999999906
31208 1000000000 999999942
31863 999999957 999999987
31168 999999963 999999982
31225 999999948 999999980
31211 999999905 999999962
31582 999999903 999999944
31458 999999975 999999906
31023 999999970 999999939
31536 999999948 999999962
31152 999999908 999999941
31226 999999991 999999942
