100
1000000000 310 738823252
1000000000 284 816531005
1000000000 891 757256371
1000000000 368 964109354
1000000000 593 668738690
1000000000 971 796390136
1000000000 355 548401976
1000000000 344 826154477
1000000000 822 829588238
1000000000 398 518782524
1000000000 985 675946499
1000000000 722 818791348
1000000000 814 633348438
1000000000 565 944896828
1000000000 765 556742958
1000000000 273 667749087
1000000000 148 882635295
1000000000 22 620950852
1000000000 433 630314333
1000000000 872 886541777
1000000000 959 716639368
1000000000 326 553502069
1000000000 590 872699036
1000000000 849 526254081
1000000000 597 991713118
1000000000 400 890465568
1000000000 212 573904335
1000000000 685 594531328
1000000000 899 931031299
1000000000 98 545116491
1000000000 620 790540964
1000000000 242 548281441
1000000000 985 948290630
1000000000 272 735310451
1000000000 116 739876937
1000000000 509 989981160
1000000000 424 549979256
1000000000 40 558657783
1000000000 272 729129505
1000000000 236 699906071
1000000000 672 561922209
1000000000 857 856883435
1000000000 640 690698576
1000000000 22 715880063
1000000000 615 830803644
1000000000 626 911203368
1000000000 654 835897151
1000000000 325 768461501
1000000000 111 916657905
1000000000 776 702686792
1000000000 322 856963600
1000000000 562 868627122
1000000000 110 765430063
1000000000 86 851608747
1000000000 635 514817405
1000000000 890 551649077
1000000000 868 945657176
1000000000 2 767458427
1000000000 405 762091928
1000000000 366 996036924
1000000000 356 509561448
1000000000 519 885337247
1000000000 721 686607978
1000000000 223 653688059
1000000000 538 542655463
1000000000 222 504344959
1000000000 25 632519850
1000000000 67 756879867
1000000000 223 928138092
1000000000 163 527553639
1000000000 912 886727772
1000000000 457 948638539
1000000000 333 599798069
1000000000 433 713471706
1000000000 302 674720148
1000000000 782 710922256
1000000000 389 963605906
1000000000 29 675103629
1000000000 96 696284391
1000000000 879 833796653
1000000000 193 993674379
1000000000 760 789840445
1000000000 456 750531584
1000000000 377 627012614
1000000000 552 630452250
1000000000 496 600258005
1000000000 515 638670135
1000000000 525 925926853
1000000000 396 579922643
1000000000 47 792716036
1000000000 747 501930176
1000000000 179 789505602
1000000000 171 540684798
1000000000 882 988400903
1000000000 609 983194985
1000000000 508 901346069
1000000000 837 774750287
1000000000 931 707804131
1000000000 937 633603516
1000000000 878 516450668
