100
31527 537943604 937613403
31101 286729610 196641774
31903 458701618 817478751
31789 302878250 644813053
31320 196469433 671501528
31749 607639125 369939429
31643 442862284 898062050
31037 392752175 154108691
31515 140435653 712882112
31177 199870461 575122425
31291 38032866 956546779
31463 307320112 635845864
31532 802031638 374395384
31248 675061600 987350693
31658 359474247 900322453
31720 386539389 759440256
31193 112236335 42386632
31149 699520186 345515456
31837 221814330 493929335
31972 114777229 33092521
31798 550989260 980433050
31486 960939768 627705485
31198 404781289 601258485
31001 196694274 287134182
31710 789846846 317229011
31860 715638659 770980569
31881 555911902 741598471
31119 274057892 920506505
31150 558294367 428349118
31753 404657792 86939970
31983 875436465 73818299
31779 791598713 823341939
31738 906449414 799847663
31470 215956924 514608249
31702 138431347 193988143
31106 456868785 487778000
31863 586271916 348645473
31671 147993795 681088708
31999 847280465 414436843
31456 233690634 762516512
31059 350282739 919688469
31134 204393488 379648778
31689 42447307 514439547
31482 474891704 435873141
31068 228887545 357986050
31666 787610531 515564715
31723 317622291 328943251
31273 546934112 854098156
31258 740221923 628308363
31784 394718178 743783010
31857 720299171 979003603
31235 803798329 29081639
31588 34248944 998503923
31608 425795526 663061338
31821 373042135 196854071
31529 622543218 269594222
31453 713708237 915377736
31823 27945258 360643199
31412 305236055 943032578
31981 420997585 585604150
31657 106481205 650900314
31721 776397718 733742200
31417 383040674 393101671
31397 385762057 68299831
31929 53538237 181612185
31163 696808177 227432922
31346 506515218 629430565
31754 225825942 751370719
31990 662859545 845338592
31027 329965258 591097494
31876 42775618 351065
31043 595972011 540996779
31639 101763885 673011075
31084 951070987 34970641
31415 519966595 451792812
31462 110268012 968658105
31799 77985508 804910511
31682 405753483 982370752
31153 197530491 528300665
31021 609180213 945183639
31960 240283014 763114983
31851 945333545 371289431
31456 596175368 428786075
31095 484943788 780770122
31400 695341962 92851196
31860 618057446 950661282
31771 281446637 377259160
31988 787446229 491369604
31614 221474673 44235444
31049 385300431 422278277
31829 852639378 32753185
31004 356801601 242521234
31188 802952381 767455928
31039 435244899 667632592
31144 899628206 116464870
31369 765251873 247613793
31109 565845442 420223290
31495 562082713 218771972
31770 849674378 32923965
31250 10165943 831073611
