1000000041
1000000008
999999909
999999988
999999954
999999976
999999903
999999965
999999893
999999985
999999835
999999990
999999853
999999948
999999922
999999898
999999979
999999888
999999986
999999979
1000000005
999999924
999999898
999999912
999999906
999999932
999999878
1000000022
999999904
999999920
999999914
1000000055
999999958
999999952
999999998
999999944
1000000012
999999952
999999992
999999859
999999903
999999965
999999904
999999954
999999838
999999937
999999935
999999904
999999983
999999894
1000000017
1000000007
999999922
999999991
999999905
999999911
1000000024
999999893
999999874
999999936
999999945
999999984
999999902
999999924
999999969
1000000041
999999914
999999973
999999944
1000000059
999999937
999999940
999999894
1000000028
1000000022
999999969
999999958
999999996
1000000014
999999992
999999934
1000000009
1000000032
1000000045
999999942
999999920
1000000019
1000000023
999999966
1000000018
999999902
999999856
999999983
999999958
999999924
999999956
1000000040
1000000015
999999941
999999950
