54814266
178043812
169561171
316917294
83948950
308133075
182845184
179444970
63892811
42197292
23126552
44765165
709877647
299673530
70702308
53571616
544180157
337832262
802141381
49524232
491635269
182302047
267386987
67189908
18710581
40654278
340406143
521577924
176003146
150389279
8964302
11783719
379025223
257846718
158487166
366652667
515808237
319247288
224492094
613238410
2992294
229766713
207392426
745929413
580146719
270009531
71600165
287280174
101729213
235659764
449505258
101978276
140019015
248968542
390701919
9225177
12211675
145671695
550480609
85620132
135111643
3777454
432784879
190882402
38881484
153539241
261951825
5721492
271889595
572084748
145438631
166169291
64257291
82640034
66384938
76370123
5976322
108837368
1233498
92969807
337134428
25109142
220318711
678311842
339070569
387637562
27049105
346781037
570932464
712085241
305331861
64843786
4758439
83404697
258985257
169999612
395339072
78669717
469404639
245781520
