146162646003000
18795539372822
50417859746752
454240399035310
667066513726572
8435018757280534
119781535182936
672180942401119
335268970050310
33007966091054
389587649611580
31608575187590
51823536400124
816262240635468
853517715962190
504685668392368
871490313528928
234946753411848
678661148204532
36277320746386
1294080357194692
105309632806435
347548391260536
614627906623656
369802967954611
2626596678644236
10175937068054833
419490113939496
303224585902132
93433551939328
3232736018580
45570166315024
118858632452242
526287277641775
341598495378272
14238300931674
229253676524563
179728771804142
1169948198364024
165368569994646
139066799825030
33971246165363
1184676281965755
122879441832049
847116276724390
348235706135650
121887189326200
100237418780247
3020297868525
1009512653391984
703788754114569
99841695539222
162996310921554
106420061398364
1250042677037791
792213257351441
905144416081360
3955049987733050
945500369840525
741946597199699
3513892166821707
714095003760700
204991260747524
1457165294093031
230432994972430
529528430219880
44636109233778
1078489880763509
1319480502468640
7260555364027
11762790816972746
616339072106817
53891159988834
48587513525240
546044071277680
543882206460450
1412453205515427
222088913570566
267157097778628
588581528246914
187082079093980
783545065614796
116518783278268
597431796072286
120595552328237
1374337815976575
408379552244258
9621943103578007
708671769467521
120988423525512
1110543758087108
248028676864115
1787033587584296
1310749337651578
2086992639504145
711639410186026
479935919067486
4143803691943619
1665024873267077
105306719607818
