100
941595331 794403425 55591529
993824377 939592344 15954027
935390411 559543549 151887816
911686715 141166214 157297349
925526451 484151075 268533500
935987402 746474626 153135673
992702057 547750932 425430962
900935857 669303708 45400075
928632954 223451230 32210645
984885979 474275152 56005357
932169762 422457686 165655881
942652753 366063327 54270000
949357854 37990523 538589912
915288701 73633615 506026398
983458639 7788523 38118660
926973119 825714605 81626934
910730102 602964728 169755869
943653239 255236822 424190491
938427317 480821847 235488035
901490000 139212974 238356282
988432423 475739794 235370255
969759040 764624347 75910510
919649684 152243976 173572627
962180994 937061650 17599449
984181574 922759408 15758929
977383278 607817451 195404794
946938435 668848707 77774329
929937896 159179374 332846403
932074791 514773168 159985681
985548377 760451895 122434815
997932455 365517654 622718869
971130946 258680531 262608451
921927938 810552182 10906154
977982281 637734183 286145767
987920734 801185670 117224003
990498232 806240719 160135859
901287725 853983066 12046065
963023682 282759950 658634332
922619630 536059149 298149829
955154851 479974287 13477513
955924830 208786774 526532236
962296832 891200613 16705043
997764097 822423486 106561826
948776456 924775279 11178105
962667545 952162991 8593786
934060464 418839078 129125520
985260936 732972876 243974360
987484236 175428292 80050777
950979859 459799383 154080886
951240849 286990861 572465908
984432702 497924716 320183148
906149864 389808323 469402355
918736090 464396301 385574728
980956638 171937691 163394669
969372334 365609413 309137140
960698917 585725129 79750327
947661422 106206198 270462160
928477970 918974873 6121217
909325399 164831287 298831186
961559723 107708822 439863810
975523964 895410639 6493488
948074140 78117848 131795822
905249718 314537767 268280852
986521146 780753486 141218531
958753845 945900561 5959999
991514481 192546370 330081506
952282429 378311379 342557125
993205673 596106572 89347930
983732638 779219828 194675821
911421246 76131553 782769196
911802031 128481808 675743767
925428813 95497892 257156177
911239108 553286746 342735284
970888291 152277047 399350102
905540769 650347177 204654347
902632132 739939018 116298749
985040517 735661562 127769095
945802096 39866501 880098341
930602280 858866148 44263719
988783431 425002283 455878019
931959259 466751464 133275681
928517492 869572552 15137829
958504589 554600319 276109565
926874939 124972405 305083561
991040956 570594644 78257741
900924799 835835757 34961955
909244817 646003135 145568526
969667826 434993625 22718098
911754594 690597157 108578572
918878191 757146526 2422135
945738870 911605193 6419896
989529240 608325719 360010175
916025991 668342994 150862202
918511639 120265135 182106284
985263399 524251175 434632834
964429862 898803204 31520188
959208821 558153007 50680430
987682062 527148753 45503372
954278265 284110533 152139984
912516165 332415557 492179697
