100
988326601 72702356 970438511
933902339 669572858 442373293
941444709 745567071 365438809
951634197 709440602 559110889
943080945 99547475 927482420
957225225 348062033 917296267
904091683 255014909 831921958
926343825 864066644 241722151
921715976 86148258 899460529
902957890 185698593 759456589
930418426 43308747 910236231
948052904 120486724 872331345
932316779 866004029 776190397
940746715 688015620 552404625
970154286 244017199 796839395
961988952 481746479 533814089
947518193 574470756 917227594
989445492 346018782 981258972
925964936 831979461 896126856
986499318 167034540 868989010
901461472 525509487 867587254
966723863 272162654 876863256
984428111 954502650 297312448
976706970 825433053 218463825
931338667 19736006 930313242
967844823 54698354 953800747
955676608 674441720 621641031
905438765 568756491 858260198
942045967 707113991 410935122
906622010 180590688 876420601
923016158 23708038 908272422
907285427 23402958 895666188
940221835 638671264 680575794
926672745 365483224 819036239
960467078 425944455 693009789
956244161 421215004 901681824
900918300 683153007 733573530
979034577 437480017 860801848
914428787 245509109 893411772
940203634 857978437 695463607
930597225 32611844 900977675
900217823 387115946 742868590
900644604 241690728 866346302
971648033 830409718 887167728
953399256 816385405 717160570
941827704 355416818 856420417
907314949 158588462 820326652
936997574 329704035 894573713
948344770 126831076 923242907
947821614 378462723 805018655
986178001 807317425 628365834
950291669 852140541 200129404
996332013 548299473 588051555
954958136 255807823 948118855
908167300 866398747 432470472
966248152 14265169 961208160
953193321 13183970 952221026
910736093 379383938 677023850
958401954 584955705 923926858
947907492 700999261 332528363
935244679 501615985 568740337
969492682 746237424 227032712
988330990 437849863 983266006
960826828 213483185 938226045
956431004 808748816 186563672
977041587 926177039 204403789
917295379 364972983 814274221
929217422 36198363 898740551
992104419 656998742 606995272
915416755 769682017 717819486
920777170 180871593 885344208
929024209 217240693 877952807
972211160 234521756 801946695
968459632 85272893 965826773
933923963 140524994 859783907
962742118 117322324 921789917
973100609 8714918 970362013
983097829 304219165 787716032
997447290 10175731 988505057
988084001 589045732 492008076
935334834 454035822 818433440
943541351 39271677 929378816
903192746 840843124 282668333
981240251 850275575 809276518
982555990 833924002 487702557
970001384 674922419 682716527
922587028 570288834 379347299
933860367 891342481 389298923
956615804 577045821 950502447
996680249 960785689 747979801
970911821 860288893 415954789
920093125 96473646 888463265
911509140 829538612 86728967
985555146 174243936 894715907
948864225 707108740 500740742
963479916 537265169 596214359
934424940 489672694 840091318
966367994 183744787 861292924
929689203 623272786 775821056
977139569 621470246 601450843
