4268752217256
14382568872306
12434619779195
12078849085268
14979221880663
6304297223994
1721642645136
9261082844644
155319836207
20098155570027
1940119229672
4560445305319
19924471046293
7262601418629
304798650146
9986545855565
10629212360456
3487354872876
2158707564315
3851287966735
12360011854851
5650161090808
516775897771
229445567617
10814280922670
7379723422162
490486067948
95282999180
7236647828707
7711551084096
12500268540
5543857510382
10243791081346
25620494651682
5324901523996
13467878236284
6997883641023
6069221578456
13879663290161
28238759520
3055239584485
4269765854419
2499866440517
533030275434
652955325016
9508058090783
5137933023952
12510824891966
1293934427606
6634901842933
12275822692500
2578179920222
13192966517711
4243155108962
22803474510505
1248183637033
6357244837806
2206620702918
7408576526075
11670434913141
23722698283624
14813993062012
10440513515214
95460785692
2438797056982
11273652887140
14806549575436
5553506940988
21151575760168
25781686435956
23606845047036
16634218708838
849839288205
23337717616
7446044471423
3350527023897
5298453150648
7484769422575
7774376016508
1693595008533
14709820726200
142649269302
11248309213711
2150337406798
5159987702586
1766382831068
25285037363524
26231133282526
898828817792
5620685764598
21258538836446
8205091766172
10307121769216
15690611155134
459962156594
8792640190522
24700243489040
29292410628053
28677783555161
24384181709650
