446140246634320
459870183565956
427807978437316
575976231821981
496426608708926
4904155721215510
315348928207938
812545614970432
10220451508804631
1398339362062509
12268724927181
198241223818392
866527491376671
1598674632340018
1907097686193092
926275352612709
4715931433577456
71848402780452
34024223520164
1623960425920227
373926281721444
39518009643732
331112534565838
76204814705548
68563054179488
1685808041186670
45454627162976722
403205656692622
980667373139013
579097428646444
43873436154740
500319173647206
3628684745765948
679548284318164
2085370498993656
75361042020498
10885066083647692
729490385192199
348178812355680
445424367605210
734533407848089
247990219048128
1435120729738146
3100498586944
773333371103398
244555358788476
1240361678488768
1081042785059985
3733071826107220
261577656404647
1396758343537040
8507957329788
203055542690980
2187101209094536
178693966867424
136403021208772140
1210074352552752
298168407924662
95473258709620
115364396643696
552315939962172
189564169604696
67290797495858
587272381312336
1183867673107572
2951732928851949
4412889848743600
167424667806456
1024302564696848
182583469906734
35111115441675
38001856467623
2180480302706736
2352125476693908
89870175555440
522084114296970
1108145316563100
92624808592955
123469229024772
57912572891055
94284850742086
273259808804739
52555275948804
584613288862278
262822309210866
891552911999454
14606098282657
4156232339230349
662513494442017
183370184525510
8154017811424
1070793089642648
1580979525418
683915951001132
1001109024552040
60627289592670
751382667701502
38451763353451
343820694696248
129855887796282
