100
31304 520782077 480852011
31650 377894172 590975628
31204 569308031 312142561
31753 694952460 603491216
31857 263844999 538983258
31503 488449045 600798683
31321 686419707 275918018
31134 805156066 294092072
31036 388178345 385828459
31607 424385606 610648823
31656 38780514 378667158
31868 77635122 138652994
31288 293374897 352002679
31011 94011104 620637391
31852 775802850 215399538
31738 689257080 300365498
31074 298668947 279338527
31006 60504853 905673113
31037 198916950 82743825
31056 16888875 186093141
31245 798866917 624842753
31056 984509654 334283386
31658 866826481 176621199
31661 776847385 307320238
31301 257310177 434379321
31665 563159867 826078678
31506 177239535 333819291
31230 549733917 589567713
31410 962470323 312053247
31553 431694525 699953820
31951 91613757 910209848
31272 346381437 149185947
31854 766382150 198794050
31305 872540279 383666761
31062 493465374 542265954
31655 312211303 569950237
31069 257132625 455372752
31484 318088166 911110162
31416 93122313 610564671
31014 877590068 623146378
31078 292818737 289334359
31664 844490078 923152722
31321 652059639 807812171
31472 51000250 397286918
31408 29852788 787163516
31965 762176369 953672866
31339 234748024 186228763
31400 316136574 128110626
31371 918671723 402643426
31404 741407363 250173937
31156 533683120 564192008
31494 591230987 607651111
31680 861004907 244183573
31230 381517279 487051481
31057 624179989 246658291
31935 396215235 773436075
31972 597854643 966791093
31211 529506125 679420749
31640 666273112 789198528
31638 189634581 161642133
31208 241476379 79903605
31733 499349851 698253569
31671 799347669 793006869
31564 471138856 79526688
31402 536277212 35239188
31149 786443576 574207042
31913 812345501 445345829
31822 829396215 205105183
31175 995768036 64743114
31657 420932673 194511064
31888 582334226 758492398
31994 752053938 557684440
31367 742532563 778704203
31730 312974001 78161709
31885 140771690 256898030
31365 636247040 304797055
31479 678151343 803754061
31998 77981879 417987121
31759 817440305 349194801
31282 255145108 639394964
31441 393841526 161626621
31508 211591446 811662362
31494 812760761 615649609
31883 666769150 984642718
31288 873224260 770928852
31421 231798495 411420796
31134 961636168 201436670
31088 529746471 987752073
31202 868259353 945856129
31194 736485292 22464728
31165 938101926 629030099
31663 415113037 341347696
31963 524055646 994730225
31384 162454025 923024383
31721 596314464 846959315
31223 249956002 533272953
31220 495821880 565127380
31047 289238336 207047959
31737 621193179 190988388
31819 744808491 206484152
