100
31078 625700151 505676403
31175 115635396 580853914
31018 738490165 188262453
31337 780142970 586315594
31150 874433070 242040078
31277 7379931 254032030
31253 867694892 426579324
31966 711188129 159430657
31051 890604520 841544292
31590 124593670 710134674
31962 492084724 568125220
31810 974902694 314826286
31650 474849730 405557375
31624 162702406 581409692
31935 836646828 41804071
31894 835386992 206012101
31665 271965443 425613396
31742 239367660 37426688
31561 582420952 201205894
31194 264008803 243914011
31011 142511782 624293191
31279 181324138 718103428
31120 821441580 431510626
31483 913859676 772547157
31228 416774351 318281061
31053 270243168 473314606
31104 215653493 500442457
31616 930863222 923471808
31613 115881316 604033962
31258 606931484 647198055
31496 774054136 175560055
31353 954515515 224542880
31695 736538242 843949167
31702 734996268 444310661
31556 717012680 390917723
31888 852050394 772554488
31974 51712219 711584341
31673 700224900 752899113
31722 302463263 236934017
31373 315795994 433077096
31347 632641138 175919371
31550 223682866 573616396
31318 652951682 876405336
31190 985011869 645815230
31572 414017243 522585161
31581 453213374 462255109
31501 487647602 899232220
31084 686155438 177243251
31679 702210193 568363626
31147 597345343 362152967
31617 272957642 499624745
31990 768570373 285233746
31229 198069980 733981508
31525 691513035 787719678
31859 401708722 115839739
31324 22387514 299647944
31565 623690995 962544643
31119 964601589 887894461
31933 718296370 449301497
31534 970955030 26176677
31410 156408055 522007918
31564 898351294 449359850
31399 853714552 771356536
31446 454902487 337840216
31714 514415752 113922593
31300 861203951 845138031
31326 582515867 324870629
31424 345042922 214392205
31213 805286379 979120859
31601 27980828 292323595
31168 797307766 962437170
31293 288318588 125394915
31160 916612867 324571950
31714 566618085 41805966
31435 765233081 935129428
31939 425479756 598803476
31190 563937977 685493850
31105 536210229 601173036
31333 882203309 131693590
31357 746744332 239170442
31592 295289396 907797121
31485 130299156 18577881
31819 965424040 346328557
31338 772812461 569764315
31802 151836702 841229023
31145 761143984 938741747
31567 28039605 496435042
31820 806878813 642835732
31927 297050178 844537830
31841 811991740 666602967
31808 724032056 795458051
31663 107421035 953635462
31909 904415100 327865973
31860 565354807 225568851
31617 495186894 230486023
31495 224040789 575950030
31554 854425308 140958408
31925 304191786 528500043
31359 414982831 338435572
31591 761958577 8061804
