1353244501865115
271133366135646
998626469591528
1031176093129579
443306554623484
2399084055810
30064060757650
72718276270095
240573865075458
24777629948481
353186489972022
260791904834526
675232923027116
44029110635346
7343328611933
31074050858562
112490730227600
285617726400813
3064516617828212
1360846222202335
1522704759845976
2081439680333180
30961793652244
604743050412954
88100335174171
45505866111390
833944361624103
134796752728530
45348442469764
358984152740502
2119168990407874
127948833735821
5278984953620244
298326501517102
1406026775373
509600961305799
1308762492389860
156963150281007
9617021768416980
612660078314188
73608405785131
543479550652200
1688110434154510
2907094524777460
1525291856823924
832309645864393
36146450928444
687271208809100
536603338523130
827901227469369
968100519877786
175473410719647
4427319814630512
441486612409700
104306813950752
28019089474569
310677225275730
757065228186307
85226588590647
3166097184205206
684340363068744
234420720309555
1390296917075518
634103048462822
272755216652961
109858038854248
1366774646801963
1013950844123720
197784222163608
287715329411137
632015761607628
488103319246585
61214806169970
82048559914902
662003956392668
1119342441160956
1203180767621446
22767606486481
1397553765839576
5704546094568
129329607447695
562161506096671
598674963496952
197184318521472
741708950208870
97015489158549
2486876575410724
160290513194
1680616074398119
41512991340264
641221538503651
714583848236992
85768054667288
475553495588616
421101847134874
1227778619535
16043473058883352
587791523315095
536697306754742
140028711514113
