100
550 815224676 98610184
648 385739367 31574453
817 807564386 51006944
105 783274130 60892145
172 148379048 773259041
58 950955852 514462461
983 992665839 118615192
382 985359808 260588181
460 757406305 203620864
877 37534342 771240009
107 116558553 357638950
703 624497399 35581939
665 401688188 85794536
358 631718230 462582633
171 965095040 151230214
203 337840883 303252791
571 512080782 971762633
232 57470660 948443028
557 395633466 955465834
751 34246049 795544849
419 781581611 693746708
268 145435805 194058001
759 459875817 573609699
997 658604197 930428360
862 359096824 887699743
317 902978823 922093770
38 770128126 502105553
263 177929700 620053313
794 300650604 800797730
554 227870476 227156184
676 21358400 102317100
566 125811211 205011254
142 330596297 51052979
352 469993684 394160875
947 845153311 382763424
867 694727121 17769001
662 152364568 996071041
922 240695568 688462729
296 435353537 795456192
748 242531278 510019538
622 97810279 884360523
689 42615868 549236463
56 396222716 167435811
276 220824238 153582443
884 966575111 774746608
552 532325612 361106258
40 14251483 342103876
871 205499231 424852158
961 65121831 44570403
253 324052498 788164581
559 982444267 400448073
515 221329832 232316054
769 527714350 237522749
929 503448577 196374052
534 703188836 949279561
422 517121202 646490597
171 374062580 413780216
3 14780930 802733655
305 355889132 810301824
380 600933359 469169672
81 371286967 766591049
120 813223522 105372506
768 287152868 548256019
525 886117860 863329602
957 277990102 793281396
782 569706284 726850386
776 944031514 36691170
745 866290579 927488975
86 516123583 219860760
918 169934903 39222018
33 873319406 444478955
533 470647262 697993491
647 344856526 101107498
668 522389572 62130756
558 318028646 958066500
902 642233891 763867739
619 985377627 887282713
653 337081058 430234975
367 201266781 487147727
795 924291637 506249647
121 25190281 898637517
151 122744810 963912893
675 644222904 122085350
772 528319172 872989986
212 132305807 193236092
145 943103009 211301397
104 134173628 316541142
76 961841202 760279009
752 998022368 533977181
713 569834551 151385601
109 408773830 296127738
946 457835140 512488247
463 935160412 884764304
265 930110701 373448638
134 397013695 704401428
220 308819122 506965596
909 709050198 615276255
77 553315208 576656632
485 881187923 916418669
514 63825061 848062705
