100
312 763927371 552686421
450 805420986 151486014
792 820899416 963470248
692 757960959 941438801
781 751345489 460803218
394 197441331 4787443
971 256310552 113893879
981 102184611 698115189
828 211517714 941742214
832 69184727 297970217
867 418363661 731929456
925 642278691 375588534
518 567240230 616618208
538 136770306 173193014
673 178717085 27652981
839 62907096 414438598
955 148958790 721197100
158 70088717 643863987
152 573993724 811518500
359 933839945 523155811
368 926141276 605043060
61 219939971 577283974
843 163672808 159469324
262 371217167 426819375
586 392310749 131596691
270 486943930 25232030
533 962409995 461853417
677 192173034 474871004
762 981141220 35219714
153 162251784 338514462
117 290761447 852736064
697 332776621 267988589
98 629901768 821303498
776 405041254 571550090
668 589031033 1594527
645 421881693 779110887
479 814949430 769246791
588 94287879 978856809
32 511251628 601943700
546 816167386 409857596
731 225383179 238738955
795 629116050 686783055
235 515873242 768998893
242 721722670 974774528
304 496744222 933455698
899 987361139 757824409
958 254240526 136202912
750 532336100 968285650
117 393629693 159496582
377 568162069 549348117
669 840829988 770261833
499 392021581 223358193
146 804822852 803144060
714 408677204 771321322
520 665182836 81540804
167 27197925 172042093
319 595584846 166401203
488 692554473 533456711
821 488441937 143253525
136 850628030 506201538
576 739937288 532720888
706 968211795 170934737
297 705306947 585444658
367 395410796 588541894
233 344010105 184738659
949 292570510 356342404
248 583137835 581269285
260 473385602 556897418
835 230400636 716794139
428 610489741 201710451
547 974723142 354677761
682 739945955 449879429
968 414437982 142979010
357 43862217 667803360
186 237189712 519131858
186 754783842 275837508
537 667633423 967758728
821 230773361 80998105
328 708360182 647125074
394 29270800 76786120
437 908272721 62224745
411 332249107 695407073
990 644415187 919730363
368 102019376 711274976
789 708075036 826477890
923 217276029 412126901
117 724072418 401844556
205 176103773 186592
322 816825113 662514371
541 45850459 489821232
465 683979317 435931333
540 572450024 674076796
227 847739291 22966198
563 713245770 375377786
982 428198558 965724910
882 7281765 148714047
36 590279900 978459592
313 248276375 741023977
280 318402889 471965711
730 569196043 179588317
