100
374 999999943 999999900
96 999999925 999999998
320 999999958 999999986
645 999999946 999999936
446 999999967 999999933
573 999999988 999999978
946 999999990 1000000000
406 999999938 999999990
967 999999906 999999979
687 999999968 999999923
247 999999954 999999921
774 999999916 999999975
923 999999972 999999929
484 999999945 999999919
495 999999920 999999978
537 999999985 999999944
141 999999998 999999943
303 999999985 999999907
819 999999973 999999910
976 999999915 999999978
306 999999924 999999907
39 999999942 999999941
110 999999988 999999957
434 999999924 999999928
598 999999994 999999911
773 999999998 999999961
933 999999900 999999939
932 999999924 999999968
252 999999922 999999948
27 999999904 999999900
641 999999993 999999941
694 999999938 999999971
810 999999960 999999971
539 999999996 999999946
354 999999960 999999990
655 999999977 999999937
359 999999967 999999962
458 999999929 999999908
875 999999923 999999911
84 999999921 999999932
185 999999961 999999940
369 999999975 999999973
528 999999968 999999949
147 999999900 999999916
427 999999906 999999906
266 999999921 999999935
933 999999908 999999921
604 999999986 999999972
804 999999915 999999916
344 999999961 999999973
118 999999966 999999973
855 999999964 999999956
813 999999902 999999948
60 999999992 999999908
52 999999952 999999929
756 999999972 999999903
420 999999946 999999917
826 999999910 999999967
818 999999955 999999947
590 999999989 999999990
734 999999958 999999941
423 999999937 999999970
517 999999936 999999989
973 999999974 999999988
8 999999915 999999970
685 999999992 999999903
712 999999989 999999917
846 999999948 999999951
143 999999912 999999936
623 999999994 999999924
924 999999963 999999928
695 999999934 999999910
602 999999948 999999997
587 999999914 999999925
259 999999920 999999988
639 999999949 999999976
900 999999936 999999918
710 999999953 999999959
328 999999981 999999931
206 999999945 999999980
435 999999926 999999936
300 999999992 999999998
733 999999904 999999973
192 999999929 999999952
579 999999937 999999978
244 999999980 999999969
346 999999967 999999977
964 999999974 999999988
144 1000000000 999999987
365 999999944 999999904
488 999999932 999999945
498 999999957 999999917
622 999999908 999999950
454 999999987 999999994
629 999999977 999999940
313 999999942 999999989
812 999999970 999999935
465 999999921 999999926
62 999999958 999999988
197 999999992 999999974
