100
31717 540410020 367080481
31593 793264917 327613096
31768 506848956 40967970
31965 770949712 356375071
31507 741864381 472762343
31198 121876849 931774010
31310 898189968 308725051
31302 164975737 457691734
31766 248151730 72672398
31847 228497758 730466813
31772 170835455 472428669
31691 400652071 290219002
31919 991690441 31643488
31107 388563271 447691029
31087 975502356 704399161
31817 930902148 475059517
31308 501451448 139712043
31069 365483397 697919267
31283 696055341 198833557
31791 194029653 330840554
31600 239901679 881525482
31331 343061647 801025257
31007 116711496 230535981
31579 397091793 632860660
31683 88752525 399743647
31761 67721966 783923520
31128 120620053 781528958
31736 123591148 576069496
31665 88196025 971038621
31718 610759602 695094122
31839 620524215 920074675
31936 331924126 41451512
31458 781775367 475610858
31649 962151666 106201524
31381 652031642 781776798
31474 428458125 116451913
31589 293880294 581014459
31023 133895063 25218158
31578 68298710 822849163
31170 768775372 966774018
31619 148259421 111328180
31007 588989343 256636439
31736 226200391 846291691
31153 444467345 495112076
31174 581862390 503773467
31301 851874599 659688876
31931 310523440 908108673
31760 492938927 204868726
31459 872792518 180469270
31139 804885675 958612037
31982 499857749 615197930
31081 664469068 958936062
31674 875251949 433013036
31098 34112857 664495533
31274 289342910 398569154
31876 117079618 237955994
31080 434961541 596691147
31608 38022531 128385587
31038 97119633 154382847
31134 849671661 351019252
31799 4699911 560695602
31267 93664345 280705610
31822 375864645 607924750
31452 971398639 541634046
31126 756798340 317173486
31689 234277241 698615438
31716 901162683 762532224
31775 560369580 82508449
31558 884995990 862374778
31880 284911868 941671339
31153 803733260 845013617
31814 697390351 413944279
31650 96489127 974435787
31852 816411652 166070395
31504 635965841 78136857
31200 622910805 114719813
31184 402697806 396772196
31429 315148369 70178688
31845 93289951 128748754
31612 299998458 956136052
31364 609979280 479583231
31634 952910108 914571765
31678 178066726 427870459
31810 904922284 492969505
31082 764327850 406563670
31220 149384100 601157518
31687 730613418 502391500
31302 677214822 577855527
31164 461549146 51699359
31276 260560167 559936195
31275 674147581 255915038
31155 504643427 259004152
31586 812404307 814283779
31937 773862069 405631010
31736 589388076 803772901
31414 360231677 135264221
31911 989551693 966676128
31316 783475232 610214051
31286 51583858 7807060
31748 408502644 88767037
