100
946840333 544045657 217065950
910408020 513126390 83558222
908737319 485979525 270551193
981675223 418686346 176750029
952325029 559715844 106820018
965513040 158695230 136399517
944042380 837433962 102805569
990561267 12836709 517383224
981496543 448021764 37846761
979498615 183399236 532483021
967886466 964547981 3312168
917942040 709879003 146709478
925720965 672506597 250910245
983661925 955170523 15151598
965271359 844772166 85100575
993695934 890891620 974258
992977367 4058591 562280505
972368907 224399185 498134994
984918021 477752025 143300441
954944503 31634754 5507447
921354307 875359696 20588074
965847950 343146114 29002175
930616287 692914092 16161773
957512418 550833035 106865948
962539157 628849700 192686206
944724013 628348965 46534119
946093377 582035583 41752154
921500828 810334746 15942096
911659476 55566640 447038977
921524867 561197883 325660734
959823900 225394391 609753949
904564116 592068538 256191195
932213838 785631607 114926651
921875581 15571392 415091450
939377652 682375791 224200933
949457616 655786447 44507960
928198659 584840454 338863374
929364835 35137932 624473284
940442908 915112771 11249164
967689159 252851964 257579855
959096567 764387719 47212898
927915059 533479386 54469199
930696993 500333691 79217296
972395045 696229607 63883081
947072371 941122634 952510
989492792 289327887 382144821
910007524 578681436 297293205
944661598 176311727 99812207
926348467 924322874 200259
953045181 631390984 53958120
904356706 22598009 321334496
975886022 234980509 385194142
973603219 277480538 35447246
901429895 747388947 84822322
960156000 820995107 24564681
934122441 828639649 212223
997362700 359744307 302352423
998192138 367018475 532939928
973679265 5568134 501988304
986527212 2689990 790132779
923628047 636314557 160109122
970974052 461339854 488253888
999360414 789603003 205976223
910749205 753999178 147632592
987800903 50783702 488474181
948192292 845230934 35047200
975749217 561743774 28543030
987893009 532828819 82604301
919777003 58990482 627844079
943207537 889907729 6777352
954793994 812650537 63199334
908087583 35830475 374116724
942532276 394922252 468459209
922971641 854739513 58893183
985384506 214162020 290866957
901753033 179946104 222985758
911922796 112292175 528840020
986042084 363256064 98023934
946733265 783821832 97326351
921348685 266986578 61229743
905145292 810208270 40729283
967016770 577160405 291900085
919585095 563912401 157066302
954902200 188682261 400879103
973337885 658824373 224485424
996992660 492450327 147747146
922393982 293434086 595038416
922855503 258895850 440501800
937858250 253847472 188862022
970846626 169622207 94440648
992512163 301273281 507003271
936656112 399391158 379739122
935756267 507031898 273127498
909213067 227774731 661827107
933243948 405453815 82102098
919427302 59960126 590803327
940542847 565645018 357526120
978597204 493476255 142714957
905550517 2501408 841120882
986346590 242417270 423475404
