100
535 999999982 999999987
711 999999922 999999942
967 999999982 999999908
755 999999976 999999981
204 999999929 999999911
787 999999956 999999942
319 999999950 999999922
299 999999944 999999926
989 999999904 999999963
454 999999928 999999905
986 999999974 999999928
644 999999972 999999930
265 999999907 999999978
219 999999965 999999904
574 999999991 999999946
416 999999924 999999960
611 999999933 999999988
526 999999903 999999955
734 999999972 999999988
487 999999962 999999929
260 999999933 999999935
928 999999975 999999978
369 999999933 999999900
670 999999910 999999977
287 999999918 999999939
703 999999936 999999959
807 999999953 999999922
415 999999941 1000000000
815 999999981 999999980
106 999999920 999999933
366 999999953 999999915
789 999999909 999999971
556 999999933 999999932
883 999999951 999999954
589 999999986 999999961
890 999999995 999999963
237 999999914 999999990
609 999999905 999999901
33 999999964 999999910
202 999999965 999999986
532 999999908 999999916
295 999999914 999999900
531 999999992 999999996
871 999999918 999999923
261 999999912 999999912
536 999999960 999999952
927 999999946 999999924
509 999999947 999999960
908 999999995 999999971
909 999999953 999999970
641 999999991 999999973
651 999999973 999999974
487 999999962 999999928
377 999999920 999999943
919 999999957 999999905
247 999999934 999999907
691 999999970 999999960
489 999999943 999999924
107 999999944 999999914
35 999999970 999999948
485 999999964 999999934
650 999999937 999999921
430 999999937 999999968
485 999999960 999999996
73 999999937 999999915
457 999999907 1000000000
37 999999909 999999978
6 999999985 999999920
418 999999908 999999997
893 999999987 999999950
861 999999980 999999937
917 999999996 999999996
750 999999931 999999935
248 999999989 999999960
7 999999956 999999957
900 999999952 999999944
84 1000000000 999999987
748 999999928 999999987
378 999999960 999999947
737 999999982 999999987
596 999999979 999999956
548 999999936 999999992
282 999999920 999999948
243 999999925 999999964
341 999999987 999999944
144 999999985 999999959
931 999999986 999999983
451 999999953 999999934
713 999999988 999999933
935 999999946 999999965
941 999999989 999999935
326 999999917 999999958
474 999999974 999999965
388 999999912 999999951
124 1000000000 999999930
269 999999991 999999921
676 999999918 999999922
237 999999960 999999926
661 999999943 999999952
758 999999976 999999954
