359241290463801
2962837487758
97604222110113
152178126230043
266035533238982
15081626177756
21204995988860158
170728666633818
114363292889078
11189736690686
287242766230854
646024693220818
493178195909971
722355934348836
5604233321345686
1102886025829912
165865755008540
719358331833786
43374979498214
123165530531182
68212031683778
492637795242044
56926159831959
10201184550486
100278252421387
84020408607905
204712370693249
493276174572304
342401511917364
712559695779714
902464318631265
1790085518903337
66662313769706
434387678973379
9350118626999524
18396075884046
66477725386080
1088378689307010
515690297488566
67282277131984
684774317769101
1383241773568892
95289207994580
1411588973509633
2204583597253356
158924865971167
323435856009208
4255387460706548
310309208188427
273031776188331
136973699017932
2173954936833662
1912477061428856
281392412784032
9533639731982830
460006141010173
65412939709240
1077330301892584
170218626109104
302324894118078
270567304213509
148073101326756
634990051475001
436880366735387
111763490916221
1070754510654256
64812188656040
122876507795430
454444546361662
478565629610641
561049112376168
607566694837973
45386995934734
1554922017269056
1346031231254394
184665681456037
2900382573059604
7894145980752099
1359747821749064
178892216181400
423459711757881
269272496705880
463847033460398
216843632767121
232024556665804
318973383232566
288507125111521
177363146583152
130614464030195
4584760738929060
696082209167770
253889089310837
156669697808725
1922128447901826
408609184258932
19209694187014
566478791514888
19958463339282
476249813140995
266248556865611
