100
483 224402656 773224107
648 2517946 762493990
730 107145407 664994274
388 108837651 542506315
603 302190001 530856170
928 41917366 333889040
13 348738916 790462249
184 210391367 149312565
348 199237721 199753469
993 41458493 268012842
933 421004514 636566811
274 347326364 509638151
855 454301741 928165841
188 261867948 518593118
70 982314167 399359335
452 704517749 707582576
161 125551818 212696136
361 695723750 373263609
330 44174403 324027995
695 155473861 550575146
739 221407730 227673584
563 542202570 511534054
562 111971631 285719709
163 12608707 131876574
807 920480053 87915593
631 68621190 772602134
998 777888621 262637787
588 415923719 697354773
681 660328582 353120304
646 711386517 647065347
598 772401864 698695443
230 510280629 806849498
773 232852866 221298408
170 169079532 436752483
26 581946349 417741403
935 468482288 36715008
335 107835582 206518457
201 460782310 474766743
550 995081994 285031450
588 112148104 352765473
993 743099293 915060617
332 671181689 684220497
955 229156275 397114125
406 881051787 650478362
420 957108053 967419622
988 309238167 507756753
799 712336552 362785327
170 780630255 926707444
831 805775557 320023299
166 439988176 103010211
256 784985324 44669965
103 737970426 303423214
83 686979124 231063202
313 852545996 103309177
22 630022498 332908864
893 479863367 856046767
896 497957668 117700756
103 430378996 257830940
647 245217704 449117047
390 172577563 683209953
286 387694883 199595745
875 185301675 699205572
549 559231265 623372762
41 432355628 41429078
994 147488766 753229639
491 692973622 758673127
769 295376284 168735866
729 632473980 141629501
760 528452538 653564569
815 403314073 967065159
424 680090770 349783932
563 375073787 911980685
181 534038698 15382867
99 805619666 191079347
266 726165035 493061894
831 994948229 154236348
68 481496586 409610412
39 817417943 376639265
30 131466731 310287130
344 300234981 204969195
864 582658893 627930330
609 236034368 694758784
869 727293176 554223641
448 475860901 204147782
299 237191203 292486996
590 652345102 288488862
406 653042606 179366387
516 147974474 618480885
707 109150523 846028251
73 884057065 378581369
445 814250857 380419106
930 694285174 340086267
913 593474015 241020551
91 365410157 478677687
561 896615310 255661207
793 782687558 19462795
883 875303940 571459524
498 27636174 359648725
689 797787330 411307762
209 152718959 364368306
