100
31789 830187129 738822544
31843 414648955 630724892
31421 926232022 956388614
31662 80457603 612243633
31542 355987097 539711077
31988 13654635 630263805
31612 723627402 658512462
31289 973634062 466848920
31860 915631282 953849798
31019 569859693 399949342
31294 849007152 388013374
31633 538840213 191439225
31114 540225833 472161499
31632 955913907 322841325
31585 967365898 832126307
31962 650173165 820430417
31506 466011717 654908751
31891 28272419 789253366
31113 102074488 575379974
31757 339659555 734362185
31638 603767270 558992506
31386 531568916 957508468
31645 940939431 437105384
31576 614355879 586542553
31067 952193726 222760214
31528 801238778 920347662
31050 420890026 110810174
31257 266974764 552740061
31792 623868801 440368399
31440 10584408 916455432
31965 961992616 348572384
31217 41343331 153357098
31530 951382767 932408613
31911 584673316 237194489
31303 329935866 148373974
31898 491765751 929641027
31131 248405328 962497179
31277 123569076 353467728
31463 916040555 641000389
31669 72472811 451934160
31005 276253375 292998425
31363 776725698 804189043
31967 387548260 464276389
31687 994897090 587773499
31746 636181370 855626662
31078 323228036 959423180
31914 201003344 66755116
31844 696313143 964096705
31366 529168381 196891787
31543 714038250 702400165
31517 133089963 53868881
31774 406285325 483609093
31964 283514125 716032119
31263 333487936 918720266
31572 894863435 385728457
31176 279655818 783539310
31582 454337726 735482542
31447 820722984 950309162
31924 481308940 456458560
31688 801051144 188691848
31518 294311102 722869312
31638 585112478 75172582
31902 52393124 406453342
31911 534444232 590769539
31015 344690787 270863918
31725 488414543 342780457
31981 422599620 939503151
31326 821662346 200505034
31548 682299442 195776042
31806 671400991 757578977
31422 124784241 698817801
31580 897427598 145091362
31419 910703709 852844761
31504 620847941 958983147
31833 564580740 291344964
31091 980953319 390221963
31246 710525701 940637923
31505 478753557 542228978
31244 722157405 45726383
31112 990439651 872546909
31846 534517972 523278764
31424 286435346 121133934
31502 879429169 716399147
31275 500534091 499452759
31234 337169720 33296754
31190 990508185 103044405
31572 732812071 992218865
31098 366090623 751913575
31893 84429936 328743879
31165 625417033 712496417
31623 838224918 454744683
31936 141965971 138304365
31259 427455114 679801184
31000 69840842 125149158
31226 481090771 546525663
31251 876667344 752884800
31324 924609530 102755022
31975 449837702 995656123
31227 291684148 762570599
31777 273375058 729379954
