10180893290166
2154523571898
4482235146873
14596483034680
6794473462938
59939855042
11843365447809
3547055950643
24137166282330
2800832072346
8746816283750
9648695199770
6084638543265
2991296347398
1095200982740
5395993892288
3655522996391
282236113810
3713016958107
2064353592532
2868954079692
4162840406420
11390127583150
22424790983869
4247834719002
4119087962216
3469719772410
27189585735686
2214160324527
12566538995860
4314610956240
6836017689783
19611952539410
10301138021124
8882398408235
20642729424078
1150860237952
16645051182510
2259120983413
4359290214436
3550382207723
4066819629040
18272250407064
20395500696325
6852884439257
6633741727438
13920460800212
3912508702418
12598589960655
6945464675105
4313388119547
6852835462318
4655278827722
17278934978850
1460618145512
214160786764
19018863490544
27522234258889
10106524104091
805999115930
2599370998357
12789348707290
20972588283110
4887246530349
1847877160284
23253553077685
6041061608145
2354076907344
25261035182189
258835354325
24620079245154
1155328181148
9547715838912
746926161554
22764179205052
7977042381872
12394229400906
10363450607721
3707928409332
5695671520006
8485150149406
76883664918
10507995682661
14050704011861
4016396467010
22941648202020
440961839430
16300770969070
7857616209560
16999343704532
18106675303742
3235338033506
9292893438814
4002712938504
3609882588386
4097040772488
3816899002656
5035720339548
4478617038004
194446538916
