100
213 621912492 334699216
757 365952068 850385032
252 61977111 278836678
648 640399123 155680589
357 805165026 59784587
165 477999613 66919823
983 143971445 479034522
925 865417494 317169452
274 737773915 26338788
568 255229622 684597998
482 173429689 368616449
771 90186677 628557326
291 679182269 844544483
375 605747847 552590894
112 146540418 958191347
827 756743871 482296474
757 209962545 459564069
878 813641276 884356400
879 925155758 749336790
571 717925156 782155227
234 267184607 183803945
227 408678217 57292231
196 932640908 239223253
126 333937142 534316638
186 818865985 536426555
600 223635987 632912778
437 125404006 170992800
448 698305627 35152097
474 666330539 14126926
810 987888581 292431010
419 412603501 453309899
454 695282320 863112414
748 718149729 50860176
976 737275257 394007016
581 45176525 918081070
488 58086381 204697435
420 577304701 893717999
974 802471256 41289440
427 381626950 730862668
25 211596421 500161229
496 267266662 164432919
20 218153193 598401517
546 193794188 751284959
671 359634206 240656094
965 419351286 319001399
480 819958695 632801718
972 285819147 462278122
811 525859355 75854430
249 961632936 524026089
830 156542754 956448707
167 974744549 976120424
210 878256721 230598241
328 852066399 888327903
127 735461859 107671461
758 577735361 107863097
618 828856902 336254871
662 420405724 648676340
126 287770996 496260924
619 906467118 247781648
429 107679646 180544168
226 211693693 684273015
454 7134964 66129145
450 716295943 170949289
772 724167894 513734258
150 955682303 127857594
179 855028723 763475717
734 404757450 747628883
997 789235070 228765275
166 951069391 532485602
125 848785029 334736357
722 935300434 906586388
801 826918870 408130311
591 409678884 464367020
965 467701526 828488086
659 58461522 808463812
402 878653420 12948413
446 506106680 255953543
856 88684526 74669659
273 813250562 12575924
134 477380915 204633274
472 50797938 610443198
442 967855115 635394264
350 614425790 627708465
698 590001871 343163009
107 113553080 416803230
853 190656747 33126242
214 376369908 512381839
127 627594036 889033895
607 939367454 831958967
896 916108572 142501333
616 623065984 269577550
984 863977759 682916579
309 385230384 1663598
791 414369053 849800850
737 207959637 164765078
956 212287066 288494978
424 869318910 61841207
821 818598171 327811210
377 129469373 15406453
158 671089577 558293616
