100
422 929686089 686990945
414 400023834 68018899
128 712689776 10541785
338 599906897 526474474
813 446595029 5486671
774 74836681 194193343
981 638421129 1920752
757 947636096 895104029
780 399018778 505362571
987 504349965 752376188
429 760159664 234175680
74 524518450 4261733
639 657287319 877837704
922 13051856 881236518
720 454622890 942868673
554 204109361 688455582
908 5116885 758763718
350 543078902 122678148
208 951662621 396740643
981 732483300 915906719
318 639458349 405228310
531 84080896 189944901
789 463720241 39617870
355 989780095 573838161
487 346450659 635147781
425 251726820 445261407
877 489731219 652551839
469 717802293 635993495
636 511974999 159846448
731 433387769 518037409
390 851543606 681125201
246 983832494 716835135
89 645456504 394652335
689 894250904 441562062
1000 299170261 175078815
191 912873266 649826106
336 906854885 79356449
672 832024545 153395834
639 587824108 530258666
74 338665713 947031700
923 551677474 919665812
127 136774276 704819504
898 202555707 342554654
533 537087523 301948356
492 104748678 152546722
794 986805105 481375715
425 508131475 660727945
177 580150687 541649501
195 464473116 375552972
225 668047908 480917294
572 618459008 987896609
647 720066282 405549676
290 10184957 240780822
34 514238128 553910693
702 603853747 606234515
779 392608716 439874308
372 329278931 977933220
778 736345018 405287386
481 334439812 890835068
130 37360027 683452967
217 445110405 857827252
428 130565652 446127359
942 520466648 950814927
641 649721924 644677903
485 511056559 92512363
30 523165275 466015515
388 965471260 946363181
391 835706166 623091820
516 257726040 551746382
530 396771847 735431152
396 456645668 728025952
19 839714477 164585175
939 253805661 997624555
967 844252591 888922845
113 171156569 857546057
858 415732564 42665478
196 694119012 842363612
81 467578859 314768984
115 735536536 986358955
823 4891294 949208641
936 248845946 583840259
27 959354949 51685109
154 306879395 608007844
324 7486862 240572458
806 254168646 133574797
821 738979141 585986220
588 493609591 612307331
522 260179355 602134595
135 583697975 597965709
643 108039615 874065117
391 526384407 594880633
116 519302580 692594784
870 434869954 846989831
63 616016195 796891197
778 527994365 846747635
232 405076528 106639615
511 875846035 454416425
392 51733728 165911338
949 766376024 117983279
200 810141535 280855685
