32233106755696
32254942779630
31748041907360
31848145322424
32257021483162
32137806657792
31655585496336
31826857701483
32013315135972
31677644794586
32248697504380
31447526141536
31624550039500
31354840183565
32033823716898
32119220786006
32170888591827
31619551533540
31986692157112
31797509611244
31559676383760
31636554551040
31433688143286
32015361961590
31647568637760
31558678760939
31408018248048
31708782825059
31281275679453
31548725050465
31772253826508
31664603997510
31295960347968
32137803154750
31691698767540
32235185770305
32219606110500
31668617153459
31345009466190
31317526753702
32228949400470
31994876851245
32104787111745
32034850236375
31388302203664
31870474448690
31371563050784
31353857966380
31770234430830
32252859247908
32169853980370
31846117384356
31626551908664
32046142412424
31416897046491
32023565370272
31329298001448
31719846031120
31336172943384
32065668886484
31859307471209
32178134632752
32108909292075
31278344777394
31944794913100
31420848613622
32009213083913
31725884802894
31896907721979
31291065022698
31868443538824
31823820608112
31359754984320
31488128376576
31635554723300
31296942006659
31707777790336
31850173041050
31579609544880
31482178408494
31908101020728
31654583926680
31578612273038
32079038558958
31335187445970
31347959122208
31561667715264
31699734734400
31360737571152
32043064021914
31384362547968
32084187145972
32025618186028
32039981641080
31663601001936
31788412512876
32234145923318
31709789128500
32100662843197
32024592738075
