100
999999931 999999993 999999979
999999912 999999972 999999948
999999956 999999909 999999971
999999923 999999942 999999969
999999900 999999953 999999901
999999955 999999951 999999984
999999908 999999906 999999905
999999991 999999997 999999965
999999986 999999964 999999915
999999903 999999900 999999991
999999995 999999902 999999928
999999918 999999918 999999990
999999969 999999912 999999910
999999940 999999926 999999976
999999998 999999956 999999964
999999973 999999952 999999919
999999940 999999941 999999978
999999950 999999914 999999924
999999997 1000000000 999999986
999999967 999999962 999999989
999999904 999999939 999999970
999999993 999999992 999999925
999999952 999999915 999999935
999999979 999999912 999999998
999999976 999999906 999999989
999999910 999999910 999999932
999999976 999999953 999999901
999999971 999999997 999999996
999999962 999999911 999999955
999999935 999999929 999999926
999999993 999999981 999999926
999999916 999999983 999999988
999999999 999999978 999999979
999999989 999999952 999999997
999999906 999999957 999999947
999999946 999999944 999999948
999999920 999999990 999999942
999999921 999999936 999999937
999999916 999999964 999999944
999999972 999999926 999999905
999999952 999999998 999999903
999999933 999999991 999999920
999999982 999999931 999999955
999999999 999999986 999999967
999999997 999999924 999999911
999999920 999999963 999999907
1000000000 999999936 999999999
999999983 999999960 999999927
999999912 999999937 999999958
999999976 999999900 999999970
999999920 999999941 999999996
999999916 999999933 999999990
999999964 999999958 999999928
999999925 999999995 999999923
999999973 999999945 999999933
999999940 999999979 999999906
999999910 999999995 999999939
999999979 999999922 999999950
999999969 999999933 999999910
999999918 999999940 999999916
999999927 999999924 999999951
999999922 999999935 999999971
999999971 999999977 999999902
999999936 999999964 999999916
999999923 999999965 999999927
999999933 999999980 999999994
999999996 999999979 999999931
999999999 999999983 999999989
999999910 999999900 999999964
999999906 999999975 999999990
999999915 999999912 999999943
999999960 999999990 999999935
999999910 999999903 999999901
999999908 999999959 999999977
999999943 999999985 999999980
999999936 999999993 999999924
999999930 999999949 999999939
999999915 999999949 999999962
999999959 999999974 999999999
999999971 999999970 999999994
999999939 999999960 999999926
999999960 999999995 999999974
999999913 999999973 999999972
999999928 999999993 999999980
999999967 999999991 999999942
999999978 999999920 999999985
999999937 999999985 999999971
999999925 999999965 999999983
999999993 999999972 999999987
999999932 999999982 999999968
999999992 999999967 999999927
999999981 999999937 999999900
999999938 999999965 999999956
999999967 999999967 999999958
999999928 999999978 999999901
999999914 999999940 999999930
999999931 999999976 999999995
999999934 999999989 999999960
999999986 999999962 999999965
999999930 999999934 999999946
