100
901978943 386408833 515570110
929645175 668367461 261277714
978311181 521474762 456836419
950571535 679497044 271074491
906458107 39268260 867189847
990459918 510674175 479785743
950016779 550756234 399260545
976165333 506814266 469351067
917701665 667884649 249817016
962642425 208380251 754262174
929555522 421934754 507620768
920895918 685636556 235259362
920457908 504711718 415746190
900002002 715565583 184436419
978439742 460852004 517587738
930479689 154174996 776304693
977426560 579481018 397945542
953124658 698648618 254476040
997840732 87525120 910315612
908100079 605246321 302853758
907812567 616532431 291280136
982268456 65571873 916696583
961046183 257027226 704018957
917584999 894354907 23230092
960704863 193031081 767673782
964918666 536868925 428049741
908827690 825566179 83261511
961269531 131895480 829374051
904167039 833617969 70549070
913791411 511140039 402651372
922433740 762021680 160412060
929317572 448302617 481014955
925750244 26072466 899677778
910676632 849991851 60684781
953753146 494511990 459241156
979035749 740179056 238856693
967286466 146306498 820979968
997147623 341570918 655576705
984087794 216816281 767271513
907724177 428413818 479310359
948916388 779071832 169844556
902946238 1512426 901433812
992279262 149561362 842717900
974360986 32059206 942301780
931183860 363850786 567333074
967666502 452720098 514946404
985360427 66887673 918472754
902110202 824258070 77852132
994889474 573955376 420934098
993607061 332660685 660946376
949268488 547426495 401841993
935924264 23483953 912440311
993679569 460031482 533648087
992054325 492734806 499319519
920548580 519419353 401129227
912291964 226615050 685676914
977741356 746674255 231067101
944145196 594869529 349275667
940207727 550501954 389705773
981778466 166793468 814984998
980286939 112657183 867629756
911502808 456802484 454700324
939765719 927353017 12412702
969988599 890415135 79573464
914478775 61237021 853241754
915261526 376180525 539081001
998547674 638899914 359647760
919180420 567620962 351559458
950268426 410338432 539929994
945617923 126558215 819059708
967545188 409289769 558255419
918421090 262922475 655498615
932692883 911628187 21064696
974928236 376315321 598612915
943762089 126571840 817190249
906006829 478661139 427345690
987000737 591926099 395074638
937510141 83669281 853840860
987413632 907140173 80273459
941674478 499908062 441766416
976978820 741980101 234998719
953460974 163228018 790232956
926910158 630259524 296650634
937044666 4271112 932773554
916639568 905087778 11551790
993322795 562712031 430610764
968416192 887615141 80801051
907965966 238746203 669219763
945056153 339228140 605828013
938618524 877627977 60990547
919934523 125584395 794350128
916459339 567410736 349048603
956984181 142006438 814977743
954317742 862418271 91899471
911879402 708731273 203148129
961968865 908100087 53868778
958851322 922083206 36768116
910764524 728150174 182614350
967863545 229586190 738277355
915102330 176888192 738214138
