100
902127733 792424046 109703687
943841673 933214224 10627449
999238159 843231644 156006515
925107007 726642312 198464695
909523193 631700964 277822229
934765173 586179930 348585243
916242146 13953325 902288821
924823191 673918545 250904646
931246818 284928705 646318113
928777364 821121378 107655986
983467215 29075954 954391261
951408762 495384875 456023887
982453530 102435257 880018273
909918326 407700600 502217726
990540013 902150726 88389287
974260774 367993810 606266964
969396530 561530303 407866227
945207483 756550405 188657078
984904501 663326350 321578151
959320002 73793030 885526972
969804658 964007780 5796878
994086490 820962004 173124486
915579670 636751573 278828097
922100050 821302648 100797402
915285020 201427777 713857243
921815575 813636047 108179528
919738826 82151422 837587404
995859311 357809923 638049388
929762418 63781319 865981099
935406596 217197712 718208884
993835636 110940180 882895456
900776609 250875564 649901045
963642841 769503605 194139236
957863563 276428579 681434984
907636090 537518682 370117408
954059316 366452326 587606990
975971897 866695384 109276513
946257913 506768549 439489364
991703293 174554864 817148429
972685454 606127286 366558168
990161285 28709600 961451685
913156638 656431027 256725611
927188944 641375176 285813768
961328558 937346912 23981646
920849831 799031774 121818057
963662475 282445251 681217224
956514733 738964507 217550226
954707680 426833097 527874583
911901354 827571644 84329710
991102532 632971178 358131354
925015872 308357975 616657897
953618142 751938914 201679228
977840294 317118620 660721674
972644889 810880195 161764694
970232275 102523496 867708779
956141621 870372060 85769561
958247357 641021292 317226065
930798310 865519696 65278614
935284249 340277686 595006563
914524213 796401758 118122455
930668185 479441878 451226307
991306539 284705672 706600867
946759902 529445346 417314556
960323944 401638284 558685660
988282549 285819728 702462821
936035255 112946637 823088618
997506935 997463657 43278
932374420 510990040 421384380
991389728 988299025 3090703
930942215 736741188 194201027
933259708 682429997 250829711
982721947 981080847 1641100
962418868 2045520 960373348
987380132 561599025 425781107
978899485 737625273 241274212
913246711 325603979 587642732
916550765 348408379 568142386
979016738 874659453 104357285
952002382 8478685 943523697
900406876 718049222 182357654
990716965 937377619 53339346
991347973 263481836 727866137
950533259 625023509 325509750
998145030 666759360 331385670
927708267 291238823 636469444
930793625 188878083 741915542
943002707 212929931 730072776
929758480 204712852 725045628
995658350 835155509 160502841
911403767 684426367 226977400
959891422 102832319 857059103
998149313 725775661 272373652
962348000 839934717 122413283
900146900 600260242 299886658
989410888 771216368 218194520
912529698 356520360 556009338
903443128 83432312 820010816
918187754 355308736 562879018
978771501 770062721 208708780
901637015 899473186 2163829
