15998450000186
1812900516608
11753716758810
6143629838879
4212309209536
7080212634678
12568903409869
1950140911719
3176711561132
3687012355527
1162641503754
6210730760807
9522927275354
21330086357311
10223094820647
9254526246398
152512426654
7759319270948
3441298000759
118799819104
16988743963912
19157313190539
7801082902254
1821800890268
7901681922652
17317749544910
12931320112032
8106689552270
7677203838113
1107956296704
2020549375705
20509028575167
22843955044214
3531401792606
847077151723
7164230120803
6414997001145
3182624562691
10973600451747
5664832370048
10372226920869
2492379325720
689090011657
6574948814364
2637393714808
12823349927379
3293500264947
14937339446549
14878994966703
9236869947046
22135652558961
748383953281
1082616971252
8932186506564
2307748433005
5323164529540
20771075259618
316697581170
9163617209097
7708887555552
2189362534536
17958947371833
4792753253152
839171993791
304525547364
5085425657026
10170872193270
5343547276985
17516122362865
6286190642336
471107087
10386204240461
2164677183531
1069989770411
7477866301742
3394952749152
1974004053292
12581287614627
3349773363318
18561205971127
5737283106912
11019822108061
8126643433936
12176543509257
2056157094658
18442036529946
3341988658286
12096009180245
309895310817
5240233243293
877396565434
2790993565590
19758579084207
9361889230893
3364214038478
6040578876609
7643493306038
3904363974390
880536647888
270356699217
