100
1000000000 500000081 500000074
1000000000 499999932 500000002
1000000000 499999933 499999924
1000000000 500000070 500000073
1000000000 499999982 500000014
1000000000 499999981 499999906
1000000000 500000097 500000040
1000000000 499999991 499999984
1000000000 499999910 500000074
1000000000 500000096 499999903
1000000000 499999946 499999902
1000000000 499999972 500000089
1000000000 500000050 499999934
1000000000 500000004 499999998
1000000000 499999968 499999940
1000000000 499999903 499999934
1000000000 499999993 499999945
1000000000 499999969 500000089
1000000000 500000022 500000041
1000000000 499999906 500000057
1000000000 500000000 500000024
1000000000 500000016 500000040
1000000000 500000099 500000087
1000000000 500000023 500000036
1000000000 500000073 500000018
1000000000 500000046 500000093
1000000000 500000011 499999980
1000000000 499999942 499999944
1000000000 499999943 500000089
1000000000 500000048 499999990
1000000000 500000095 499999945
1000000000 499999951 499999917
1000000000 499999911 499999987
1000000000 499999962 500000077
1000000000 500000096 499999975
1000000000 499999936 500000009
1000000000 500000071 499999913
1000000000 500000036 499999996
1000000000 500000036 500000007
1000000000 500000080 500000043
1000000000 499999994 499999943
1000000000 500000033 500000082
1000000000 499999927 499999904
1000000000 500000052 500000077
1000000000 500000081 499999977
1000000000 500000018 499999965
1000000000 500000004 500000026
1000000000 500000075 499999962
1000000000 499999985 500000060
1000000000 499999937 500000036
1000000000 499999991 500000038
1000000000 499999943 500000058
1000000000 499999946 500000046
1000000000 499999951 499999963
1000000000 500000092 500000004
1000000000 499999905 500000043
1000000000 499999930 499999985
1000000000 499999975 500000029
1000000000 499999943 499999955
1000000000 500000017 500000062
1000000000 500000050 499999923
1000000000 500000003 499999955
1000000000 499999935 500000044
1000000000 499999979 499999993
1000000000 500000068 499999936
1000000000 499999929 499999933
1000000000 499999925 499999971
1000000000 500000089 499999906
1000000000 500000050 500000050
1000000000 500000081 499999943
1000000000 500000050 500000010
1000000000 500000017 499999909
1000000000 499999942 499999958
1000000000 499999948 500000036
1000000000 499999912 499999903
1000000000 500000086 499999901
1000000000 500000067 500000057
1000000000 499999956 500000041
1000000000 499999936 499999912
1000000000 499999997 500000016
1000000000 500000058 500000076
1000000000 499999967 499999943
1000000000 499999991 499999946
1000000000 500000090 499999998
1000000000 500000043 500000060
1000000000 500000026 500000042
1000000000 500000000 499999958
1000000000 500000070 499999939
1000000000 500000055 499999902
1000000000 499999969 500000073
1000000000 500000056 500000097
1000000000 499999996 500000051
1000000000 499999900 500000028
1000000000 499999974 499999982
1000000000 499999986 500000065
1000000000 499999938 499999980
1000000000 499999924 499999945
1000000000 499999919 499999981
1000000000 500000014 500000095
1000000000 500000093 500000058
