100
999999947 999999984 999999925
999999952 999999953 999999943
999999906 999999933 999999929
999999923 999999979 999999904
999999964 999999924 999999902
999999928 999999957 999999979
999999921 999999980 999999998
999999938 999999979 999999902
999999912 999999947 999999938
999999990 999999949 999999973
999999918 999999907 999999971
999999968 999999984 999999959
999999900 999999985 999999913
999999947 999999928 999999924
999999999 999999986 999999940
999999977 999999917 999999966
999999912 999999902 999999991
999999941 999999981 999999914
999999962 999999946 999999954
999999991 999999978 999999918
999999932 999999941 999999964
999999933 999999974 999999903
999999958 999999916 999999917
999999944 999999999 999999980
999999981 999999925 999999949
999999962 999999962 999999939
999999976 999999958 999999946
999999944 999999974 999999975
999999978 999999935 999999946
999999996 999999918 999999951
999999960 999999917 999999955
999999967 999999950 999999939
999999905 999999905 999999978
999999932 999999954 999999985
999999943 999999948 999999982
999999941 999999919 999999992
999999927 999999963 999999964
999999935 999999939 999999956
999999930 999999942 999999925
999999932 999999949 999999961
999999978 999999999 999999981
999999938 999999979 999999905
999999989 999999936 999999905
999999922 999999999 999999934
999999943 999999951 999999919
999999907 999999997 999999909
999999983 999999956 999999993
999999987 999999952 999999947
999999975 999999918 999999952
999999993 999999954 999999965
999999996 999999963 999999974
999999980 999999957 999999952
999999939 999999990 999999916
999999930 999999911 999999994
999999930 999999921 999999969
999999916 999999919 999999928
999999913 999999929 999999907
999999947 999999985 999999911
999999924 999999990 999999920
999999996 999999939 999999912
999999963 999999964 999999959
999999964 999999993 999999929
999999968 999999990 999999956
999999966 999999971 999999925
999999967 999999959 999999977
999999929 999999957 999999915
999999981 999999935 999999990
999999954 999999970 999999965
999999936 999999984 999999928
999999967 999999964 999999930
999999963 999999933 999999902
999999956 999999975 999999985
999999922 999999952 999999905
999999976 999999915 999999957
999999966 999999965 999999952
999999986 999999985 999999944
999999910 999999970 999999983
999999984 999999965 999999965
999999921 999999906 999999974
999999949 999999974 999999960
999999910 999999929 999999926
999999961 999999964 999999991
999999938 999999961 999999977
999999901 999999954 999999952
999999986 999999928 999999911
999999954 999999974 999999973
999999946 999999912 999999952
999999903 999999928 1000000000
999999927 999999917 999999919
999999987 999999937 999999927
999999924 999999958 999999919
999999934 999999997 999999919
999999945 999999947 999999968
999999979 999999937 999999977
999999957 999999972 999999950
999999989 999999961 999999924
999999972 999999938 999999967
999999919 999999976 999999932
999999914 999999922 999999909
999999904 999999934 999999993
