100
31808 70249740 192998707
31693 375674463 761793912
31355 348682757 71107687
31926 435316036 550656645
31496 37612180 883271998
31212 689925535 923142205
31548 720933044 295283395
31539 837197020 457751344
31886 569495978 370129110
31207 74283169 366016661
31010 45068093 284383420
31855 668151711 25779806
31366 512474650 311606873
31511 771208469 413039858
31891 282381948 549058713
31578 478096484 167044904
31827 306406218 22819144
31738 982847412 54141337
31850 616880882 321397939
31439 604343447 569737376
31525 51453235 879483257
31058 537939509 552631766
31805 413312394 587500357
31897 979019832 26822553
31240 297695635 38424472
31050 272028531 533390901
31904 318967903 623034986
31300 194545348 443051179
31295 911952083 963759229
31771 715349113 572657950
31835 254531285 713348953
31259 194703970 227899669
31976 319383539 395027374
31381 337037112 881239752
31674 164869591 60713687
31076 924878925 194343713
31441 760953074 624469873
31555 642551387 840062347
31281 781665495 811918961
31181 606811768 132018266
31090 588746847 938923222
31846 219237930 487875271
31413 996506133 489472413
31402 499463731 29580292
31985 40344088 651814190
31390 300901091 159730705
31517 724069721 825161154
31638 926769488 572463310
31769 390889810 60582630
31775 404613431 539392198
31805 205728253 115028202
31763 744450600 647073159
31702 426945278 666812137
31298 265697220 848956700
31018 634158648 654732715
31720 329917518 919326522
31714 861867342 287323737
31748 74088903 708038788
31199 843579611 574109348
31713 902918603 803913130
31095 692159707 371260330
31893 489701809 407879266
31278 132354350 139580240
31336 735498965 563483000
31347 47890764 702480582
31754 144186437 650221979
31516 573858461 550381230
31835 219707550 12950433
31614 11654293 984822487
31061 933738071 148497304
31186 740527788 402289138
31044 314332620 350482293
31028 255841170 888513318
32000 518583619 942776253
31430 283106587 819719094
31139 570830560 260562756
31009 206001284 240532002
31654 617317048 306283655
31770 372726553 510384359
31453 909507798 610366533
31852 949090142 790618997
31443 328559969 970077448
31853 215150395 271919300
31908 811845921 588763473
31250 440830189 30084858
31096 687484383 375534602
31143 261788588 744535555
31129 797911872 259580346
31912 618154153 549803796
31177 439019845 819013412
31892 759602762 689060009
31146 617414809 2518491
31418 986423342 11677565
31673 624237333 599019550
31926 641332757 271176943
31464 334370810 783074981
31820 32159687 263295705
31952 644236704 846598176
31403 120553120 648449157
31398 60948658 147821278
