6254499791477
8225998651064
653631726990
8595252880122
11131670515881
3640030774091
8856395518315
2412243020604
567707021720
5240996923696
2540210454783
3669080940050
983130566432
5592191166052
22103871107244
13899296753298
2237728571887
8210045522972
4424101246455
2019215428939
6692387440007
8770899229849
867745966800
7957939580088
1119788467197
1671510403706
3028400935921
2243417263976
2704618553216
13384684068742
17931738286040
430822797644
11819596064985
3228600370576
16243689150356
1585269372882
5405321472070
108841403263
1779705374337
23844467606316
522010547550
4874903326011
6031998715509
7063883087881
9402926590035
17953809672524
8831199429525
3179715675363
5006905131094
24778351790653
9615141401904
20500735218255
11965508102567
728916363869
3687509073998
874005422582
8350633872524
154440171795
483072538092
9579595001757
82871138243
840889979474
7180485836824
16728429832663
7711764045590
5164874162222
21666212151873
1455081817524
24183985684458
8415725854246
21800967771100
9074016028843
2970693786839
4256618278872
1577335317492
2290391377943
5123758743264
703703554445
377169569563
9073748615168
9327121345323
27549620008007
2405123166568
14023863257432
9997681474398
2876469402030
11583740046060
12501831442617
765684602727
4664825056689
5516371020751
4195305497514
20943698129439
9828802099332
14927343193840
1551106419478
29976371753099
15266560064777
12872152940
1142168618596
