100
1000000000 560529938 993
1000000000 624710021 229
1000000000 744754661 951
1000000000 679053737 690
1000000000 529178176 917
1000000000 556908319 882
1000000000 636218449 133
1000000000 687122291 375
1000000000 874394126 681
1000000000 897767374 172
1000000000 724645824 297
1000000000 942981133 840
1000000000 869195169 503
1000000000 971291802 202
1000000000 774259548 868
1000000000 970104847 349
1000000000 512309978 700
1000000000 983982786 132
1000000000 853958731 452
1000000000 535434889 612
1000000000 835953510 153
1000000000 708743186 697
1000000000 689163071 605
1000000000 691404029 961
1000000000 536217223 968
1000000000 773442448 980
1000000000 574239041 593
1000000000 948380579 216
1000000000 789956200 553
1000000000 635826385 274
1000000000 985037538 402
1000000000 624206730 889
1000000000 854304421 311
1000000000 686517432 895
1000000000 513261275 751
1000000000 666753734 330
1000000000 983560563 863
1000000000 524345145 902
1000000000 723067754 890
1000000000 756225830 349
1000000000 870048764 387
1000000000 765044466 623
1000000000 855264199 893
1000000000 838557200 342
1000000000 838121239 549
1000000000 636341557 544
1000000000 641349823 857
1000000000 817528398 711
1000000000 503942051 461
1000000000 512263700 531
1000000000 961055732 362
1000000000 751354772 406
1000000000 512156599 426
1000000000 953085921 623
1000000000 984432051 210
1000000000 557851618 100
1000000000 644887938 696
1000000000 835978569 725
1000000000 694433716 3
1000000000 823598326 455
1000000000 986041253 589
1000000000 957395332 17
1000000000 848241214 441
1000000000 842545997 510
1000000000 666982436 30
1000000000 959765719 98
1000000000 721017815 992
1000000000 691551444 694
1000000000 545442864 462
1000000000 913412109 411
1000000000 811647337 888
1000000000 940053432 619
1000000000 566730734 405
1000000000 772323677 872
1000000000 751360382 380
1000000000 771064728 542
1000000000 961653032 681
1000000000 643559628 969
1000000000 959891406 117
1000000000 553214706 175
1000000000 623267396 953
1000000000 953177117 161
1000000000 943152333 598
1000000000 619021760 908
1000000000 580115236 146
1000000000 667815489 441
1000000000 538243385 362
1000000000 955496996 248
1000000000 519807761 435
1000000000 758806051 62
1000000000 953866479 185
1000000000 717380319 899
1000000000 857603916 529
1000000000 652223183 321
1000000000 501549771 363
1000000000 735324474 650
1000000000 502594809 980
1000000000 587329193 664
1000000000 646572202 681
1000000000 531603807 926
