100
6 999999998 999999999
9 999999998 1000000000
6 1000000000 999999997
7 999999998 999999997
5 999999996 1000000000
1 1000000000 999999996
4 999999997 999999999
9 999999998 999999997
6 999999997 1000000000
9 999999995 999999997
1 999999998 999999995
4 999999999 1000000000
8 999999995 1000000000
9 1000000000 999999997
8 999999999 999999997
6 999999999 999999999
2 999999999 999999998
6 999999995 999999998
10 999999999 999999998
2 999999997 999999997
3 999999996 999999999
8 999999997 999999996
6 999999995 999999995
4 999999998 999999995
7 999999996 999999998
4 1000000000 1000000000
7 999999997 999999997
7 999999997 1000000000
7 999999995 999999995
10 999999999 999999998
7 999999996 999999996
4 999999995 999999999
4 999999998 999999997
4 999999998 999999995
5 999999998 1000000000
10 999999995 999999998
3 999999998 999999995
10 999999998 999999998
3 999999997 999999997
5 999999996 999999998
2 999999997 999999995
7 999999998 999999996
2 999999999 999999996
10 999999997 999999998
9 999999995 999999995
7 1000000000 999999999
1 1000000000 1000000000
9 999999997 999999998
10 999999995 999999998
5 999999999 999999995
1 999999997 999999996
10 999999995 999999997
3 999999997 999999995
7 999999996 1000000000
5 1000000000 999999995
3 999999999 999999998
6 1000000000 999999996
6 999999998 1000000000
1 1000000000 999999998
1 1000000000 999999996
4 999999995 999999999
9 999999995 999999998
8 1000000000 999999996
3 999999996 999999997
6 999999998 999999995
2 999999999 999999997
1 999999995 999999999
6 999999996 999999999
8 999999996 1000000000
5 999999996 999999999
6 999999997 999999998
9 999999998 999999998
3 1000000000 1000000000
7 999999997 999999997
9 1000000000 999999999
2 999999996 999999999
9 999999997 999999997
7 1000000000 999999996
6 999999996 1000000000
10 999999999 999999998
8 999999998 999999998
6 1000000000 999999996
7 999999997 999999997
7 999999998 999999997
1 999999997 999999996
8 999999998 999999996
3 999999997 999999998
8 999999997 1000000000
2 999999995 999999996
1 999999998 999999997
6 999999998 999999998
1 999999998 1000000000
7 999999996 999999997
3 1000000000 999999995
4 999999995 999999997
10 1000000000 999999996
9 999999998 999999999
5 999999995 999999995
10 999999997 999999999
5 1000000000 1000000000
