100
955057892 455343136 691422259
991709198 884716993 838062089
978191564 373801951 763072206
986163772 558378801 677720978
983647842 825309290 362955198
934193414 459835016 640511250
957935088 652219798 907936623
949301686 39404131 919282336
933090864 620205644 919588325
980218792 165727856 838517252
948742970 657157870 554133105
907679746 880477519 729152267
924848528 753793990 433417326
940820840 448980855 747955137
961087273 48922877 926946325
966744835 263337232 890269344
923985798 499129436 686203859
973118559 175978180 854666589
911954365 402059948 638731403
919594609 56371776 895503172
956744094 750700399 940701972
941968482 431684272 531038646
914977641 331542132 745376313
933950267 697994700 816201114
916284904 882725437 759437697
976183465 869474309 949048264
912446061 73610547 897704085
916217087 122186960 863980109
993896490 159872911 960750899
903486335 775965481 597282970
956608845 331064460 951338277
923637193 571608610 491261162
917763228 378990737 806256733
962142769 300773406 804805375
967567666 675446711 494985418
909270437 173828653 839382784
983828648 88168054 930327270
957115667 534628565 855108318
931207052 307849093 751356554
911815790 434517003 552501625
946242639 447754976 702084018
923255722 225008708 728857950
927566533 1652940 926808607
998991259 716251834 701376439
909133379 799876982 536817125
959522410 17437423 948233354
924054492 479307505 810176192
987297067 710707797 821958616
995089311 840649691 341905776
935132792 562826480 859604435
938809903 698919150 357081195
988487835 552951950 551611552
969998877 595331061 563757868
973072082 422607605 829870975
912708614 33626728 885896092
956466485 125317188 877647607
919477829 701316662 265310015
903553847 36277988 893819533
996859032 276697511 767839083
992820840 791692184 222376232
919999000 670693537 424305510
922984952 371354467 788680042
952232711 867468142 111909836
916510812 878568447 558750090
955141027 498291506 587530673
987372475 13661538 986928393
982857069 889453845 641924300
970675323 909807709 910263724
900924710 621066243 439053393
984027210 968579682 419313484
997351876 859189572 299124646
901924044 285271323 825094506
919967284 233058828 723596915
926506003 914540093 181322272
995578205 691078012 930874635
974542205 919835871 939953371
914724767 72557931 883726478
952835028 819706099 647836518
977456643 626965183 757024272
973540936 440629274 736087203
916269627 91542729 858017367
938298970 656050393 483037995
960282154 544548977 800376047
988719869 389761176 949640412
958986813 273633482 932127268
935150958 325357104 618487759
995380587 349451979 873856980
928030923 90871670 882707433
992323184 590696771 661727896
912438133 622674765 768202466
932076055 794342349 404882125
990802935 842799595 737056847
902134138 883788689 185888684
948377355 239164902 711647348
923787517 194597344 795284839
908831082 805683435 615302289
943444165 860412085 522578378
927325230 299213508 834961275
949569992 372505496 906668222
972055158 357084856 815773061
