3731343082089546
9803921245098025
1200480022809120
2967358525222560
1034126001034126
1165501075757565
3144653839622646
5988023329341312
1013171089159048
1828153340036458
1949317479532094
3571428021428568
1067235647812120
1555209790046650
2369668163507092
1700680010204080
3246752827922091
2785515022284120
4385964285087705
3205128112179480
1369862873972604
1305482983028720
1047120347643840
1251564299123796
12820512653846149
3154573810725529
2666666311999922
1522069799086760
1538461438461385
7633587198473262
2808988634831430
1375515672627192
1231527017241378
1485884007429420
1483679283382689
6711408939597319
1161440066202080
2267573675736918
3787878238636321
11904761059523805
10752687634408608
2132195940298512
1851851705555532
1109877864594884
2012072285714224
2109704476793160
3558718444839836
1919385719769644
2277904116173104
1062699074388930
3257328651465797
5319148404255312
1336898204545394
1949317467836186
3194887753993621
4149377161825703
2590673137305669
2801120257703040
1092896113661184
1501501333333222
5434782103260858
2923976307017480
1432664722062990
10638296319148991
2873562885057480
1184834049763028
1763668269841204
1070663722698024
1158748341830660
2212389099557505
1290322394838532
3521126531690109
3448275317241352
1349527499325112
1126125961711716
2450980149509780
3095974653250800
1984126773809522
4385964706140345
1818181487272676
1197604639520895
1042752745568268
3300329788778878
1342281738255010
1980197853465348
2061855507216416
1077586116379288
1038421482865844
1893939350378715
1310615913499344
2141327417558784
1067235688367088
1082250897186153
1424501292022705
4065040536585326
15624998625000023
2331001969696974
1078748572815396
7407407066666663
4504504229729704
