1869158820560736
1406469569620180
1034126049638048
1324503254304576
4901960000000000
1270647900889456
3134795836990606
3344481170568531
1011122211324498
2202642803964767
1014198683569912
1552794878881990
3773584471698100
4566209447488590
1742160168989520
2403845874999996
1636661081833050
1901140414448572
1362397765667544
2053387866529774
3846153338461512
1077586156249970
2710026647696490
1492537144776089
3484320059233440
1422474957325750
1239157218091632
2409638412048098
1226993817177894
9433960877358522
2732240076502720
1267426970849179
1798560908273389
1132502723669268
1697792779286910
1123595458426760
4219408877637120
1642035806239752
30303026484848579
4950494806930695
1879698917293244
3389829877966120
1883239148775881
1148105443168590
3831416950191579
1865671477611840
1078748511326703
1964636359528388
1101321548457980
1100109926292630
1560062346333764
1536098228878602
2053387864476386
2652519530503960
1088139131664819
4048582352226720
1447177901591896
2044989503067430
9345793065420600
28571426228571471
2061855459793728
1538461319999888
2325581174418575
2061855579381376
13698628109589113
2188183603938696
27027023972973018
166666650833333533
2392344270334872
1119820758118664
1161440089430880
1090512532169923
1333333154666628
4032257858870965
142857130428571698
1111110995555556
11904761749999998
1336898282085478
2645502399470819
1356852061058340
1677852239932836
1824817386861204
3546098822695050
4115225880658446
2932551117302040
6944444055555552
1074113822771190
2217294649667390
1402524433379916
1069518621390274
1062699175345335
3067484279141044
2109704512658145
2577319234536029
8064515564516120
3717471791821545
1479289704142000
4219408801687770
1512859145234464
1319261121372012
