191707503
731069884
158682593
249936007
204616646
166152852
602221333
9384781
606703105
24026316
262548005
701950040
262362788
256115152
14781929
186861741
261347497
57526210
128836986
32280339
734658277
20754436
161940804
580245547
725878230
842339108
58868571
69949982
126727320
469762116
325793892
139232579
267484242
143436012
202864463
103941000
34666676
432621216
127998595
75202838
203596355
30610936
895014
418637014
427560728
6148367
365429205
545369346
187466156
487298123
117190442
116075667
189090052
279406498
6814206
46498310
47148848
26543674
47677562
21247576
175000047
237049557
27145267
520807725
130681152
13217456
548521076
849396110
159194926
403865956
160962342
208441785
36688459
169356362
626374442
885247037
41559642
514707589
406532812
203175541
33290469
200789418
384642870
350681719
246773937
8693905
227928372
45548180
260101483
478439098
267148419
589053507
167543235
2434895
66094666
512154642
439546298
206849553
329603726
200802759
