22456135232388
9126342751686
12348391588748
6383708479872
8052866995044
7424878290616
1769628738496
10893514677558
5157840443294
24162854980930
4598120527131
15779966597904
4740640364710
9968783037312
2453909960224
965348959815
1811703450552
9150966096308
5984157925517
1067898439848
16004173453164
3113018875639
19632904495203
14017639808787
450166490226
838685262457
13869429829916
9776795701690
20661979220
1302560808648
5225086281159
12984591678452
4887963109440
1873019516
5640074944347
363310359289
6566307014755
24917028922069
1958685179668
5257202192006
10934225223855
2575932399978
1599603351975
17617296230388
2254492946062
12729640614633
3061638965440
12859457613702
1272659194708
2533387556469
19666615814625
12833003471078
3810240892384
9567908695746
10348980266064
16662727054458
13808685961796
9474156711828
11749636800631
1709155868747
15278925704944
7661966585301
10283640592484
20104227442568
16957272619836
17855762462405
10988170686837
18700580909904
2474197707070
1400833169008
1822579290068
2106987530428
10394202205606
1807880916039
15643184391231
10183058784066
9500601465653
12030046506316
2294547763328
27230908542958
5956215845328
1306899985406
439477368183
5047089767412
6185208699468
5351647134362
8070332960946
310497959340
14964998957528
2781126861675
1013191181778
3252750635774
4550884665287
8726797160467
6863735550743
14669749905596
1258638595056
14069913203278
7081961531484
1108344829172
