100
268 999999983 999999963
102 1000000000 999999967
833 999999922 999999937
337 999999909 999999914
967 999999904 999999939
858 999999929 999999994
318 999999972 999999949
167 999999996 999999900
987 999999936 999999929
547 999999935 999999942
513 999999967 999999900
280 999999917 999999929
937 999999900 999999902
643 999999910 999999985
422 999999992 999999973
588 999999927 999999919
308 999999941 999999930
359 999999988 999999905
228 999999901 999999956
312 1000000000 999999971
730 999999965 999999933
766 999999977 999999988
955 999999995 999999937
799 999999971 999999904
78 999999997 999999990
317 999999909 999999989
375 999999913 999999954
657 999999926 999999932
650 999999980 999999955
131 999999972 999999951
356 999999999 999999955
727 999999982 999999912
812 999999966 999999972
673 999999954 999999983
674 999999929 999999908
149 999999947 999999985
861 999999936 999999961
441 999999995 999999996
264 999999946 999999909
84 999999963 999999966
93 999999972 999999978
469 999999925 999999971
540 999999940 999999981
901 999999979 999999977
497 999999928 999999998
474 999999950 999999972
281 999999953 999999930
521 999999975 999999985
439 999999965 999999942
941 999999902 999999927
307 999999910 999999986
188 999999981 999999919
748 999999955 999999902
513 999999902 999999959
313 999999920 999999947
241 999999991 999999905
386 999999902 999999929
357 999999957 999999975
915 999999970 999999974
666 999999986 999999902
184 999999995 999999912
342 999999954 999999943
698 999999980 999999996
94 999999937 999999917
348 999999932 999999952
844 999999969 999999969
567 999999936 999999973
934 999999938 999999979
863 999999901 999999918
452 999999931 999999942
775 999999923 999999933
284 999999967 999999968
290 999999924 999999918
741 999999930 999999947
888 999999908 999999946
408 999999922 999999979
323 999999913 999999900
504 999999976 999999918
228 999999993 999999960
550 999999902 999999916
835 999999956 999999918
959 999999900 999999983
303 999999934 999999992
745 999999926 999999969
505 999999975 999999941
485 999999929 999999992
928 999999937 999999979
963 999999976 999999912
528 999999994 999999983
763 999999946 999999996
467 999999955 999999949
937 999999923 999999917
924 999999903 999999926
702 999999920 999999987
246 999999990 999999982
64 999999977 999999935
429 999999944 999999901
927 999999998 999999929
135 999999969 999999985
222 999999978 999999961
