7999588193876
7056121499076
5694951499649
13208128522886
4463949431106
9315288792075
6046919473998
7605512164316
4825694433796
8199151161278
463890161904
337779025284
3300586469554
1881487410040
5246376215484
6523065284508
2684872995934
1767323045186
530307351730
101201173827
15975874653947
10597154192260
4836058258959
7540536401402
3570819453909
14691752988168
1877927241450
10378013705472
9561986287776
9576465996976
2609863341096
1652444438022
4782828256310
10693649656937
8614689059238
5621383859759
3768746690688
9205099743218
1809816471270
17632910040896
2726125282187
24620809562232
16817525378129
643801852190
748185981856
22739462604010
1394965821858
1289823387114
11791053196390
5906279413842
9664262128600
11407320948678
6636466363963
5950001778301
4957309761547
9595965434325
18078335529177
11526623556465
16618892515072
968864595192
618265604365
10987704144599
20014782992091
1187052102336
601807952952
14497461854856
11336279277239
5345781604434
2067975085710
2586349365888
13851482795866
13108982283460
18433807104091
770960685960
1134200088520
6182886142430
17315254483487
1018670573563
8987874445323
5215091648308
2024594473046
5450704982590
15887973728010
20591832265898
21516037334520
3035126863446
6221776431680
16831516171092
26320377878270
530388588472
18934521009762
4475188028020
16309294823456
4777881276218
15921758133570
4269121322838
8975096724840
1928888685356
3738245069250
4833311840126
