1561 277
832 584
1543 1478
1484 1001
417 1362
255 193
132 546
298 405
96 629
746 1625
1917 156
1301 195
1942 792
1663 201
1515 1823
1486 768
1971 72
192 90
1747 122
1648 1878
835 278
319 1170
1259 1723
399 66
612 347
1706 1543
1161 1021
849 1849
1470 1715
732 849
579 298
1263 774
1801 1543
162 836
389 560
1209 49
1818 1335
903 1780
588 1100
842 430
726 1731
991 670
1958 722
1060 375
99 764
523 1695
361 1024
1652 1469
45 380
565 769
1304 464
901 1890
257 389
5 1346
843 1170
267 1719
1342 1772
245 162
1164 1360
1177 1268
951 790
1535 1808
870 1083
1891 1294
1890 727
252 1477
1288 1807
800 1653
1389 743
762 1185
1331 783
1552 685
1261 1044
169 840
593 1497
1331 1857
1791 532
495 682
1098 427
1519 106
1236 478
884 1737
1514 314
817 1765
1758 1231
112 358
1474 156
1318 1188
1490 1609
1551 157
1626 1901
519 1183
378 329
1829 1904
829 772
1476 1846
1206 121
1416 1020
1145 556
92 1411
1110 691
738 120
999 1451
1446 805
1771 473
530 252
1563 1005
1415 1285
327 1028
1267 1567
449 1348
700 103
917 1097
1235 1462
1734 1351
507 1926
1472 1485
211 1382
31 697
1797 60
849 1993
1471 1577
761 1683
72 1947
1403 774
706 1950
528 1402
1949 1299
170 1195
862 146
149 863
1717 1804
1314 1348
1681 885
1793 1726
1734 1711
365 1445
1418 1248
943 1076
1646 1290
1589 238
1389 1935
1829 1856
1315 1056
1891 64
1269 1599
1884 1680
1855 257
1568 469
1840 857
1926 1171
248 1148
1066 1723
1982 757
1711 1210
1346 1334
198 359
1121 451
56 807
484 941
546 1071
1452 1163
1824 922
752 976
1549 1434
1050 1667
353 1733
626 574
1524 163
411 711
326 1881
1890 1375
810 590
685 613
1925 876
12 1358
251 1841
1120 1630
1686 828
1671 1346
1074 402
259 367
522 422
1423 1846
1466 1096
1165 1302
1348 1225
970 1482
1850 412
103 475
1846 1581
284 221
1760 506
883 1231
282 509
952 1962
11 1614
1743 61
854 677
288 1374
1269 1285
1570 688
1877 1039
793 681
554 1437
1597 801
925 691
1367 100
1494 1856
1834 31
1456 721
1963 928
1661 288
1057 597
1410 1262
1158 452
1930 485
1937 404
1230 1790
547 1821
981 1212
1624 190
414 329
1652 949
1950 177
143 1203
302 1063
813 987
774 1317
1962 1307
1900 384
743 1290
1815 849
38 1688
1907 1124
1863 1606
973 1587
1896 1366
1269 877
403 1310
237 1826
1207 1028
1244 678
912 1589
60 313
1389 27
1672 1053
1729 593
663 736
1800 364
1896 378
1782 1271
1335 1146
1710 84
704 796
724 477
1406 960
390 1428
843 1288
1435 1972
1906 1794
1613 908
1013 60
756 1700
967 368
975 319
1049 1308
1661 1462
527 147
801 1916
1607 336
537 1816
1065 1669
773 1021
1334 1032
891 750
245 1698
236 990
1511 1528
572 1464
314 157
1800 1903
408 1709
315 1658
304 859
113 839
303 1707
1533 1515
1230 1577
1971 1882
1301 1934
1112 1799
583 1616
845 1152
241 1762
910 105
1098 1747
1745 1567
1004 18
1108 555
106 1621
46 340
1072 1071
997 71
382 1157
737 880
580 144
1811 221
1061 1007
935 1895
1383 1087
1171 1225
1905 1687
287 589
1939 810
1578 417
229 799
49 1117
899 1995
1022 509
120 1094
326 39
950 360
835 1902
921 1571
1183 1075
1089 271
1303 1757
1127 1487
1896 722
204 869
1909 797
505 1131
994 1255
1779 260
674 295
113 263
210 467
20 1307
1539 1130
41 1771
1816 783
1235 700
227 1271
29 635
1856 1623
618 1106
1717 368
75 1801
985 1835
1466 1221
1580 352
1639 1041
1127 1111
261 643
413 1424
1446 932
913 195
1559 1134
207 403
1575 235
1120 1641
1743 208
24 1463
1063 1852
1148 869
598 1007
1894 678
896 1572
69 195
1859 1931
647 822
162 785
1533 169
1070 674
1676 79
1785 884
207 1583
735 579
1920 511
1427 1704
1876 854
260 730
1286 1200
935 1832
740 1299
981 710
1589 77
404 1465
1894 1587
577 1468
197 217
408 1288
1649 1824
4 782
1583 1879
489 393
1726 1498
138 1038
512 1264
1815 1333
646 1767
1996 722
706 869
946 1203
881 1377
1463 1995
293 923
783 1951
1770 1519
691 1069
1090 79
18 1012
1613 1979
1147 264
1140 417
1883 1997
41 1148
1423 61
1898 523
1217 292
971 35
17 1901
1103 247
1191 471
1489 808
626 1521
1704 854
1723 384
1488 551
1401 1332
672 1772
603 15
160 1015
1978 983
1805 1714
1504 1545
1088 642
1099 1210
396 1233
119 1274
816 986
81 809
1925 839
1455 1716
57 60
676 1875
996 653
1264 1808
299 1435
1366 74
192 1656
982 1498
1279 1484
1755 1594
1089 873
1969 523
813 467
612 1608
112 965
1526 1985
483 544
1020 128
1479 1713
1167 1524
1631 306
922 413
339 1128
103 148
597 1286
1387 287
236 1009
1081 927
43 814
194 1031
626 756
1357 1022
763 313
1480 1544
1164 1651
459 1291
436 614
287 1777
78 1818
1978 775
459 484
1253 1232
746 1520
147 1056
1921 548
419 1060
341 1916
1972 16
852 1818
1241 370
697 1566
1333 1319
576 1090
1034 853
607 1085
1963 1383
1523 1272
1826 144
1011 133
1698 125
1811 512
1578 250
578 502
60 1510
866 289
1369 548
699 1029
49 759
470 1846
1221 352
820 1184
1398 1708
483 1189
334 1926
411 690
1458 214
1811 574
1427 695
1510 620
947 1725
201 140
744 1548
39 1016
1490 127
1559 871
1646 1873
1868 1306
1374 1246
1544 1550
788 36
1455 1196
1476 1890
222 1956
1589 1004
1358 588
1353 540
1624 782
813 154
595 271
1034 1563
1985 1525
981 978
1206 570
280 433
399 695
1385 738
340 947
1389 582
1413 1749
1278 1853
770 843
465 663
875 157
1996 1515
810 1727
61 1126
764 1197
692 1853
210 767
1648 1222
1712 673
1500 1308
517 914
1207 1645
956 210
666 1322
1024 1121
201 1544
1627 1917
321 15
1419 536
1460 491
855 799
764 720
997 1305
90 977
1896 274
1280 1343
608 1265
146 364
1394 305
477 996
1835 1796
379 697
986 1094
881 1996
1350 1137
1002 1910
244 877
1204 862
752 22
624 1995
231 1780
854 828
67 565
1972 1094
699 758
230 172
1422 701
945 735
1698 1933
1082 72
807 313
1713 1289
1829 1698
1643 1902
1515 1397
1980 1039
1672 174
112 1245
1655 1977
369 533
112 493
776 109
1405 1757
1732 1901
1341 529
1494 1785
1102 709
1930 1478
1370 659
334 1072
971 1535
494 1697
10 764
1208 557
727 781
908 983
854 606
28 1992
1718 808
941 1757
1201 1855
964 194
692 1320
1828 9
424 1997
382 1981
174 927
1534 1108
54 1942
536 754
994 688
744 1959
512 1117
1950 739
1026 1771
1160 720
8 72
357 777
845 607
1880 837
686 1967
1639 445
955 1236
191 16
427 1234
211 181
1388 628
1516 420
1602 798
557 1662
372 418
1635 1722
811 462
1383 524
360 189
1425 1768
63 1725
122 771
1013 1520
1627 1801
1518 364
242 923
473 1992
1129 1905
1728 835
1994 1066
1053 199
642 1419
1761 1078
605 197
1633 1554
1860 441
51 1783
812 385
1430 849
363 630
59 774
1495 1229
1092 1372
705 884
324 638
909 365
1639 27
649 1885
11 1089
699 1928
584 1697
289 1192
920 14
1255 218
72 311
1082 593
1049 1379
1392 297
470 1314
1812 1691
123 1358
933 610
1513 1612
1711 1738
1000 14
42 208
1100 110
611 276
1885 173
417 1158
755 141
1746 39
685 340
1167 693
639 1021
273 94
289 1376
492 698
1758 114
262 347
572 658
572 860
1729 160
930 128
238 1172
1297 1006
93 135
328 1947
1485 502
487 94
1561 106
1097 838
696 64
324 1516
971 442
1167 1173
1386 797
1028 1518
325 249
1042 974
961 705
1133 110
689 1894
509 1396
1045 329
1422 214
1253 1335
1803 1843
54 711
1693 3
192 1370
103 1488
1364 1232
1091 1713
1466 75
1019 1320
544 1811
1097 1480
1188 1568
337 1475
189 1912
1678 576
672 1029
418 1234
360 1260
1680 1705
646 1577
1720 501
66 1165
1635 602
492 1303
1989 1942
98 487
1469 1546
474 186
739 1156
691 1456
790 84
766 1356
1761 246
1843 383
1565 1774
439 220
942 1908
265 873
1026 798
165 1027
531 56
1110 271
1732 1462
627 1257
1291 485
1464 1573
945 1739
642 198
1406 1885
1322 146
110 1916
644 1379
223 1379
1794 983
1894 1420
1863 1392
1033 960
792 533
1877 1246
1781 513
1258 1506
438 1734
963 195
1742 898
547 194
1731 1849
1076 516
1097 80
198 153
1119 1982
1318 1935
430 860
9 1940
895 216
1092 1228
45 402
525 872
1830 1241
762 1600
699 261
498 285
1980 1270
1384 235
605 376
1839 1759
1787 1968
1625 601
180 1233
163 914
854 512
1304 1310
917 1098
988 412
1028 55
52 335
178 524
1930 1127
1304 556
32 368
1275 659
943 843
676 163
1821 440
1993 1991
1470 461
1242 1417
1935 1371
1800 346
30 1563
1377 1628
489 856
922 1625
1168 1800
1846 670
1507 1956
1019 187
1004 1270
1091 1530
1944 1591
236 358
1541 249
156 1909
465 509
372 987
1957 1990
629 1247
1246 604
1566 810
345 1425
1883 1718
237 1811
1348 733
496 1475
361 517
689 1968
1140 931
1614 191
666 8
118 675
222 1844
264 300
493 1578
453 1986
1165 1743
579 1062
1545 1873
1097 1545
1901 1786
408 1717
523 776
1743 1948
1602 429
1184 763
1332 1574
1299 63
669 789
1334 1065
843 844
223 178
638 1065
156 620
456 1170
804 217
1275 1666
947 986
1304 1856
25 876
1806 1627
1604 1145
1579 1323
1621 1616
321 16
1601 1285
200 1301
786 189
1235 396
207 408
918 502
1057 399
1094 558
1937 1785
1727 1396
1755 542
1887 1175
1617 1955
8 189
704 1407
485 968
1410 65
1245 1573
1421 1293
1876 1630
1197 865
1956 931
1714 483
1002 1756
855 352
745 281
1287 663
554 1816
535 1172
1367 1615
628 906
808 1471
618 1988
1297 962
1803 716
915 1576
1612 596
1829 55
40 1489
1945 1852
502 750
1805 1328
407 1697
1860 1182
433 181
1740 890
788 548
1147 1322
1791 45
15 199
1757 107
461 756
1994 1213
837 834
1221 336
775 1836
895 1867
513 608
1076 249
1651 1503
99 559
979 142
679 1619
299 1932
1010 1914
1353 377
1792 1496
904 1195
152 1044
1812 1287
417 480
808 355
39 541
854 1763
1648 283
1150 679
114 1553
1227 507
106 212
1846 1551
1480 837
1068 1320
1997 1476
507 1842
705 1819
1036 1988
492 208
917 352
788 847
1347 1825
1046 1996
709 76
1538 1112
1339 801
1883 1331
572 1132
1770 965
1161 242
1221 550
490 545
258 1516
303 211
1685 1914
1235 169
1909 1669
291 1911
1253 1625
1603 450
1975 103
971 49
1667 104
513 581
740 1052
1899 529
984 198
1329 244
1069 1503
140 1930
1854 1907
231 1978
1465 452
531 145
340 1997
1864 1173
3 608
1971 1004
1821 1830
1350 729
1810 1608
1851 865
1982 1648
786 390
605 1410
1643 710
1473 1554
81 1388
530 832
1141 198
32 915
1931 311
1209 243
1939 923
762 1551
890 1487
140 589
991 58
377 14
1705 1016
314 879
40 653
874 1284
73 2000
1530 1136
16 957
304 960
1639 1260
1673 196
721 590
1555 1708
1639 511
392 1098
1355 1831
515 1120
1367 1439
231 461
1194 810
210 1798
451 700
619 970
1951 763
1984 1435
1008 336
1501 447
1827 1902
956 1640
1346 142
1904 70
938 1880
1183 1062
319 15
622 1
1767 1080
1138 670
734 1264
1049 619
233 441
662 105
233 1351
702 594
1410 1808
1287 271
905 143
156 446
1366 1920
1470 528
1371 220
1074 1054
819 887
1230 132
1911 527
1958 476
541 1417
619 1536
1209 292
1140 1711
1018 1799
25 1354
1455 1423
1909 1503
1381 205
888 1083
1974 464
291 990
1900 871
197 1868
942 266
1069 1873
1063 714
1235 1938
324 1714
934 382
1988 879
149 1678
556 1274
1242 681
481 106
1353 592
1867 894
1691 628
1961 1265
1872 1325
1646 599
39 1248
1552 203
1088 1761
1288 1239
10 643
1716 1201
320 57
995 464
1982 1090
1669 1594
879 1654
1254 636
1171 1264
1954 1064
1401 254
1385 421
801 1
1844 229
1230 558
48 990
1895 1474
626 828
1921 120
1324 168
1885 1438
28 1198
1989 1433
862 49
1863 1625
901 1607
665 105
1716 1609
1941 295
1806 1589
106 626
825 711
840 1321
370 296
1838 269
1579 395
357 1781
1810 1933
1716 184
1823 1971
1052 560
808 407
882 621
1537 999
1047 1724
94 1903
373 95
1509 596
779 595
1671 1222
1817 243
122 279
1661 867
212 155
1905 134
1268 882
287 466
839 1083
1753 1763
374 1168
1326 1359
1268 721
1212 972
1531 821
271 698
1371 1609
1585 1297
1820 1688
1787 42
1351 1777
732 15
1801 1879
1963 1708
1204 1711
1996 1293
881 1497
1446 1020
446 797
1786 1574
613 247
9 817
464 293
1361 1390
1182 191
1294 1205
1666 770
1761 1874
407 1306
1029 435
744 789
1674 1358
1866 278
1824 1856
62 1214
1818 1774
1238 311
349 847
1893 2
257 344
1998 1945
1679 1988
1925 1546
1213 1802
902 1789
271 1225
200 1763
614 306
410 1216
520 605
965 1030
1313 49
1687 589
1837 611
1222 1707
543 258
1320 86
120 224
428 725
110 101
1245 1767
1357 80
508 1735
1005 1946
1920 269
1270 1719
1292 1006
1489 1916
1687 1914
1223 661
1839 63
697 1053
943 1183
548 1638
1607 1647
1759 1352
506 833
1274 1727
584 479
1617 464
1439 1873
1411 1709
232 1623
910 1993
659 860
68 1806
1570 130
1856 698
137 73
1925 611
1554 1496
456 1984
1696 1723
1296 436
716 717
54 698
57 1991
1883 580
1746 1254
395 159
550 1447
483 1911
951 982
1215 1014
1574 545
334 1543
1 393
393 1285
1285 370
370 864
864 868
868 253
253 1658
1658 864
1658 889
889 136
136 479
479 516
516 873
873 1868
1868 1073
1073 568
568 1056
1056 687
687 868
1073 750
750 472
472 636
636 1
636 1868
636 482
482 136
472 1418
1418 250
250 581
581 386
386 1916
1916 1200
1200 479
1200 873
1916 393
386 253
386 1774
1774 1
386 516
250 370
750 1836
1836 1599
1599 171
171 1623
1623 863
863 260
260 1073
171 134
134 873
873 754
754 479
136 1459
1459 864
1658 167
167 253
167 864
2 1437
1437 510
510 1789
1789 609
609 1231
1231 774
774 1145
1145 1527
1527 380
380 484
484 683
683 915
915 1303
1303 559
559 1411
1411 1339
1339 1234
1234 849
849 1193
1193 279
279 548
548 1717
1717 1567
1567 683
279 484
1234 1132
1132 1295
1295 559
1295 1629
1629 698
698 1468
1468 1563
1563 860
860 780
780 517
517 1468
1563 571
571 500
500 760
760 186
186 1075
1075 118
118 345
345 1164
1164 120
120 641
641 1303
120 1135
1135 103
103 915
345 1516
1516 1033
1033 98
98 1568
1568 1234
98 1468
1516 774
345 248
248 1952
1952 356
356 1673
1673 609
356 1339
1952 727
727 2000
2000 248
186 1120
1120 1437
760 510
500 1667
1667 559
1667 1166
1166 1468
1234 1303
915 1437
1789 2
3 670
670 1250
1250 234
234 1608
1608 1269
1269 287
287 1157
1157 1581
1581 677
677 1157
677 549
549 815
815 3
815 444
444 549
677 330
330 3
330 972
972 144
144 1315
1315 1383
1383 1431
1431 333
333 1523
1523 1125
1125 1316
1316 1948
1948 982
982 533
533 1551
1551 1678
1678 1725
1725 446
446 628
628 692
692 1016
1016 927
927 1151
1151 1925
1925 1241
1241 1286
1286 263
263 1725
1286 1431
1151 574
574 971
971 1654
1654 992
992 808
808 692
971 670
574 287
692 1250
628 179
179 446
4 414
414 1320
1320 1786
1786 721
721 1127
1127 310
310 1478
1478 968
968 1529
1529 769
769 1321
1321 1100
1100 690
690 1633
1633 1953
1953 4
1953 275
275 853
853 1962
1962 147
147 1236
1236 968
147 1804
1804 1323
1323 139
139 1769
1769 1962
1769 976
976 721
976 1154
1154 1529
1769 208
208 1478
1323 1927
1927 1529
1927 1133
1133 749
749 355
355 107
107 1793
1793 1697
1697 968
1793 1136
1136 707
707 1804
707 1843
1843 1778
1778 1773
1773 721
1136 968
1927 769
1804 892
892 1633
1786 414
5 883
883 1906
1906 460
460 1178
1178 1479
1479 5
1178 83
83 1207
1207 496
496 93
93 1235
1235 883
1235 603
603 1620
1620 895
895 934
934 786
786 5
786 1635
1635 28
28 1208
1208 1748
1748 1347
1347 349
349 1937
1937 6
6 1223
1223 1037
1037 349
1037 1514
1514 1046
1046 919
919 883
1046 883
1223 1220
1220 426
426 786
1223 603
6 1620
6 903
903 428
428 724
724 349
6 236
236 1091
1091 1994
1994 820
820 1906
1994 1207
349 1208
1208 1408
1408 934
7 858
858 1504
1504 1649
1649 361
361 1466
1466 661
661 1446
1446 1828
1828 332
332 1722
1722 1795
1795 1368
1368 1077
1077 353
353 1114
1114 1318
1318 299
299 1454
1454 993
993 1507
1507 851
851 943
943 301
301 825
825 486
486 1058
1058 784
784 361
784 1722
1058 1504
486 1381
1381 7
1381 712
712 392
392 1891
1891 666
666 52
52 1805
1805 1167
1167 943
1167 1859
1859 1088
1088 1472
1472 52
1088 944
944 904
904 943
904 1355
1355 1353
1353 825
1355 943
944 353
1088 547
547 1147
1147 1350
1350 1119
1119 1367
1367 337
337 1466
337 881
881 1147
1367 1077
1119 1446
1350 825
547 1114
1805 1282
1282 1605
1605 1460
1460 1318
1282 1795
1805 712
52 1828
666 332
666 1504
392 332
825 361
993 1114
1114 1649
1795 1446
8 421
421 1833
1833 874
874 1097
1097 745
745 1728
1728 1517
1517 1561
1561 1732
1732 1552
1552 1399
1399 795
795 335
335 192
192 1580
1580 1121
1121 745
1580 1665
1665 1003
1003 1109
1109 802
802 1728
802 1047
1047 805
805 354
354 1325
1325 96
96 1665
354 8
1047 1809
1809 958
958 1761
1761 1541
1541 1009
1009 202
202 1357
1357 421
1541 1834
1834 1665
1809 1109
802 696
696 1215
1215 1728
1665 1517
1517 8
9 1519
1519 1892
1892 1401
1401 700
700 926
926 1168
1168 142
142 800
800 1693
1693 1579
1579 141
141 1377
1377 1979
1979 308
308 619
619 1747
1747 1680
1680 1905
1905 1643
1643 1880
1880 1752
1752 598
598 1301
1301 1578
1578 1714
1714 1562
1562 1342
1342 1414
1414 1377
1342 751
751 142
1342 926
1342 951
951 138
138 1979
1301 1401
598 247
247 1168
247 1979
308 995
995 9
995 399
399 1447
1447 800
800 9
142 1401
10 58
58 1696
1696 1901
1901 1597
1597 1259
1259 1696
1597 935
935 1978
1978 1271
1271 946
946 1910
1910 135
135 528
528 911
911 433
433 272
272 1901
272 288
288 1746
1746 552
552 614
614 1275
1275 554
554 639
639 316
316 1031
1031 400
400 165
165 277
277 1175
1175 757
757 230
230 288
757 31
31 400
31 433
31 911
1175 379
379 1452
1452 1526
1526 605
605 1631
1631 1538
1538 288
605 867
867 451
451 1363
1363 116
116 1311
1311 447
447 237
237 1526
237 223
223 10
223 1275
1311 614
1311 113
113 1218
1218 552
1363 272
451 1659
1659 998
998 552
867 554
379 288
165 1662
1662 935
400 1730
1730 1978
400 433
1031 1746
552 170
170 1910
946 935
11 1020
1020 1729
1729 75
75 1020
1020 1407
1407 1949
1949 1822
1822 1283
1283 607
607 1183
1183 304
304 1644
1644 255
255 1169
1169 829
829 1190
1190 1267
1267 1184
1184 11
1184 956
956 1258
1258 607
829 29
29 1183
29 936
936 1723
1723 1480
1480 468
468 80
80 360
360 1854
1854 427
427 340
340 11
340 304
427 1666
1666 1854
1666 1255
1255 1613
1613 440
440 523
523 1195
1195 1670
1670 1691
1691 1515
1515 747
747 19
19 1644
1691 294
294 1670
1195 1822
523 762
762 1255
762 1656
1656 1183
1255 1822
1666 1644
1480 1822
1480 1968
1968 1283
12 1370
1370 685
685 68
68 1618
1618 387
387 855
855 89
89 282
282 1542
1542 1099
1099 1626
1626 629
629 1002
1002 1565
1565 1199
1199 1660
1660 286
286 434
434 1141
1141 1293
1293 1404
1404 704
704 1416
1416 438
438 1660
438 1713
1713 845
845 12
845 387
1713 1142
1142 1602
1602 338
338 827
827 68
827 1404
1142 651
651 729
729 1455
1455 366
366 318
318 855
651 1512
1512 1702
1702 1660
1713 1999
1999 1370
704 1505
1505 1002
1618 12
13 1977
1977 879
879 285
285 305
305 1820
1820 220
220 1839
1839 606
606 832
832 1749
1749 1409
1409 37
37 193
193 476
476 244
244 1436
1436 852
852 132
132 215
215 13
215 199
199 1839
199 1534
1534 899
899 369
369 1651
1651 13
369 1069
1069 1465
1465 606
1069 899
215 588
588 832
588 1124
1124 606
852 289
289 1698
1698 499
499 487
487 1698
487 1405
1405 986
986 1176
1176 1409
1405 1763
1763 718
718 499
1763 1698
1763 1839
852 1210
1210 1042
1042 72
72 1749
1210 1706
1706 879
244 606
832 285
14 1364
1364 430
430 40
40 34
34 1573
1573 1944
1944 258
258 726
726 1229
1229 1170
1170 480
480 686
686 131
131 362
362 1499
1499 477
477 67
67 726
477 131
362 888
888 1497
1497 229
229 726
131 978
978 1174
1174 1589
1589 1971
1971 1575
1575 474
474 1229
1575 1800
1800 857
857 1089
1089 980
980 1074
1074 561
561 1998
1998 240
240 1160
1160 676
676 430
676 204
204 14
1160 1170
1971 1816
1816 376
376 168
168 600
600 531
531 480
600 708
708 657
657 480
708 1589
168 258
168 686
1174 14
131 258
131 14
1944 1364
15 183
183 1904
1904 1823
1823 25
25 465
465 706
706 1474
1474 1974
1974 1734
1734 239
239 665
665 1819
1819 669
669 1219
1219 1750
1750 382
382 834
834 1614
1614 124
124 1866
1866 481
481 411
411 1245
1245 160
160 124
160 1310
1310 813
813 239
813 1365
1365 648
648 1453
1453 315
315 526
526 197
197 1997
1997 1222
1222 504
504 1539
1539 526
1539 239
1222 834
1997 1365
197 315
526 1187
1187 25
1187 821
821 481
315 543
543 1400
1400 481
648 159
159 610
610 409
409 1254
1254 1682
1682 645
645 537
537 706
537 1365
409 312
312 465
312 1750
610 1734
648 706
1365 15
481 706
1614 706
834 1219
382 1921
1921 665
1219 1474
16 148
148 955
955 152
152 1520
1520 1442
1442 1128
1128 1619
1619 839
839 1669
1669 1757
1757 125
125 225
225 988
988 1817
1817 232
232 1759
1759 74
74 988
74 1707
1707 1359
1359 960
960 611
611 1488
1488 1128
1488 348
348 148
1707 1063
1063 187
187 281
281 65
65 1707
1707 407
407 1740
1740 1471
1471 807
807 16
1471 955
1740 125
1707 584
584 1669
74 923
923 988
1759 1094
1094 931
931 511
511 546
546 190
190 962
962 524
524 1134
1134 538
538 1553
1553 560
560 1741
1741 1415
1415 988
1741 1203
1203 955
931 1128
1094 1757
1094 157
157 756
756 1442
1094 1669
17 43
43 1898
1898 1825
1825 1736
1736 1511
1511 1676
1676 470
470 647
647 1900
1900 1825
1676 1671
1671 226
226 924
924 1385
1385 925
925 1996
1996 1024
1024 1324
1324 945
945 1864
1864 200
200 350
350 1129
1129 1501
1501 43
1501 961
961 1533
1533 1421
1421 43
1533 1296
1296 1024
1501 848
848 406
406 1671
1501 917
917 1066
1066 1825
1066 17
917 1736
1864 226
945 1825
945 1872
1872 1797
1797 1671
1797 1024
1024 226
1996 43
925 1898
925 43
1385 1825
1736 1760
1760 1825
18 485
485 508
508 887
887 759
759 1719
1719 87
87 974
974 328
328 1456
1456 82
82 1449
1449 585
585 402
402 508
402 876
876 18
585 82
1449 1021
1021 177
177 485
1456 471
471 556
556 508
556 624
624 1941
1941 1990
1990 1463
1463 1261
1261 1990
1990 1954
1954 1852
1852 1700
1700 317
317 1738
1738 688
688 1337
1337 1092
1092 790
790 596
596 420
420 952
952 887
688 1700
688 512
512 1090
1090 1954
512 1108
1108 1700
317 1990
1700 797
797 94
94 328
797 508
556 974
556 87
20 1197
1197 1230
1230 1961
1961 1197
1230 367
367 501
501 1253
1253 1802
1802 217
217 1914
1914 1849
1849 1695
1695 1481
1481 765
765 1765
1765 1429
1429 501
765 375
375 743
743 1801
1801 20
765 679
679 1576
1576 1268
1268 42
42 563
563 1246
1246 626
626 1387
1387 1358
1358 1338
1338 681
681 1802
626 1123
1123 1277
1277 816
816 1849
1246 494
494 1268
1246 1641
1641 174
174 1509
1509 20
1641 586
586 20
679 367
1230 1278
1278 1122
1122 1312
1312 22
22 731
731 1525
1525 20
1525 941
941 818
818 731
21 1557
1557 1913
1913 1308
1308 893
893 1201
1201 396
396 404
404 1821
1821 59
59 1294
1294 562
562 618
618 1078
1078 1294
1078 522
522 424
424 1308
522 1082
1082 1227
1227 1883
1883 1294
1883 1116
1116 280
280 633
633 1470
1470 893
280 948
948 449
449 1116
449 1686
1686 1206
1206 779
779 334
334 1115
1115 21
1115 374
374 1782
1782 1931
1931 737
737 1582
1582 1874
1874 550
550 1724
1724 358
358 1547
1547 1391
1391 994
994 1082
994 1433
1433 680
680 1913
1433 108
108 123
123 975
975 1824
1824 1082
1824 948
1824 1426
1426 689
689 1969
1969 1648
1648 1821
1969 358
689 518
518 1103
1103 334
1426 732
732 222
222 1389
1389 1913
1389 550
975 1883
1547 562
1874 942
942 100
100 893
100 1770
1770 396
1582 618
1582 1206
737 396
23 1288
1288 1473
1473 363
363 311
311 1302
1302 1393
1393 344
344 1422
1422 394
394 269
269 1059
1059 1668
1668 1510
1510 1051
1051 1960
1960 604
604 826
826 828
828 302
302 1888
1888 1616
1616 1873
1873 1535
1535 1194
1194 219
219 191
191 891
891 1939
1939 1742
1742 1252
1252 576
576 336
336 1624
1624 766
766 1972
1972 1675
1675 1601
1601 1993
1993 1688
1688 49
49 1402
1402 1764
1764 378
378 1419
1419 766
1419 1039
1039 1609
1609 1510
1419 1652
1652 1688
1652 241
241 828
241 1845
1845 1422
1764 1601
49 1335
1335 1340
1340 826
1688 1393
1993 1535
1675 311
766 1853
1853 1624
1853 742
742 1252
336 1051
576 604
891 540
540 1873
191 1473
828 363
1668 1393
1059 1393
311 23
24 1483
1483 1634
1634 77
77 1054
1054 1566
1566 154
154 1018
1018 1403
1403 746
746 61
61 30
30 1894
1894 632
632 273
273 1755
1755 259
259 646
646 1476
1476 739
739 515
515 567
567 408
408 1331
1331 1894
1331 506
506 1289
1289 154
506 1604
1604 1967
1967 1958
1958 181
181 259
181 1988
1988 1483
1988 1432
1432 963
963 483
483 1558
1558 459
459 267
267 746
267 24
963 567
963 1881
1881 1263
1263 1260
1260 270
270 77
1432 746
408 723
723 205
205 30
408 1755
259 24
26 1161
1161 314
314 918
918 1842
1842 909
909 373
373 616
616 1061
1061 1153
1153 1943
1943 1934
1934 140
140 1775
1775 1156
1156 1291
1291 467
467 1628
1628 1273
1273 117
117 1837
1837 1628
1837 691
691 1025
1025 616
1025 1153
1025 431
431 1226
1226 1212
1212 532
532 1185
1185 1598
1598 1885
1885 1775
532 389
389 734
734 1922
1922 1013
1013 1638
1638 1606
1606 627
627 1156
1606 1621
1621 450
450 410
410 1354
1354 819
819 1638
410 143
143 1156
1621 314
1638 1492
1492 1371
1371 778
778 1273
1371 1212
1371 26
1371 1781
1781 625
625 117
625 274
274 26
274 616
625 691
625 734
625 1492
734 803
803 283
283 847
847 578
578 314
578 1010
1010 1148
1148 1156
1010 1628
578 872
872 1628
872 691
872 1775
1226 1061
691 1361
1361 1628
1273 583
583 467
1153 1842
1061 655
655 918
27 1386
1386 1720
1720 1858
1858 1050
1050 261
261 985
985 1959
1959 105
105 593
593 894
894 866
866 1450
1450 1336
1336 415
415 371
371 1653
1653 884
884 1862
1862 894
884 256
256 1704
1704 122
122 672
672 498
498 654
654 913
913 1015
1015 1847
1847 198
198 1379
1379 663
663 1038
1038 1550
1550 697
697 999
999 105
1847 161
161 256
161 1165
1165 843
843 105
122 884
1704 251
251 602
602 1814
1814 1506
1506 1386
1653 1464
1464 1380
1380 27
1464 1858
1464 47
47 673
673 871
871 1720
32 36
36 458
458 1710
1710 1270
1270 1382
1382 1065
1065 1150
1150 725
725 658
658 1040
1040 1878
1878 902
902 862
862 1130
1130 1957
1957 783
783 1180
1180 722
722 36
722 794
794 1040
722 32
783 525
525 1435
1435 928
928 785
785 1841
1841 1262
1262 491
491 1981
1981 1583
1583 1224
1224 91
91 1366
1366 954
954 218
218 1710
1366 1270
1583 1957
1981 1699
1699 1878
1262 725
1841 717
717 489
489 789
789 48
48 1209
1209 36
789 458
789 45
45 1065
525 542
542 81
81 1382
1130 1477
1477 458
658 1382
1065 1710
33 1907
1907 346
346 771
771 973
973 119
119 1313
1313 801
801 1731
1731 38
38 1684
1684 1518
1518 565
565 1865
1865 1005
1005 709
709 1703
1703 801
709 817
817 1237
1237 495
495 1986
1986 1813
1813 809
809 1920
1920 178
178 856
856 771
856 1384
1384 423
423 262
262 307
307 422
422 502
502 544
544 1138
1138 1171
1171 104
104 509
509 69
69 38
69 1060
1060 643
643 1711
1711 1299
1299 1298
1298 1490
1490 1171
643 773
773 1630
1630 1019
1019 1632
1632 238
238 565
1630 173
173 1159
1159 771
1159 1731
1060 57
57 1313
104 495
422 1938
1938 527
527 1674
1674 1986
178 1792
1792 752
752 242
242 368
368 1518
1920 1753
1753 33
1986 1313
1865 1731
35 1870
1870 1919
1919 1044
1044 397
397 1496
1496 1571
1571 1272
1272 1808
1808 599
599 1966
1966 1300
1300 35
1300 1766
1766 313
313 322
322 701
701 297
297 1101
1101 163
163 590
590 1783
1783 720
720 970
970 1257
1257 1571
1783 452
452 163
452 1496
452 713
713 590
1783 1202
1202 1280
1280 488
488 397
488 297
488 1101
590 1727
1727 1744
1744 545
545 599
163 573
573 297
573 1571
163 1496
701 35
322 1001
1001 1496
1966 35
1571 1768
1768 555
555 296
296 907
907 1496
1768 1870
39 55
55 1093
1093 1394
1394 1110
1110 66
66 166
166 39
166 842
842 384
384 1251
1251 246
246 1915
1915 1333
1333 1984
1984 1152
1152 837
837 635
635 530
530 419
419 211
211 530
211 635
211 989
989 403
403 188
188 738
738 777
777 1344
1344 1569
1569 1443
1443 395
395 662
662 403
1443 184
184 1926
1926 635
184 384
184 188
1344 989
777 1110
188 66
403 1394
403 150
150 1214
1214 66
530 1640
1640 216
216 1251
1333 1794
1794 246
246 1149
1149 55
842 1110
41 705
705 1840
1840 824
824 1305
1305 463
463 1026
1026 1603
1603 557
557 1211
1211 343
343 1276
1276 656
656 693
693 920
920 1592
1592 1754
1754 1637
1637 1733
1733 92
92 1098
1098 231
231 991
991 194
194 1701
1701 1989
1989 519
519 1493
1493 1840
1989 1240
1240 787
787 1049
1049 1590
1590 1188
1188 1531
1531 1423
1423 1733
1423 1622
1622 1751
1751 885
885 1495
1495 1179
1179 1733
1179 1812
1812 207
207 1430
1430 1592
207 1240
207 1188
1495 991
1495 1887
1887 493
493 46
46 1701
1887 592
592 557
1887 1787
1787 50
50 1733
1787 1754
1622 41
787 1026
1989 1603
1733 1439
1439 613
613 1840
1637 1276
1754 1603
557 824
44 1942
1942 594
594 1205
1205 1537
1537 823
823 695
695 1585
1585 1304
1304 1326
1326 1537
1326 1964
1964 1513
1513 325
325 939
939 321
321 521
521 1113
1113 298
298 1917
1917 984
984 529
529 1502
1502 806
806 1140
1140 1672
1672 203
203 1034
1034 939
1672 1838
1838 1304
1838 1664
1664 912
912 1204
1204 1830
1830 1838
1204 1406
1406 1513
1406 505
505 1244
1244 806
505 169
169 1085
1085 1155
1155 1664
1155 695
1155 1838
169 912
169 1247
1247 1513
1664 252
252 577
577 298
577 300
300 325
984 1304
984 716
716 1348
1348 1942
939 594
939 823
695 710
710 44
51 1657
1657 1857
1857 861
861 88
88 351
351 1035
1035 1360
1360 990
990 1811
1811 1035
1811 224
224 869
869 1612
1612 1055
1055 1106
1106 1182
1182 126
126 1081
1081 388
388 1767
1767 591
591 854
854 60
60 1137
1137 1238
1238 195
195 1139
1139 861
1139 351
1137 1360
854 1767
388 861
388 1451
1451 1158
1158 1035
1158 1360
1451 224
1451 351
388 1191
1191 88
1081 514
514 869
514 1035
126 1951
1951 1216
1216 1360
1951 284
284 1593
1593 861
1593 869
1182 715
715 1027
1027 678
678 1946
1946 840
840 1217
1217 95
95 990
840 1076
1076 1035
1106 1857
1035 1330
1330 51
53 1758
1758 106
106 1556
1556 291
291 492
492 1281
1281 1985
1985 1458
1458 622
622 145
145 792
792 1617
1617 182
182 631
631 1329
1329 257
257 1851
1851 570
570 870
870 391
391 1022
1022 753
753 870
1022 740
740 595
595 1683
1683 875
875 1758
1683 622
1022 1556
391 1556
870 1705
1705 401
401 1096
1096 1328
1328 245
245 1556
1096 145
570 1596
1596 1266
1266 703
703 257
703 1410
1410 1428
1428 1596
1428 53
1266 569
569 1233
1233 1985
569 539
539 1374
1374 1329
1374 799
799 814
814 1985
257 792
1329 1281
54 667
667 1327
1327 967
967 1876
1876 1685
1685 667
1685 768
768 916
916 227
227 352
352 436
436 1011
1011 1196
1196 1314
1314 1545
1545 457
457 227
457 1771
1771 793
793 822
822 768
793 735
735 905
905 798
798 597
597 1014
1014 768
798 1803
1803 1975
1975 64
64 1899
1899 1177
1177 979
979 227
979 761
761 1345
1345 111
111 1716
1716 735
1716 436
1177 227
1803 1398
1398 520
520 905
1398 1663
1663 916
905 385
385 744
744 1982
1982 929
929 1570
1570 54
916 54
1685 54
56 1322
1322 996
996 1890
1890 1911
1911 1980
1980 1973
1973 1548
1548 844
844 1911
844 728
728 1909
1909 1940
1940 78
78 1030
1030 1062
1062 162
162 1935
1935 1846
1846 210
210 1417
1417 445
445 831
831 1945
1945 1980
1945 922
922 1737
1737 1524
1524 1052
1052 206
206 464
464 1965
1965 339
339 764
764 1832
1832 1297
1297 1524
1297 78
1965 1591
1591 1030
464 1980
464 1983
1983 833
833 271
271 425
425 1791
1791 1030
1791 1052
1983 728
1052 1030
1030 432
432 1909
1030 1940
78 56
62 437
437 1341
1341 1756
1756 812
812 997
997 1681
1681 1000
1000 456
456 950
950 964
964 309
309 1661
1661 644
644 1143
1143 1000
1143 1661
644 1162
1162 390
390 1555
1555 932
932 1475
1475 1694
1694 377
377 1615
1615 1661
1615 1213
1213 437
1615 1564
1564 930
930 1198
1198 1530
1530 1500
1500 1661
1500 62
1198 1848
1848 812
1198 1522
1522 1871
1871 390
1871 1341
1198 1346
1346 1221
1221 1681
1564 796
796 1739
1739 1831
1831 841
841 1486
1486 1584
1584 112
112 1057
1057 62
1057 1584
112 1000
112 377
841 309
377 964
1475 812
932 812
390 964
1162 964
1661 1756
950 1681
63 1930
1930 1928
1928 114
114 1772
1772 293
293 228
228 102
102 1642
1642 1007
1007 306
306 748
748 1112
1112 1068
1068 1818
1818 1351
1351 128
128 1489
1489 1798
1798 1225
1225 811
811 587
587 1930
1225 1543
1543 306
1798 1144
1144 623
623 76
76 1388
1388 149
149 1976
1976 164
164 114
164 63
1976 612
612 1489
149 1930
76 293
1798 1912
1912 1646
1646 1810
1810 235
235 1827
1827 1928
1827 102
1827 228
1827 1772
1827 580
580 835
835 102
1642 1647
1647 650
650 1540
1540 1467
1467 763
763 293
70 536
536 497
497 1425
1425 1274
1274 383
383 1319
1319 1690
1690 1307
1307 341
341 1438
1438 448
448 435
435 836
836 1438
836 1903
1903 513
513 1412
1412 110
110 1445
1445 290
290 469
469 1317
1317 276
276 416
416 413
413 146
146 1243
1243 383
146 1080
1080 898
898 1279
1279 1799
1799 1726
1726 1625
1625 1923
1923 810
810 1307
1923 1726
1625 1279
1799 416
1279 830
830 1554
1554 79
79 846
846 1903
1279 1425
898 1319
898 214
214 1080
146 416
290 1438
1445 1232
1232 1807
1807 442
442 70
110 1690
513 781
781 1017
1017 1690
781 448
781 221
221 882
882 1779
1779 109
109 383
221 1274
221 497
1903 1264
1264 1425
836 1425
448 383
1438 1457
1457 1574
1574 1274
1319 959
959 1902
1902 497
71 776
776 1650
1650 1708
1708 99
99 156
156 937
937 1992
1992 804
804 664
664 1462
1462 1850
1850 1600
1600 153
153 1743
1743 99
1743 454
454 1242
1242 1029
1029 1004
1004 1053
1053 1070
1070 1072
1072 736
736 1856
1856 320
320 1607
1607 615
615 1860
1860 1863
1863 736
1863 99
615 1970
1970 736
615 1029
1607 1053
320 233
233 1918
1918 1835
1835 156
1835 1070
1918 71
233 736
233 1036
1036 850
850 541
541 736
850 776
1036 1950
1950 1856
320 664
320 99
736 266
266 1107
1107 71
736 1600
1070 965
965 1004
73 987
987 582
582 1032
1032 741
741 417
417 694
694 342
342 1785
1785 1679
1679 1079
1079 642
642 1963
1963 1826
1826 1397
1397 1102
1102 1987
1987 1655
1655 1639
1639 1008
1008 1687
1687 1440
1440 1102
1639 73
1639 1963
1655 1032
1987 977
977 1776
1776 1491
1491 711
711 1784
1784 910
910 638
638 1588
1588 121
121 947
947 878
878 694
878 1855
1855 1397
1855 719
719 694
1855 711
878 983
983 1397
947 987
711 1844
1844 694
1102 417
1102 987
1102 1032
1826 699
699 901
901 209
209 418
418 1963
84 101
101 1790
1790 1378
1378 551
551 1448
1448 1788
1788 733
733 1889
1889 1172
1172 1012
1012 1933
1933 84
1933 1498
1498 652
652 1441
1441 1735
1735 640
640 714
714 1071
1071 640
714 1343
1343 1777
1777 1396
1396 553
553 1955
1955 1936
1936 575
575 1487
1487 1131
1131 475
475 1434
1434 158
158 1095
1095 127
127 466
466 196
196 1861
1861 1560
1560 295
295 1487
466 640
158 1448
475 1012
1131 949
949 84
1936 1735
1343 652
640 1084
1084 653
653 1265
1265 1104
1104 653
1104 1375
1375 1796
1796 84
653 1043
1043 1349
1349 1498
85 1508
1508 268
268 1762
1762 1536
1536 1709
1709 1192
1192 1392
1392 243
243 97
97 564
564 630
630 85
630 1290
1290 1309
1309 1577
1577 1461
1461 1041
1041 957
957 331
331 621
621 1292
1292 534
534 1192
534 668
668 155
155 1484
1484 921
921 637
637 957
637 668
155 129
129 1117
1117 1309
129 1306
1306 243
1306 1192
1292 1587
1587 329
329 1392
329 490
490 1248
1248 969
969 1111
1111 1118
1118 1189
1189 1126
1126 1610
1610 1572
1572 1721
1721 865
865 1309
1610 1087
1087 1709
1087 243
1087 1372
1372 1897
1897 1508
1610 589
589 1392
589 1126
1126 1424
1424 1929
1929 730
730 1762
1248 1444
1444 1991
1991 1762
621 966
966 359
359 405
405 566
566 1290
1309 1709
86 1677
1677 660
660 1546
1546 1373
1373 914
914 213
213 1395
1395 1503
1503 535
535 1521
1521 1186
1186 1067
1067 364
364 1521
364 478
478 601
601 1239
1239 1356
1356 1995
1995 213
601 620
620 1869
1869 1532
1532 608
608 503
503 1395
1532 675
675 1521
620 1586
1586 1006
1006 1692
1692 462
462 1924
1924 558
558 1352
1352 1636
1636 86
1692 398
398 1482
1482 1376
1376 1048
1048 782
782 660
1546 1549
1549 1677
90 572
572 981
981 507
507 702
702 453
453 357
357 1284
1284 1086
1086 940
940 933
933 755
755 1369
1369 1485
1485 772
772 189
189 264
264 172
172 130
130 1932
1932 886
886 770
770 1780
1780 838
838 461
461 429
429 770
429 880
880 770
880 1284
880 755
429 443
443 439
439 1249
1249 90
439 702
439 1494
1494 908
908 659
659 137
137 1528
1528 1908
1908 201
201 133
133 1689
1689 702
133 357
201 1645
1645 1712
1712 1715
1715 319
319 323
323 617
617 1173
1173 1745
1745 1886
1886 1494
617 859
859 303
303 1806
1806 772
859 908
617 838
617 908
617 1896
1896 461
323 189
319 176
176 1284
201 1427
1427 1045
1045 137
1045 1287
1287 1413
1413 151
151 1829
1829 1884
1884 933
151 172
1427 981
908 755
443 671
671 327
327 933
770 130
933 1284
115 324
324 1718
1718 1877
1877 1815
1815 1895
1895 185
185 1334
1334 180
180 1867
1867 1956
1956 1163
1163 1893
1893 1544
1544 372
372 579
579 1559
1559 1627
1627 185
1627 115
1559 175
175 938
938 1815
938 1877
938 788
788 649
649 897
897 185
788 1544
175 180
1559 473
473 634
634 381
381 1595
1595 324
372 326
326 1028
1028 1181
1181 455
455 1893
212 1469
1469 767
767 900
900 1023
1023 684
684 1105
1105 1594
1594 1146
1146 1875
1875 412
412 1228
1228 1420
1420 249
249 1594
1420 1947
1947 1594
1875 1879
1879 674
674 278
278 292
292 791
791 441
441 1882
1882 365
365 1256
1256 775
775 1390
1390 1064
1064 254
254 877
877 1083
1083 1611
1611 441
1611 890
890 682
682 896
896 1332
1332 953
953 758
758 877
896 1146
682 1882
254 775
254 265
265 1064
1064 212
1390 1362
1362 347
347 1882
347 441
441 674
791 212
674 906
906 1146
