2000 4000
1186 1703
1773 1077
1135 1439
381 958
538 506
1470 1564
1555 1776
435 855
419 1251
1901 1120
1186 351
27 1644
381 566
430 125
1364 1339
1558 566
114 241
1726 1163
1691 1709
855 1583
1971 1644
435 849
1651 1630
367 1564
276 274
1596 791
276 862
467 75
1350 1682
1135 635
1158 1284
1596 1709
375 989
435 1726
839 566
1392 1523
1544 276
1404 1135
367 735
1891 810
13 940
1682 1470
27 857
940 1439
1641 241
1682 857
467 1596
367 675
597 1766
1545 1339
1899 1644
1144 1185
1392 506
1886 1069
956 1564
1251 351
566 1773
1558 956
351 1891
830 431
1525 1555
1575 241
114 1399
1365 1083
419 818
1863 1083
1135 958
1706 1263
1371 1399
1651 67
1541 375
1350 27
114 830
1575 791
367 1263
200 254
1044 1706
375 363
1776 855
375 506
566 1709
430 1575
940 1726
173 1069
254 1080
958 1651
254 339
1139 1404
1092 1575
1766 1523
351 1773
1522 1703
431 1139
1708 1436
1575 1901
339 1365
712 367
1583 1857
1339 1263
1185 68
1766 1596
1651 86
430 1350
1525 1575
1901 1078
1228 1208
989 1886
1451 862
1343 27
13 1682
1135 1630
1459 1135
1263 1284
1886 951
855 1185
872 1555
363 467
810 430
1703 1549
1263 1863
1844 114
1555 1886
940 1436
276 818
1249 200
375 597
1339 1776
1249 381
791 1669
441 1641
1139 566
1544 1536
956 1773
351 1263
1555 1564
1069 1901
791 1398
725 1158
735 1371
1773 75
1249 27
375 1641
1399 1536
288 1350
1583 1239
1644 1083
27 951
1891 1706
1525 1523
1371 1185
1899 1339
538 958
830 1863
1439 1682
276 1651
1971 506
1470 1392
67 1682
1630 1185
274 1706
1260 951
1470 542
1549 725
578 1709
68 1776
268 1350
1260 419
1092 506
725 1564
1886 1575
1596 234
1773 1339
542 1641
351 1544
1083 1371
114 467
1249 173
857 1392
1139 1339
276 1260
276 173
818 1596
114 1083
1251 725
1549 367
1239 274
1371 1522
13 1251
916 1596
38 1163
1703 286
1669 1071
1399 276
1773 1228
872 1641
68 467
68 862
725 200
1044 67
268 1541
1709 951
538 1706
1339 712
542 956
1392 1541
611 1776
419 1139
1091 1080
1284 200
430 1339
1773 1436
1706 1185
573 1185
1451 1135
951 542
1364 1451
1525 1091
375 1630
1575 1776
1525 276
363 1135
1555 1558
125 1525
419 1408
1525 367
13 381
1350 1544
1995 1641
1263 956
268 1587
13 1709
635 375
1399 1863
1371 1139
1284 538
351 940
1708 1575
200 1404
1544 1703
1251 989
958 1408
1641 1549
363 1682
467 1684
1575 818
173 68
351 1776
611 1891
1251 1228
849 339
1451 441
1054 1596
830 1350
611 1886
1613 1706
1776 363
1766 1863
1507 1284
1251 1863
467 1703
268 1630
1080 1398
351 1185
1284 381
241 956
1080 1523
1766 1228
200 506
351 1709
351 1558
467 351
597 1080
1995 1371
1470 1083
430 1091
1971 989
506 1716
1139 114
351 200
1773 312
1773 506
1523 430
862 810
1078 430
611 375
419 1044
200 38
1776 38
67 1364
903 1596
1726 1135
1114 1536
1857 1185
1564 86
810 1139
1555 241
1080 1536
268 989
1399 367
68 1766
1564 68
363 339
1558 68
312 200
1163 1988
1545 1343
1436 1392
1891 1596
1863 241
1139 1988
86 375
419 375
1163 635
1545 1427
725 1186
1651 1644
1439 1185
67 791
1163 989
862 38
419 1163
712 1451
573 1545
1071 597
1766 1339
1408 1703
1135 1470
857 1071
75 1525
958 1995
872 1404
467 1120
1617 1163
1249 872
1436 1507
1451 1651
956 1901
1644 288
779 274
367 1135
1773 431
367 1408
1613 67
1651 1587
1583 1630
367 1251
1545 1575
1863 375
958 274
1564 1069
566 1473
13 241
68 375
25 419
1163 67
1703 1995
1507 1439
1545 779
1120 268
1284 830
1350 381
1091 1251
1971 958
1522 1596
339 1398
435 1239
862 431
1078 1083
1249 1709
810 1583
1549 13
566 288
989 712
1071 1439
430 725
367 1507
367 791
1364 1596
173 1641
1078 1080
810 1682
367 1899
966 1709
1263 1398
1583 1077
1365 274
1863 1891
542 1523
1071 1339
506 441
1583 170
1077 1545
1630 27
872 1669
363 1583
1726 1507
830 125
1185 125
1669 1080
1558 1596
1135 1596
241 75
1436 1399
1709 1343
200 1343
1436 1682
538 1350
467 857
1651 1555
1523 339
542 86
1669 1773
1339 830
75 1408
1436 1208
1284 430
1523 1709
1536 1054
1549 857
791 419
435 956
1709 573
1371 286
1239 375
1044 1284
430 1596
1945 1439
1995 67
1399 67
1863 1092
1392 1249
363 1408
1525 1371
1163 725
1139 367
1330 506
862 855
13 1708
67 862
1078 1525
635 1158
1857 1135
114 200
435 1339
276 1473
1844 958
1708 67
1549 276
1776 1691
1371 1915
1439 1651
1080 506
1114 1078
1945 1541
903 114
375 1228
1284 1844
830 1669
367 1185
1144 1392
274 1144
467 810
1185 951
1766 506
940 1641
1669 1408
1587 467
1158 276
27 849
1185 1617
872 1078
542 351
862 1077
1549 635
862 13
1549 254
1555 1263
1706 1158
566 791
1564 1091
1596 200
1613 1596
1284 1549
274 566
1071 1365
506 712
1185 254
1541 467
1439 1399
276 1054
1439 1525
1891 1555
1641 27
13 1583
1891 13
1536 424
1644 1522
1069 1158
254 1251
1669 1558
1691 200
1613 1371
1371 916
339 1284
1135 566
542 958
1988 1886
1703 1682
542 635
467 1669
1669 542
725 1525
13 1945
1135 1703
114 542
1114 1641
1350 1080
1507 1644
1071 68
839 506
27 779
1120 1185
1350 1995
1451 1564
1544 1641
862 1365
1507 1228
1284 1251
1135 849
682 1891
27 312
791 68
862 1596
916 1706
1451 1945
114 1510
1583 1228
1945 1339
430 67
1945 1350
86 1392
38 1651
1587 1776
989 862
1451 1558
274 682
1408 506
1708 566
1644 1092
1523 1545
435 1398
1726 1186
1522 1284
381 276
1596 268
1135 1541
339 1575
419 1899
1371 1080
506 1525
1886 86
200 1069
1392 1857
597 1564
1703 268
1158 989
566 1114
1284 1709
1536 818
200 1726
1330 958
1641 1185
1451 467
1330 351
1339 1886
435 1575
75 1071
506 268
712 351
712 276
862 1703
1114 1863
1114 506
1682 573
1644 1139
1891 725
1260 1436
1945 1459
951 1901
1691 274
872 1284
1776 573
958 1507
173 114
25 1863
916 1536
1135 506
1139 1239
1077 381
1706 381
435 1691
478 1135
1251 114
1263 254
1863 791
254 274
1091 862
1078 173
276 435
1776 1371
1185 611
1525 1691
7 1945
1726 1139
1078 1971
1228 542
68 1891
1945 1988
200 779
125 1392
1691 1185
234 276
1891 1703
597 1044
1669 200
1544 506
467 7
86 274
1054 958
1583 1587
75 200
1536 1186
725 712
506 1522
862 635
25 1371
1069 1044
566 693
435 1343
791 1077
1525 1451
1641 268
13 791
1536 339
1863 940
810 1083
682 1901
1988 1776
363 1549
1185 1398
75 1945
467 1986
1263 13
1239 1392
1249 467
125 200
725 1392
1158 566
958 1886
1208 1596
241 951
1470 872
1371 1971
1228 903
367 424
375 849
989 1682
1069 1080
274 1726
200 276
38 27
989 940
114 1208
1525 956
1135 276
725 735
1371 1583
1069 1163
1135 1350
1613 1284
506 1651
1669 1891
1703 1510
611 1709
818 1863
86 862
566 200
1564 1863
1536 1330
467 1459
67 1071
1886 1644
1071 1726
611 1163
1404 430
839 1350
611 1945
1044 1350
1644 241
351 818
1525 566
1345 1135
170 1709
274 611
27 578
375 1427
635 1408
725 940
241 276
1364 1436
125 1773
1549 810
25 1228
114 1135
431 339
75 872
635 1773
1436 1564
1158 1365
38 268
1185 1249
419 1114
86 1139
1651 254
855 1083
1641 1044
125 1682
1564 125
1564 1706
276 1251
363 1886
857 435
1644 467
573 1945
1339 1083
1185 1339
1092 276
381 1691
1776 7
200 1684
1163 1365
1541 435
375 1439
1641 862
1350 1208
381 725
1651 1575
1708 1644
276 1901
1703 435
1392 1069
1708 951
1709 1706
1555 274
1365 1613
1523 1185
1899 1371
1371 1901
506 234
1651 1249
1644 1945
467 125
940 367
1564 1596
435 1706
1644 1251
1709 1120
1564 611
1392 810
1114 1077
1669 1163
276 375
1251 1726
114 1773
1706 1080
1776 13
1945 1091
1901 1343
1669 1114
635 1545
1915 506
367 173
276 1682
1364 597
254 1709
1114 68
1776 1436
1523 1163
441 1436
958 27
1564 951
1691 375
1613 1350
276 1708
818 1365
375 1470
872 1703
274 506
818 1284
1144 339
506 735
173 956
1163 1350
1555 1945
958 1392
1451 435
38 1773
339 682
339 1596
1549 1228
1392 1644
1092 1436
1901 1284
1392 1706
254 1364
1587 1392
1703 1092
1228 1651
1083 566
1364 1863
1284 1083
573 435
1644 1709
27 1863
1163 1644
467 1091
903 1703
1682 68
1641 1773
506 173
431 791
268 956
1091 241
288 1706
1583 635
1364 1228
1139 958
467 573
1669 1185
1365 25
381 951
956 862
13 1899
872 419
173 1439
682 1886
682 1651
1536 274
712 956
1857 339
1945 67
1071 566
1583 1404
1857 200
430 989
1545 312
367 234
27 351
274 67
1228 1613
951 1651
1995 1439
1392 276
1451 27
1371 1891
1163 1691
1350 1071
1135 1069
1054 1350
1709 1726
268 635
1044 956
1541 274
1641 234
1436 1186
1844 1436
276 1776
1564 1536
254 1971
1114 1470
903 958
1080 68
779 1185
276 25
1706 1408
27 1555
27 13
363 1071
351 872
1945 1669
635 1139
1284 1995
1706 1054
1071 506
1583 1644
431 1158
234 1703
241 86
68 27
1451 1709
1451 1071
114 1392
44 1583
1139 67
1343 1583
1945 951
1644 693
1651 363
862 1078
566 467
1398 1392
725 872
1971 1398
1558 1703
268 400
1251 1436
276 1083
1135 573
830 86
312 1776
1583 1988
1365 1558
286 114
339 1427
1083 431
1682 611
1651 611
1071 951
1564 958
597 1651
725 1545
1545 1726
254 1773
682 1583
363 1185
1399 1091
810 791
1776 1541
441 1339
1451 1766
1350 1886
1575 1507
1886 254
1260 351
173 1555
857 1080
1404 1083
1343 1773
1330 1436
1077 1651
268 1404
1404 274
1709 1617
1263 1091
1651 725
725 542
1408 611
1239 1773
542 1365
1263 68
467 1439
916 114
1092 114
13 200
1451 1263
200 1617
375 1988
1891 1339
1899 1703
635 1185
1208 1863
966 1135
1263 1641
1651 68
1541 200
1776 1091
1139 1365
1691 27
611 862
725 467
1263 951
1776 506
611 27
38 1185
1863 467
27 1459
1988 1158
1522 276
1044 1523
1392 400
25 1703
1186 506
1365 1364
1249 1545
467 312
1644 441
1691 430
1575 1613
1995 419
7 375
1408 1350
1069 375
467 1350
1709 682
989 1613
1549 682
419 1708
254 542
200 849
1709 857
1709 1069
1716 114
956 1507
1558 1706
1641 1507
611 1135
951 1158
1392 1345
1185 1228
956 1766
1114 1703
1523 1844
989 339
268 1726
818 1439
542 1350
1083 1451
38 1945
431 1583
68 1392
573 375
1365 1886
1436 1709
1091 1185
682 1545
234 1350
1083 989
367 467
1451 1901
1863 1708
1549 1371
27 1365
68 274
1092 1350
839 1706
810 200
1398 1583
1249 791
247 276
1399 506
1536 1773
268 114
375 1343
268 1078
725 1139
597 274
1564 1641
114 1901
381 1228
1228 872
1726 1364
1339 1507
1185 966
1092 1596
839 1371
951 1163
1669 1263
1891 1436
431 1185
725 1092
478 375
375 966
1776 951
857 1408
1536 1408
1644 247
268 1459
872 67
114 339
282 435
1408 276
1392 1691
1773 1427
1682 1988
682 862
1436 1558
1139 1228
830 1726
339 1691
1470 1260
862 1863
1709 312
1365 940
725 862
1054 419
1669 1682
1135 38
381 989
435 1644
1971 566
1891 855
956 1185
597 381
611 1139
1776 1617
1575 274
1899 1596
693 1536
200 419
1644 1330
1536 375
1343 1135
1398 27
1901 1350
1901 1239
431 1263
441 1228
1260 1398
1071 956
276 538
419 1776
989 1114
1228 1525
1844 1863
67 940
419 1886
1886 1470
1284 173
1260 956
1114 1398
1708 1228
1339 1525
1260 1365
1564 276
367 375
363 1945
363 862
1766 566
1986 27
1078 200
86 200
542 67
1523 1945
367 1776
363 435
566 1260
1080 1575
1703 1708
1709 1641
1863 435
1371 1251
1776 597
1436 538
1651 1284
1684 268
1399 566
1536 1139
1069 1083
1716 1371
86 1709
542 1536
1545 1644
424 506
506 438
1988 274
1558 13
872 125
1228 1899
1536 25
367 538
288 1596
857 1886
1077 542
367 1083
712 1439
1651 1371
1114 114
1185 958
1398 1163
872 958
381 1436
1345 27
1139 125
1669 1549
1863 1773
1545 351
467 419
1339 1251
810 381
1596 274
1891 566
1404 1682
1995 725
1185 1986
173 989
573 872
1523 1886
1988 27
872 431
1350 940
538 1596
1071 1470
1901 1988
339 1863
1691 1139
566 1613
818 958
13 1114
86 268
68 1583
1988 862
712 1398
234 1726
1120 1525
1525 1706
1284 1071
114 1544
27 363
286 1644
1044 1703
1263 1069
1901 351
1709 1339
1371 234
862 114
431 1945
1339 1080
1613 1703
1083 351
1536 268
1986 1392
1901 810
1545 1541
1971 1350
1703 1473
1549 1644
872 951
635 200
375 810
1260 725
951 830
1139 13
1239 339
1451 1507
735 1703
241 1077
1726 25
67 1186
1706 1886
1186 1863
1596 735
940 1091
1044 506
274 1523
1080 1644
1228 1071
1523 1773
940 1069
1891 114
430 1863
1986 1773
13 375
1863 381
375 1120
1069 1651
1228 430
1773 1703
114 1071
441 725
1044 1365
1709 1863
1365 1773
241 1350
419 1185
27 1436
1083 958
1092 1641
566 735
1284 424
435 114
1891 276
1536 1251
381 1988
958 1544
1080 989
1339 542
830 419
1339 818
693 1371
1766 1726
1555 1408
862 1069
274 1339
381 1575
1139 1343
114 538
597 430
467 254
566 538
1545 1863
1091 375
1545 1459
1617 1525
419 268
862 1427
1536 1766
1583 351
68 268
1069 1773
288 1371
1899 1439
367 693
367 1071
1575 1971
1844 1706
1080 67
1706 1899
1078 274
1114 1091
68 1158
467 1523
1682 1523
1120 1891
1891 86
1901 725
538 1536
855 1525
1773 855
1644 200
1083 1436
430 1703
1583 1439
1644 872
1641 538
1371 1114
435 254
1364 114
1054 1575
1339 268
478 1583
1986 274
419 1158
1523 1135
114 441
1451 1583
1536 1886
1392 460
1077 1139
1945 635
1776 779
1525 1703
381 1091
1398 1545
1971 1596
958 1899
862 951
1251 1641
1054 1436
1575 1399
1263 1536
810 1651
1077 1260
381 114
1708 68
566 1899
1163 1120
241 1436
1436 1945
1451 1549
1986 1583
810 1163
989 1545
725 268
339 573
989 1263
27 1575
1641 1330
1144 1651
1251 431
855 1945
830 1470
200 1706
1613 956
351 1092
1392 566
855 268
862 1541
1371 1071
114 1709
1726 1083
1844 1641
1549 1091
1069 1071
597 1549
1398 872
1364 1350
872 1091
1525 1541
13 1083
268 1988
1077 375
27 1439
424 276
1249 1525
566 903
1583 1523
438 367
1439 1773
268 312
1706 791
1080 13
1399 419
1651 1986
1284 441
542 75
1669 27
1365 441
542 1398
506 1891
1596 1139
27 1284
1392 478
1558 1863
1709 849
1644 735
1886 725
1644 1185
1773 1078
1071 1644
958 1399
1343 1945
431 1163
1536 1135
1439 381
467 956
1709 1575
1726 1776
1408 956
241 597
1092 566
67 339
989 1709
872 1726
1549 1523
1726 1263
75 375
857 173
1613 1339
1459 1163
1228 1408
1185 1541
1260 67
566 1886
339 1120
125 862
1971 1228
234 566
1263 75
1558 857
725 818
1682 1249
1091 1766
1077 872
1644 1901
200 431
862 1239
725 1507
1709 38
1451 1114
1436 1185
958 1776
779 1773
1773 1398
1945 1617
597 27
872 114
1080 958
1555 381
25 1350
1069 1525
375 1451
597 1139
1901 38
1703 940
1158 1339
1536 903
1330 1726
1408 1339
1439 830
506 288
1766 1644
566 1044
276 693
712 114
566 1263
1726 430
1641 1708
566 1364
27 125
200 597
1703 424
1120 1392
268 282
435 1439
363 1364
276 1139
1844 1703
1077 1525
375 578
86 1135
1726 542
1139 855
68 430
1263 419
419 1545
1263 1228
1545 1706
27 276
86 1549
1139 682
956 375
1163 1091
419 1558
363 1971
951 430
27 1617
430 1706
791 1078
1114 1596
1773 1091
1091 1260
114 1583
1350 1185
1365 1399
1545 810
1392 1575
13 1995
1549 1691
1863 1776
857 1158
1139 573
1135 13
1371 467
1365 375
1575 940
1523 1408
13 1971
274 635
1545 254
27 573
1617 1545
367 435
1891 1617
268 351
1549 1404
779 1651
1392 1596
241 363
1651 1404
1726 375
1404 1709
1545 13
1971 1863
791 1228
38 1891
419 1945
872 1069
1644 830
1091 339
1459 1583
1427 200
1071 1077
67 173
1613 1439
1158 956
682 1135
254 1158
1709 1398
1971 1439
1249 1549
1439 1263
1371 1260
1644 1544
1163 1541
276 1080
268 1691
467 958
862 254
1583 1294
506 1995
1703 1507
1945 351
431 1549
1641 1901
1371 1682
430 506
1583 566
1669 1651
1439 1708
1365 1392
312 1392
611 1158
1392 1863
1365 712
725 1709
725 1185
86 339
381 1451
86 1901
367 916
1208 351
1776 114
862 7
635 872
1555 1901
1371 818
1135 810
573 268
1644 268
506 1901
635 1901
1575 1564
1766 1069
872 1365
1284 1708
542 506
818 367
1078 1251
791 114
1544 1284
1135 7
431 1135
1054 1228
855 200
1054 1371
725 1071
68 1886
1239 467
1185 1365
424 1726
1644 1260
274 367
200 1144
1945 682
1135 1120
1891 431
1365 381
1617 1773
735 67
363 1891
1158 1726
1069 1186
1945 1284
1263 114
1971 951
1587 274
1371 1330
1583 1617
38 435
903 506
1523 1564
1682 1617
1669 862
367 1208
1703 381
1135 1986
1208 1703
506 467
1350 1330
958 173
381 1371
1083 363
200 1575
1263 506
312 1135
1077 1392
810 1408
419 1364
1392 989
1669 1776
339 13
173 1596
1339 1708
1139 75
712 857
1054 1703
68 339
1525 682
1703 274
712 1091
1092 1706
682 872
1439 1564
566 1186
1339 872
1549 855
13 1564
1398 1549
13 735
958 430
1641 1945
1163 956
1371 1844
1558 1398
339 1644
791 725
1525 1398
830 810
75 173
274 1350
1773 7
339 1988
441 989
1555 1708
810 241
578 1392
125 1163
1228 818
367 1682
1644 1399
1523 441
682 200
538 1371
862 566
1891 1691
1545 7
274 1249
966 1583
1703 241
435 1069
381 1398
1995 1069
1069 1613
1078 1558
1945 597
1558 1644
1408 1641
1350 1263
1617 435
276 1163
1651 1617
1651 75
200 1536
173 1371
712 958
339 1343
1185 1345
367 288
1436 818
872 1350
1339 1995
1945 312
1575 1139
1536 1891
1054 1726
857 1185
1523 735
1507 1091
1726 916
1945 1691
1451 241
1536 1709
86 1185
1185 1427
27 506
1644 1044
1365 830
1350 1709
506 1158
1371 1544
241 566
276 268
1541 1901
1158 1249
1163 1641
1436 1158
1158 958
1350 1392
234 1706
467 611
1069 467
1651 1339
268 1986
857 1525
1857 375
1470 1773
351 241
467 431
1776 1144
1549 75
1044 367
1691 1773
86 1163
862 573
1284 903
1644 1186
611 430
431 268
1091 1682
68 1525
1575 1583
1185 1239
1613 597
506 1507
1158 1091
1549 956
1470 1525
276 441
1120 862
435 312
872 1691
27 1706
1682 1239
1901 958
1776 86
1716 276
241 1536
1451 791
13 1525
1114 1228
1439 1776
1583 951
872 1706
1726 1260
1545 611
1371 424
339 1069
1575 1163
1844 1575
268 578
1350 1899
1260 367
958 1092
27 1069
67 1583
1703 693
200 958
1284 916
125 268
375 1404
1439 241
1682 1339
351 441
1251 1523
268 1091
566 872
1899 1523
114 1473
1139 1398
1915 367
1069 735
1139 989
1092 367
268 1857
1641 1139
200 1587
27 725
339 38
1507 419
1470 1408
1564 1691
951 200
1536 1613
1350 1844
1350 1651
419 735
712 566
431 1682
1144 375
1470 1158
839 1703
1651 1470
274 1669
114 424
1583 1365
1641 791
1077 1901
1114 1439
857 1945
1651 989
1536 1549
725 1945
276 1044
268 1239
1163 13
1596 1549
247 1726
1988 1392
1436 735
27 367
1706 1139
86 872
1641 1886
1114 75
1682 951
268 460
254 241
339 725
1330 1284
1208 276
1343 1549
1473 1371
1641 839
779 1135
1536 872
857 1766
1163 1427
1776 1078
1988 1709
1350 1545
1617 1135
1773 1706
1343 1163
467 276
1544 1596
1239 1545
542 1451
1408 114
1427 1583
75 27
1726 1185
1083 68
1863 1583
200 1641
1863 542
274 1120
274 13
857 441
200 282
1575 1185
1986 1776
989 1891
693 958
268 1617
1617 862
114 735
1651 419
506 25
1408 1596
1071 1555
725 1208
274 1470
7 1163
1158 86
1776 682
542 1284
467 1144
1596 375
830 1404
381 38
1555 1158
1555 467
381 573
1644 1054
25 1575
1398 467
1971 276
1284 1260
1365 1564
67 1054
1392 611
849 1392
1583 1436
467 1077
1507 1069
956 1651
1716 367
1470 27
1507 1863
1709 1077
467 1691
435 611
1284 241
1139 956
274 351
693 1350
241 1078
1971 1706
1404 862
566 430
114 438
1083 682
1682 635
1365 268
254 1564
1228 1260
1392 1294
1451 1408
351 1651
1558 114
467 966
857 430
114 1549
1350 862
339 857
956 1114
1436 1613
1163 1706
367 1330
435 1294
339 1669
1371 1408
67 1083
506 339
1186 276
381 1596
1135 1555
1186 1706
67 1899
951 467
1995 1706
1371 872
1541 339
725 1544
542 1371
1408 682
1536 1083
916 725
1459 1392
1083 1350
1135 1863
467 1228
1583 1669
435 1470
1470 791
1371 435
1135 1988
125 1776
818 1641
1555 1549
367 1901
872 68
1404 1185
1392 1617
1251 1249
68 1163
1451 1682
1350 1186
1708 1596
1228 200
27 1078
566 1330
441 1439
855 381
68 1945
114 1945
1350 1773
367 339
1549 1726
13 1651
1891 956
1891 1726
1330 276
1706 1399
1228 1399
312 375
1776 1470
818 506
1228 1682
1439 1251
1350 1507
1575 1071
363 200
1077 1185
1709 67
506 1945
1945 1575
1971 857
254 430
597 1891
578 200
1436 430
1470 339
597 1682
1091 274
1575 1682
818 956
247 367
1365 735
68 1545
1186 114
1071 1863
1596 940
1886 855
1135 419
1583 1541
989 1364
1451 1392
1641 830
1135 1706
1766 351
566 286
597 1114
1139 38
1575 375
1863 1651
566 1408
635 1392
956 1682
1891 1404
1371 1208
1260 431
435 779
274 1427
862 958
1523 940
1709 1555
75 381
1766 1436
1364 1398
7 1583
1651 635
1436 1135
1886 1343
818 566
725 25
1078 1163
951 1083
1644 940
367 1773
1706 173
1536 1522
1901 431
1228 1564
818 1703
1408 951
1163 1555
7 1185
1945 1077
441 958
1427 1651
1669 1083
1726 1114
68 1139
506 1886
25 1641
1630 467
1185 1536
339 1350
682 1773
1120 200
542 419
25 1596
286 367
173 566
1575 735
1583 1120
1239 1709
1114 1555
1114 67
542 68
435 682
1078 1260
1339 27
1945 566
75 1260
1092 1536
1844 367
430 1439
1575 1995
435 1684
1080 1726
1726 818
1371 940
1899 1091
1339 791
712 1726
381 367
67 818
276 735
1408 254
1709 400
956 1545
241 857
1408 86
1726 1564
441 1863
1863 1080
1988 1651
1470 1891
1703 247
1069 1399
725 1682
1644 1510
254 381
573 274
1436 1886
1510 276
381 1617
1682 351
1260 1555
1641 430
25 1284
441 1703
1891 1091
1091 1613
989 200
839 958
1507 254
1135 1284
114 25
1644 1716
862 597
467 682
339 1630
1228 1891
268 1144
1439 872
1709 431
1630 1392
1613 1644
274 75
862 506
441 67
67 830
375 855
1971 1339
375 1669
276 1507
1708 956
682 430
1971 1284
1135 1077
13 1185
862 75
1451 1773
1901 1470
1083 1706
956 430
1945 989
791 1726
1549 1988
351 1844
1703 1564
958 1766
1078 1139
1365 1776
1523 173
1986 435
1408 1404
1208 1726
435 506
566 1544
1726 1583
431 375
855 274
958 25
1078 1945
956 441
1044 1436
635 1564
1260 1249
1644 1564
1459 1682
1773 363
1708 1451
712 1575
1163 1239
254 27
1669 173
1995 114
597 712
1641 1545
1404 381
1350 712
1886 1404
855 1682
1404 1945
441 13
351 830
200 1077
114 1682
1251 506
635 1886
363 1260
1575 542
435 13
1345 1709
1641 1135
254 1260
989 274
351 375
435 1641
1427 1945
839 1644
1158 1404
1163 1986
1541 381
1558 506
635 1525
1365 241
779 1709
725 1054
419 1709
254 1135
1669 381
506 1549
430 1470
1555 830
1995 1726
1541 1891
1644 903
903 1350
1886 1228
1398 1708
1339 173
1583 1345
1228 1092
381 86
566 1651
1703 1651
200 1863
200 1365
75 268
1473 506
67 1251
1135 1587
1644 1682
435 597
241 1398
1436 1995
200 1436
872 276
435 1091
1682 1284
13 430
1071 419
367 430
956 1886
1459 375
435 125
1945 1365
27 7
1901 566
241 1706
1709 1294
173 951
351 862
274 114
1260 1536
1891 857
1284 1139
1776 1451
467 1988
1641 1080
367 241
506 1583
1398 441
1726 862
1971 1726
367 200
1583 1536
916 1350
1158 1343
1439 1891
430 1371
1558 1091
1139 1249
1399 1284
1703 712
682 1392
1251 951
1901 1596
435 1555
693 725
1773 1575
1583 1596
956 1945
1260 1703
419 1766
1682 1596
1439 1158
791 75
1071 1706
1371 1886
1776 1404
430 419
1451 1891
566 1163
1078 1766
810 27
1971 114
1523 916
241 68
435 1988
27 566
1564 363
1641 1682
862 1228
1709 1228
1669 1886
1564 506
375 1587
1558 1575
430 1669
1044 1596
1641 1158
1682 1077
693 1596
241 419
1439 1886
1350 1114
13 818
1284 735
268 1669
1669 1709
1773 1459
1408 989
1776 810
857 375
1114 367
635 1071
367 383
1392 1439
1091 830
1158 573
1901 419
1863 1044
430 1398
1228 435
951 1114
1901 1669
635 1891
830 1228
1371 1163
419 1971
1078 1583
1641 274
1228 241
1144 1163
367 1886
1995 1863
1135 951
276 940
1144 1135
1703 1709
1536 381
1726 1901
1583 597
1185 1451
1470 381
381 419
855 430
830 956
1451 1080
791 351
1891 1398
1706 1364
1558 1641
1644 1995
1564 810
1365 1080
1365 1891
566 1208
268 611
1708 1069
1436 1525
247 1536
1144 27
339 1345
916 1069
1459 274
1163 1470
1364 1641
1651 1078
1371 1558
254 1708
268 1706
989 1525
1706 712
1536 1392
424 1644
363 1525
367 1522
1575 1766
1641 1260
1523 1651
951 1773
1651 1541
1536 791
419 173
1651 1343
1651 125
1069 1891
1436 830
857 1260
254 1766
276 288
67 1891
312 1583
125 1083
1186 1641
1682 86
1901 1863
1404 1545
1114 958
339 855
234 114
1886 1239
566 1682
1766 725
712 419
1691 1886
1545 1669
13 1392
1139 1669
1228 1945
1703 1163
506 1545
725 1135
1708 363
989 1708
430 363
1706 1766
682 830
424 1706
578 1185
276 1995
956 791
7 1392
1525 1726
1703 1158
1371 1092
857 268
1350 1251
1044 1371
791 958
268 67
1644 1114
254 872
566 1549
1899 114
68 1709
1284 1185
1083 611
1545 951
114 1163
611 872
1995 1365
597 1260
1263 1575
1682 1555
1986 375
367 1583
1091 1651
956 1080
862 367
1596 247
1596 1158
438 1371
1703 1364
13 1044
435 578
1364 68
1703 1766
1091 1886
1583 86
1398 1083
363 1392
1523 1971
1558 1350
1901 597
173 725
855 1709
1078 830
1564 114
1766 1365
1669 1525
1995 566
1069 1139
1451 872
940 566
830 13
1158 1228
424 1596
857 1708
1583 779
1185 1078
1536 839
506 1613
857 1613
1408 597
1766 1350
989 241
566 1507
1364 367
1365 173
367 1473
67 916
1596 1186
1186 1371
1078 381
779 467
1436 1899
573 1901
956 1392
862 1436
1706 830
1549 68
573 1651
1284 1716
1135 1644
1139 1703
125 339
566 438
1708 351
367 1558
1726 1613
1587 339
1071 1398
810 339
288 1726
951 791
989 1549
1945 1239
506 247
1644 1263
597 1135
1398 1135
1185 1587
1545 431
1436 375
1766 276
1682 1120
114 1613
1726 1399
351 1971
682 241
1558 1523
916 1575
1886 431
1899 276
1470 862
1365 1251
791 857
173 1703
1091 173
989 1507
1470 241
200 1986
1284 247
1709 125
1641 1208
1399 725
1091 791
1080 367
274 431
1555 1392
1284 1891
1773 1555
430 1249
1709 1470
682 1163
1077 27
67 435
735 1536
1044 1439
367 903
1545 86
735 351
1523 1995
363 1709
1617 375
1239 200
435 966
1945 1371
1703 1263
597 542
1583 611
862 1459
1596 441
1398 1776
916 1436
506 872
419 1844
1371 383
1545 1451
1776 1459
1564 431
839 367
1392 254
86 1114
830 363
1158 367
791 1703
431 1525
1773 1404
1706 1651
1228 1330
818 114
1706 1251
1766 989
635 467
381 68
1682 1078
1545 1536
1249 1071
1523 1083
1776 1536
1120 1776
274 956
542 810
682 268
467 855
862 1523
1249 1945
419 1080
13 1886
1545 114
1427 1901
1371 1510
351 430
1470 200
1523 1776
1682 779
1163 1436
1071 1703
1144 1773
1773 1596
441 1069
989 467
1251 958
1365 1682
1708 367
1536 1163
1399 1350
1545 363
1408 1575
467 578
1069 274
1536 1651
791 1284
25 1644
1054 1284
435 1436
1773 1284
1776 956
1144 1583
254 1682
114 1522
1158 1863
1371 441
958 1583
1863 1260
1439 200
13 1773
506 1510
1249 241
1364 1078
1510 1596
1091 27
1339 1549
1459 1651
839 276
1669 1392
276 1263
1549 573
1536 1071
38 1158
1069 430
1092 67
989 1135
1120 1945
1249 1408
339 1078
1776 1069
1776 1644
779 268
1583 276
1709 1439
566 1776
274 1345
712 1284
1069 1549
1706 1945
1549 67
1185 312
7 1651
857 1163
1158 351
363 1158
1641 1651
276 1185
430 1555
1651 1120
849 1583
1596 1716
419 1583
857 1776
1703 830
1371 27
597 1392
1114 351
339 7
1641 1071
419 435
1901 68
1408 13
1507 1371
1091 1901
566 1522
693 1641
1404 339
375 1345
1863 1886
276 1709
27 1587
200 1350
956 1135
1651 855
254 268
339 1706
1077 1776
1228 1083
735 1641
989 1071
1251 1451
1901 1691
1163 1596
1350 435
1459 1709
274 1436
431 542
542 989
1392 966
351 339
1408 1863
268 1345
1886 67
1641 1891
1525 611
1891 1350
419 1773
1343 268
13 1844
375 1703
339 419
1857 467
810 274
1708 114
274 1630
1228 916
114 1054
542 125
114 430
1971 1069
1436 1071
1080 1439
1451 268
1185 1863
1339 467
1564 67
1163 1077
566 830
282 1709
1185 849
1644 1208
276 339
1703 1399
1726 1886
1886 1451
1545 1596
810 1709
381 956
1083 1091
830 1536
1069 1844
1135 75
506 383
67 1558
67 241
958 1549
1071 254
538 67
200 1630
1158 682
363 173
916 506
1092 1726
1891 367
1158 125
1135 125
566 441
1091 1044
1228 1901
419 27
725 1844
1564 1077
435 1857
1135 1249
1078 375
542 1555
712 1863
958 1613
1776 1706
989 27
339 75
1251 857
1596 1399
1706 375
857 1507
1408 125
86 1071
274 1284
241 635
940 419
693 1706
1228 940
1069 830
38 1886
725 1263
1078 1549
13 1766
578 1135
68 1773
1350 173
351 173
1706 1583
1709 958
839 114
1583 1350
830 1077
1525 958
1583 578
86 435
363 381
1392 1726
1185 1988
1899 506
1536 1558
1427 1682
1644 818
1536 1158
1408 1439
1523 791
1886 1596
276 830
506 1083
1158 1398
1945 1863
1439 339
958 1891
363 268
1339 1044
254 1776
1709 1078
1507 597
1427 1709
1523 712
1536 862
1544 1726
1451 173
312 339
1945 125
1185 1596
173 1436
1596 1507
1228 1995
872 1523
956 200
1844 566
1249 1263
1545 958
916 1703
1863 1054
1596 1080
1545 75
1863 1613
1583 1069
467 1404
1251 68
506 940
268 1069
1083 1703
339 951
830 1249
1260 68
367 1971
1901 857
1703 339
1596 1776
1186 1228
430 431
254 1114
830 254
1583 125
1451 1158
810 1773
1069 1682
597 1185
958 1208
435 1630
375 282
1613 276
1071 431
276 1114
1263 1596
1844 506
725 1899
956 940
86 467
611 200
13 173
1392 1078
339 1641
1364 351
538 725
542 1703
375 254
1575 441
635 1709
375 951
1392 1684
1549 1575
1726 1408
1651 1726
383 566
1120 27
173 1726
682 381
1891 75
1451 1971
1077 435
1163 597
857 830
27 1857
1078 1158
1083 725
1208 1706
1971 68
1891 1249
1144 1709
38 467
68 1408
903 276
1945 1536
1564 1339
712 1536
1971 1641
381 431
1691 1135
1135 1427
1163 1284
435 810
1185 506
989 1044
276 791
274 1644
506 241
1398 1766
173 1398
1078 1564
367 268
1706 25
1549 1706
916 1644
1365 1708
611 339
1083 254
857 200
872 363
339 956
1069 241
862 1249
431 1392
1706 1114
67 1158
1507 1523
1971 67
1383 1583
1439 1083
268 1863
1558 989
1091 1995
1260 958
1436 1114
27 1726
1857 274
1339 381
1971 1555
1371 1708
1228 1776
1945 254
1691 1158
351 1392
1776 1239
367 769
1709 1365
1525 1641
1726 1682
1525 1365
1651 1436
597 173
1408 351
114 288
75 435
1069 25
367 872
1439 1549
339 1077
1284 435
1135 1371
1617 467
274 1343
1549 611
1135 1228
1706 1682
1392 1404
268 1398
351 1613
1080 1284
1536 1682
467 282
1773 573
956 1995
247 566
1069 1114
1583 1339
312 1682
1392 367
1284 839
1682 506
1330 725
725 1044
566 25
1682 75
1427 268
1408 1398
431 435
1726 1844
1228 538
1114 1523
1139 1091
1350 1158
1682 1398
1863 1139
635 435
830 506
1350 791
13 872
1703 1080
712 1228
276 1558
1330 114
125 381
857 1364
67 27
1564 1404
542 1439
1069 1899
597 791
1988 1545
1709 1587
200 1345
1371 1709
1439 791
1886 1078
467 1641
1945 1596
1251 1575
1706 1708
1651 431
27 956
1708 597
1451 1044
1945 810
1575 1114
1549 125
38 1392
1536 288
725 1971
67 1507
1773 1644
1773 597
791 254
791 506
268 1284
1706 1330
566 1185
857 1263
506 1054
1371 1766
958 1682
75 1163
1371 375
467 1365
1439 274
1525 351
1706 542
538 1726
1260 1575
1709 75
542 857
1158 1077
989 872
1398 1651
241 1726
1549 951
114 1886
1135 1575
1641 1083
1776 1641
1163 1339
478 467
1371 1545
1436 542
375 1523
1343 862
1350 1708
1596 1651
1541 1773
597 1525
1583 1249
1891 419
1613 1641
872 597
1564 855
903 1726
1080 1436
268 1439
725 1776
351 916
435 1144
1284 1583
1135 67
1260 1439
1330 1596
566 268
1523 1260
1185 1555
566 916
1339 862
435 68
1863 274
1651 1365
1523 25
38 1525
1776 635
1139 1350
375 1555
1726 467
542 1078
1644 1364
712 1641
830 367
1044 114
830 1596
1044 857
1886 1284
268 849
1549 1436
1158 810
725 1558
351 1507
381 351
441 1536
1364 958
125 274
542 13
1284 1545
1863 1682
435 1596
125 1891
506 1709
200 478
1703 288
830 1371
1766 1641
1077 430
339 1555
1773 1371
435 566
1392 1371
1901 1536
1139 951
1644 1158
1139 1555
682 375
1691 1651
958 1044
435 1536
857 1139
1945 1470
339 566
1371 241
1545 276
1644 1891
1651 367
1706 1260
254 1583
1044 1536
1558 363
200 573
830 1523
1575 872
712 1069
1071 13
872 956
75 1583
1392 1228
1773 1249
566 1054
849 467
1545 1470
430 1536
419 1525
1251 956
1439 1766
13 1158
367 1054
958 830
67 1392
903 725
1613 419
1708 1726
339 1726
467 1470
862 1706
966 268
114 1525
1945 1703
1564 351
1392 1641
1525 1239
1857 1651
1392 1343
1773 1988
268 1249
1971 956
1077 1408
68 1135
1139 1523
566 1251
1185 1470
1163 779
1392 1703
1135 1669
1364 1575
1773 1120
173 1575
1583 1684
1901 7
1078 435
419 1083
1709 460
1228 274
1703 1330
1523 381
1249 1163
1163 855
573 1891
1239 1891
1899 351
1339 1260
1404 27
1669 1971
1564 857
573 1525
1284 1408
566 1716
1083 635
1549 1077
1398 862
1971 1249
114 247
173 431
1706 1544
1863 1163
351 1071
862 1691
1284 1899
67 375
1114 363
1549 1365
268 810
1682 1541
810 1525
855 27
1208 1536
1669 1564
597 830
566 1510
25 67
268 1077
419 1682
1644 381
351 1399
441 68
1583 38
1365 435
1054 1069
566 542
1080 566
1044 351
1054 1641
1439 1139
1263 363
114 1260
857 1651
818 1523
1583 956
1364 1091
441 1350
1523 1399
1703 1583
274 1398
339 779
86 27
1708 725
1708 1523
1185 1343
989 1260
857 1773
1284 1766
791 1069
1901 13
1886 1077
363 542
1525 1343
1691 1545
1083 1596
1284 940
1617 1901
67 200
241 431
1163 1451
1901 1398
1886 276
1901 75
1339 1135
1392 779
1408 1069
1545 1555
234 1284
1249 542
769 1371
951 274
1525 1427
1139 1436
1545 1069
958 375
1901 254
1439 1558
467 67
1525 1644
1091 441
1558 1069
375 1339
1365 1899
1185 1703
1536 234
1644 1408
1684 1709
1044 1228
1945 276
400 1583
367 1186
1114 1284
27 1536
1886 1703
1988 872
1617 274
682 1185
1564 1249
1364 1536
86 430
1709 1857
173 254
1054 1523
712 1371
1596 1260
1558 1284
1392 1427
1451 274
725 375
1135 1091
712 1436
735 1091
1436 1408
1399 1641
363 1901
830 75
367 1544
542 1069
1208 67
7 268
1069 818
958 916
1776 67
268 1371
862 1555
735 1350
1525 1596
1708 1091
872 1436
693 506
441 597
1583 573
1669 1260
1545 597
956 1083
1545 857
1343 1776
367 1163
200 1459
1135 857
75 1564
1249 1083
351 538
693 1284
1228 1844
1228 1544
1886 351
1263 1078
1558 958
381 1239
1709 44
1703 27
1249 1901
1776 989
1080 1228
1158 855
791 1365
830 1575
1163 506
839 1726
1260 1451
940 1706
940 958
1669 435
274 725
200 1703
381 1641
1706 467
276 1364
597 1251
538 1644
1641 903
441 367
1364 1069
791 1371
435 1459
1249 1114
1365 1263
1525 1404
351 1080
1945 1069
1251 1398
597 1971
467 1536
1284 1564
1709 1091
441 254
1365 1971
363 1163
1545 125
1708 1078
1408 1365
1863 735
419 274
1669 241
1436 1971
1451 339
1249 1886
958 1263
1863 916
1364 956
25 351
367 25
435 478
1208 1284
276 430
1069 1092
1558 1228
712 13
1651 312
1899 1575
1709 1986
13 467
542 367
810 1886
1995 367
1071 276
1641 1899
431 1408
254 1139
38 1545
1249 339
542 682
958 1186
1703 1901
1091 542
1284 467
27 1239
725 1773
200 1451
1995 351
1691 1682
1545 566
13 268
830 1398
1364 725
1899 1726
274 7
989 791
367 1545
282 1583
1398 1507
611 1773
862 419
1408 67
966 200
1901 67
1644 173
1083 597
1408 725
351 1549
1436 1901
200 1339
1575 862
1284 288
1451 430
114 375
1844 1596
1525 1284
1564 566
419 1549
400 435
1439 862
200 1988
1523 1613
1525 67
1251 1069
1427 467
1339 339
1525 254
1901 855
830 68
872 810
1766 367
86 1945
200 1555
1545 1365
1077 274
1120 1545
779 375
254 1163
67 1844
597 1558
200 1523
1439 1163
1523 1158
1392 573
430 573
27 1596
1228 1163
597 1263
573 1886
1575 1891
268 478
1091 200
958 1163
247 1371
635 830
274 312
1092 1284
830 725
1339 1558
1339 1392
1630 1709
7 200
597 268
1709 7
1886 1398
1971 1703
435 951
989 1185
268 1575
1613 367
86 1083
989 1901
467 1345
1886 75
1251 1703
435 725
1350 375
1263 1436
1644 1844
1726 441
1564 989
1773 276
7 435
1726 381
1459 1185
173 1863
1114 431
1251 1555
268 1228
1371 862
1708 506
1583 989
872 855
1364 506
1523 1364
958 1773
810 1071
839 1596
1078 467
241 725
791 363
274 38
1263 1523
1945 958
1703 1716
435 460
375 1398
1163 312
810 1185
114 1158
862 857
1545 1091
435 958
1350 1525
1163 351
989 435
1536 1708
173 1228
268 951
1709 956
958 1071
435 1120
1596 1251
75 1776
1899 1863
1249 435
1583 1641
1091 1408
1536 1525
857 818
1470 268
1583 460
274 363
1549 1470
13 1364
857 872
114 1766
431 1776
1339 241
1613 725
1651 1239
1228 339
1091 1392
339 1459
1776 1284
1901 125
1583 1691
114 1507
1891 1078
27 1541
1345 435
1083 1077
1228 735
735 1706
1682 1343
1371 1364
1044 1575
268 1436
725 1583
27 682
1251 363
1186 1284
1350 818
1350 1776
1071 1091
1436 339
1863 872
75 1083
339 958
282 1392
951 1891
1135 855
1596 712
170 1392
940 1339
857 274
1995 1536
1703 438
1773 1726
1708 1669
1575 467
791 86
1583 857
1392 419
1901 1365
1523 1901
67 1773
1371 339
958 735
1239 1135
857 1114
1284 862
276 542
855 1392
430 1365
1995 1596
478 1709
241 958
693 114
611 1901
989 818
538 1703
1158 597
506 381
989 830
1263 67
367 1945
381 611
1523 1071
375 1644
1564 1350
791 1436
1886 1541
1706 441
1091 1583
1427 1776
75 430
1510 367
254 1891
1709 597
27 1228
1706 1507
1208 506
381 635
1392 951
435 351
13 1260
1260 1350
339 597
1536 940
1114 1365
1844 1536
1404 1163
1436 1545
1525 951
381 1069
1439 1545
1587 435
419 441
1545 1078
200 1398
1139 363
75 1158
268 1555
1071 1078
1596 1071
1263 1371
958 268
1644 430
1069 1185
1083 1575
1844 276
241 1523
1523 1891
1536 1507
506 1139
566 375
27 1523
1564 419
1945 1726
857 1083
1899 1536
573 1163
86 1773
1558 254
1080 114
597 1886
381 1343
1682 7
1651 114
114 27
381 857
1185 67
1583 1470
542 1644
1392 75
1249 375
234 1644
1901 1339
467 1436
173 1536
276 916
1523 435
1564 1398
597 467
424 566
1891 1988
1703 1545
431 27
1339 1114
1564 1371
725 1080
1709 1541
1549 1350
989 1773
1404 1901
1726 1558
1260 506
1555 791
1536 1971
1682 38
1545 67
1886 125
1549 1863
114 1185
1185 75
1408 1078
1857 1776
1706 903
1669 1158
635 430
1284 1392
375 125
1617 339
27 635
1682 682
1682 1986
1507 13
1091 818
1371 200
542 1596
1575 1158
1703 1776
1583 1555
1371 903
68 200
1451 830
375 38
1069 1260
1139 1470
67 1766
27 1427
725 1114
940 114
1507 1365
268 1523
241 1596
1857 1163
1844 1365
286 506
791 1644
1398 1945
13 1399
1613 13
735 1726
173 1470
1988 1525
1706 1901
1545 1228
1078 1135
1427 435
855 1545
460 467
67 712
339 1986
367 1709
1473 1644
1669 1251
1596 872
1669 1364
916 1641
1555 1083
351 1054
375 1284
1139 351
274 1371
1044 1726
1135 1365
467 1343
25 1436
818 1706
67 381
351 1135
1091 1971
1726 693
1564 682
1371 1158
1451 1139
1863 1525
958 1708
1364 1439
1891 1343
712 1644
1077 1891
1525 86
1249 1776
339 635
1364 1284
1644 862
1439 1901
1404 435
1 1 1 1 1 1 1 1 1 1 1 1 1 1 1 1 1 1 1 1 1 1 1 1 28 1 80 1 1 1 1 1 1 1 1 1 1 1 1 1 1 1 1 1 1 1 1 1 1 1 1 1 1 1 1 1 1 1 1 1 1 1 1 1 1 1 1 1 1 1 1 1 1 1 1 1 1 1 1 1 1 1 1 1 1 1 1 1 1 1 1 1 1 1 1 1 1 1 1 1 1 1 1 1 1 1 1 1 1 1 1 1 1 1 1 1 1 1 1 1 1 1 1 1 1 1 1 1 1 1 1 1 1 1 1 1 1 1 1 1 1 1 1 1 1 1 1 1 1 1 1 1 1 1 1 1 1 1 1 1 1 1 1 1 1 1 1 1 1 1 1 1 49 1 1 1 1 1 1 1 1 1 1 1 1 1 1 1 1 1 1 1 1 1 1 1 1 1 1 84 1 1 1 1 1 1 1 1 1 1 1 1 1 1 1 1 1 1 1 1 1 1 1 1 1 1 1 1 1 1 1 1 1 16 1 1 1 1 1 1 54 1 1 1 1 1 13 1 1 1 1 1 1 1 1 1 1 1 1 1 1 1 1 1 1 1 1 86 1 1 1 1 1 78 1 1 1 1 1 1 1 1 1 1 1 8 1 15 1 1 1 1 1 1 1 1 1 1 1 1 1 1 1 1 1 1 1 1 1 1 1 1 1 1 1 1 1 1 1 1 1 1 1 1 1 1 1 1 1 1 1 1 1 1 1 1 1 1 79 1 1 1 1 1 1 1 1 1 1 1 1 1 1 1 1 1 1 1 1 1 1 1 1 1 1 1 1 1 1 1 1 1 1 1 83 1 1 1 1 1 66 1 5 1 1 1 1 1 1 1 1 1 1 1 1 1 1 1 1 1 1 1 1 1 1 1 1 1 1 1 1 1 1 1 1 1 1 1 1 1 1 1 1 14 1 1 1 1 1 60 1 1 1 1 87 1 1 7 1 1 40 1 1 1 1 1 1 1 1 1 1 1 1 1 1 1 1 1 1 1 1 1 1 1 1 1 85 1 1 1 1 1 1 1 1 1 1 1 1 1 1 1 1 1 1 1 1 1 1 1 1 1 1 1 1 1 1 1 1 1 1 1 1 1 1 1 1 1 1 1 1 1 1 1 1 1 1 1 1 1 1 1 1 1 1 1 1 1 1 1 1 1 1 1 1 1 1 22 1 1 1 55 1 1 1 1 1 1 1 1 1 1 1 1 1 1 1 1 1 1 1 1 1 1 1 1 1 1 1 1 1 1 1 1 1 1 1 1 1 1 1 1 1 1 1 1 1 1 1 1 1 1 1 1 1 1 1 1 1 1 1 1 1 1 1 1 1 1 1 1 1 1 1 1 1 1 1 1 1 1 1 1 1 1 1 1 1 1 1 1 1 1 1 1 1 1 1 1 1 1 1 1 1 1 1 1 1 1 1 1 1 1 1 1 1 1 1 1 1 1 1 1 1 1 1 1 1 1 1 1 1 1 1 1 2 1 1 1 1 1 1 1 1 1 1 1 1 1 1 1 1 1 18 1 1 1 1 1 1 1 1 1 1 1 1 1 1 1 1 1 1 38 1 1 1 1 1 1 1 1 1 1 1 1 1 1 1 1 1 1 1 1 1 1 30 1 1 1 1 1 1 1 1 1 1 1 1 1 1 1 1 1 1 1 1 1 1 1 1 1 1 1 1 1 1 1 1 1 3 1 1 1 1 1 1 1 1 1 1 1 1 1 1 1 1 1 1 1 1 1 52 1 1 1 1 1 1 1 1 1 1 1 1 1 1 1 1 1 1 1 1 1 1 1 1 1 1 35 1 1 1 1 1 1 1 1 1 1 1 56 1 1 1 1 1 1 1 1 17 1 1 1 1 1 1 1 1 1 1 1 1 1 1 1 1 1 1 1 1 1 1 70 1 1 1 1 1 1 1 1 1 61 1 1 1 1 1 1 1 1 1 1 1 1 1 1 1 1 1 1 1 1 1 1 1 1 1 1 1 1 1 1 19 1 1 1 1 1 1 1 1 1 1 1 1 26 1 1 1 1 1 1 1 1 1 1 1 1 1 1 1 1 1 1 1 1 1 1 1 34 1 1 1 1 1 1 1 1 1 1 1 1 1 1 1 1 1 1 1 1 1 1 1 1 1 1 1 1 1 1 1 1 1 1 1 1 1 1 1 1 1 1 1 1 1 1 1 1 1 1 1 1 1 1 1 1 1 1 1 1 1 1 1 1 1 1 1 1 1 1 1 1 1 1 1 1 1 1 1 1 1 1 1 1 1 1 1 1 1 1 1 1 1 1 1 1 1 1 1 1 1 1 1 37 1 1 1 1 1 1 1 1 1 27 1 1 1 1 1 1 1 1 1 1 1 1 1 1 1 1 53 1 1 1 1 1 1 1 1 42 1 1 58 1 1 1 1 1 1 1 1 25 1 1 1 1 1 1 1 1 1 1 1 1 1 1 1 1 1 1 1 1 1 51 1 1 1 1 1 1 1 1 1 1 1 1 1 1 1 1 1 1 1 1 82 1 1 1 64 1 1 1 1 1 1 1 1 1 1 1 1 1 1 1 1 1 1 63 1 1 1 1 75 1 1 1 1 1 1 1 1 1 1 1 1 1 1 1 1 1 1 1 1 1 81 24 1 1 1 1 1 1 1 1 1 1 1 1 1 1 1 1 1 1 1 1 1 23 1 1 1 1 1 1 1 1 1 1 1 1 1 1 1 1 1 1 1 1 1 1 1 1 1 1 1 1 1 1 1 1 1 1 1 1 1 1 1 1 1 1 47 1 1 1 1 1 1 1 1 50 1 1 48 1 1 1 1 1 1 1 1 1 1 1 1 1 1 1 1 1 1 1 1 1 1 1 1 1 1 1 1 1 1 1 1 1 1 1 1 1 1 1 1 1 1 1 1 1 1 1 1 1 1 1 1 1 1 1 1 1 1 1 1 1 1 1 1 1 1 21 1 1 1 1 1 1 1 1 1 1 1 1 1 1 1 1 1 1 1 1 1 1 1 1 1 1 1 1 1 1 1 1 1 43 1 1 1 1 1 1 1 1 1 1 1 1 1 1 1 1 1 1 1 1 1 1 1 1 1 1 1 88 1 1 1 1 1 1 31 1 1 1 1 1 1 1 1 57 1 1 1 1 1 1 1 1 1 1 1 1 1 1 1 1 1 1 1 1 1 1 1 1 1 1 1 1 1 1 1 1 1 1 1 1 1 1 1 1 1 1 1 1 1 1 1 1 1 1 1 1 1 1 1 1 1 1 1 1 1 1 1 1 9 1 1 1 1 1 1 1 1 1 1 1 1 1 1 1 1 1 1 1 1 1 1 1 1 1 1 1 1 1 1 1 1 1 39 1 1 10 1 1 1 1 1 1 1 1 1 1 1 12 1 1 68 1 1 1 1 1 1 1 1 1 1 1 1 1 1 1 1 1 1 20 72 1 1 1 62 1 1 1 1 1 1 1 1 44 1 1 1 1 1 59 1 1 1 1 1 1 1 1 1 1 1 1 1 1 1 1 1 1 90 1 1 1 1 1 1 1 1 1 1 1 1 1 1 1 1 1 1 1 1 1 1 1 1 1 1 1 1 1 36 1 1 1 1 1 1 1 1 1 1 1 1 1 1 1 1 1 1 1 1 1 1 1 1 1 1 1 1 1 1 1 1 1 1 1 1 1 77 1 1 1 1 1 1 1 1 1 1 1 1 1 1 1 1 1 1 1 1 1 1 1 1 1 1 1 1 1 1 73 1 1 1 1 1 1 1 1 1 1 1 1 1 1 1 1 1 1 1 1 1 1 1 1 1 45 89 1 1 1 1 1 1 11 1 1 1 1 1 1 1 1 1 1 1 1 1 1 1 1 1 1 1 1 1 1 1 1 1 1 1 1 1 1 1 1 1 1 1 1 1 1 1 1 1 1 1 1 1 1 1 1 1 41 1 1 1 1 1 1 74 1 1 76 1 1 1 1 1 1 1 1 1 1 1 1 1 1 1 1 1 1 1 1 1 1 1 1 1 1 1 1 1 1 1 1 1 1 1 1 1 1 1 1 1 1 1 1 1 1 1 1 1 1 1 1 1 1 1 1 1 1 1 1 1 1 1 1 1 1 1 29 1 1 1 1 1 1 1 1 1 1 1 1 1 1 1 1 1 1 1 1 1 1 1 1 1 1 1 1 1 1 1 1 1 1 1 1 1 1 1 1 1 65 1 1 1 1 67 1 1 1 1 1 1 1 32 1 69 1 1 1 1 1 1 1 1 1 1 1 1 1 4 1 1 1 1 1 1 1 1 1 1 1 1 1 1 1 1 1 1 1 1 1 1 1 1 1 1 1 1 1 71 1 1 1 1 1 1 1 1 1 1 1 1 1 1 1 1 1 1 1 1 1 1 1 1 1 46 1 1 1 1 1 1 1 1 1 1 1 1 1 1 1 1 1 1 1 1 1 1 1 33 1 1 1 1 1
