767 1923
1550 1085
353 961
1986 723
1170 1867
1803 684
1764 1325
342 1647
1006 72
692 864
1077 165
59 159
1585 1791
1700 1135
1666 807
621 422
1318 973
1136 1057
1731 358
1736 815
931 1055
594 395
257 938
698 401
655 562
1018 272
1590 1260
788 100
1442 625
1472 1250
522 595
358 1863
1367 697
38 775
1946 203
1510 1415
326 1036
1912 444
159 490
851 1146
548 1914
183 1979
180 1951
1290 1220
270 1600
765 1131
1382 44
196 1608
506 1938
237 309
671 1301
1223 368
1922 226
1744 299
1944 1710
322 1495
1503 1038
1234 1191
382 911
1955 1852
645 1840
824 773
813 1105
1415 614
1341 1329
1985 1138
1239 1864
1644 668
1789 1712
23 852
1694 752
1759 1079
1327 1803
934 860
970 461
901 506
48 377
108 536
667 1506
1175 142
570 1818
368 746
702 1331
532 453
1093 595
719 1849
1623 1464
1190 483
1573 1886
1624 1583
1953 1363
885 576
1346 798
1288 1800
1320 1744
1869 350
360 1723
880 1146
452 1724
322 1580
1184 435
1291 1207
688 1223
1968 1569
1212 676
837 1370
528 263
1003 1356
1465 654
700 759
1713 12
1056 418
930 325
1791 1778
354 1516
1957 779
1568 257
1189 56
394 997
1592 873
422 693
808 1447
368 1132
43 1680
1268 552
1573 818
1108 1733
215 961
1335 1340
366 196
49 216
1417 346
1224 310
1353 307
1977 1072
1067 840
964 1278
1399 860
148 1923
321 1966
394 1728
1229 1981
1203 1717
653 1345
349 1209
1678 1359
728 848
1540 1758
1714 1004
707 1430
1254 499
1993 997
1570 285
170 1489
1244 1773
1222 1361
678 417
579 663
241 959
1235 80
1133 1516
812 695
1393 228
878 1909
97 45
1076 910
287 798
1066 1800
1500 860
951 472
1217 1134
163 30
19 216
1710 1984
1199 1077
1759 1532
1702 885
698 284
7 1228
1873 432
913 319
1277 1204
1287 347
86 420
1483 1003
1555 1375
658 1865
61 1524
208 562
1091 570
1079 162
15 275
1327 494
1655 1730
681 522
326 929
1507 1726
1374 1268
1953 1649
111 678
289 1013
745 1107
547 196
182 931
1280 124
1688 32
1881 1164
1634 641
572 1937
290 1309
1548 91
207 1800
1230 779
1672 1529
1584 120
819 999
61 325
1222 822
1592 1409
1162 792
688 1314
955 79
1000 1505
170 1464
59 754
736 1710
16 1741
317 1798
1980 636
1053 142
1794 667
1151 47
672 1658
884 781
631 1683
1051 1416
939 1576
329 1519
1735 121
17 1325
525 155
1401 787
1871 211
1056 217
585 1377
1223 1134
233 1096
823 858
197 1430
1961 952
1718 797
262 738
1707 740
1355 96
1599 552
249 1853
611 35
1094 1103
1671 1332
1130 1112
341 1562
400 320
1664 1424
488 1539
473 1925
495 901
1407 1460
686 1349
1846 396
1958 1603
1763 1217
778 360
1029 1924
1254 346
520 51
1506 973
174 1154
147 1577
787 91
1468 606
1818 417
837 336
286 1126
1530 959
911 384
218 1150
1555 845
144 792
1426 831
1253 1617
60 692
1431 721
689 619
1498 1716
1875 86
1043 1178
652 1777
886 1218
1881 1217
845 1450
379 1612
704 1157
1976 80
990 311
1793 54
808 1686
527 821
1875 5
1837 400
1922 889
640 1226
964 267
922 1332
734 743
1133 876
1886 238
1465 368
571 1007
1624 1400
36 540
151 692
1713 1164
1558 1902
296 1886
926 460
1547 34
477 987
212 182
1634 1666
336 1684
1021 430
1106 946
1995 715
817 332
111 213
1742 1939
1031 1894
40 384
987 1592
1844 795
1529 375
525 119
1181 775
384 418
820 409
13 1804
1280 772
1669 974
1307 1969
404 399
1245 285
231 1410
315 276
144 1617
963 1366
733 1438
1084 472
255 116
71 1317
1254 1133
336 367
1623 1266
1956 116
328 592
567 935
1075 229
1585 910
966 863
1259 278
1459 1458
1946 1795
1581 604
1568 1800
924 508
1165 907
1375 878
21 1683
167 1618
740 1048
12 1380
177 1425
43 1439
1682 1886
681 1915
1393 1002
1048 1101
1009 316
165 494
1512 1522
369 1890
451 1217
753 614
1261 1652
1563 1037
286 1440
1564 1763
1271 1050
1051 336
1668 802
528 998
210 1919
802 481
503 1051
1353 899
37 1762
1898 334
1321 783
1900 254
1478 1152
42 1896
1951 1975
1517 458
37 1946
1549 31
1648 1152
1024 930
1800 1200
408 1179
330 984
145 1287
582 1328
516 495
1158 1535
387 1677
1837 189
1657 1617
132 1879
1514 1638
1150 1667
712 112
1440 1997
55 418
716 986
733 1841
880 1599
1521 1000
722 1384
228 877
1276 715
1871 130
914 365
1955 468
450 747
1004 812
1906 1327
1207 863
1737 907
506 1615
1611 764
83 1575
617 170
456 1331
1346 732
872 379
1376 870
1037 1090
1300 1298
166 1381
1017 391
292 97
1238 837
188 1777
500 1496
346 113
1691 331
581 1200
1651 1057
90 266
650 753
419 114
1720 1473
344 1233
1974 405
578 1452
1459 195
1310 1807
969 1490
232 1678
830 1884
1326 205
934 1722
128 1670
1054 1436
1961 1234
1703 1835
1347 588
309 1283
1790 305
1444 1946
1871 1219
1270 238
719 1835
711 1801
1735 498
1932 328
511 764
1463 944
1750 325
1805 74
1150 957
66 568
1227 1684
1128 263
1542 169
196 1341
689 1758
1543 1218
812 1203
155 1802
1596 1815
778 1291
1445 1608
971 1178
11 457
1820 1154
305 1722
1590 1399
1818 196
1495 1799
516 1128
779 1181
1774 268
138 1816
923 1753
1640 303
266 1135
132 113
1678 703
1143 705
1909 1966
1665 1296
1330 1720
92 888
1250 1225
1140 1635
1039 339
721 599
1528 1554
1370 1467
1623 1423
1455 1047
513 728
820 1180
1886 659
1108 923
16 1373
1438 1723
147 1992
1553 532
572 814
713 875
317 133
1656 1577
279 30
1904 1269
157 1340
1029 1956
645 891
386 941
461 849
1289 1049
941 1986
1642 1266
1869 1621
1076 1567
805 566
695 332
1359 1599
1543 415
1193 563
1933 1538
579 499
78 50
275 198
1870 1293
1084 1506
803 4
1248 1862
414 396
1767 1121
733 130
1752 1828
1023 1966
629 1565
797 1603
45 1952
1551 891
887 1032
1124 171
1573 1716
640 1392
1008 962
1491 997
123 826
718 599
1536 482
1268 1806
1919 1641
1513 1786
354 1431
1880 1945
739 659
179 1432
663 223
1869 955
1045 1978
830 1722
1993 213
23 207
568 1032
401 899
466 1722
1957 1070
994 1618
1746 1243
651 616
1197 1204
822 1047
701 1853
1793 767
1091 1994
952 409
1874 102
1239 216
619 809
943 832
1628 80
358 1852
862 834
1020 148
970 555
1833 1493
1138 1413
956 1307
1305 460
1585 1740
1919 1577
1428 1491
1891 1601
1218 1215
1476 201
1701 1038
379 1376
847 533
615 1205
1737 828
1082 712
991 1917
270 697
629 216
316 1036
442 1293
1834 1100
1853 1032
1075 1393
1320 200
323 460
1020 31
578 1531
251 444
1564 1253
986 1740
1898 1116
971 509
1297 442
392 750
1107 96
1366 208
464 720
1672 1099
1890 767
571 791
540 1870
1918 1145
290 1803
788 1050
1855 1613
349 1887
309 761
410 767
20 577
580 79
917 1789
52 281
856 1642
516 567
280 771
1921 349
952 1373
1809 702
215 789
689 1247
1595 1393
1016 408
1452 1367
1972 946
1842 693
1449 510
1913 1134
1809 1537
672 1545
1980 331
1236 1525
1111 781
1374 1997
135 1583
1256 271
103 1778
24 1396
1374 861
1653 1347
1555 533
99 1112
1547 1377
1618 79
1591 1992
267 1243
32 1925
1120 1554
1863 303
1348 1118
169 358
1760 263
63 1173
1588 1176
668 1539
855 1263
1158 432
1836 348
1615 240
1231 61
1130 1319
1830 579
385 1160
1233 741
258 1849
1395 1
789 582
1356 1001
812 1951
1281 590
721 1097
40 1178
86 1683
475 1340
584 72
1573 1974
1411 587
828 870
105 1385
1678 1691
1180 608
1374 1575
836 928
1119 1986
1853 1312
279 939
1991 331
1542 1235
1840 22
1357 1768
328 1367
279 526
259 1689
1630 1539
1278 1089
991 485
458 224
63 652
1305 560
1424 469
1057 1940
1904 815
1830 894
872 569
814 1464
875 1923
1712 1101
578 1291
1046 1502
1138 637
872 1815
1827 797
1758 1345
1394 1971
205 1422
1273 1988
1242 1945
1477 1409
924 1575
1708 918
837 378
766 1496
276 331
1498 801
676 1013
1436 783
1718 1719
685 1145
1234 1078
652 1188
1359 973
1562 1062
840 1158
1744 1650
1949 438
63 1133
842 604
1590 326
1404 1065
607 1235
7 166
496 1937
1369 1174
1399 122
597 20
1345 1103
182 43
1410 1397
1097 1141
1465 720
1825 1948
1180 926
1533 226
1037 1597
1875 403
1110 1328
1158 157
1685 295
1603 154
1964 1430
1090 1488
647 1224
463 183
796 444
973 227
953 954
484 407
208 639
1678 601
1502 1667
1825 1974
194 1143
1837 1008
1050 1448
987 1334
1590 1187
979 1638
644 967
866 1758
136 592
1019 970
558 660
443 1717
1881 1719
874 990
283 721
1646 208
1440 1245
1322 136
642 696
709 1733
379 1685
841 815
964 688
759 251
545 1536
83 1859
1726 591
1648 839
25 747
1042 658
1323 1523
708 1566
663 758
656 741
405 246
161 856
544 761
1410 562
1591 207
62 1499
1158 974
573 457
415 796
1959 1569
11 54
1177 1090
399 204
1949 808
1047 617
1161 1993
1004 1140
1787 1679
256 1666
1718 499
1265 1850
989 1781
1511 719
1749 1292
1738 1818
261 198
16 751
1901 99
400 148
963 1231
1553 901
548 703
330 335
257 1144
1208 1981
451 1635
1599 350
1745 1146
1991 1693
1455 93
173 1947
1981 1622
1197 753
249 811
1379 1093
628 263
1222 1082
1800 1313
1998 806
6 648
1012 259
1931 1181
1478 681
1919 1008
921 1570
1912 414
152 520
462 116
956 1894
1074 1322
1109 1599
1530 1380
1706 622
99 1309
1064 1249
1315 710
286 1334
1459 662
1546 949
1150 1226
1522 1347
848 832
1897 1430
599 1605
163 534
1363 1622
338 1314
107 1615
497 926
497 1287
54 1801
1024 1030
1362 931
211 912
1459 681
353 1869
894 640
1989 161
1845 909
1001 1413
950 1406
563 1041
158 229
119 807
507 903
1711 1057
1332 391
86 703
783 1768
1713 121
117 853
796 1177
1086 1302
1377 1593
1709 651
907 1950
1612 432
1414 1372
437 1760
1900 94
1249 561
1768 741
570 1748
255 162
1269 1954
1052 1268
942 1441
1767 676
1587 438
23 456
723 1506
207 846
1431 34
1089 649
412 608
1336 801
357 649
1427 423
838 1594
1590 987
1425 956
1429 157
688 1203
538 13
490 209
594 1063
1987 1073
1461 1930
1276 1861
103 1060
1576 108
117 1152
1242 1942
62 1073
376 1525
981 1005
733 807
1938 1101
1048 1544
1170 1840
67 170
1396 1237
1951 1313
1829 1914
1016 613
1137 1399
702 1349
373 1875
1327 735
1092 1017
1897 269
535 891
415 956
1753 1876
1744 588
794 1385
186 586
648 740
1233 1852
1004 1646
1655 357
1405 365
1901 471
569 1924
1870 1560
1480 1741
1536 1307
1662 157
421 45
1506 1550
48 208
1073 956
1917 284
1925 664
1284 920
1744 1580
1520 1672
837 894
203 1926
1187 950
1316 221
1921 308
1454 988
1474 1079
1182 581
1762 426
642 1848
1246 646
386 769
1671 1180
1538 612
511 120
458 591
1219 1256
1580 1984
1640 122
225 1156
1681 1263
707 49
685 1200
834 960
855 1603
1524 884
1075 1554
1833 1088
1026 1658
1546 1908
545 895
1843 1163
467 648
43 864
1866 42
290 205
1930 1567
885 703
1953 1389
262 1488
1197 1178
840 61
1342 1940
1466 482
10 1135
1168 1339
817 221
470 795
18 1464
1738 624
1715 1431
1519 1296
1416 1439
1089 1776
538 1697
990 1689
1042 625
626 853
1490 1745
1173 1098
1070 581
708 1225
1883 1312
1641 1505
1665 1573
1183 491
1519 620
1999 1975
1235 176
1792 1699
486 196
1552 1921
168 228
651 161
536 1689
26 1672
480 311
1710 376
1724 1200
482 1676
968 1788
504 1622
1113 1856
383 849
1326 115
1199 357
1993 1081
36 647
1746 859
1937 998
1465 946
29 10
875 183
1547 1431
754 1942
1005 387
1323 641
1634 1342
1602 1212
1665 1023
729 1360
549 1035
898 518
1254 1238
591 551
1883 1001
307 1831
1651 1279
1277 10
824 1152
1258 1534
1902 780
1835 553
277 1630
91 637
1562 775
247 1626
1690 798
667 1256
1588 761
1877 1883
1269 1816
1561 830
1579 1507
335 51
766 1962
963 20
1863 1307
1314 303
969 1675
133 1602
1977 135
871 807
1986 1090
24 1085
560 1754
1647 1471
15 779
1252 622
33 984
1773 348
1819 1416
992 1784
977 1801
524 600
1315 1109
956 1121
1218 1518
737 1706
107 1605
1252 153
826 1158
529 1732
1995 1828
1910 161
303 1351
1246 1120
71 528
188 818
208 1430
915 136
1819 1140
149 199
1980 1950
1958 1536
1732 394
1892 465
231 59
739 466
1181 1531
1094 853
1502 272
1048 223
184 1028
235 1791
874 1569
687 11
403 444
820 456
1151 139
1569 1292
266 359
789 1605
1275 549
1715 749
186 377
1320 1425
1865 1776
1383 1535
1752 454
1092 1219
1468 201
1822 224
1586 1617
316 1650
480 683
804 1569
1103 1010
1373 1881
31 360
1276 1935
169 147
1738 1959
1827 966
1228 1746
957 1926
1493 1949
399 768
1052 1784
837 1511
886 1915
644 1030
1795 732
1662 1673
1580 1328
1379 1627
833 945
779 1354
867 278
21 1139
400 1550
723 1849
1798 1047
713 450
1513 1166
1437 405
980 541
1161 925
128 1900
43 579
1209 1597
1475 219
1610 1545
542 454
256 1094
1997 1658
365 618
1424 626
1785 1056
1064 659
568 1141
1483 1173
1709 622
919 349
828 1584
1957 334
1760 1683
1458 796
1002 670
17 1391
470 1796
435 460
1239 504
25 1265
1438 398
1656 1515
995 1831
48 1621
270 1327
1241 1587
1326 937
1064 360
1886 464
1760 1913
1547 393
1315 733
188 1684
1913 1616
214 940
692 798
1 927
927 743
743 1794
1794 386
386 1727
1727 1040
1040 1765
1765 369
369 1162
1162 416
416 1727
416 945
945 989
989 750
750 1517
1517 1474
1474 233
233 843
843 1706
1706 99
99 788
788 1844
1844 309
309 1851
1851 975
975 1634
1634 661
661 1542
1542 1721
1721 1478
1478 1315
1315 1278
1278 52
52 373
373 908
908 791
791 351
351 989
351 679
679 1274
1274 554
554 1119
1119 283
283 166
166 634
634 98
98 1377
1377 791
1377 1259
1259 1847
1847 1246
1246 207
207 1510
1510 908
207 1337
1337 898
898 1170
1170 1130
1130 1825
1825 930
930 996
996 1011
1011 1527
1527 1833
1833 52
1833 1361
1361 174
174 1173
1173 1404
1404 1590
1590 1241
1241 866
866 1477
1477 634
1477 225
225 914
914 965
965 1337
965 1724
1724 1365
1365 1116
1116 1238
1238 722
722 1672
1672 525
525 1084
1084 521
521 968
968 716
716 615
615 886
886 661
716 762
762 1797
1797 1274
1797 1083
1083 1040
1083 1455
1455 921
921 508
508 1092
1092 1588
1588 1542
1083 1643
1643 24
24 1390
1390 1258
1258 1555
1555 1739
1739 1542
1739 1688
1688 1730
1730 871
871 908
871 1916
1916 1269
1269 407
407 28
28 1932
1932 137
137 1039
1039 871
1039 762
1932 1552
1552 290
290 647
647 969
969 607
607 791
607 1361
607 1933
1933 1390
607 1021
1021 233
1021 182
182 613
613 1377
1021 2
2 491
491 373
491 1442
1442 1796
1796 1300
1300 393
393 131
131 500
500 1337
500 1040
131 919
919 1807
1807 99
393 1492
1492 736
736 174
393 714
714 1300
1300 184
184 467
467 1459
1459 1785
1785 465
465 1436
1436 823
823 90
90 521
823 1333
1333 369
1436 88
88 760
760 1149
1149 14
14 893
893 28
14 1269
1459 679
467 1477
1442 1825
491 1694
1694 1999
1999 1543
1543 437
437 652
652 778
778 95
95 351
778 679
652 118
118 373
652 512
512 627
627 434
434 1330
1330 1905
1905 1189
1189 1543
627 1564
1564 1320
1320 1457
1457 1664
1664 1
1457 1672
512 1670
1670 166
652 521
652 968
1543 575
575 908
1543 1246
1999 1318
1318 249
249 188
188 84
84 1182
1182 1274
188 967
967 1714
1714 1825
249 33
33 1477
249 634
1318 989
2 408
408 146
146 630
630 874
874 454
454 1239
1239 1193
1193 927
1239 1727
408 133
133 1007
1007 928
928 52
928 1082
1082 763
763 1533
1533 1084
1082 1084
1552 373
1552 1474
407 1730
1643 965
1797 1040
525 1919
1919 1069
1069 233
1672 382
382 1632
1632 1517
382 574
574 225
574 373
722 689
689 1474
914 661
914 1721
866 743
1590 1474
1361 1634
1527 1130
1170 1337
898 1794
1847 634
1847 1844
98 1794
679 15
15 788
661 1070
1070 1765
1844 1
3 1652
1652 1841
1841 440
440 1145
1145 227
227 345
345 780
780 1812
1812 562
562 1118
1118 948
948 1122
1122 738
738 51
51 1635
1635 447
447 864
864 445
445 1652
445 449
449 150
150 240
240 94
94 1589
1589 1122
1589 530
530 1620
1620 1419
1419 724
724 238
238 141
141 253
253 1878
1878 428
428 1433
1433 1856
1856 1489
1489 1717
1717 523
523 1351
1351 515
515 1786
1786 1801
1801 853
853 960
960 1683
1683 1035
1035 1899
1899 51
853 1929
1929 1544
1544 489
489 1636
1636 1446
1446 1063
1063 221
221 460
460 1622
1622 77
77 900
900 895
895 428
895 954
954 1677
1677 1983
1983 592
592 2000
2000 1328
1328 1078
1078 1635
1328 771
771 550
550 925
925 440
925 3
550 539
539 1467
1467 746
746 224
224 1473
1473 121
121 154
154 501
501 1142
1142 906
906 154
906 1850
1850 614
614 417
417 781
781 684
684 129
129 1966
1966 1311
1311 69
69 1560
1560 1263
1263 637
637 899
899 1118
637 1505
1505 272
272 1200
1200 1929
1200 129
1505 433
433 1600
1600 264
264 1446
1600 94
1505 411
411 664
664 27
27 1484
1484 1100
1100 666
666 310
310 1010
1010 74
74 1380
1380 1757
1757 332
332 154
1263 553
553 1196
1196 35
35 362
362 780
35 659
659 983
983 1950
1950 79
79 561
561 1754
1754 1936
1936 636
636 1117
1117 1142
561 375
375 586
586 1723
1723 530
1723 418
418 121
375 1142
35 1971
1971 345
1971 539
1560 68
68 1328
68 479
479 781
479 449
1560 865
865 498
498 397
397 1848
1848 1178
1178 1778
1778 1812
397 1328
397 1649
1649 1216
1216 1340
1340 1266
1266 777
777 1038
1038 1722
1722 1061
1061 1841
777 82
82 1293
1293 1408
1408 860
860 832
832 781
832 69
1293 523
82 395
395 1226
1226 888
888 417
395 1400
1400 1677
1400 764
764 757
757 771
395 1990
1990 738
777 1486
1486 1914
1914 1266
1560 150
1311 1544
1311 1473
1850 460
1850 857
857 1686
1686 881
881 562
1686 1525
1525 1446
1525 501
1686 1589
857 1122
1142 460
501 72
72 1025
1025 46
46 1192
1192 1928
1928 1349
1349 1447
1447 1446
46 345
121 1878
224 1139
1139 530
550 1122
550 447
2000 1622
954 447
954 460
1636 240
1929 1022
1022 735
735 85
85 1174
1174 589
589 1141
1141 1565
1565 1597
1597 1635
1141 396
396 1501
1501 738
1022 1122
1801 3
1786 51
1717 724
1620 1392
1392 937
937 312
312 780
4 256
256 1867
1867 902
902 1111
1111 779
779 1921
1921 1551
1551 1601
1601 667
667 1309
1309 169
169 1523
1523 1663
1663 66
66 169
1663 1386
1386 755
755 316
316 837
837 1417
1417 1628
1628 1218
1218 214
214 448
448 987
987 260
260 569
569 507
507 1508
1508 126
126 493
493 1232
1232 404
404 665
665 632
632 712
712 769
769 992
992 1513
1513 374
374 1026
1026 1523
1026 1248
1248 1654
1654 597
597 245
245 694
694 915
915 1195
1195 1008
1008 569
1008 1526
1526 667
1195 1947
1947 1798
1798 845
845 902
845 828
828 1417
845 810
810 941
941 1028
1028 471
471 565
565 1678
1678 1744
1744 119
119 1099
1099 1137
1137 1068
1068 1338
1338 1602
1602 1988
1988 1056
1056 688
688 822
822 301
301 374
1602 1653
1653 1431
1431 1493
1493 707
707 1004
1004 37
37 941
707 93
93 779
93 566
566 1384
1384 1815
1815 1234
1234 920
920 1630
1630 1260
1260 1199
1199 1303
1303 882
882 1042
1042 168
168 138
138 1091
1091 1444
1444 1133
1133 1696
1696 279
279 1561
1561 214
279 1809
1809 810
1133 1202
1202 566
882 4
1815 1079
1079 1218
1079 665
1079 503
503 6
6 1218
6 709
709 1631
1631 535
535 985
985 248
248 507
248 1466
1466 1819
1819 1958
1958 597
1958 1507
1507 471
1507 1168
1168 1045
1045 1156
1156 795
795 1428
1428 400
400 365
365 516
516 915
516 869
869 1867
869 422
422 1568
1568 1720
1720 1028
1428 1029
1029 278
278 463
463 473
473 890
890 503
463 195
195 1201
1201 1866
1866 413
413 779
413 404
1866 1987
1987 292
292 931
931 779
292 752
752 326
326 779
326 1867
326 1382
1382 330
330 1687
1687 718
718 847
847 1027
1027 825
825 1431
825 507
718 1653
330 1744
1382 1864
1864 1519
1519 241
241 16
16 681
681 1559
1559 267
267 837
267 1512
1512 1111
16 1678
1382 1050
1050 215
215 665
215 1282
1282 941
1282 278
326 379
379 1030
1030 1732
1732 1493
752 177
177 1498
1498 1540
1540 744
744 653
653 404
653 1458
1458 1885
1885 1411
1411 248
177 1731
1731 13
13 1205
1205 1309
1731 226
226 850
850 667
850 282
282 119
282 619
619 1842
1842 1386
850 144
144 1434
1434 632
144 471
292 1219
1219 779
1219 404
985 1386
503 337
337 242
242 1218
242 4
337 1386
1384 665
1384 1028
1493 448
1653 214
245 1628
1248 1233
1233 602
602 712
1513 1508
260 1098
1098 200
200 1867
1218 1386
1628 1523
5 193
193 1818
1818 1373
1373 560
560 1453
1453 894
894 1231
1231 1910
1910 1879
1879 1788
1788 916
916 1357
1357 291
291 1267
1267 796
796 1462
1462 651
651 802
802 380
380 1800
1800 767
767 117
117 1895
1895 263
263 1034
1034 876
876 1745
1745 1438
1438 1250
1250 1462
1250 875
875 579
579 1441
1441 885
885 961
961 611
611 1150
1150 1735
1735 1213
1213 1575
1575 1265
1265 940
940 1044
1044 1897
1897 584
584 220
220 1180
1180 1745
1180 1656
1656 289
289 1562
1562 10
10 1991
1991 1077
1077 117
1077 911
911 1153
1153 203
203 1985
1985 1452
1452 1580
1580 1924
1924 1967
1967 49
49 291
1452 730
730 1463
1463 773
773 789
789 617
617 633
633 5
617 220
1452 1917
1917 595
595 1645
1645 462
462 1902
1902 201
201 624
624 1268
1268 1624
1624 163
163 591
591 635
635 618
618 108
108 1506
1506 1245
1245 876
1245 450
450 1647
1647 1190
1190 172
172 590
590 394
394 701
701 1158
1158 1080
1080 1641
1641 167
167 156
156 1470
1470 579
156 911
167 719
719 990
990 1044
990 702
702 1240
1240 645
645 194
194 1155
1155 211
211 909
909 611
194 1879
1240 486
486 1623
1623 399
399 923
923 876
923 289
702 405
405 1126
1126 1911
1911 699
699 1874
1874 1213
699 1616
1616 10
702 198
198 1774
1774 1454
1454 568
568 1587
1587 1942
1942 1604
1604 1080
1604 879
879 1231
1587 179
179 1735
1454 970
970 271
271 1995
1995 1188
1188 1656
1188 1644
1644 584
1188 547
547 783
783 955
955 1465
1465 1762
1762 273
273 787
787 506
506 651
506 1247
1247 296
296 108
296 321
321 420
420 1959
1959 740
740 1836
1836 782
782 1297
1297 719
1297 1229
1229 469
469 1648
1648 1985
782 380
321 970
506 1438
787 220
1995 1044
1774 1151
1151 1169
1169 263
1151 462
719 560
1641 624
1641 1593
1593 1096
1096 111
111 584
1593 1334
1334 1294
1294 601
601 1710
1710 149
149 1541
1541 1930
1930 1968
1968 1909
1909 532
532 1788
532 903
903 611
1968 1086
1086 1452
1968 1402
1402 916
172 45
45 672
672 38
38 1332
1332 1153
672 291
45 759
759 1982
1982 1190
1982 1207
1207 1895
1190 462
1647 1991
618 1879
618 1034
462 956
956 359
359 208
208 567
567 1231
567 10
359 875
203 319
319 1818
1153 1897
1562 1504
1504 67
67 808
808 599
599 289
808 1421
1421 859
859 1788
1575 1673
1673 986
986 1267
1150 1373
961 896
896 995
995 1373
1453 809
809 1818
1373 456
456 1818
7 1837
1837 951
951 484
484 1725
1725 277
277 836
836 1172
1172 1284
1284 833
833 1383
1383 1558
1558 1655
1655 872
872 1395
1395 538
538 1435
1435 1306
1306 1898
1898 1579
1579 1674
1674 803
803 477
477 474
474 342
342 1780
1780 1738
1738 644
644 258
258 1695
1695 446
446 190
190 578
578 1782
1782 1591
1591 953
953 734
734 1020
1020 924
924 1183
1183 252
252 123
123 531
531 76
76 1310
1310 1751
1751 578
1751 87
87 342
1310 1830
1830 452
452 1756
1756 1547
1547 1976
1976 258
1976 953
1976 1830
1976 1922
1922 1053
1053 173
173 496
496 1547
496 1509
1509 78
78 1412
1412 1855
1855 1016
1016 324
324 544
544 1901
1901 1759
1759 210
210 1323
1323 178
178 558
558 583
583 731
731 1821
1821 354
354 239
239 370
370 57
57 1736
1736 474
1736 1810
1810 868
868 621
621 1483
1483 805
805 1198
1198 1401
1401 917
917 406
406 237
237 1711
1711 1698
1698 1230
1230 123
1698 1759
1711 982
982 134
134 790
790 1053
790 36
36 1651
1651 26
26 1052
1052 60
60 190
1052 123
1052 1898
1052 57
26 128
128 392
392 7
392 1775
1775 488
488 175
175 1892
1892 1715
1715 1838
1838 329
329 1738
175 1783
1783 841
841 1965
1965 231
231 628
628 766
766 1435
766 1665
1665 470
470 542
542 531
542 596
596 737
737 800
800 1595
1595 1271
1271 1655
596 1596
1596 476
476 1572
1572 318
318 1961
1961 543
543 1321
1321 41
41 1198
1321 173
476 1718
1718 1487
1487 243
243 206
206 1871
1871 427
427 1362
1362 484
206 1222
1222 1289
1289 784
784 63
63 836
63 833
784 558
1222 1520
1520 62
62 623
623 315
315 1598
1598 841
623 354
1520 964
964 1596
1222 1957
1957 1891
1891 1725
243 1024
1024 344
344 1159
1159 1637
1637 314
314 546
546 1907
1907 529
529 1290
1290 1175
1175 474
1175 1262
1262 1009
1009 1054
1054 1725
1054 1780
1262 1487
1290 370
1290 564
564 1977
1977 36
564 1708
1708 1487
1907 1737
1737 514
514 1665
514 236
236 1931
1931 190
314 134
1024 230
230 1254
1254 904
904 1053
230 1273
1273 302
302 338
338 1012
1012 571
571 1549
1549 317
317 1020
1549 1780
230 127
127 1591
1596 36
596 232
232 1483
766 544
628 841
1783 585
585 1405
1405 1323
1405 1557
1557 1738
175 57
175 364
364 621
128 212
212 725
725 23
23 953
23 867
867 1780
134 1736
1711 819
819 1147
1147 557
557 924
557 353
353 1558
819 545
545 237
545 324
1483 1183
1810 1350
1350 1752
1752 190
1821 361
361 1244
1244 644
1901 1183
1016 1053
1053 537
537 1485
1485 1904
1904 1172
1756 951
1756 1020
76 1435
953 538
1591 342
258 1395
644 1058
1058 1435
1738 1435
474 1725
1898 951
8 1429
1429 749
749 1626
1626 185
185 32
32 1014
1014 1049
1049 522
522 1374
1374 1387
1387 570
570 728
728 151
151 1391
1391 897
897 1675
1675 1456
1456 31
31 1286
1286 918
918 978
978 1882
1882 844
844 415
415 1534
1534 124
124 142
142 1626
142 929
929 1047
1047 455
455 1863
1863 1163
1163 527
527 97
97 1795
1795 1394
1394 1276
1276 185
1276 1531
1531 641
641 1771
1771 43
43 981
981 1057
1057 980
980 1777
1777 1532
1532 851
851 112
112 717
717 1385
1385 1606
1606 1685
1685 48
48 713
713 1346
1346 1461
1461 629
629 922
922 1249
1249 1814
1814 1374
1814 1913
1913 346
346 749
346 1771
346 1522
1522 840
840 1157
1157 410
410 1777
1157 1869
1869 50
50 424
424 1388
1388 130
130 487
487 548
548 1787
1787 415
1787 563
563 650
650 1729
1729 402
402 1531
563 86
86 1659
1659 320
320 570
1659 1777
86 97
1787 25
25 1305
1305 19
19 1272
1272 153
153 873
873 328
328 754
754 1937
1937 1704
1704 1494
1494 1393
1393 1326
1326 1236
1236 153
1326 1469
1469 1448
1448 1360
1360 1536
1536 570
1360 1669
1669 261
261 1556
1556 1685
1556 1581
1581 901
901 687
687 721
721 1426
1426 873
721 991
991 1215
1215 1625
1625 765
765 1682
1682 1414
1414 180
180 1733
1733 1640
1640 1115
1115 250
250 1208
1208 327
327 1124
1124 1472
1472 103
103 1491
1491 1093
1093 1264
1264 827
827 140
140 322
322 918
322 966
966 1974
1974 1437
1437 409
409 723
723 288
288 1857
1857 1144
1144 1409
1409 1770
1770 189
189 1784
1784 1211
1211 1870
1870 1675
1784 1354
1354 189
1354 1787
189 1534
1770 1675
1409 1360
1857 409
723 1599
1599 366
366 1697
1697 1264
1599 980
1599 335
335 1003
1003 130
409 124
1437 913
913 1396
1396 799
799 180
1437 153
322 180
322 103
322 1882
1491 1326
1208 981
1640 8
1640 812
812 593
593 1790
1790 1374
1790 1704
593 1585
1585 1445
1445 1945
1945 1955
1955 1824
1824 266
266 1514
1514 710
710 1896
1896 334
334 1619
1619 807
807 1576
1576 29
29 878
878 1627
1627 1863
878 1746
1746 1066
1066 641
1746 818
818 1612
1612 1346
818 1215
1576 570
807 528
528 1662
1662 159
159 1019
1019 1440
1440 1893
1893 674
674 1771
1019 48
159 297
297 1249
528 298
298 83
83 991
807 1378
1378 1945
807 151
1896 1197
1197 32
1955 749
1585 1537
1537 1617
1617 153
812 1272
812 728
1733 294
294 748
748 1305
294 1456
1733 1366
1366 708
708 1913
687 97
1556 1393
1556 1322
1322 275
275 1057
261 1741
1741 1276
1669 50
19 1456
1787 176
176 1277
1277 1449
1449 980
176 1814
1388 44
44 824
824 1394
1522 43
1913 1496
1496 1286
922 844
1461 713
717 1707
1707 1014
1863 1339
1339 1789
1789 124
929 918
918 8
897 1387
897 749
9 1703
1703 1906
1906 1314
1314 1256
1256 1359
1359 1425
1425 1758
1758 704
704 1994
1994 625
625 17
17 478
478 1854
1854 1480
1480 1468
1468 1808
1808 349
349 942
942 42
42 835
835 1702
1702 1475
1475 1750
1750 815
815 1128
1128 358
358 270
270 341
341 1298
1298 1948
1948 1089
1089 1253
1253 1299
1299 1521
1521 733
733 826
826 1773
1773 1252
1252 313
313 1497
1497 1657
1657 1071
1071 1376
1376 794
794 1681
1681 1299
1681 1490
1490 458
458 1120
1120 1407
1407 1528
1528 147
147 1949
1949 1497
1949 572
572 1792
1792 1743
1743 148
148 540
540 1890
1890 1868
1868 1298
1890 1499
1499 148
1499 994
994 1179
1179 1862
1862 858
858 419
419 1095
1095 693
693 390
390 1538
1538 1051
1051 104
104 1109
1109 1584
1584 9
1584 1873
1873 1516
1516 880
880 1450
1450 1793
1793 1592
1592 820
820 1989
1989 1352
1352 1073
1073 1123
1123 9
1989 313
820 148
820 378
378 1760
1760 852
852 1095
820 625
1592 244
244 1127
1127 939
939 1299
1127 646
646 1064
1064 729
729 889
889 1280
1280 1136
1136 323
323 1212
1212 1359
1212 660
660 1511
1511 1779
1779 816
816 313
1779 889
660 1031
1031 726
726 1668
1668 1962
1962 963
963 1228
1228 244
963 1482
1482 1586
1586 1666
1666 1875
1875 1242
1242 1571
1571 1112
1112 59
59 648
648 587
587 105
105 1424
1424 1915
1915 186
186 1703
587 706
706 792
792 1666
59 71
71 1573
1573 1304
1304 1962
71 308
308 1065
1065 1578
1578 1088
1088 357
357 952
952 905
905 804
804 1223
1223 1793
804 458
905 700
700 313
1065 693
1065 472
472 1646
1646 247
247 690
690 492
492 1194
1194 1108
1108 293
293 1880
1880 1379
1379 1816
1816 34
34 794
1379 1299
1379 1181
1181 1553
1553 1690
1690 372
372 1862
1690 1767
1767 1299
293 1650
1650 1964
1964 1281
1281 1220
1220 858
1220 1845
1845 1954
1954 1792
1108 1668
690 518
518 1109
518 1978
1978 1296
1296 1571
1296 1877
1877 838
838 1482
1978 1095
1978 1946
1946 1563
1563 1074
1074 1944
1944 1671
1671 892
892 1128
1671 1415
1415 495
495 39
39 1681
1944 1291
1291 513
513 1075
1075 132
132 1089
1944 1571
1946 17
1946 1375
1375 286
286 147
286 323
690 1055
1055 1235
1235 1314
1235 9
308 147
71 1214
1214 148
59 1479
1479 1986
1986 1253
1986 1187
1187 1709
1709 104
1187 1703
1986 1948
1479 1827
1827 1059
1059 794
1666 682
682 1726
1726 1128
1586 880
1482 1212
963 1518
1518 1280
1518 1657
963 815
1212 1900
1900 1703
1136 218
218 1314
218 826
218 761
761 1781
1781 1336
1336 1450
1051 1067
1067 1476
1476 1298
1743 533
533 1843
1843 1823
1823 257
257 197
197 1570
1570 862
862 1288
1288 505
505 421
421 1017
1017 1906
505 1497
1528 1071
1681 1497
11 1427
1427 1342
1342 935
935 541
541 739
739 551
551 732
732 1121
1121 1097
1097 1046
1046 711
711 1372
1372 1763
1763 1996
1996 377
377 1680
1680 1980
1980 339
339 846
846 438
438 75
75 1006
1006 115
115 1371
1371 770
770 685
685 1177
1177 75
1177 776
776 938
938 287
287 1613
1613 1927
1927 649
649 1692
1692 1918
1918 603
603 1923
1923 1114
1114 1138
1138 1618
1618 846
1114 1041
1041 228
228 957
957 426
426 497
497 863
863 1822
1822 398
398 932
932 143
143 350
350 431
431 1279
1279 1742
1742 649
1742 998
998 1125
1125 1980
1125 834
834 517
517 56
56 205
205 622
622 436
436 425
425 158
158 480
480 1701
1701 1204
1204 100
100 145
145 89
89 950
950 974
974 747
747 1853
1853 1858
1858 1368
1368 1430
1430 999
999 1577
1577 1423
1423 1835
1835 429
429 657
657 1881
1881 973
973 412
412 425
973 932
1881 480
999 1399
1399 1883
1883 703
703 61
61 18
18 814
814 1925
1925 269
269 1418
1418 205
1418 11
269 431
61 1062
1062 1317
1317 1176
1176 622
1062 143
999 1749
1749 1973
1973 1886
1886 161
161 259
259 1728
1728 1307
1307 510
510 1903
1903 499
499 1331
1331 580
580 1327
1327 1550
1550 1355
1355 1938
1938 1996
1938 340
340 658
658 155
155 1748
1748 536
536 1279
1938 216
216 776
216 938
216 1566
1566 971
971 668
668 555
555 786
786 1811
1811 1279
1811 1072
1072 171
171 1308
1308 669
669 383
383 1302
1302 1574
1574 196
196 663
663 1002
1002 1237
1237 649
196 1072
196 170
170 303
303 377
303 649
303 1763
170 483
483 360
360 1956
1956 89
1956 1416
1416 998
1956 157
157 677
677 1161
1161 403
403 246
246 821
821 389
389 739
389 1981
1981 1972
1972 883
883 502
502 255
255 524
524 1888
1888 251
251 1952
1952 107
107 1033
1033 1546
1546 1367
1367 1257
1257 485
485 391
391 1184
1184 1753
1753 1629
1629 73
73 551
1753 801
801 1693
1693 1370
1370 1621
1621 336
336 352
352 1992
1992 205
352 1768
1768 797
797 1594
1594 1023
1023 1846
1846 775
775 426
1023 677
1594 1398
1398 551
1398 831
831 1973
1594 870
870 152
152 1166
1166 1355
152 1353
1353 1319
1319 998
1353 480
870 1356
1356 739
1370 1372
801 1888
1184 1997
1997 1018
1018 1324
1324 259
1324 1887
1887 649
1997 431
391 519
519 20
20 157
20 655
655 504
504 436
519 1076
1076 1912
1912 576
576 891
891 1755
1755 11
1755 552
552 1680
1755 1972
576 1427
1076 1817
1817 1345
1345 642
642 668
1076 1973
1952 1996
255 499
502 745
745 1566
745 1934
1934 430
430 1813
1813 1364
1364 1613
1364 438
1813 115
821 581
581 1355
581 431
360 1372
360 1331
483 1680
1574 1094
1094 1700
1700 30
30 1613
1094 1903
669 115
1308 1037
1037 451
451 711
1308 1204
171 1087
1087 11
171 1849
1849 1548
1548 698
698 106
106 145
1072 685
1811 1000
1000 938
786 1371
1566 115
1728 678
678 377
678 770
1858 438
747 115
145 1143
1143 1613
1204 998
480 287
622 1372
622 1279
431 426
685 75
1996 1342
12 1940
1940 609
609 1167
1167 1831
1831 715
715 191
191 509
509 1325
1325 861
861 993
993 742
742 120
120 1935
1935 1603
1603 1406
1406 325
325 295
295 1135
1135 772
772 1884
1884 234
234 549
549 1301
1301 343
343 331
331 1802
1802 683
683 109
109 1132
1132 300
300 1984
1984 774
774 136
136 466
466 1397
1397 1603
1397 1255
1255 387
387 594
594 606
606 1171
1171 1583
1583 1363
1363 1605
1605 1032
1032 949
949 109
949 343
949 1160
1160 848
848 1295
1295 1032
1032 311
311 977
977 1105
1105 1943
1943 1164
1164 946
946 1791
1791 631
631 598
598 1826
1826 907
907 1894
1894 1420
1420 1545
1545 459
459 457
457 110
110 600
600 202
202 1043
1043 1941
1941 1676
1676 638
638 1312
1312 715
1312 1940
638 600
1941 1285
1285 475
475 1132
475 229
229 1292
1292 854
854 594
854 605
605 96
96 466
96 1515
1515 1081
1081 295
605 1567
1567 958
958 976
976 21
21 1103
1103 1443
1443 22
22 798
798 1960
1960 1270
1270 1015
1015 191
1015 1110
1110 367
367 1102
1102 1313
1313 384
384 1834
1834 125
125 439
439 1432
1432 1829
1829 753
753 1638
1638 1859
1859 673
673 223
223 1251
1251 1283
1283 1503
1503 102
102 381
381 582
582 1013
1013 1422
1422 1614
1614 1343
1343 1134
1134 1969
1969 670
670 962
962 443
443 1389
1389 1614
962 199
199 355
355 977
355 1032
199 1358
1358 1799
1799 444
444 192
192 1488
1488 1872
1872 1684
1684 281
281 1369
1369 654
654 55
55 640
640 181
181 1805
1805 1852
1852 91
91 598
281 494
494 1335
1335 1667
1667 1292
1335 680
680 435
435 1609
1609 588
588 534
534 556
556 1582
1582 697
697 772
697 1642
1642 64
64 1101
1101 160
160 988
988 520
520 1348
1348 1154
1154 1766
1766 884
884 1582
520 1363
556 849
849 387
534 1129
1129 414
414 1975
1975 741
741 1940
435 125
680 299
299 1639
1639 1679
1679 997
997 81
81 1500
1500 1316
1316 1471
1471 1831
1500 1872
997 1488
1335 1413
1413 356
356 1221
1221 1984
1221 691
691 877
877 58
58 1583
877 1043
691 1979
1979 1861
1861 1734
1734 751
751 768
768 311
751 958
1734 720
720 1834
720 993
1734 1481
1481 376
376 1164
1734 1607
1607 1329
1329 54
54 1791
54 616
616 1146
1146 811
811 1776
1776 444
811 598
1861 509
281 696
696 912
912 1963
1963 1943
1684 958
1684 213
213 347
347 363
363 806
806 1313
1488 1209
1209 1032
670 1638
1134 12
1343 1605
582 1432
673 1186
1186 331
673 209
209 959
959 1603
959 371
371 1164
959 793
793 604
604 1943
209 1406
209 274
274 1164
673 1829
1859 311
1859 549
384 1603
367 191
1110 1292
1285 1894
631 12
1164 944
944 466
1164 387
1363 594
109 234
325 742
120 1831
40 1970
1970 222
222 1860
1860 165
165 1998
1998 1210
1210 1347
1347 676
676 235
235 656
656 65
65 53
53 1761
1761 727
727 626
626 441
441 1747
1747 662
662 388
388 573
573 268
268 276
276 306
306 368
368 1705
1705 1840
1840 1530
1530 116
116 756
756 511
511 461
461 1608
1608 217
217 1152
1152 1926
1926 47
47 1689
1689 926
926 1529
1529 839
839 183
183 1951
1951 830
830 947
947 1140
1140 1993
1993 1191
1191 1185
1185 1341
1341 388
1341 1712
1712 1410
1410 80
80 1191
80 972
972 1224
1224 1502
1502 164
164 1772
1772 1633
1633 490
490 1970
490 482
482 675
675 934
934 785
785 70
70 1539
1539 1803
1803 65
1803 40
785 620
620 612
612 1460
1460 268
1460 1953
1953 705
705 1719
1719 304
304 285
285 1908
1908 1287
1287 1106
1106 1261
1261 1148
1148 432
432 1661
1661 1381
1381 1920
1920 933
933 692
692 135
135 114
114 676
135 1804
1804 187
187 1275
1275 1403
1403 984
984 829
829 936
936 401
401 979
979 1832
1832 1131
1131 842
842 910
910 468
468 254
254 1806
1806 608
608 122
122 113
113 1243
1243 1275
1243 610
610 1691
1691 442
442 1658
1658 139
139 855
855 268
855 1165
1165 1876
1876 643
643 101
101 265
265 1225
1225 1206
1206 1740
1740 464
464 461
464 662
1206 1953
1225 1203
1203 219
219 1060
1060 608
1203 1713
1713 620
1713 1660
1660 1090
1090 423
423 1460
1713 1926
1225 1048
1048 1464
1464 943
943 1764
1764 1939
1939 887
887 442
887 1610
1610 1495
1495 333
333 1217
1217 1611
1611 671
671 1535
1535 577
577 620
577 307
307 1840
307 526
526 610
1611 758
758 1828
1828 1148
1217 388
333 686
686 1769
1769 692
1495 979
1939 1001
1001 162
162 1227
1227 1005
1005 1569
1569 620
1569 1344
1344 639
639 1107
1107 813
813 756
813 856
856 1705
1005 1451
1451 262
262 1554
1554 675
262 1152
162 829
943 1699
1699 1439
1439 1951
1464 468
1464 1839
1839 1615
1615 280
280 1820
1820 1658
1820 705
1839 1104
1104 305
305 947
139 1832
1658 306
1691 368
113 817
817 348
348 1889
1889 1524
1524 1970
1524 1036
1036 1865
1865 385
385 1287
1865 284
284 559
559 1716
1716 1381
284 830
113 1224
122 1689
1832 92
92 511
1403 432
135 1085
1085 481
481 626
1261 695
695 1113
1113 47
1502 1705
1993 183
47 1210
461 453
453 368
453 204
204 165
368 276
