2000 4000
277 1561
1093 55
1757 1669
1681 997
584 832
647 470
816 1277
694 342
1520 1442
1571 1272
1070 1072
1478 968
1478 1543
1231 609
1001 1484
464 206
239 665
1362 417
471 556
255 193
132 546
298 405
987 73
1486 841
957 331
629 96
1153 1943
1625 746
1561 1517
1496 1571
156 1917
1301 195
349 1937
792 1942
1663 201
1073 568
635 530
1515 1823
1639 1008
1795 1368
628 446
1160 676
44 1942
930 1564
1486 768
76 1388
1198 1530
1971 72
90 192
122 1747
1768 555
465 25
1895 1815
1648 1878
278 835
361 1466
1980 1973
1170 319
918 314
1259 1723
66 399
374 1782
524 1134
1508 268
812 997
612 347
1019 1632
105 593
1805 52
1543 1706
477 67
714 640
1021 1161
857 1800
521 1113
1286 1241
849 1849
793 822
391 870
1703 709
1906 883
1470 1715
849 732
227 916
579 298
216 1640
1192 1392
774 1263
203 1034
1284 1086
1543 1801
1597 1901
1054 1566
162 836
210 1417
1255 1613
560 389
1275 614
49 1209
1335 1818
1780 903
1456 82
1267 1190
1100 588
430 842
805 1047
726 1731
670 991
1958 722
314 578
1060 375
1201 893
1986 1813
1274 1425
99 764
1695 523
361 1024
1469 1652
45 380
861 88
769 565
293 228
1829 1884
959 1902
1617 792
345 118
106 1758
464 1304
1173 617
1901 272
10 58
1303 915
865 1721
1275 554
1529 769
1246 563
1634 1483
1891 392
1877 1815
1747 619
617 859
474 1575
1105 1594
1168 142
1890 901
1606 1638
1433 680
1661 644
1253 1802
917 1066
1910 946
1780 770
389 257
1689 133
1346 5
1170 843
267 1719
1342 1772
162 245
883 5
1360 1164
1014 597
1746 552
42 563
1519 9
1542 1099
990 1811
1268 1177
790 951
1123 1277
1535 1808
1843 1778
1289 506
933 755
1630 773
1599 1836
1856 736
870 1083
1891 1294
736 266
727 1890
102 1642
252 1477
1807 1288
1224 91
1653 800
649 897
743 1389
530 419
415 1336
1969 1648
1185 762
1369 755
528 911
1331 783
40 430
43 1898
685 1552
500 760
1704 256
1044 1261
1281 1985
188 403
169 840
262 307
1315 1383
1932 130
593 1497
1331 1857
532 1791
112 1584
74 1759
682 495
602 251
427 1098
133 201
106 1519
478 1236
572 90
1895 185
1737 884
1514 314
1765 817
1594 1146
632 1894
1758 1231
56 1322
211 530
101 84
192 335
358 112
1075 118
156 1474
1480 1723
1067 1186
1318 1188
1490 1609
157 1551
377 1615
1545 1314
1616 1873
1840 824
243 1392
285 879
1626 1901
49 1402
458 36
1585 695
1982 929
1183 519
189 264
1757 125
1642 1007
1638 1492
120 1164
1273 1628
23 1288
991 194
858 7
1729 1020
303 859
329 378
289 1698
1904 1829
365 1882
772 829
1846 1476
1632 238
1610 1572
198 1379
121 1206
1091 236
1020 1416
759 887
1145 556
1411 92
1434 475
800 142
1526 605
691 1110
55 39
1615 1661
120 738
1917 298
1153 1061
1451 999
1847 1015
1055 1612
1040 1878
805 1446
1771 473
439 1249
252 530
1032 741
921 1484
1325 354
1313 801
607 1183
1563 1005
1784 711
1643 1880
1229 726
195 1139
1610 1087
1285 1415
327 1028
986 1405
1267 1567
1508 85
449 1348
103 700
716 1348
1097 917
1978 1271
1462 1235
1734 1351
1926 507
518 1103
471 1456
1 393
1994 820
1211 557
1381 7
1769 139
1472 1485
301 825
211 1382
299 1318
1474 706
31 697
1013 1922
1503 1395
1468 1563
1338 681
869 1612
1670 1691
4 414
1344 777
1171 104
702 453
1011 436
1243 146
60 1797
149 1976
963 483
849 1993
607 1258
1078 618
429 770
990 1360
1600 153
1577 1471
422 502
1767 388
786 5
428 724
1140 806
44 710
1683 761
1050 1858
1826 1397
1145 774
72 1947
309 964
585 1449
774 1403
95 990
1101 163
1311 116
706 1950
531 600
1402 528
606 1839
1299 1949
486 1058
926 700
115 324
1376 1482
170 1195
1815 938
1828 1446
973 771
1508 1897
862 146
863 149
909 1842
1933 84
1804 1717
1862 884
879 1977
1799 1726
1102 1397
1348 1314
27 1386
1817 232
1003 1109
1681 885
963 1432
1821 404
1383 1431
156 937
1536 1762
861 1857
1793 1726
1711 1734
1445 365
1418 1248
1821 59
1701 1989
621 1292
1716 111
943 1076
358 1547
1174 978
24 1483
1162 390
487 499
1465 1069
1290 1646
852 132
1589 238
1389 1935
18 485
1829 1856
1056 1315
258 1944
551 1378
589 1392
1279 1799
855 387
1386 1720
1891 64
1631 1538
516 873
1952 356
1270 1710
1339 1411
1501 43
1863 1860
1269 1599
1884 1680
1855 257
469 1568
1913 1557
394 269
486 825
1380 1464
1916 386
1840 857
472 750
765 1765
1926 1171
1928 114
1593 284
302 828
227 352
119 1313
1793 107
1987 1102
1609 1039
148 955
333 1431
248 1148
1909 1940
1066 1723
186 760
1936 1955
1302 311
1360 1035
757 1982
366 1455
921 637
20 1197
1627 1559
559 1411
37 1409
1210 1711
1628 1837
1856 320
1346 1334
1931 1782
116 1363
22 1312
198 359
52 666
451 1121
450 1621
807 56
5 1479
1115 334
429 880
358 1724
689 1426
484 941
66 1110
1212 1226
546 1071
1707 1359
1749 832
1452 1163
1824 922
813 1310
868 864
1832 764
1541 1009
658 1040
605 1631
832 588
456 1000
976 752
200 350
734 1922
1434 1549
1101 297
1050 1667
353 1733
574 626
229 726
1390 1064
1524 163
411 711
1881 326
139 1323
1339 1234
1890 1375
1997 197
1308 893
810 590
685 613
339 764
876 1925
13 1977
32 36
1948 1316
1358 12
720 1783
1841 251
1120 1630
1686 828
1346 1671
402 1074
259 367
1693 800
406 848
422 522
700 1401
1222 504
1423 1846
1096 1466
1758 875
1302 1165
99 156
1923 1625
1348 1225
1413 151
1601 1675
1094 931
280 1116
1877 938
122 672
731 22
1665 1003
1610 1126
538 1553
970 1482
226 1671
1850 412
589 1126
257 1851
475 103
1581 1846
632 273
1307 1690
39 166
601 1239
284 221
506 1760
694 1844
1875 412
883 1231
282 509
457 227
1962 952
11 1614
1546 660
1743 61
854 677
1374 288
138 951
372 1544
837 1152
1495 885
260 863
1285 1269
1192 534
688 1570
1801 743
1877 1039
1620 603
309 1661
681 793
919 1046
1660 286
554 1437
324 1718
658 725
1625 1726
1597 801
1749 1409
925 691
100 1367
524 962
1856 1494
1834 31
721 1456
928 1963
288 1661
1533 961
736 1970
1655 1987
761 1345
1090 512
99 1708
1057 597
1005 1865
1410 1262
452 1158
599 1966
1030 78
1930 1928
565 1518
1324 945
21 1557
1841 785
706 465
1930 485
1192 1709
404 1937
1790 1230
995 9
547 1821
1395 213
549 815
1036 850
1008 1687
1212 981
1624 190
1864 945
94 797
532 1185
397 1044
329 414
949 1652
1950 177
1203 143
1073 1868
302 1063
1628 872
639 316
1262 491
987 813
1209 36
774 1317
1614 834
446 1725
368 242
1506 1386
171 1623
1017 781
1073 750
328 1456
1259 1597
461 838
1826 1963
1307 1962
408 1331
1900 384
743 1290
939 325
1815 849
1688 38
1265 653
937 1992
1124 1907
1965 339
182 631
1749 72
1863 1606
382 1750
1587 973
1898 1825
1623 863
1266 1596
1438 448
1366 1896
1654 992
1818 1351
877 1269
403 1310
738 188
237 1826
1207 1028
1869 1532
1635 28
1445 110
851 1507
1244 678
1589 912
1033 1516
313 60
197 526
1218 113
1389 27
714 1071
1764 1402
870 1705
458 1710
1592 1754
1053 1672
1510 1051
1847 198
748 306
449 1116
593 1729
1817 988
607 1283
768 916
934 786
350 1129
736 663
1800 364
486 1381
879 1706
1529 968
400 165
1896 378
1271 1782
1405 1763
1335 1146
1710 84
1581 677
1555 390
136 479
704 796
477 724
960 1406
400 31
259 646
642 1963
1157 1581
1428 390
159 610
77 1634
843 1288
1435 1972
93 1235
1794 1906
1222 1997
1043 1349
1613 908
1694 1475
887 508
60 1013
1373 914
1582 737
1818 1068
156 1835
789 48
1700 756
1511 1736
830 1279
383 1274
604 826
373 909
967 368
1350 1147
1007 306
131 362
721 1127
783 1180
975 319
1308 1049
1583 1981
722 36
112 1057
1269 1608
1665 96
439 702
1198 1848
175 1559
35 1870
752 1792
1462 1661
1805 1167
527 147
861 388
1916 801
1607 336
537 1816
852 289
1319 1690
1731 801
581 386
473 634
1065 1669
707 1136
787 1049
1021 773
774 1516
1097 874
329 1587
283 803
1741 1415
812 1475
1754 1637
788 649
89 282
1059 1668
209 418
98 1568
1677 86
1688 49
1334 1032
750 891
245 1698
1709 1536
990 236
1528 1511
1610 589
776 71
939 321
624 1941
1463 1990
435 448
572 1464
617 323
157 314
394 1422
1903 1800
353 1077
1709 408
315 1658
1495 1179
671 327
445 831
304 859
894 866
839 113
1976 164
303 1707
1825 1736
344 1393
1515 1533
686 480
1194 1535
1975 1803
1437 510
1230 1577
938 788
839 1669
1971 1882
1934 1301
206 1052
467 1628
918 1842
1799 1112
1118 1189
911 433
583 1616
1152 845
1468 517
919 883
1762 241
136 1459
166 66
105 910
1529 1927
407 1740
1702 1660
1834 1665
1747 1098
1745 1567
1464 1858
1671 406
1673 609
838 617
18 1004
555 1108
1492 1371
1575 1800
1621 106
46 340
1030 1062
1884 933
1071 1072
1691 1515
71 997
382 1157
541 736
737 880
580 144
1319 959
1522 1198
1332 896
1833 421
721 976
871 673
1226 431
1811 221
1020 11
1822 1283
1079 642
869 224
257 703
824 1305
1007 1061
1895 935
925 1996
173 1159
1087 1383
1171 1225
1905 1687
416 276
1956 1867
722 794
287 589
1939 810
250 1418
1578 417
1334 180
799 229
49 1117
1995 899
6 1223
648 1365
1217 840
1159 771
1022 509
1094 120
1940 78
653 1043
191 891
667 1327
1945 1980
950 456
39 326
950 360
1941 1990
1902 835
921 1571
1183 1075
271 1089
1377 141
842 384
136 482
124 1866
383 1319
1701 194
1989 519
590 163
719 694
502 544
1 636
1757 1303
1487 1127
812 1756
722 1896
204 869
1909 797
102 228
1521 1186
1131 505
1255 994
392 712
260 1779
340 427
1783 452
295 674
113 263
210 467
1307 20
1879 1875
1539 1130
1085 169
891 1939
258 726
1464 47
1771 41
534 668
517 780
614 552
1484 155
491 1981
721 1786
1816 783
1235 700
1221 1346
227 1271
635 29
622 1458
424 1308
1822 1949
1623 1856
1106 618
1026 1603
429 461
519 1493
1004 1053
1717 368
1801 75
1835 985
898 1279
1022 753
523 1195
735 905
1221 1466
1580 352
1041 1639
1496 1001
1111 1127
656 1276
38 1731
643 261
1962 147
1892 1519
1424 413
1446 932
913 195
1559 1134
403 207
1061 616
235 1575
1238 1137
1793 1697
317 1700
1437 915
1580 1121
1120 1641
208 1743
24 1463
1852 1063
869 1148
1007 598
678 1894
346 1907
1597 935
231 991
896 1572
905 798
184 1926
1928 1827
69 195
1104 653
601 478
1859 1931
647 822
785 162
1037 1223
1533 169
137 1528
771 856
1070 674
1605 1282
1094 1757
79 1676
836 435
826 828
1284 176
1665 1517
121 1588
309 841
1117 129
1785 884
1624 766
1862 894
246 1251
1208 1748
243 97
1583 207
735 579
1920 511
952 887
1939 1742
1000 1143
278 674
1424 1929
1427 1704
1115 21
854 1876
447 1311
260 730
1286 1200
935 1832
351 1035
1362 1390
1299 740
981 710
77 1589
404 1465
580 835
1894 1587
1436 852
448 383
385 905
1476 739
240 1160
577 1468
197 217
1615 1213
408 1288
383 1243
1130 1957
1214 150
130 172
15 183
1649 1824
782 4
1583 1879
393 489
1344 1569
1829 151
1498 1726
1038 138
84 949
1588 638
711 1844
633 280
512 1264
529 1502
1333 1815
646 1767
1996 722
1317 276
338 827
706 869
946 1203
924 226
466 127
881 1377
124 160
1995 1463
1082 1227
293 923
532 1212
783 1951
1770 1519
1069 691
979 1177
248 1952
1090 79
1962 853
1012 18
1613 1979
508 556
935 1978
804 664
126 1182
1860 615
1030 1052
928 785
1084 653
1698 499
1147 264
1030 432
110 1690
417 1140
1997 1883
915 683
490 1248
1022 740
1148 41
1423 61
1996 1024
1898 523
292 1217
1401 142
79 1554
1309 1290
1232 1807
971 35
17 1901
1103 247
1191 471
609 1789
808 1489
1206 779
1648 1821
1333 1915
1309 1577
1521 626
854 1704
1428 1596
1723 384
678 1027
1074 561
1307 341
1066 1825
570 870
551 1488
1332 1401
1772 672
15 603
1193 849
1015 160
1760 1736
652 1441
1954 1852
259 1755
1135 103
1978 1730
1550 1038
1955 553
1217 95
1978 983
1805 1714
1306 243
54 667
1350 1119
1545 1504
1466 661
598 1301
1903 513
1195 1670
327 933
1353 1355
1088 642
1924 462
1099 1210
552 1218
1972 766
396 1233
1714 1578
1403 746
119 1274
11 1184
1480 468
1745 1173
816 986
86 1636
1876 1685
1421 1533
1224 1583
809 81
839 1925
1455 1716
279 1193
624 556
60 57
171 1599
775 1256
1831 1739
1404 704
13 215
1811 1035
1875 676
842 166
996 653
686 131
1688 1993
962 190
1775 140
1130 862
1109 802
1375 1796
1264 1808
1063 1707
437 62
299 1435
65 1707
1696 1901
533 1551
264 172
1972 1675
855 89
288 1746
74 1366
1656 192
982 1498
1227 1883
1484 1279
27 1380
1163 1893
687 1056
783 1957
1755 1594
873 1089
493 1887
379 1452
523 1969
1737 922
1366 954
467 813
1543 306
612 1608
112 965
957 1041
508 402
1985 1526
1013 1638
483 544
128 1020
495 1237
715 1182
1875 1146
1946 840
1016 692
1713 1479
319 323
1459 864
1167 1524
1025 616
527 1674
688 1738
621 331
1631 306
413 922
1954 1090
643 1711
1479 1178
1868 636
1335 49
856 178
339 1128
103 148
595 1683
1286 597
1387 287
236 1009
241 828
927 1081
102 1827
208 1478
1238 195
814 43
194 1031
221 882
1909 728
626 756
480 1170
856 1384
594 1205
146 413
1619 839
1354 410
442 1807
1031 400
537 645
1953 1633
1022 1357
763 313
352 436
1618 68
542 81
1523 1125
1157 287
1544 1480
1740 1471
1297 1832
1497 888
1759 232
1651 1164
300 325
459 1291
614 436
287 1777
1858 1720
1818 78
347 1882
825 361
425 271
155 668
1978 775
489 717
1259 1696
898 1080
484 459
1822 1195
1769 1962
1975 64
55 1149
1253 1232
746 1520
1056 147
92 1098
1921 548
1350 825
926 1168
579 372
1157 677
810 1307
419 1060
1737 1524
341 1916
1635 786
16 1972
1501 1129
852 1818
1863 736
1002 1565
1241 370
691 1025
697 1566
1475 932
261 985
684 1105
1333 1319
1933 1012
1678 1551
651 729
576 1090
1953 4
669 1819
1034 853
607 1085
513 1412
598 1752
313 322
30 1894
1365 15
1370 12
1772 293
626 1387
1963 1383
1110 842
1272 1523
648 1453
516 479
762 1255
130 770
1930 63
144 1826
1207 496
1495 991
1011 133
1899 1177
562 1294
417 741
125 1698
988 74
1679 1785
817 709
1209 48
1521 364
512 1811
1542 282
1578 250
578 502
1236 147
936 1723
60 1510
289 866
548 1369
1971 1589
620 1869
600 708
1756 1661
391 1022
621 966
1029 699
49 759
798 597
643 1060
1846 470
352 1221
1184 820
1080 214
1708 1398
483 1189
564 97
413 416
1926 334
510 1789
565 1865
187 281
1488 611
500 571
411 690
233 1918
1458 214
440 523
1141 434
1498 1933
564 630
831 1945
367 501
196 466
574 1811
695 1427
1668 1510
620 1510
1725 947
140 201
220 1820
1548 744
288 272
694 417
1016 39
521 321
1028 326
591 1767
127 1490
871 1559
1646 1873
359 405
584 1669
1306 1868
301 943
174 1641
341 1438
536 70
1504 1649
1190 829
469 290
1537 823
1280 488
970 1257
1246 1374
1085 1155
1664 912
1550 1544
550 1874
788 36
1455 1196
611 960
247 598
1890 1476
221 1274
594 939
1956 222
1123 626
981 507
861 1593
1409 1176
1323 1804
1199 1660
1161 26
1998 240
1957 1583
1042 1210
1996 43
1004 1589
1358 588
1353 540
784 1058
1481 1695
42 1268
782 1624
1491 711
1547 1391
732 1426
840 1076
154 813
271 595
1306 1192
590 1783
1034 1563
1988 1483
1556 291
322 701
975 123
1525 1985
218 954
1886 1745
1276 343
1016 927
1969 358
981 978
570 1206
361 784
280 433
1644 255
637 957
1114 1318
695 399
430 1364
1835 1070
738 1385
925 1898
1040 794
340 947
1184 1267
305 285
1827 235
239 813
1389 582
328 94
677 549
162 1062
1413 1749
1881 1263
64 1899
1639 73
1096 1328
433 272
1798 1225
1853 1278
317 1738
670 3
843 770
663 465
427 1854
1982 744
765 1481
749 355
157 875
1118 1111
110 1412
1797 1872
1310 160
476 193
372 326
618 562
1446 1795
1320 414
1996 1515
1727 810
547 1147
1126 61
764 1197
1756 1341
946 1271
482 636
217 1914
692 1853
1531 1423
210 767
1648 1222
1607 615
1228 412
787 1026
1427 1045
1994 1091
1867 180
895 934
582 987
1712 673
1133 1927
286 434
1690 1017
1308 1500
256 884
1414 1342
1888 1616
1602 1142
659 908
1010 1148
1686 449
1823 25
1019 1630
791 441
1325 96
914 517
781 513
817 1237
942 1874
1301 1578
1645 1207
215 199
210 956
1322 666
1024 1121
981 1427
1544 201
1428 1410
219 191
577 298
1506 1814
1627 1917
1292 534
15 321
1416 438
1268 494
1199 1565
1343 1777
536 1419
1332 953
1774 1
1371 778
491 1460
1509 20
750 1836
855 799
1771 793
1646 1810
970 720
703 1266
764 720
397 1496
181 1958
239 1734
1920 809
997 1305
368 1518
1204 912
786 426
90 977
1713 845
274 1896
1258 956
1417 445
1343 1280
751 1342
608 1265
803 734
838 1780
1112 1068
1824 975
1658 253
364 146
1847 161
860 1563
1600 736
1394 305
1096 401
996 477
1141 1293
1582 1874
272 1363
17 43
1556 245
1087 1709
943 904
1162 964
1796 1835
1953 275
755 908
379 697
1094 986
1906 460
946 935
185 1334
881 1996
1183 304
1350 1137
1425 497
762 1656
1910 1002
1837 117
61 746
1649 361
244 877
1204 862
752 22
1261 1463
1153 1025
1150 1065
666 1891
624 1995
185 1627
124 1614
1780 231
828 854
1733 92
695 710
565 67
254 1064
1002 629
1100 690
24 259
1466 337
989 403
1094 1972
699 758
1973 1548
541 850
172 230
1538 288
1961 1230
1422 701
1835 1918
1098 231
1438 836
705 41
1798 1489
735 945
881 1147
721 1773
832 285
1698 1933
1652 1688
675 1521
647 1900
526 315
61 30
1304 1326
876 402
72 1082
10 223
1313 57
807 313
477 1499
781 448
1713 1289
789 489
80 468
1905 1643
832 606
1438 1457
437 1341
380 1527
26 274
875 1683
819 1354
1468 98
1544 1893
1698 1829
1229 1170
1643 1902
1169 255
1169 829
1515 1397
495 1986
1908 201
1039 1980
520 905
1672 174
88 351
1245 112
108 123
1977 1655
1262 725
1398 520
1976 612
498 672
1809 958
369 533
493 112
776 109
1809 1109
1205 1537
1644 304
307 422
596 790
249 1420
1757 1405
1790 101
692 808
1901 1732
1341 529
745 1728
1682 1254
1785 1494
1102 709
877 254
1617 182
452 163
701 297
14 1364
1133 749
1930 1478
600 168
659 1370
1541 1834
291 492
1914 1849
93 496
1951 1216
1072 334
1034 939
1624 1853
971 1535
1765 1429
202 1009
1727 1744
165 277
1262 1841
494 1697
1131 475
764 10
560 1741
1513 325
557 1208
781 727
983 908
606 854
1530 1500
1992 28
808 1718
1449 1021
423 262
548 279
1757 941
1855 1201
1639 1655
783 525
1931 737
1250 234
674 906
194 964
1407 1020
692 1320
718 1763
916 54
9 1828
1661 1500
1535 1993
1037 349
1304 1838
579 1559
1838 1664
1997 424
1235 883
988 225
872 691
801 1703
1981 382
1734 1974
1329 257
174 927
266 1107
770 880
1534 1108
1601 1993
976 1154
1804 147
1045 137
1942 54
1038 663
806 1244
366 318
754 536
1367 1119
994 688
1959 744
1769 976
1032 1655
1478 310
1117 512
576 336
152 955
1950 739
1026 1771
627 1606
1282 1805
720 1160
834 382
72 8
1593 869
1031 316
854 591
1058 1504
1811 224
357 777
334 779
607 845
1000 1681
837 1880
1302 1393
1967 686
439 443
807 1471
1639 445
566 405
955 1236
16 191
1234 427
1499 362
211 181
628 1388
408 567
466 640
1142 651
605 867
994 1391
420 1516
1602 798
557 1662
372 418
470 1676
1635 1722
811 462
524 1383
360 189
1059 269
1329 1281
1768 1425
63 1725
1963 1639
378 1764
1594 1947
771 122
981 572
1647 1642
293 76
439 1494
1956 1163
746 1432
1013 1520
1791 1030
1627 1801
1248 969
692 628
364 1518
480 657
923 242
390 964
1681 1221
398 1482
473 1992
1344 989
1367 337
1137 1360
1873 1535
1181 455
1129 1905
1410 703
1728 835
920 693
1066 1994
199 1053
1647 650
1522 1871
642 1419
916 1663
3 815
1707 74
1124 606
1761 1078
1031 1746
135 528
1052 1524
452 1496
605 197
1633 1554
441 1860
1759 1094
1783 51
1808 599
708 657
114 1772
1744 545
971 574
1212 1371
500 1667
812 385
1925 1151
1472 52
1629 698
1472 1088
849 1430
812 932
302 1888
1819 665
630 363
774 59
533 982
1229 1495
1092 1372
631 1329
267 746
1382 1065
1990 1954
480 531
1239 1356
884 705
638 324
365 909
1639 27
649 1885
1089 11
1281 492
708 1589
902 862
363 1473
1720 871
336 1624
377 1694
699 1928
729 1455
1913 1308
620 601
1991 1762
1607 320
1140 1672
584 1697
1399 795
637 668
289 1192
481 411
315 197
1303 559
1916 1200
8 421
1733 1179
14 920
1255 218
72 311
1423 1733
1641 586
1082 593
167 253
1049 1379
645 1682
508 797
431 1025
121 947
1392 297
1582 618
470 1314
1691 1812
449 948
587 811
1352 1636
172 151
1406 1513
123 1358
933 610
1930 149
1612 1513
1995 1356
707 1804
656 693
1711 1738
396 1201
14 1000
208 42
1100 110
1920 178
611 276
1935 1846
888 362
1242 454
699 901
344 1422
900 767
173 1885
417 1158
228 1827
684 1023
1064 265
1223 1220
1580 1665
1755 273
755 141
688 1337
1971 1575
1865 1731
1454 299
1925 1241
1545 457
1985 1458
1495 1887
122 1704
1060 57
1294 1883
39 1746
340 685
1139 861
1167 693
849 1234
763 293
504 1539
1021 639
1585 1304
94 273
1376 289
918 655
960 1359
1102 417
698 492
114 1758
1513 1247
262 347
925 1385
1183 1656
1465 606
175 938
682 896
572 658
1160 1170
860 572
1309 1117
893 100
1729 160
128 930
982 1948
1451 1158
1721 1572
238 1172
1579 141
1297 1006
24 267
146 1080
93 135
222 732
328 1947
1626 629
1810 235
643 773
1859 1088
1485 502
357 1284
487 94
106 1561
835 102
1750 1219
271 833
838 1097
1230 1197
696 64
923 74
1516 324
1336 1450
442 971
1944 1573
670 1250
1911 1980
1167 1173
1924 558
1386 797
1028 1518
1619 1128
249 325
1717 548
186 1075
974 1042
705 961
404 396
1365 1997
877 1083
625 117
189 323
110 1133
1894 689
509 1396
11 340
1045 329
1848 812
1422 214
1253 1335
735 1716
1846 210
1843 1803
129 155
711 54
1620 895
1693 3
1268 1576
1905 1680
1370 192
994 1082
1488 1128
159 648
1488 103
882 1779
766 1853
1965 464
634 381
1640 530
1232 1364
1596 570
1178 460
1487 1131
154 1566
1713 1091
825 1353
1408 1208
733 1889
75 1466
1374 539
714 1343
1019 1320
885 1751
1830 1838
1526 237
1811 544
1480 1097
1188 1568
1287 1413
789 458
1430 207
427 1666
1018 1403
945 1825
1950 1856
1475 337
189 1912
360 1854
1678 576
672 1029
1234 418
59 1294
1198 1346
360 1260
787 1240
1705 1680
622 145
1577 646
610 409
1720 501
1165 66
602 1635
1633 690
1317 469
574 1151
1849 1695
1910 135
1468 1166
950 964
1952 727
384 1251
1035 1330
492 1303
1942 1989
944 1088
487 98
373 616
1469 1546
184 384
408 723
186 474
329 1392
1156 739
62 1057
1456 691
1646 1912
1823 1904
441 1882
244 1436
207 1812
934 1408
1183 29
790 84
619 308
1527 1145
1018 154
1711 1299
1650 776
390 1871
662 403
766 1356
1574 1457
1761 246
1352 558
1230 367
1657 51
377 964
1843 383
465 312
1774 1565
1231 774
1902 497
220 439
1965 1591
547 1114
1751 1622
267 459
1494 908
942 1908
161 256
1779 109
1560 295
483 1558
60 1137
274 625
1476 646
1416 704
265 873
827 68
613 1840
628 179
1842 1153
1026 798
1027 165
56 531
1110 271
462 1692
1985 814
1680 1747
1732 1462
1004 1029
66 1214
627 1257
1291 485
1464 1573
1739 945
1995 213
140 1934
993 1454
1949 1407
16 148
664 1462
1539 526
198 642
467 583
1158 1035
1424 1126
777 1110
730 1762
1103 334
1877 1718
613 1439
288 379
1885 1406
433 31
1570 929
146 1322
1916 110
644 1379
1461 1577
1671 1676
1379 223
753 870
131 477
626 1246
836 1903
1794 983
1420 1894
1684 38
1863 1392
1576 679
1540 650
227 979
1437 2
1033 960
1790 1378
1222 834
1918 71
792 533
738 777
221 781
1877 1246
1781 513
1047 1809
844 1548
1139 351
1506 1258
438 1734
963 195
1773 1778
685 68
898 1742
194 547
1731 1849
1521 535
217 1802
354 805
1633 892
1076 516
730 1929
1097 80
933 940
1150 725
153 198
1093 1394
493 46
1119 1982
1981 1699
1318 1935
428 903
430 860
1940 9
216 895
1228 1092
1051 1960
1491 1776
45 402
525 872
1453 315
1002 1505
458 1477
1241 1830
578 847
56 78
1462 1850
1825 1760
1969 689
1600 762
1911 844
674 441
225 125
261 699
285 498
1733 1637
200 1864
399 995
891 540
1547 562
1980 1270
235 1384
1240 1989
931 511
376 605
1759 1839
1787 1968
1625 601
1946 678
83 1207
1857 1657
864 1658
1435 928
180 1233
1070 965
914 163
1254 409
1225 811
275 853
1677 660
103 915
1294 1078
233 320
854 512
1310 1304
625 691
1120 1437
1300 1966
386 253
1451 388
523 762
1517 1728
1337 1092
1653 884
1351 128
1966 35
257 792
1987 977
1098 917
1360 1158
412 988
1700 688
1028 55
698 1468
52 335
524 178
1930 1127
1622 1423
1304 556
1291 467
1006 1586
1094 157
1830 1204
222 1389
1920 1753
595 740
357 133
32 368
376 1816
819 1638
1907 33
920 1592
1400 481
659 1275
640 1735
30 205
88 1191
843 943
1128 1442
158 1095
399 1447
1669 1094
1961 1197
757 1175
163 676
47 673
602 1814
348 148
1219 834
586 20
1363 451
557 1603
440 1821
1074 980
757 230
1189 1126
1993 1991
958 1761
461 1470
592 1887
529 984
444 549
1242 1417
1371 1935
873 1868
664 320
58 1696
1800 346
393 1285
30 1563
1377 1628
1316 1125
1480 1822
1988 1432
479 1200
1485 1369
1279 1425
1684 1518
515 567
1390 775
926 1342
856 489
922 1625
968 1236
723 205
461 1896
1743 153
1800 1168
1110 1394
1846 670
1156 1291
314 1621
1826 699
308 1979
1550 697
415 371
109 383
1180 722
1398 1663
1956 1507
617 908
187 1019
1803 1398
1004 1270
100 942
1785 342
170 1910
1530 1091
1864 226
1600 1850
162 1935
691 1361
1203 1741
514 869
1591 1944
358 236
902 1878
1937 6
1537 1326
268 1762
1541 249
1523 333
1621 1606
1886 1494
156 1909
1903 1264
676 430
1100 1321
1263 1260
546 190
594 1942
1825 1385
766 1419
1603 1989
465 509
463 1026
987 372
1957 1990
1247 629
816 1849
604 1246
1566 810
1425 345
1718 1883
311 23
501 1253
241 1652
1445 290
1070 1053
237 1811
1348 733
559 1295
451 1659
1475 496
555 296
576 1252
429 443
1304 984
361 517
158 1434
204 14
1968 689
1010 578
931 1140
181 259
191 1614
808 992
666 8
675 118
2000 248
1938 422
1087 243
332 1722
1984 1333
472 636
775 254
612 1489
1004 965
662 395
185 897
1493 1840
1777 1396
1844 222
300 264
987 1102
111 1345
263 1725
493 1578
1287 1045
453 1986
886 1932
996 1890
1743 1165
201 1645
889 136
1950 1036
8 1517
1733 1439
1783 1202
481 1866
579 1062
105 843
823 695
1545 1873
1142 1713
1082 1824
1728 802
1097 1545
1401 1892
570 1851
1934 1943
1474 1974
706 481
1077 1368
1901 1786
1717 408
776 523
1312 1122
1419 1039
1309 865
1743 1948
429 1602
763 1184
189 772
1283 1968
1332 1574
1175 379
370 864
63 1299
20 1525
1944 1364
789 669
792 145
1065 1334
705 1840
844 843
1700 1852
1128 931
509 104
1373 1546
1256 365
178 223
1246 494
638 1065
620 156
442 70
456 1170
1855 1397
1184 956
804 217
186 1120
1275 1666
873 754
50 1787
260 1073
986 947
1441 1735
108 1433
1856 1304
1853 742
666 332
876 25
858 1504
6 1620
1144 1798
171 134
1806 1627
872 578
522 424
978 131
1145 1604
1323 1579
1621 1616
321 16
1285 1601
364 478
993 1507
1607 1053
1272 1808
1301 200
1234 1132
416 1799
590 713
1797 1671
1232 1445
1775 1156
497 221
786 189
1175 277
1524 1297
1168 247
712 1381
1464 1653
1761 1541
568 1056
1235 396
408 207
1358 1387
502 918
1890 1911
1355 904
1148 1156
388 1191
772 1485
593 894
983 1397
683 1567
1415 988
399 1057
1286 263
388 1081
694 878
558 1094
1919 1870
152 1520
1755 408
1785 1937
948 1824
1426 1824
1562 1342
1991 1444
1340 826
1727 1396
254 265
542 1755
1175 1887
1617 1955
1384 423
189 8
175 180
704 1407
1511 1676
485 968
1096 145
971 1654
452 713
1410 65
53 1758
1661 1143
1979 1377
1573 1245
1301 1401
1421 1293
1893 455
608 503
822 768
253 868
1591 1030
717 1841
1419 378
747 1515
426 1220
1658 889
1630 1876
1197 865
931 1956
488 397
972 144
554 639
1108 1700
1855 878
1714 483
1002 1756
734 625
1795 1282
181 1988
1845 241
1219 1474
1716 436
1303 1234
352 855
1146 896
864 167
1421 43
745 281
663 1287
554 1816
1172 535
1335 1340
1033 98
1615 1367
614 1311
906 628
82 1449
425 1791
1471 808
618 1988
962 1297
380 484
1803 716
915 1576
178 1792
120 641
1915 246
168 376
1176 986
1374 1329
596 1612
546 511
1264 1425
330 3
55 1829
1637 1276
1489 40
1945 1852
739 515
1714 1562
502 750
1805 1328
1697 407
1144 623
157 756
1919 1044
1318 1460
1860 1182
898 1319
181 433
1730 400
1698 1763
1645 1712
31 757
389 734
485 508
1740 890
1072 736
1611 1083
948 280
1740 125
548 788
1322 1147
45 1791
903 6
199 15
107 1757
955 1471
553 1396
274 616
294 1670
945 1872
967 1876
461 756
238 565
557 592
1994 1213
806 1502
1470 893
1587 1292
1155 1664
901 209
1592 1430
381 1595
65 281
837 834
336 1221
1836 775
1526 1452
1428 53
403 1394
895 1867
1188 1590
369 899
661 1446
1998 561
904 944
1067 364
1559 473
1885 1775
608 513
1543 1225
249 1076
1805 712
615 1970
1210 852
1717 1567
1812 1179
1651 1503
868 687
117 1273
1525 731
1584 1057
1440 1102
559 99
979 142
1619 679
211 635
72 1042
716 984
977 1776
85 630
933 1284
1932 299
1010 1914
1672 203
1065 1710
1290 630
1448 551
377 1353
1792 1496
1195 904
1420 1947
152 1044
1287 1812
1615 1564
1311 113
1855 719
370 1285
1571 1257
1598 1885
330 972
417 480
907 1496
1894 1331
355 808
39 541
1789 2
1763 854
912 169
1379 663
906 1146
443 671
122 884
788 1544
177 485
283 1648
782 1048
655 1061
745 1097
1150 679
1553 114
798 1803
507 1227
1697 968
824 557
979 761
311 1675
1706 1210
212 106
246 1794
623 76
1551 1846
1480 837
924 1385
1046 1514
1068 1320
1997 1476
107 355
1467 763
1842 507
246 1149
855 318
1029 1242
214 898
1159 1731
705 1819
1012 475
35 1300
804 1992
1269 287
258 131
1036 1988
208 492
352 917
847 788
751 142
1825 1347
29 936
1996 1046
799 814
1945 922
709 76
150 403
1538 1112
1831 841
1451 224
652 1498
1896 617
801 1339
1187 25
1213 437
1233 569
1558 459
75 1020
1883 1331
402 585
866 1450
917 1736
572 1132
69 509
965 1770
790 1092
242 1161
1440 1687
199 1839
550 1221
1014 768
545 490
258 1516
303 211
1914 1685
1299 1298
967 1327
692 1250
1990 317
169 1235
802 1047
974 87
1151 927
1200 873
843 1165
1420 1228
411 1245
1669 1909
1289 154
499 718
1911 291
574 287
1549 1546
1253 1625
1611 441
371 1653
1603 450
91 1366
1889 1172
103 1975
765 375
258 168
49 971
1667 104
1348 1942
513 581
522 1078
1295 1629
233 736
1052 740
939 823
129 1306
1899 529
984 198
1329 244
298 1113
144 1315
1069 1503
140 1930
1046 883
1907 1854
1666 1854
1295 1132
550 1724
697 999
231 1978
237 223
452 1465
1750 312
531 145
1024 1324
772 1806
1729 75
1997 340
1252 742
391 1556
300 577
669 1219
1864 1173
324 1595
608 3
1278 1230
1270 1382
1004 1971
1821 1830
1274 1574
925 43
419 211
463 1305
1215 696
670 971
685 1370
1936 575
1350 729
250 581
1810 1608
319 176
363 311
1851 865
1111 969
1964 1326
45 789
1648 1982
786 390
1641 1246
760 510
605 1410
710 1643
1554 1473
1172 1012
810 1923
1735 1936
81 1388
1024 226
1435 525
1022 1556
1787 1887
1102 1032
535 1503
733 1788
16 807
201 1427
832 530
1141 198
1686 1206
1771 457
1425 836
32 915
311 1931
951 1342
19 1644
1209 243
923 1939
193 37
367 679
762 1551
1443 1569
1196 1011
490 329
1710 218
890 1487
1155 695
854 60
512 1108
589 140
1904 183
666 1504
991 58
14 377
1081 126
1795 1722
544 1138
1349 1498
950 1681
1016 1705
879 314
114 164
653 40
1788 1448
1660 438
874 1284
2000 73
127 1095
77 1054
1530 1136
1614 706
62 1500
1630 173
957 16
963 567
960 304
487 1698
1639 1260
1086 940
1357 421
1261 1990
196 1673
721 590
963 1881
1705 401
1708 1555
1628 1361
784 1722
1913 1389
131 14
1443 395
288 230
511 1639
297 488
1664 252
392 1098
735 793
1323 1927
608 1532
1355 1831
943 851
604 576
207 1240
1297 78
294 1691
184 1443
99 320
587 1930
1059 1393
1469 212
1064 212
1709 1309
278 292
484 683
1120 515
1006 1692
1167 943
1367 1439
464 1980
453 357
461 231
1579 1693
810 1194
1838 1672
414 1786
210 1798
1626 1099
451 700
1266 569
1296 1024
1164 345
69 38
295 1487
886 770
619 970
1343 652
1951 763
1984 1435
1008 336
161 1165
479 754
1501 447
1226 1061
1770 100
160 1245
1902 1827
1769 208
1839 220
956 1640
660 782
1667 559
1365 813
1346 142
70 1904
163 573
1496 163
938 1880
536 497
837 635
1883 1116
115 1627
79 846
1183 1062
319 15
1604 506
1 622
1979 138
1767 1080
1280 1202
1255 1666
670 1138
734 1264
375 743
681 1802
1115 374
303 1806
1827 1772
619 1049
696 802
800 1447
1768 1870
1028 1181
441 233
1467 1540
105 662
1742 1252
1683 622
1351 233
594 702
1971 1816
1410 1808
1052 1791
143 410
566 1290
984 1917
881 337
1442 756
1763 1839
389 532
706 537
236 6
1287 271
910 638
711 1855
994 1433
1618 387
542 525
1906 820
143 905
192 1580
1715 1712
1912 1798
156 446
1131 949
1920 1366
704 1505
1589 1174
420 596
1130 1477
1372 1087
1820 305
528 1470
953 758
1005 709
1371 220
1054 1074
588 215
887 819
1512 651
800 9
132 1230
418 1963
947 878
1707 407
527 1911
961 1501
780 860
476 1958
1822 1255
1156 627
353 1114
1531 1188
1845 1422
347 441
541 1417
1516 345
1489 128
619 1536
1625 1279
34 1573
1679 1079
432 1909
1136 1793
1382 658
213 914
1209 292
1431 1286
1711 1140
1659 998
1799 1018
312 409
702 1689
25 1354
1455 1423
1879 674
239 1539
1503 1909
205 1381
1734 610
590 1727
1608 234
1964 1513
888 1083
1582 1206
464 1974
1251 216
1770 396
146 416
995 308
291 990
1766 313
871 1900
1119 1446
1868 197
292 791
266 942
261 1050
1069 1873
1871 1341
1897 1372
1063 714
941 1525
1313 1986
363 828
1938 1235
324 1714
247 1979
26 1371
934 382
879 1988
1497 229
748 1112
1265 1104
677 330
1273 583
1320 1786
1678 149
968 1136
349 724
1161 314
1984 1152
1260 270
505 1244
556 1274
1677 1549
1708 1650
1371 1781
1242 681
1077 1367
744 385
854 1767
1204 1406
106 481
1374 799
1322 996
503 1395
1702 1512
1353 592
899 1069
347 1362
894 1867
628 1691
1961 1265
648 706
675 1532
1872 1325
1273 778
1646 599
1248 39
857 1089
351 1451
1089 980
758 877
1106 1182
77 270
1114 1649
203 1552
1761 1088
1239 1288
603 1235
667 1685
328 974
643 10
599 545
1622 41
1568 1234
1716 1201
320 57
1584 1486
464 995
1982 1090
45 1065
1669 1594
476 244
1715 319
879 1654
1254 636
1171 1264
1768 1571
1828 332
966 359
1444 1248
1951 284
1954 1064
1177 227
1401 254
1752 1880
1385 421
850 776
1743 99
1828 52
356 1673
1404 1293
1603 1754
1247 169
801 1
1229 474
1284 880
1844 229
1804 892
343 1211
1230 558
821 1187
990 48
1474 1895
626 828
728 844
1921 120
665 1921
1564 796
1859 1167
168 1324
67 726
245 1328
248 345
174 1509
575 1487
1662 165
1438 1885
382 1921
454 1743
603 1223
440 1613
1198 28
1433 1989
582 1032
12 845
1063 187
49 862
1863 1625
1208 349
1414 1377
1321 769
620 1586
686 168
731 818
901 1607
66 188
105 665
126 1951
196 1861
370 250
880 755
809 1813
702 507
50 1733
1985 1233
1609 1716
1882 682
1941 295
1556 106
1959 105
635 1926
1122 1278
2000 727
1049 1590
82 585
19 747
1927 769
1806 1589
251 1704
626 106
711 825
1321 840
1781 625
296 370
269 1838
1579 395
223 1275
357 1781
1933 1810
540 1873
1716 184
569 539
1685 768
1823 1971
560 1052
1347 349
808 407
621 882
1537 999
1724 1047
94 1903
373 95
596 1509
689 518
387 845
297 573
625 1492
1107 71
595 779
1222 1671
1857 1106
1732 1561
322 1001
999 105
1134 538
346 771
1817 243
1166 1667
122 279
1661 867
212 155
1905 134
882 1268
1787 1754
1688 1393
304 340
466 287
1082 522
1187 526
1725 1678
1083 839
1035 514
29 829
1763 1753
1168 374
1359 1326
1268 721
132 215
386 1774
87 1719
1029 615
872 1775
516 386
972 1212
1198 930
1473 191
1358 1338
821 1531
271 698
1030 1940
1609 1371
941 818
1585 1297
1688 1820
1787 42
13 1651
543 315
1406 505
1797 1024
14 1174
1027 715
1777 1351
15 732
335 795
32 722
1879 1801
1207 1994
682 890
1514 1037
1528 1908
1938 527
207 1188
1555 932
745 1121
211 989
1963 1708
1999 1370
1204 1711
1996 1293
1497 881
974 556
204 676
1446 1020
400 433
46 1701
797 446
1786 1574
613 247
81 1382
1560 1861
9 817
464 293
40 34
1713 438
1390 1361
1609 1510
797 1700
119 973
1331 506
164 63
1903 846
191 1182
51 1330
1205 1294
935 1662
867 451
1501 848
659 137
1748 1347
770 1666
1874 1761
1306 407
410 450
1104 1375
1029 435
789 744
1674 1358
1916 393
1866 278
641 1303
1300 1766
1824 1856
62 1214
1774 1818
1238 311
847 349
644 1143
1893 2
28 1208
344 257
1945 1998
1602 338
1988 1679
1604 1967
1925 1546
505 169
688 512
104 495
707 1843
1215 1728
975 1883
1802 1213
874 1833
902 1789
158 1448
271 1225
33 1753
952 420
200 1763
306 614
1707 584
654 498
1438 290
410 1216
1419 1652
112 1000
1360 1216
520 605
1081 514
1127 310
1490 1171
965 1030
1114 993
1571 573
12 1618
188 184
911 31
876 18
1051 336
49 1313
571 1563
1106 1055
589 1687
1651 369
611 1837
1983 833
1707 1222
1473 1288
1825 1900
543 258
554 867
86 1320
1066 17
120 224
604 1960
725 428
101 110
679 765
1069 369
1298 1490
1796 84
1767 1245
1135 120
640 1084
983 878
1357 80
913 1015
691 1837
1735 508
913 654
54 1685
1999 1713
1461 1041
1399 1552
1601 1764
1005 1946
1920 269
1719 1270
90 1249
1006 1292
54 1570
821 481
900 1023
1598 1185
1489 1916
1687 1914
944 353
661 1223
219 1194
63 1839
348 1488
697 1053
360 80
1389 550
752 242
1183 943
548 1638
1647 1607
1759 1352
1534 199
1088 547
1986 1674
1732 1552
252 577
1339 356
1644 1666
506 833
1357 202
1727 1274
377 112
737 396
890 1611
830 1554
69 1060
1366 1270
479 584
464 1617
1794 1333
1439 1873
923 988
1529 1154
1171 1138
1411 1709
1101 488
447 237
1623 232
501 1429
910 1993
860 659
1668 1393
68 1806
130 1570
767 1469
698 1856
137 73
87 556
1124 588
1959 985
1925 611
1496 1554
456 1984
279 484
1784 910
1723 1696
1968 1480
436 1296
716 717
1838 1155
1553 560
1534 899
446 179
1863 99
1314 1196
1470 633
1827 580
143 1156
640 1071
1036 233
1376 1048
54 698
1991 57
1883 580
728 1983
1605 1460
791 212
464 1983
170 552
398 1692
354 8
1035 1076
296 907
1400 543
859 908
1254 1746
159 395
444 815
943 1355
1447 550
1388 149
483 1911
283 847
1628 1010
1658 167
332 392
20 1801
759 1719
1594 249
1699 1878
680 1913
134 873
487 1405
982 951
244 606
796 1739
1014 1215
917 1501
1021 177
1203 955
552 998
644 1162
1958 1967
1365 537
545 1574
472 1418
1543 334
1178 83
1404 827
701 35
1726 1923
987 947
1296 1533
219 898 546 314 2000 2000 1961 1873 1411 1602 1549 1837 631 1154 1292 446 1908 396 1549 677 1662 677 501 1026 1292 840 1201 2000 1549 1026 1602 942 781 1154 124 942 631 781 1375 1154 1755 677 1908 1337 942 1755 1201 942 501 1755 675 1961 1026 1704 1375 983 781 1602 1662 675 1026 1797 589 1704 446 1375 1154 1837 781 273 1066 631 1242 446 1549 589 1026 983 273 1549 942 396 2000 47 180 86 396 675 1837 1504 942 1755 2000 396 675 1873 180 898 1066 1662 47 589 898 781 1201 1026 314 1662 273 273 1704 1797 1602 589 1442 1602 840 898 781 898 1242 1201 1662 1292 446 675 47 589 180 1504 1154 631 1504 219 1602 219 1504 1411 314 840 1411 1411 840 546 1026 273 314 446 589 1375 1504 446 1066 1026 180 1066 446 47 1292 1292 1201 983 124 589 1602 1375 219 1154 1337 1602 219 1504 781 677 1442 1504 396 781 546 1442 1026 1026 1292 1375 1442 898 446 1375 1504 446 501 1873 631 1755 675 47 1292 1201 631 1908 1504 1873 1337 1154 1026 983 1755 314 1242 983 1375 314 86 273 631 1375 677 942 501 631 273 1662 1602 675 446 1908 1704 589 1154 1602 1755 446 1066 546 589 2000 1602 781 1292 1154 501 781 180 631 1026 1375 1411 898 314 219 1201 1337 219 314 1549 1201 1026 1154 1026 219 1201 781 546 1504 314 1066 1026 180 501 1026 983 1602 1026 840 314 273 1602 314 898 1662 446 1837 840 675 631 1837 546 1602 631 273 1026 314 589 1549 47 124 124 1337 1961 1337 1961 501 1504 1549 631 589 781 1411 1797 314 501 1292 124 840 1292 1602 396 1837 1504 1066 1337 124 1504 1442 1337 1442 1504 396 180 546 180 1961 546 1662 1873 501 1961 1837 983 1549 273 1242 1755 501 898 781 314 446 2000 1908 675 1704 1961 1873 314 898 1504 1662 180 1549 1961 1154 501 86 314 1837 677 781 631 219 1201 1442 840 1662 677 1154 1797 501 1602 898 1442 1292 273 1375 1704 219 1837 675 840 1797 1026 1961 219 501 1375 1662 124 86 1411 1602 1026 396 1375 1662 180 1908 446 1026 1292 840 1292 314 273 314 1201 273 1242 1242 1375 396 1873 781 781 1662 983 2000 1549 2000 1504 1154 840 983 1602 1837 273 1704 1797 1837 1504 1549 314 273 1504 546 983 546 1602 273 1662 840 1602 124 1504 1066 1442 1797 1704 942 1026 2000 1504 86 1755 983 1292 47 840 1549 273 1908 396 219 1442 1154 47 631 1154 86 219 1154 1292 219 1026 898 396 1961 631 124 942 180 942 1026 1755 677 781 2000 273 1201 631 898 677 781 86 1292 1337 1026 1504 396 781 898 446 396 273 675 1026 219 898 1662 1755 1704 1337 1662 1549 446 942 1292 781 1602 1337 1375 1154 840 546 180 86 273 1292 446 1026 501 1066 942 1292 781 124 446 1961 898 546 1662 47 1602 47 1602 124 396 1755 86 898 446 1154 1662 677 180 781 180 1026 219 1026 1026 898 1504 124 546 47 501 1337 840 1442 589 219 1242 840 446 396 677 589 631 180 124 675 1755 1201 1337 1026 396 1704 1411 124 1154 86 1201 2000 501 1602 631 1549 86 898 1292 446 589 1755 1602 1066 840 1504 1662 1411 86 180 1026 589 396 840 677 840 546 1837 180 1026 1026 1662 1442 1375 219 180 1242 1602 47 898 1242 781 1797 1292 1026 1908 1292 1442 589 1837 47 47 1201 840 1755 1154 942 1504 86 1961 1375 1201 1066 1292 1961 1704 180 1292 546 1504 1201 1201 314 86 1154 546 675 677 1662 677 314 898 314 1837 1154 219 396 1662 314 840 546 1755 1242 1337 1873 1201 898 1242 1411 124 1504 1026 1837 1755 1292 314 1154 781 1337 1242 1961 124 47 675 1337 942 631 1242 124 314 942 1026 2000 942 1154 898 983 1837 180 677 1662 47 840 1704 1066 1662 1375 1026 1026 1242 501 677 1704 1873 1026 1549 589 314 219 1411 781 1026 219 1504 446 1602 314 396 898 1704 1549 589 983 677 501 314 1704 314 1504 781 1504 781 898 314 1066 1375 840 1662 898 273 86 942 1961 942 2000 1755 1442 942 396 314 1026 1704 942 1873 1797 396 1704 1026 1411 781 1873 840 1066 1873 1337 446 546 781 273 589 1797 1292 1026 546 677 781 677 840 2000 1292 1704 1337 1755 1961 501 1837 501 1549 273 983 631 983 1292 589 273 1375 1504 446 675 1797 1375 1201 983 1837 273 840 1908 898 1066 1961 631 314 675 1837 781 1154 1961 1504 898 675 942 219 219 180 1201 1602 219 675 1026 1201 840 219 1873 1026 396 314 1242 631 1504 1961 273 2000 1201 1755 1504 396 1154 219 314 501 314 1662 1201 2000 314 1442 273 631 314 1242 942 2000 1961 1704 314 124 1504 840 1242 1602 1337 1201 86 898 1704 1908 840 2000 1755 180 983 446 1908 1908 1411 546 942 1704 1797 446 1797 1504 2000 1602 1549 1066 1442 1337 1504 677 1662 1961 1961 1908 1602 1242 1662 47 1797 1411 396 314 942 446 1549 180 1873 273 446 1908 446 1026 1797 1066 180 1704 314 180 124 546 546 781 396 1662 314 1242 1154 1704 1154 1504 546 1242 1337 1201 631 1242 446 1375 675 1755 546 1961 1662 1411 983 1797 1602 1201 1797 124 1837 1873 1066 781 86 589 1242 1873 840 1704 47 840 1704 1201 546 273 1026 781 1549 396 1026 314 1908 840 1755 675 1442 1066 983 1602 1242 898 1337 675 1066 2000 1201 501 942 180 631 47 124 1504 2000 1873 86 1755 1201 501 983 1066 1026 675 219 1797 1961 501 781 840 983 446 314 942 1908 86 589 631 1066 47 1066 219 1154 898 675 1961 1662 1242 273 675 1662 314 47 1337 1504 180 1961 1154 396 2000 396 1375 446 47 1026 1873 1755 1837 314 124 1242 1662 47 314 675 1066 396 1873 1375 180 589 1337 1961 1662 1662 180 180 1961 898 1873 677 677 631 546 180 314 446 1908 942 47 898 314 446 898 314 675 781 675 1337 1837 1837 1797 589 898 314 1961 840 1375 942 546 1375 840 314 1337 840 546 675 781 1154 840 1797 1442 898 1201 898 1961 1411 1549 1154 781 47 1504 1154 1602 631 1704 2000 1755 942 1442 675 1549 1549 840 86 1292 1755 180 1549 675 180 898 501 1549 1704 677 1797 1837 219 1662 124 446 1337 1337 1662 2000 2000 942 631 1755 840 1797 1375 1873 675 675 1602 1292 2000 1797 1292 2000 942 589 840 1662 314 1154 677 898 273 1026 898 2000 314 781 675 86 1755 546 1066 273 1337 1292 677 1337 180 1504 546 1375 501 677 1292 1549 314 124 1549 1602 1026 396 942 1026 273 47 1026 1549 677 546 942 1602 124 840 273 1602 1755 677 677 273 124 1026 1961 1549 1504 219 546 1504 501 1026 180 840 180 1837 1662 898 1908 983 781 781 124 1411 501 898 1337 1755 180 273 1662 180 1292 1602 677 781 1704 546 546 273 1961 273 314 314 983 314 1908 1873 1337 1704 1026 1026 675 1026 314 1375 1442 501 1201 396 677 898 501 1797 1411 47 1375 1704 1797 2000 1337 47 1961 589 86 1961 840 1961 86 1873 677 446 675 840 314 1602 1154 1292 942 1961 1961 1504 1837 840 180 86 1026 47 86 1411 47 1201 1201 1961 942 546 781 1908 1201 677 589 1662 314 1662 180 501 1375 86 47 1242 1704 1873 1292 1411 501 1026 1837 631 1337 1549 2000 631 1026 898 273 1504 1411 446 1837 983 219 501 314 1908 501 1755 180 273 1662 1504 1026 677 1755 546 1026 1662 47 942 631 898 273 1755 1242 47 446 1375 180 273 1961 1411 47 396 1201 675 1602 1292 1961 1837 396 273 1026 219 1961 180 1066 396 1201 631 1961 589 898 314 1662 446 1961 501 1292 1797 1026 942 314 2000 1549 677 86 1026 180 1504 1797 47 446 589 781 1242 840 1755 1504 1755 124 1154 47 1154 1797 1908 1337 86 1961 1837 1201 1961 180 677 501 1908 1837 1337 2000 1549 898 1873 781 1411 446 86 1797 546 983 677 1602 898 1504 314 1797 1755 86 1908 631 501 180 1337 1602 1292 589 1873 1837 589 1442 1704 86 1662 983 86 1201 546 1873 446 273 1797 1026 1662 1026 1442 47 1873 1411 898 1797 1837 1026 898 898 1375 1704 124 180 1154 273 1154 677 180 1411 1411 1873 546 1662 942 1797 1337 86 180 1242 1154 1755 983 1755 675 314 1442 1026 1602 840 219 1066 501 1837 1755 1026 1961 840 1066 546 501 180 314 675 1549 1292 1797 501 1026 1837 446 2000 840 1755 219 501 273 1837 1442 840 898 781 1602 781 314 1026 2000 86 1755 840 1242 1375 677 589 1411 1549 1504 589 589 1662 1961 1066 631 501 1201 546 1242 1549 675 219 1602 1837 1797 1602 1704 1337 1873 1549 898 501 446 1549 1908 1337 898 781 501 1908 86 546 1242 1411 1797 1292 1026 781 1704 1662 1242 501 1504 273 1549 86 1411 1797 677 1602 314 631 942 396 1755 1837 781 1201 1026 631 446 1066 180 942 781 1504 1837 1411 1504 1704 898 1442 396 1201 180 1961 1549 1662 546 273 124 1873 1549 1602 781 1873 1755 1292 47 1908 983 396 1797 446 446 501 1066 124 1504 1602 1411 2000 631 1292 1755 1411 781 1755 1026 1797 446 1026 446 1908 1873 180 631 501 677 124 675 124 314 1662 1704 589 314 219 840 1242 47 314 273 1504 840 1662 124 1242 1242 314 1755 47 898 47 983 781 314 1375 1961 47 1908 589 273 1154 677 677 1704 314 1961 1504 273 124 1873 589 675 1755 781 1201 1442 1154 446 589 1292 631 1662 1549 1292 1662 1908 1242 589 1961 1504 1337 1797 983 1873 1873 1066 219 840 1337 631 1755 942 840 314 1242 501 983 1201 1797 677 1066 1026 396 501 1549 1242 1066 675 1201 1961 1066 47 1201 1066 1908 781 1292 1442 219 86 124 1797 1908 501 1662 314 1704 1442 942 314 1411 1026 314 1662 1504 840 1504 1755 501 47 983 1961 1411 1442 1026 1442 1504 180 1908 1704 1908 1602 273 273 1292 1411 2000 781 1504 983 1602 983 589 1662 677 1375 219 1337 1066 124 781 1292 840 273 86 546 1375 314 589 180 589 1662 1504 47 840 983 47 2000 781 501 983 396 1337 840 1154 983 675 314 546 1549 1066 675 898 314 396 47 1442 942 1026 1201 501 677 314 1242 1337 983 124 1026 1549 1662 1066 1154 501 983 1292 1704 589 631 1602 1411 983 942 1704 983 1375 1026 781 1242 1026 1755 396 180 1066 501 2000 86 1908 1292 1154 1837 898
