765 1828
860 652
101 337
1038 1300
790 1966
1121 1022
1235 1779
759 141
846 143
504 286
1095 213
954 989
307 68
1799 1804
917 1173
954 168
301 1970
70 1386
734 506
202 506
307 1082
1224 251
888 1844
632 1476
888 1970
1578 1804
186 1499
481 560
734 1856
1367 1003
11 500
1991 434
1566 1032
765 1475
481 748
1875 1392
1421 1536
1335 84
980 527
1257 955
14 1051
242 756
190 1314
1002 793
816 410
910 831
1335 1476
175 1798
640 574
724 1569
710 1884
1446 1293
3 620
1800 219
1224 1546
888 966
646 952
710 1480
854 1732
888 342
780 1470
1411 1056
1642 1499
1038 1267
839 1860
202 893
14 488
611 1561
12 934
734 588
1080 902
1318 1956
1335 464
1270 1546
753 1966
1774 1863
809 1009
632 1709
1280 1098
717 1561
89 1158
718 593
1156 546
1113 1517
1948 342
759 568
1691 1856
1961 1582
1730 989
1097 1043
257 532
1555 1437
362 1480
1404 1051
655 983
1960 541
1187 1500
917 1970
954 1346
883 1004
996 1754
974 22
262 258
1080 295
919 473
1670 981
1074 492
1866 719
924 1630
640 819
392 251
396 1287
563 1351
20 415
1670 1661
362 116
111 1172
1802 644
130 981
1388 1349
974 483
1080 1790
957 1903
37 484
416 1790
608 1779
272 1791
823 495
1356 232
1989 1108
1507 124
1859 588
1343 1804
307 1996
70 1349
1018 1499
477 1523
1411 1503
1076 500
961 1480
740 1917
41 639
794 1872
1670 373
511 1826
1985 1561
1325 637
731 1070
1964 1788
203 1514
264 1178
1041 556
961 210
249 340
1564 541
946 581
1396 947
504 439
642 1437
1550 22
837 527
1242 1860
1728 233
382 1503
1363 1828
937 68
759 769
1239 844
1701 1855
801 1504
780 233
176 1022
1080 273
1038 1386
366 457
747 251
980 1060
1642 210
917 265
1874 588
632 506
715 1351
1874 1796
477 1158
14 1009
343 1088
1335 1070
1963 844
717 1178
1957 1939
710 593
414 483
125 78
136 519
153 1379
1874 518
1097 1860
552 1142
70 306
1087 285
718 1452
1278 1336
1242 1856
1614 1408
37 22
1404 1431
1315 1775
1147 560
14 802
1780 1334
1411 658
1412 1616
504 1445
1799 368
764 1733
1670 1499
1018 1465
1605 1326
602 1804
362 802
1985 1503
632 742
367 1860
1278 54
805 777
1278 559
1144 124
1335 1987
1432 456
1235 907
780 716
175 1001
616 1017
957 1094
717 1794
1140 819
20 1349
996 777
1335 742
513 981
759 1194
734 232
740 1201
632 168
728 1326
498 1436
1792 558
602 1392
1960 652
962 1917
1146 679
14 245
980 1722
176 506
1632 1105
1847 4
1175 1713
632 777
914 546
1384 532
1589 606
191 1524
466 1575
553 168
282 1017
666 1199
1670 1913
282 1480
1799 28
1584 1200
450 1218
591 1883
710 777
810 48
1169 1323
740 1312
888 1511
823 769
1278 679
1128 1522
1889 215
296 506
1881 1435
1657 989
1128 1616
765 1760
1006 484
1072 955
1278 973
191 1177
455 1791
1764 685
520 233
1444 6
1610 773
657 1826
1881 1183
177 1032
625 1370
1363 1860
1335 1178
89 28
805 1070
1683 748
1527 1819
1589 1172
1730 1442
609 1172
367 141
1892 22
980 206
1249 1999
1289 143
176 1913
257 546
734 250
694 1062
1411 353
767 1855
176 818
1356 168
949 119
113 456
1753 1205
1321 546
1879 298
1074 1478
1570 182
1660 1709
367 832
1224 86
203 832
1605 559
1637 1061
1278 1856
1139 291
1513 1476
954 1949
1316 1266
113 180
1605 966
1421 1293
1124 403
392 232
1830 328
784 559
1875 1441
191 1713
697 1517
1780 84
307 560
1007 576
1128 152
1842 1451
805 1194
1404 506
164 434
655 1496
715 660
1555 54
727 593
1692 251
1087 475
1989 1841
852 1708
1331 1735
525 1499
67 1428
1038 593
1156 568
66 1520
1363 589
1456 1349
385 1048
1694 68
1694 1883
1006 1794
297 1470
307 1755
1614 418
1338 712
957 647
817 464
1852 1769
1554 245
1064 880
1901 1546
919 1906
1981 588
1603 251
743 981
1239 751
805 1913
854 1254
717 1972
1905 1972
1363 559
1921 912
485 291
640 777
257 1856
1885 425
1584 1198
1963 1025
1824 1609
1965 630
694 124
786 1557
1989 1243
657 479
282 1368
1778 1207
808 712
307 614
1985 1676
1367 546
1432 1861
1765 1714
239 793
1859 935
1038 232
53 1750
1964 1017
1666 1755
1680 347
530 582
1113 792
1128 712
307 22
1270 337
190 219
1879 1890
543 273
1691 1600
50 220
1235 506
940 1158
1985 28
284 1783
1037 606
1291 196
524 1522
411 1853
1592 484
385 912
917 398
805 886
734 1371
752 534
1038 1714
1235 1158
1192 54
1594 947
980 793
997 56
1471 1641
538 1897
44 1154
1249 802
530 1925
914 168
663 316
1291 449
70 502
176 1434
1610 1647
740 4
1235 568
692 1349
1455 1504
543 488
980 1522
1208 473
1965 134
80 291
1859 1779
1606 59
11 23
1037 518
115 492
304 977
747 1264
543 1934
17 893
1780 819
1037 273
12 588
734 84
734 152
208 440
1948 1863
640 1370
203 1476
987 1094
1670 434
753 1036
1896 1996
1901 342
1093 844
715 374
329 298
186 210
1455 1860
1663 1314
1000 1773
1780 1856
341 35
946 960
1453 373
1367 90
1559 966
1892 142
1235 560
609 819
264 1808
513 300
817 1293
1093 1736
1235 1561
1487 1266
31 912
1535 448
1555 559
962 1546
481 1368
624 1546
655 981
980 1561
1992 210
784 1480
640 1194
1507 245
855 206
829 1876
190 644
248 1657
1306 1563
1992 35
184 943
1879 1157
55 90
1156 1308
177 1222
186 882
1670 148
1455 712
1992 983
1128 1856
422 1009
485 141
1282 1883
257 479
917 475
1139 683
1611 152
1982 232
1738 1726
1957 1926
1846 1300
167 1708
1404 546
640 1563
632 1595
498 415
1535 337
1072 1178
594 473
1335 588
594 1999
378 1779
700 559
780 1792
731 685
1128 408
113 1173
1270 650
1892 1435
1513 1264
1566 1150
467 289
122 1791
798 1313
272 830
1416 769
1282 1172
1605 1863
194 91
1576 1561
1002 342
805 232
371 1371
66 947
1038 54
1957 886
101 1178
1879 902
586 952
1283 1947
1493 506
1164 1431
1728 1717
1278 1178
1764 1009
1113 1616
1473 1281
1335 912
1529 1098
1502 1313
759 1976
1881 91
957 1061
1721 168
1830 1481
1702 234
530 16
914 440
1393 966
1605 114
242 795
1409 506
864 116
1730 134
949 593
511 68
634 1563
553 704
1439 440
724 1639
226 1563
1907 484
1249 568
586 488
621 169
1235 1913
1885 872
1063 440
1892 1070
130 1101
852 903
80 1714
362 1647
980 163
914 1470
1513 1935
553 447
1038 1194
1072 1709
1957 1517
860 1056
1080 1935
917 460
961 802
66 112
307 1913
1594 1172
307 434
1097 1173
1140 454
1985 59
1501 1178
9 1913
263 1760
1702 68
1494 1536
348 683
717 1716
307 1741
1396 1314
591 1553
686 1152
1807 1349
1603 907
257 1522
710 742
1985 783
578 1972
1493 615
186 1906
905 1794
879 22
538 1759
1015 1437
863 1346
1393 1194
1038 1853
1421 178
1702 245
624 1936
1799 541
1770 1860
533 119
734 1913
1318 1098
509 1563
407 827
503 777
1074 560
854 1980
44 484
997 316
176 844
1642 54
1235 232
1453 342
805 1860
70 1184
1097 342
1343 574
80 536
1912 1709
1249 773
682 1927
959 1267
621 1305
46 237
130 1708
501 1899
1439 1207
1995 1199
385 1856
1204 671
1381 1098
1439 246
899 830
850 116
1589 425
1985 464
14 1975
1384 13
1605 1856
1237 568
1128 434
640 588
208 163
624 882
1388 571
1224 670
1592 1808
1455 452
31 251
1356 415
1513 492
1938 1657
453 1902
1033 1893
533 777
1571 506
1696 1616
850 1013
1901 769
1566 769
241 944
67 1828
1555 1012
1731 1913
1764 140
1144 1563
1038 1086
925 1323
759 1176
1568 475
1006 215
1562 1775
367 1496
866 1546
1892 192
996 1853
1768 398
31 1349
1562 1480
411 1476
1842 1600
1932 1178
657 456
1147 1445
1363 802
737 989
46 1999
1112 325
195 973
513 802
1318 196
1187 464
1704 1435
20 434
115 869
70 884
272 891
1357 1673
1527 797
72 210
1243 1595
1670 1150
824 1849
829 1371
824 460
1303 1069
1269 802
949 631
1387 683
1603 596
487 1009
883 650
823 439
193 1790
734 408
1411 168
971 1470
1356 871
1951 559
1985 1814
1692 1652
1224 1323
1973 1514
257 1860
1806 1475
759 1499
997 1762
376 1755
729 1503
1632 54
1566 83
917 439
1843 527
1144 1210
513 1561
1289 1662
1139 1844
1006 981
1156 1783
401 1713
640 464
37 245
20 637
1527 1314
723 948
1859 802
459 484
1404 373
1080 1230
946 1517
906 589
1905 285
1513 393
1576 1467
259 1709
45 1317
1764 1194
72 1274
1432 1031
1128 2
1238 434
740 245
729 215
997 679
1611 1100
1605 912
411 462
85 245
866 1440
913 1172
1802 1264
1103 1853
1971 1976
1541 65
198 1794
1112 342
1318 1561
1321 647
1128 606
498 1010
1566 335
1867 639
1239 1845
1778 219
1121 1849
501 23
609 1575
1270 1475
426 215
1835 1600
1327 712
525 1548
1156 1514
498 1434
543 1061
1006 1913
1453 1863
715 679
504 1572
852 427
986 500
1737 934
1562 59
1483 290
1404 981
686 844
1535 977
1705 931
438 1856
50 246
98 989
910 473
42 1465
906 1332
385 1358
1670 1470
411 1332
175 1841
1187 1368
940 213
1576 439
1097 435
436 1281
1404 408
17 404
817 1794
203 400
44 210
1663 188
1175 1853
1187 1003
1034 1935
436 1178
1367 1548
1584 679
20 1840
731 188
1901 425
471 1068
396 1522
1455 1475
1526 434
334 637
728 1480
823 352
829 1783
656 1119
1224 606
320 1440
115 225
1592 944
1900 1966
1611 1039
517 1323
1473 342
1126 955
924 1480
1303 1975
925 947
115 757
12 256
1765 1590
1146 689
723 1167
1335 1860
1907 606
1964 1643
717 410
1289 568
784 141
1416 1475
747 1194
635 427
203 188
1982 189
1278 1436
1571 1600
1367 1607
176 1722
1576 521
1764 419
1006 912
1549 134
655 59
913 1845
1289 245
731 1523
209 434
954 588
865 1435
961 1708
917 1860
1800 1794
759 802
1439 1194
29 1009
101 773
1594 1804
1687 1069
1867 510
110 1523
1006 593
836 1536
919 1722
1306 1722
208 886
307 1470
564 484
851 1403
949 1517
717 232
1097 457
657 1173
717 1003
1412 1869
1393 758
1731 116
296 141
878 232
396 1829
924 1009
1343 205
1702 1003
591 1503
1513 1105
1995 206
919 427
1957 1779
1146 558
194 1779
789 188
130 1043
634 832
411 1445
1128 475
1289 1442
1527 1662
1589 1980
1217 484
879 408
297 300
1610 312
385 1371
916 581
1097 1371
1764 1524
1985 440
1603 483
442 1909
731 560
1851 479
430 639
307 61
12 1480
20 342
1706 1620
765 1979
707 1661
1416 521
156 1500
14 456
1121 1643
780 1899
1140 947
759 168
1356 408
1558 811
617 163
1501 245
469 1148
1568 116
957 1194
1192 61
70 560
744 456
57 897
1951 766
1038 1470
724 1001
1327 1733
1683 1569
917 1520
1800 91
958 1869
850 1734
737 1826
826 630
176 832
879 1777
1214 1647
252 973
1453 1158
1278 460
339 1682
533 1385
1606 1084
1473 479
1645 1500
530 119
1570 383
610 325
1421 773
396 912
538 68
917 1026
1806 1980
1982 769
1325 440
1404 23
642 168
974 742
1432 1561
840 1386
1006 1349
1670 1856
817 337
728 1395
122 920
1824 1784
481 484
922 213
436 671
1842 1934
1566 912
1963 712
1304 183
317 639
1297 464
1095 1840
601 830
1663 1057
264 560
1018 237
53 1305
616 1245
829 1323
899 1057
1963 1194
1687 364
1110 472
1957 1366
655 853
1985 386
737 614
74 1654
1340 1009
1038 213
1318 293
727 1371
468 1772
1145 546
1121 541
385 479
1331 568
642 973
1006 425
37 464
710 434
1278 742
176 237
1530 1777
406 814
954 550
339 260
194 1796
469 793
1738 439
1235 425
92 22
1113 873
727 506
1097 1437
850 1876
1338 1708
1335 1970
624 1760
1455 1476
919 1674
734 188
836 571
1738 1434
1960 1887
501 1946
186 1856
1912 593
177 152
1278 1470
1560 286
433 730
616 758
805 802
717 1470
563 639
307 342
1156 439
70 588
1006 1590
809 576
1456 131
1074 1561
710 630
917 1266
883 1184
543 858
41 61
538 1266
302 1138
525 912
1501 777
642 1673
1778 1977
805 907
728 1546
855 1467
1830 1520
307 232
9 935
980 116
1704 882
829 1860
625 188
341 289
1566 410
765 1769
489 653
1306 335
624 1070
964 1747
30 54
715 213
665 947
12 626
1072 473
586 903
731 1561
1753 1389
257 381
1778 560
274 1903
1892 991
764 650
351 188
1432 219
242 1051
115 1070
1605 1935
1615 1936
1730 192
1156 1281
203 1970
1029 773
1038 802
632 119
70 1070
1912 1100
1278 464
1038 966
257 1616
176 1773
1907 568
961 832
504 576
794 219
1129 1371
1283 1292
700 857
632 1856
20 880
1289 615
307 1499
1439 1703
794 819
1780 342
525 1733
764 1100
1393 1869
1283 560
491 1788
816 1902
974 1760
1985 1853
248 506
70 1600
491 1697
42 1346
625 1876
481 1082
1338 1268
1182 1509
1576 1158
70 1621
1356 1251
1444 452
727 435
46 81
743 802
734 134
1388 1195
294 819
1764 1970
1670 1935
640 1913
632 1051
632 1722
1072 388
296 1287
731 903
747 1022
824 1755
1156 233
1455 1708
1811 168
376 373
385 1274
272 1709
1793 1926
1321 639
1666 895
1513 285
411 934
962 1293
1416 819
113 558
70 1860
1109 492
1963 736
1140 1522
640 1445
250 1537
1037 1876
307 1194
816 435
121 500
505 806
186 168
734 90
1367 1051
1704 1913
767 1913
646 1276
1501 1349
1859 342
1224 1442
723 1508
176 1158
297 359
1439 769
557 681
552 1546
153 1042
329 1902
1282 35
17 18
385 1178
1072 907
504 1741
1711 1616
1690 1347
1830 180
1002 1804
193 815
272 1883
710 1856
1343 1215
1278 1546
1589 456
728 273
917 484
277 1514
37 691
509 802
1156 1999
767 966
1278 637
55 679
553 359
469 681
1985 1264
974 1616
9 129
657 1149
468 273
1576 143
9 1201
89 484
1555 506
511 1814
11 1476
850 213
759 1522
805 1154
1852 1323
594 1709
642 637
743 479
538 119
136 427
754 1788
1535 576
358 1024
591 683
1224 116
1985 271
636 237
469 921
910 1514
98 683
1578 425
1446 1980
959 59
1951 1051
1006 162
1800 1440
1778 1470
1731 484
319 1061
272 736
954 1913
594 1546
465 435
14 1563
752 776
553 989
517 425
511 361
1513 558
1249 285
1181 683
1306 180
700 65
997 1135
824 1098
727 903
1963 1561
501 1622
376 1643
1337 891
396 464
1605 475
262 410
317 800
996 1010
130 88
1963 1154
1957 1935
317 1057
817 568
301 802
1670 742
609 650
37 651
1982 968
70 793
37 1987
1419 141
686 903
954 119
1367 1622
520 819
42 1199
1589 446
1513 912
1799 168
1388 54
734 234
805 769
186 1845
1507 1178
1416 162
227 388
1270 1158
113 1860
1738 1970
1140 185
1289 1264
262 880
543 581
1455 760
358 1108
1235 180
611 1070
304 295
717 793
744 143
1611 1732
1432 337
1527 935
401 152
974 232
898 521
1807 783
1166 541
1126 1105
1335 408
385 652
1337 289
1763 1798
1859 989
203 650
1279 456
646 152
1584 638
632 1673
296 1178
759 605
367 1323
362 196
834 84
632 534
919 1350
231 1959
1901 1818
194 1431
1331 1051
941 931
186 446
363 1947
511 1300
545 1057
860 1897
1566 1172
829 500
501 1557
829 1481
1411 119
1143 1689
1730 806
1291 1815
1702 819
179 814
367 1259
12 342
1874 593
913 1600
816 68
727 637
1335 802
794 434
1242 1713
1669 1760
1232 1435
595 802
1074 305
686 1174
509 475
1867 802
1404 446
1192 1281
1225 425
1097 1903
362 1043
957 233
1400 751
805 1876
632 1760
533 1561
530 1984
1404 1563
1453 622
1985 831
92 1876
20 658
595 192
1343 521
1932 736
264 678
89 1725
1603 427
600 760
482 903
734 342
801 647
1598 1003
1498 1178
1006 1832
1164 1503
583 59
997 1070
318 519
455 1612
1487 1509
1549 742
296 452
362 1913
1126 289
1879 124
1343 434
824 1481
1549 84
1026 1834
1800 1548
862 559
176 408
1995 1709
1901 1523
1493 1976
1318 1996
1896 219
176 1480
504 1386
1080 1154
646 120
264 1105
1128 568
591 1070
1006 434
1809 1616
1235 245
1224 1970
780 1261
1249 893
1599 205
759 683
607 1546
809 758
1278 59
17 1060
827 256
1455 1815
1780 1517
1027 1798
1318 559
262 703
988 1653
1144 1051
485 1158
72 1613
552 1894
1501 388
1144 1371
1767 1561
270 492
1896 1801
850 439
1247 1890
835 425
1248 519
1764 1546
1570 758
591 712
1250 473
1411 1437
203 1003
1570 435
1982 1176
1830 1293
115 163
611 1936
430 22
1006 1987
363 456
1390 560
837 678
1642 237
111 815
1356 434
317 1722
1859 232
1611 479
1823 1856
734 832
1147 1913
1603 342
1540 484
1156 1563
727 1853
1981 1708
224 571
504 141
186 464
72 981
1291 1371
753 1860
113 1630
1559 1119
1681 559
1097 1575
203 568
545 484
1513 354
385 1567
1270 278
980 215
81 593
1881 1470
14 981
727 1561
1404 1043
784 869
1038 415
301 1775
646 907
744 1517
9 290
14 68
1128 232
1128 777
594 771
85 1503
591 28
1513 1970
203 152
366 605
805 588
724 1829
1611 1119
1393 1590
1670 141
1018 116
125 1903
978 188
1235 893
1404 1184
1363 400
1907 1374
301 245
1985 119
888 1451
20 558
170 188
1393 637
31 1624
715 35
226 1326
1080 593
805 1561
1598 35
45 1406
1390 1779
297 550
1456 1927
133 1509
913 220
723 56
1242 219
656 703
640 1371
1566 704
1992 475
1038 1621
469 1312
1085 582
1874 383
1527 932
1224 912
1270 1330
385 603
1393 479
1896 769
1738 1470
1381 119
296 1561
1146 162
92 659
1513 1057
1799 886
1797 1567
686 550
634 1935
997 1431
1331 220
1381 427
55 979
46 1349
45 16
731 981
496 793
101 1268
924 546
747 613
1874 435
1141 457
958 1326
829 593
37 152
505 1158
1404 1860
1289 408
509 912
1780 234
1896 1370
1411 1910
743 1877
913 742
482 1713
1605 1189
358 935
640 571
744 606
747 637
805 434
1680 1760
257 1332
1960 119
1642 1293
501 1509
563 1135
1879 234
1892 1913
1541 141
724 103
1493 999
302 1794
463 1936
958 593
1885 54
724 1158
1121 484
1457 119
1859 1070
55 1329
836 973
515 386
925 1945
759 152
409 278
501 90
996 439
794 1201
805 568
477 1563
1283 1561
727 659
1278 1522
1507 479
1589 712
1601 1967
1618 571
1763 1638
1645 1043
1589 1057
913 1548
272 1323
36 1152
1611 1970
850 1368
1439 479
538 388
823 679
1493 1860
625 1108
640 1876
1402 1536
780 777
1331 1600
53 1722
980 484
45 506
1786 1860
1085 1470
1404 1844
282 1869
917 1856
1892 639
910 1386
1453 582
798 479
257 1969
49 1697
1800 139
257 703
1666 68
632 225
1106 1906
85 1970
248 1635
1611 352
906 435
69 1366
1220 903
962 1621
29 1762
1982 882
1249 124
646 1165
1421 1773
1367 273
125 1245
1589 716
852 1790
1568 119
1731 1966
794 1860
498 1844
513 425
1128 1009
754 1818
646 28
961 245
1393 673
1748 35
888 245
759 981
334 265
1270 342
1874 777
632 1522
1232 1317
723 500
1363 1158
513 1281
455 1194
734 16
1006 1926
643 999
1006 68
1611 568
208 1970
759 989
1905 1261
1232 985
949 739
1501 1970
1113 1817
1242 61
1289 59
1792 492
538 1844
264 205
1319 1178
538 1970
1404 1947
829 1815
1270 446
724 588
113 446
1472 1482
1248 966
242 1100
632 1804
70 393
296 1913
1892 415
1830 112
1117 981
962 1431
1286 1622
1039 2
1412 59
20 593
1455 1996
1289 1290
115 210
1605 1970
1192 884
1905 251
37 830
640 506
423 483
307 1856
1649 932
242 134
445 1470
937 278
1128 119
1995 774
318 479
1752 492
841 568
805 832
190 1673
1901 1281
616 1500
280 1869
106 1903
917 464
1770 134
850 68
1603 440
829 1476
1065 1804
45 1069
1121 258
1998 981
817 1616
1908 546
385 1157
70 1431
1000 712
1270 408
436 931
1318 116
20 622
856 1546
1658 1999
901 1641
1316 68
634 777
1584 932
1578 1326
663 751
1830 196
241 1174
1730 1561
1447 1371
734 330
41 214
1162 1769
411 1856
805 404
865 447
296 1563
385 1290
98 245
186 802
954 1788
1565 1022
747 62
1694 347
1006 479
1006 1326
491 620
717 1022
45 448
20 300
385 1445
1859 1563
477 162
1472 1130
640 1534
85 168
1041 1009
655 1323
1217 462
747 736
85 1281
1992 577
266 233
809 1105
591 251
586 1713
176 773
686 769
1995 1976
949 681
1799 1032
1433 1314
728 1741
747 1639
1730 1281
274 1308
723 1595
282 1913
958 1596
367 546
824 581
194 232
917 1980
1954 1004
1637 1001
1859 506
917 1379
727 479
1144 1779
964 86
1343 1100
923 1314
1765 35
1506 374
616 1246
1038 245
954 160
491 1709
98 1194
914 1595
655 605
1594 814
763 966
805 168
146 932
634 1179
1589 1522
1603 1010
710 1371
538 1717
1964 1101
721 973
829 1972
767 1467
817 1159
1892 1561
1555 1522
1473 1184
1455 1326
70 981
1982 1600
93 1873
52 1100
1147 819
252 225
426 1575
1686 1561
49 581
1235 948
1156 1057
1212 458
501 1873
317 1287
1498 1434
573 1987
1892 235
905 1772
1439 1508
1670 447
1363 1386
1701 1196
996 141
1859 1674
1242 1048
1097 1476
1901 1563
1989 475
557 916
264 1108
717 820
47 293
66 168
826 773
1705 35
1291 1708
503 1194
1278 875
1278 1509
1905 1856
212 119
1074 1662
227 484
70 546
752 819
53 1308
1095 1612
227 168
1270 688
1525 124
146 701
1610 1210
501 571
591 1226
1139 559
238 425
1147 742
1560 1207
657 454
957 703
694 1980
1439 799
1764 232
1224 1314
642 1913
1144 506
1670 588
888 521
1128 1939
1874 802
1660 1841
1335 1108
591 1371
334 373
501 158
1411 447
717 912
471 1732
634 606
1224 1032
1080 1587
954 1595
1896 1732
723 1808
1954 1657
1670 1101
513 1856
632 650
910 460
856 742
1270 593
1692 354
655 1635
92 1221
710 658
122 1281
385 1520
1594 1194
805 152
193 1762
203 588
416 479
511 1476
411 1762
1257 68
1859 1935
1076 1148
1690 1100
307 606
1670 593
1953 408
1879 603
552 588
1302 575
1562 1267
724 539
369 196
1753 746
901 1674
1338 639
385 774
784 1600
1182 1281
85 1747
914 891
1892 83
1192 1158
203 492
962 141
1335 830
1981 188
1421 1790
1000 449
1670 335
1439 882
1006 1194
1311 1371
1038 1970
817 91
7 1747
744 1779
1038 1762
1859 1293
176 1194
1019 168
824 603
257 1546
272 678
1605 1360
1568 903
1570 576
317 1609
1321 1808
854 506
1187 541
640 434
1874 660
710 981
525 1440
14 1522
591 1520
1991 488
411 558
765 1826
1006 832
896 291
917 847
1731 985
1671 1031
20 777
1963 1434
1278 1503
850 927
1764 1476
1416 1936
1549 62
503 1639
1955 935
1112 660
275 1178
402 1005
1357 1674
917 232
997 576
1881 23
1393 614
824 1791
365 1003
731 793
1739 1382
496 1082
538 435
586 1801
974 1314
1985 637
503 1183
1562 460
358 54
1527 388
1905 1148
1335 1003
1278 1022
1695 1410
115 639
1456 148
1335 374
765 681
699 1869
426 1822
611 1105
634 479
485 1068
940 989
344 1790
114 310
1660 644
997 91
1217 1437
1224 571
852 1138
1529 568
1985 1158
723 872
1501 620
501 434
1402 473
194 560
1343 541
414 492
1578 1462
262 1148
731 588
21 920
1466 1024
1670 1732
1296 1607
1270 1877
1879 1877
491 1351
274 1379
1907 1783
1764 650
1306 662
1985 152
591 869
1131 571
1128 560
11 559
1549 1978
728 1500
367 152
1795 1814
186 1798
503 1845
324 1082
591 232
113 1548
1867 1873
46 300
1610 1245
1289 102
1029 1996
1559 1503
111 1379
505 1057
1528 1845
1367 1856
1318 1588
198 1750
1957 1996
302 1760
1859 152
1529 1970
591 606
1319 309
14 1194
850 425
46 61
504 1349
194 1972
296 568
634 484
257 1980
1182 603
1306 1899
92 713
1770 1876
809 1265
203 206
212 746
1421 1017
98 35
1192 245
1000 1264
1059 464
1162 1820
1780 1194
715 588
1802 869
515 152
1892 559
1670 232
1044 1783
1027 989
1450 581
765 1108
1146 386
31 1281
1224 588
277 134
1907 1801
718 347
710 1178
1981 397
686 606
1802 1794
910 506
1393 464
1501 943
186 1172
385 1708
1738 1980
1147 1934
1187 606
1128 1942
167 603
1146 475
1353 206
1642 205
37 1173
1318 84
217 68
1457 295
1539 948
634 290
809 948
1907 439
1321 1980
469 1435
1315 273
954 446
329 78
1898 1876
1842 853
1306 279
1493 869
640 1293
829 479
1321 806
805 1100
962 1595
491 1500
1242 1108
1565 1451
611 152
1907 1853
759 1517
1331 1184
937 935
727 1070
164 660
961 1454
809 847
824 285
759 598
1303 1051
1991 1596
504 1082
1411 1735
632 434
1963 1435
1555 1135
1964 215
1118 460
1180 1917
14 1970
296 116
694 869
805 408
1343 1826
1118 742
1555 862
538 342
1963 571
1885 434
1249 1595
917 761
226 647
850 1371
1513 1213
727 947
910 615
301 91
1530 1382
954 802
1706 1470
974 1959
511 1368
1335 232
1426 143
1447 688
1765 1775
176 802
632 232
33 951
1278 1860
762 1476
1982 1826
501 832
715 116
879 1863
1859 716
301 1913
20 1499
501 751
1589 325
1515 1760
75 1717
1778 1845
1764 168
954 614
1680 991
222 603
879 1368
1636 1001
1083 1752
257 1503
1493 94
850 1480
1270 931
411 989
1498 1098
954 1522
70 1625
1951 410
866 853
1270 1860
946 631
1658 1349
1321 688
1780 1590
805 1157
655 1371
1830 1766
272 1987
1240 1168
759 251
1765 1710
759 22
1303 1996
717 1480
1113 225
1319 163
765 1716
1289 1500
1594 966
1321 1056
1493 1710
1074 1906
1404 484
1249 1920
1690 1274
964 1480
958 1517
623 568
1412 1817
385 989
917 1094
287 1966
956 91
498 615
1156 1841
1907 1326
1128 374
1592 1480
1800 134
37 374
1270 273
1642 1012
910 119
1955 1056
1393 1713
715 1970
1589 1655
501 907
717 1860
378 1465
430 603
543 1435
1951 68
1589 1478
12 830
1778 1522
14 1840
1660 1949
1242 1434
1570 571
1932 947
1286 1709
1594 1791
747 681
1212 844
307 1509
1981 818
1701 116
392 1643
1830 603
1421 1207
640 1410
1501 1534
1439 1827
1507 1945
958 777
1249 1935
508 1524
1363 1561
487 1772
824 1171
727 907
1097 425
29 1397
640 1741
1603 1043
888 844
113 1057
1306 1509
1457 1100
724 1323
1912 716
1995 546
1331 169
1535 1371
115 506
1421 475
1365 653
1139 1017
1763 989
1432 1902
1957 893
1128 1722
715 427
1393 1100
1611 373
1549 1317
203 1480
809 187
385 1111
1339 59
463 456
1576 205
301 1906
1501 425
1282 1987
1995 559
42 1476
1466 374
826 22
817 484
1013 1386
1356 1817
850 251
17 410
501 1470
1217 141
242 1150
700 1839
1273 174
680 408
176 152
632 1719
1289 1779
1642 1652
1041 1987
503 258
1421 1522
1161 91
1404 479
1905 1445
394 1595
1602 118
655 1194
1566 903
1963 1607
846 1032
296 1826
190 1582
826 1048
307 143
248 1869
193 1520
407 703
1951 1798
186 558
700 1876
194 1713
1182 832
1270 427
850 119
1813 91
888 237
1738 832
864 364
1225 1750
12 290
1038 290
728 4
113 35
481 615
731 1003
14 1435
1670 337
1571 1673
1356 454
1670 1853
1805 1595
358 1057
957 777
194 1125
282 1508
14 408
1356 560
1338 645
1666 588
640 141
1212 1582
1550 841
1642 1877
264 802
274 1734
1412 541
304 792
1139 689
586 1853
526 776
1072 960
1901 1173
1960 532
1282 985
835 882
1278 1323
1270 769
1985 38
1671 1996
1778 562
481 435
913 1936
1367 210
1559 650
1411 1572
1544 1755
70 1480
199 1760
727 168
1962 1036
1224 215
817 1009
798 1158
363 560
501 400
176 588
1006 1043
324 647
1097 1779
634 769
7 1230
564 1265
632 1970
275 1732
798 4
904 1624
176 1351
1356 1561
780 1517
1992 903
1871 1195
1140 1509
1187 1741
485 1857
888 688
949 985
491 116
1411 1972
1527 1172
1282 342
1393 116
29 1199
1780 1017
371 1036
1728 1834
477 662
686 1100
1758 620
1087 1470
186 374
242 168
997 1178
307 1563
1071 869
248 383
1558 1841
93 1157
485 1349
1477 1855
634 981
1905 588
727 773
1901 1371
710 86
241 1417
1670 571
1372 691
624 1082
919 94
724 650
1907 1826
1692 187
852 1661
318 989
1367 1178
1885 577
420 1371
1242 576
1802 529
974 1475
715 456
1805 769
1249 1499
734 1970
543 1869
1416 1783
176 546
805 1769
1780 1970
1286 213
798 1178
1233 1844
438 1717
257 1061
17 1591
1555 649
504 1201
1951 1987
498 1826
839 1717
646 1262
504 830
1589 152
881 196
752 1098
481 245
1249 152
14 1876
1859 119
609 938
964 447
655 679
407 981
896 1313
1429 1094
136 814
1278 989
1319 1043
1690 359
1985 903
339 891
92 1710
961 484
1063 912
538 1313
632 1561
655 1517
1456 830
914 219
1254 439
1439 1996
1907 1553
957 704
1278 68
624 673
714 245
1941 1451
896 1266
1679 1084
817 683
1584 434
1166 650
686 134
89 1933
45 1281
17 830
1127 1548
55 1375
794 360
910 777
1859 1856
1126 78
854 16
158 1329
914 1084
1318 342
1095 1736
1583 1819
177 490
1859 1313
1412 464
1690 59
1764 1873
1252 1860
717 83
1164 1184
1830 1068
272 1643
358 213
1962 763
1704 1987
530 1300
717 1230
1730 1434
176 1794
1663 1906
190 435
1416 681
1278 792
1224 232
578 1996
1000 1001
899 1184
566 395
1985 1855
737 84
949 1151
1879 1918
1242 571
1995 1385
1404 1138
481 802
1805 1708
954 897
734 903
824 213
176 1184
37 1084
728 488
1421 832
1802 943
1507 361
1113 215
1589 342
723 488
257 1009
1748 1300
1124 1108
1730 434
1541 1158
1192 1003
70 1840
469 1709
1691 1949
1487 1822
602 1902
805 1999
1477 546
1467 452
1603 844
718 1349
1670 1876
601 1970
1455 912
809 831
1548 1043
764 1523
1859 1274
740 1058
957 1522
913 1913
1892 588
1318 571
33 1708
264 1815
1430 1582
1549 1264
498 736
1404 1452
1065 912
919 1070
1663 1662
520 1199
1859 1709
1097 1735
1187 660
70 647
1663 265
1278 434
55 973
817 1184
1072 683
1670 1024
70 1936
208 1445
1672 326
1605 1475
1390 647
809 542
914 1980
1964 952
1072 1725
491 225
1529 245
728 1001
1896 660
455 1070
503 571
621 429
954 650
1513 1261
358 360
1981 1945
1416 1567
1147 1790
726 882
1535 830
301 630
498 843
1745 947
1660 769
1513 1826
634 1323
362 1476
718 637
1072 353
1404 273
961 91
1209 232
744 519
728 1056
115 1788
962 606
1282 647
1318 1326
125 1860
735 886
301 1371
1800 1752
1321 1616
70 1437
509 1346
1529 1522
20 832
794 373
1560 1153
1363 1682
1501 802
1670 506
1006 1600
1702 337
980 374
759 1105
203 1178
1540 893
1103 1108
1348 832
1555 571
940 59
1367 435
52 388
1951 1267
433 1673
1255 1431
1611 1230
1249 119
45 1840
1319 832
1087 1108
362 912
272 1667
1830 1323
974 1779
1140 1575
491 1794
416 1138
1948 386
1356 215
1983 1936
450 1349
974 1902
954 289
513 688
727 1595
257 606
14 1184
855 1056
1033 1722
221 603
964 1266
1029 102
699 1546
369 1630
481 163
734 777
974 336
710 1709
1566 68
1079 716
491 188
962 546
1765 168
632 606
1583 1595
1071 1207
642 306
498 1984
110 1600
906 819
1429 220
74 1616
1404 880
949 1622
914 1464
1806 1583
913 1499
227 1346
1555 593
1006 1157
409 620
12 1620
1128 1305
1778 1434
710 215
363 1709
1081 374
1692 78
513 571
1455 353
469 1999
1799 1970
1601 1517
1686 871
1037 1801
72 644
1944 1452
1686 1976
1127 769
385 1829
203 1856
917 245
1605 1435
1097 576
20 977
1447 1499
1128 588
1421 285
1981 1452
998 1476
646 251
1472 1775
1325 460
852 907
1859 1136
241 452
504 1194
1128 1452
190 1804
1139 1364
1603 1788
75 434
1642 1561
655 1256
70 434
731 506
734 1522
381 576
115 802
767 1949
1493 894
362 124
1038 116
1589 168
959 1890
1331 1480
12 1051
1456 681
1982 603
759 679
525 16
530 1561
817 679
823 931
55 22
66 736
1432 802
1447 447
1738 1546
805 1184
1645 1673
923 847
55 1980
14 1913
136 948
710 479
1780 912
1235 1733
866 1959
176 1662
242 1856
411 637
1282 1368
632 213
686 989
504 1161
1247 653
632 480
1270 232
1144 871
997 871
45 134
868 742
1363 283
329 1915
1589 1890
1041 1788
829 169
1249 273
949 219
176 215
1491 1936
513 1595
1208 1821
655 1732
1907 1168
385 439
640 352
194 446
1800 251
1097 568
1527 1499
1691 479
1393 245
1680 35
190 1265
1127 799
1085 1639
1738 1561
1513 603
1985 1274
1429 681
829 1480
715 68
595 1779
257 152
1282 1213
498 1475
1097 152
996 1595
1874 373
385 1417
1748 1500
682 593
106 1347
72 973
634 1629
257 141
1765 1082
242 1290
307 196
1006 1172
1555 1653
1306 593
1439 1198
1938 546
642 1292
1566 650
632 1022
655 1003
259 1548
798 1523
1000 1375
817 383
444 777
1156 353
962 68
1411 1158
632 571
301 141
430 1264
898 1022
1162 1265
734 1194
1396 1100
1144 1762
1367 519
70 484
1321 1488
642 581
1128 521
304 585
208 1769
1660 1349
624 736
906 91
642 593
1768 91
663 119
1584 1902
176 1379
1764 1996
1605 1890
1670 439
1388 1673
264 1189
794 546
1594 285
737 289
1331 353
501 1522
1080 1622
31 456
501 119
177 1183
504 1911
632 546
595 1330
957 832
1041 1926
176 168
257 830
852 1499
122 1684
1694 415
46 215
1594 1274
1961 1801
1957 1762
1507 1395
367 210
1393 1999
318 1154
1289 1269
438 1298
964 1375
1566 1600
1680 1685
203 1735
1892 1504
917 1194
914 832
1672 1773
1432 59
1585 1783
1187 1744
721 119
1128 1406
1232 880
1765 506
199 368
632 1710
1335 1869
1614 1622
1679 936
485 1488
307 152
940 435
563 1761
101 620
724 232
1491 886
1555 1199
1586 1884
805 484
1027 644
737 1725
794 1138
1343 1281
552 1994
12 1003
1991 1012
996 546
12 732
459 639
823 1616
363 660
252 760
176 345
731 1956
1097 1600
1985 756
284 1299
1404 653
1501 882
646 1935
1296 1199
710 560
1250 1783
696 342
578 464
747 1966
351 464
1279 1347
723 28
1146 196
1507 973
1139 1996
37 1969
805 188
640 1470
1455 1834
710 232
367 1349
824 273
917 165
640 1760
1112 84
1493 960
930 400
805 1784
1823 1709
1404 1856
1162 137
186 1177
710 506
44 575
49 359
594 568
70 1970
764 1486
1027 558
1642 1056
940 777
744 306
367 424
1192 832
203 1287
563 388
1764 1798
1331 777
257 637
1006 588
817 664
624 65
85 141
805 368
954 1178
1764 832
591 577
1110 574
1529 1503
275 386
917 1616
1483 68
1951 907
642 560
1905 1844
1780 1218
625 761
805 1996
878 541
865 1903
1072 456
80 1776
672 1794
616 880
1611 519
1670 769
1541 1876
477 1913
436 588
595 291
1672 691
183 1845
1501 1980
1991 1845
1187 1845
1605 1036
1416 1520
1356 452
734 1500
394 1876
1038 1051
501 1762
1780 1379
136 1629
1564 932
1065 820
764 91
1645 484
1038 188
1357 639
1510 559
727 400
385 606
680 21
262 1130
1660 68
586 1434
829 546
624 225
1655 1616
367 119
913 251
385 1860
113 1424
1381 639
362 330
1162 116
1089 912
959 425
744 1521
1080 316
1109 159
1156 1984
380 1440
1859 832
1506 251
1225 1760
1691 1575
1780 1975
280 1098
1763 163
1027 1142
1074 1803
1594 434
1327 659
809 1856
910 712
416 1043
1180 1198
1963 265
617 541
394 983
1097 1287
85 606
264 1431
513 434
632 337
257 1777
1964 1841
1670 408
471 1445
504 991
1549 1070
879 229
604 1012
392 388
413 966
1242 593
1881 907
1778 1762
1571 330
17 1173
1578 891
657 1158
817 546
31 1713
1453 1837
734 1987
1144 1839
411 1976
1764 233
1705 1520
1764 1834
1097 1326
37 541
1738 606
1365 1437
1859 1173
1282 1051
334 1779
731 245
1249 777
865 245
1291 510
153 1431
743 1890
1429 1935
555 1762
648 1377
646 1845
369 342
1335 342
1859 143
45 1913
727 1266
1867 1856
1120 1717
1602 769
854 1032
469 1176
14 1856
724 1732
176 1546
1564 1783
45 1845
528 1762
794 460
859 1178
1432 1999
996 460
530 479
1892 1854
1411 325
917 1779
1270 1784
1571 559
1859 1980
731 1173
747 386
1291 847
1474 1987
1182 1761
1038 1500
1642 1265
1764 1051
687 1523
1510 408
1393 1820
980 210
1879 1070
125 630
1411 720
1702 448
1584 383
242 777
632 936
1989 141
242 541
888 593
1705 251
1985 712
51 777
201 359
864 1056
1006 1860
1764 245
1566 1195
1670 124
203 546
396 1264
612 1927
318 903
296 1407
517 973
940 1100
1985 245
1515 1477
734 464
1248 116
20 1563
957 1374
1211 1717
1570 1966
1002 1368
485 506
817 36
481 1646
307 519
1730 703
14 571
1121 1264
380 667
917 434
632 832
1892 1970
680 660
829 1779
1558 903
996 479
1748 1346
257 1829
1925 1070
1242 539
1396 802
997 1467
1166 1075
1985 353
961 1662
1249 456
594 388
1896 408
764 245
543 955
962 1636
1242 1814
836 59
1128 1657
737 1934
1343 213
513 23
1587 1281
98 228
780 479
1388 119
367 751
1608 373
1038 832
1289 62
862 1043
367 206
1416 1853
710 1935
1706 142
655 1844
1881 219
1879 1470
66 1154
1249 1051
794 1300
1758 853
1242 559
1238 484
274 1223
734 1281
1954 1281
961 431
1589 1841
1109 1287
996 1346
227 84
1396 91
1538 1956
37 168
980 777
957 1717
1850 1251
727 893
964 742
153 630
616 1344
20 568
50 1488
586 1777
717 948
1192 1827
824 1451
227 228
1291 1509
50 1546
1083 132
367 1798
1985 1709
1670 1031
362 1108
411 546
636 1508
14 342
1764 1153
1973 359
1985 1108
898 104
633 1987
296 1735
1992 1856
1472 1082
1780 1158
1093 120
85 152
1691 1779
710 1869
1957 1481
1670 342
1965 316
1411 1281
727 777
1249 806
724 169
836 650
727 245
1128 1624
20 1561
962 1312
1242 410
191 1476
1319 1476
958 415
1384 1700
1964 585
515 761
1992 484
602 1368
37 373
414 213
459 1251
307 1561
1493 163
1128 830
318 1330
469 25
731 932
1566 546
829 116
852 60
860 1251
1585 446
1998 174
591 1178
928 188
1006 893
1369 1264
1874 456
852 1178
14 506
29 559
1164 952
655 1470
194 460
1879 1891
1038 1420
747 542
1249 500
1555 1051
1270 245
385 1972
1941 425
731 1481
1306 492
1147 769
852 1434
996 1804
1800 68
167 955
75 518
1879 1329
1538 361
70 232
1706 1622
1573 1970
307 1157
257 1051
1847 1622
1257 1855
1018 1808
1763 1266
829 408
699 427
37 408
1286 1346
996 1561
1800 777
20 1751
1383 1826
1745 1987
530 1475
1363 506
1429 1653
686 1563
1249 1475
230 278
1859 1347
1541 1733
463 660
1731 447
296 1323
477 1069
218 915
176 652
1110 603
997 1403
1291 1863
794 35
744 99
1224 1287
734 163
1874 119
937 558
146 1008
640 1844
1592 228
1692 1178
301 659
1238 1003
1473 1465
1908 1075
297 751
37 1844
1738 963
734 1158
1867 347
1670 119
954 1517
442 1223
177 777
954 1860
1006 521
242 90
543 679
1439 981
70 1375
1235 168
1097 506
698 408
1879 506
1021 1717
1670 712
715 1094
106 1575
632 152
209 560
70 966
961 571
1599 932
491 1667
599 165
1924 1902
624 1178
1780 168
42 1546
566 251
1021 1012
1670 1435
1367 1895
242 610
1907 832
376 1869
1471 1841
1363 1590
394 162
307 1465
1614 188
1006 742
563 1980
294 1119
1429 1769
1319 691
1507 1876
1169 884
1161 374
302 1347
1237 483
1006 704
1097 588
646 1980
715 1105
130 1505
1806 869
1943 989
913 1195
962 742
301 1142
949 373
1092 16
1800 1595
1363 912
949 1936
1295 761
850 955
242 546
694 1950
1225 506
680 1856
1487 1750
1737 1779
348 210
512 206
1951 830
752 1480
282 22
656 1522
625 760
715 1371
1568 576
1217 577
1027 769
1249 1856
301 588
117 271
55 880
1421 1349
954 1194
1696 1643
85 541
834 1783
307 1266
1432 989
1992 1172
1881 1935
272 293
11 1259
1518 536
1589 1490
1128 1068
632 576
1938 1499
1447 981
710 571
20 1138
798 1470
1778 1108
958 832
964 777
731 232
1574 144
752 620
122 1371
883 440
1982 981
203 1972
402 1844
209 506
1128 1434
70 1509
1439 1323
1455 1779
1133 1274
954 1470
307 1906
262 168
686 1178
1594 989
12 771
515 1379
1670 1003
367 1890
516 1841
1963 1215
1859 1970
728 1980
307 1796
1260 1009
710 38
1896 91
66 1264
997 68
1139 857
1957 1557
1249 660
747 884
924 1820
