199 784
1555 1312
991 154
200 1873
1695 1975
911 1987
1639 1713
204 30
457 927
298 848
1900 584
193 1336
1633 1740
1438 1550
1239 252
436 329
320 377
282 836
1098 1542
1017 804
1224 1122
861 15
83 1345
1539 1058
502 366
1310 1553
559 443
63 977
33 611
744 1401
1381 1829
149 689
1324 1030
288 526
1865 967
1904 837
767 1991
670 1123
776 116
196 945
1547 739
488 1162
1989 1
1570 1126
1170 826
1446 443
1767 1787
256 1862
666 1875
7 1136
599 584
1497 1943
1770 650
1563 3
1878 1694
505 284
1794 1133
1154 185
69 292
1560 564
1066 665
833 897
1335 580
629 1245
1509 849
1220 209
292 211
1881 707
153 685
82 1459
426 1527
836 704
141 473
1674 1192
1803 1490
35 1886
1017 698
1131 898
1974 1203
1939 1893
89 490
856 84
170 1398
1235 181
654 1875
633 793
394 194
1963 1636
1165 1235
1513 809
1358 79
1133 247
253 583
1728 502
1549 932
495 1733
1805 896
1299 1285
249 1834
528 1937
1304 1398
1918 1966
1674 1478
1099 1447
1738 460
1940 881
186 1544
979 1541
1096 1702
1536 1680
338 1527
350 207
376 830
1537 1685
415 1630
1854 763
1125 1816
159 1864
1156 723
357 1464
1429 1501
1629 3
578 424
480 1647
1166 670
1663 1426
1359 1479
1990 364
1974 306
1580 1539
1658 1420
910 732
540 1052
637 1526
1429 2
1005 1349
1520 11
620 376
1066 1639
415 280
460 1712
1465 1414
1597 1194
684 1977
1190 1425
397 861
1860 984
514 1982
1466 549
1378 957
974 1177
649 295
665 1256
1350 612
1430 684
565 1233
1619 1066
587 985
562 1130
1339 1717
1427 1206
567 1990
1569 802
1419 1701
929 815
1419 134
297 1088
71 1931
80 542
1051 1511
300 72
1689 1134
1748 122
808 1850
397 377
1836 628
906 542
1555 1509
698 1522
932 825
171 326
1900 1155
741 837
1075 455
1917 1282
242 1752
1186 1052
951 141
1887 166
937 398
466 878
1294 706
953 1107
85 830
714 868
1010 1616
492 1018
452 1595
1746 114
965 987
1696 1081
223 174
1498 180
1091 150
1824 1675
383 1862
1492 1904
1702 1059
298 1127
1350 1640
3 226
65 1433
13 423
977 314
857 864
1239 1469
585 606
1720 479
1325 446
895 1036
1645 1866
1202 1134
355 660
852 195
1404 1161
1362 1624
566 1603
1683 382
598 1266
1141 1463
1587 1084
1788 213
705 692
48 1959
297 1764
508 1209
1943 1388
1517 1962
103 1330
1324 81
1117 207
847 1693
1384 1577
1640 1819
381 983
505 1472
866 24
1036 1756
751 1921
140 801
1331 878
73 812
1257 471
305 1458
1885 1093
142 1831
438 1369
1910 339
1753 1582
1694 408
1160 1557
1583 1090
217 1236
870 1312
859 811
1120 1541
1129 661
1223 1942
333 805
898 1444
1887 1440
764 1879
1527 799
69 1055
453 801
1129 1392
16 636
959 166
28 1792
901 746
103 780
635 576
1460 122
408 1912
64 1262
1497 1887
1784 1267
1134 447
900 6
1945 1869
1557 718
523 946
1069 1683
1334 1553
854 1087
429 1443
1005 820
1256 312
1411 503
747 369
1768 577
502 917
1776 500
921 1567
529 733
347 373
582 552
1283 572
1680 680
1548 1723
207 1686
1567 1256
1970 249
692 421
1465 1361
785 1626
1812 153
552 390
581 969
1832 732
1340 1887
519 904
219 1462
169 588
1987 19
45 1713
509 1396
172 1049
1282 114
1433 857
895 770
1157 1160
229 1744
95 1313
1691 1315
1738 577
490 899
1177 1060
1035 14
767 1918
1405 1494
38 1816
1971 1078
673 1379
1147 1369
1079 1879
1485 1501
335 395
1144 375
1690 372
299 519
1755 94
1786 2000
308 1611
659 170
1795 1253
1482 678
615 52
193 1583
556 1361
1483 258
142 1186
793 1984
1614 74
1975 199
1380 755
1807 1067
954 135
1658 68
146 1218
503 1282
1099 761
1038 371
1322 771
963 228
1225 1176
219 1954
794 1446
1536 448
909 774
242 1250
861 1086
345 805
1380 491
720 331
262 1135
52 1167
1943 707
1066 1294
1636 814
155 941
228 1769
446 1383
1688 626
1084 1955
289 503
1990 275
792 1371
109 1133
647 1366
23 865
223 221
1572 700
414 328
1144 964
12 990
1630 1931
1324 1821
1554 1966
762 316
479 298
886 1680
1480 852
1600 1208
1338 1503
1473 1172
472 235
104 1998
1449 1407
934 486
116 1205
139 1083
897 622
1248 1341
1345 272
192 1047
1528 1905
1402 1244
1562 823
1992 438
1487 1751
555 401
1230 679
1894 1373
787 1671
935 373
1530 1618
124 12
1928 872
1276 174
735 352
1157 79
506 1609
585 1993
588 1821
737 1038
351 1893
1021 1962
618 854
310 1043
207 288
1913 1353
1311 863
959 1920
327 1301
1510 1026
1396 428
743 7
250 1230
791 84
1326 927
1821 1626
212 342
1985 1429
193 1267
857 994
1542 525
357 1799
1025 320
309 1498
1477 947
710 1674
1565 795
867 1666
1789 1841
694 579
1493 968
1808 560
1307 1847
716 557
64 2
1932 1354
45 881
1838 110
1923 207
631 1747
1163 125
1660 713
1653 556
843 1130
416 1714
1860 1578
534 62
766 499
1490 130
678 1044
1073 578
283 189
1715 134
557 1158
660 283
686 1449
656 446
736 818
150 1747
1608 688
1439 233
830 1998
505 1272
83 976
359 909
726 1360
1270 1949
1104 1487
1689 944
495 1240
1347 718
641 157
1529 1990
1734 595
272 718
834 1717
46 636
646 971
768 1572
976 268
436 1516
462 1501
1059 1179
414 1513
1643 1124
1745 1201
875 1854
837 956
1976 259
57 713
926 99
992 45
844 1095
1285 156
429 1890
411 33
339 618
404 1938
726 827
1636 1516
628 1042
1660 1594
1631 277
1817 1877
1493 1189
1770 300
914 1742
897 1465
356 836
39 1808
1645 477
1240 1049
163 1874
1139 633
458 41
1151 1828
774 786
1237 1201
1305 1756
23 959
1027 30
582 1113
579 1196
1390 692
1252 1224
604 1134
1301 1457
566 156
298 926
1977 1249
1636 1828
1206 1196
1269 165
470 547
1986 241
1665 1512
528 689
132 775
845 588
1566 1832
1766 1311
1456 1860
1241 252
1596 1913
1830 817
1701 830
1278 1317
697 1588
178 646
1797 1859
359 736
222 13
788 1609
292 727
1291 758
1460 347
37 1974
1914 531
259 1008
1319 178
1609 1574
369 44
593 1912
1025 1537
994 52
1690 324
1254 1646
307 800
1775 1123
1296 1958
1704 466
976 412
1240 1525
501 478
266 1945
927 136
738 1702
1501 862
851 1718
1609 508
1701 1288
1591 657
600 95
1095 1348
492 166
438 1789
1860 168
1624 1094
1818 1269
754 952
146 1636
246 1352
704 520
1815 1732
473 1119
1650 1529
1090 1257
370 721
239 442
1848 1911
521 1334
449 166
677 1275
1079 1464
326 358
1223 1639
1289 360
1524 196
818 1307
1269 997
1795 1445
1397 562
1088 1238
1632 1812
116 992
1943 275
342 1905
1925 834
877 1967
1325 161
921 872
911 532
1776 513
1108 951
1012 1432
1761 202
1419 1699
288 1261
734 176
1464 1106
1844 1923
1313 148
1033 312
271 175
1349 2000
270 311
1436 1085
237 1110
880 1872
735 1643
635 1687
690 123
1417 995
723 870
1657 1690
1236 507
742 1247
239 1132
1817 489
676 1542
1479 10
770 1400
276 1827
214 1344
354 466
442 1680
1773 1201
74 1228
1199 356
713 1474
1428 2
1550 1632
819 580
1582 366
1695 1321
729 1206
576 751
1453 1104
1205 702
984 1360
1038 949
1790 1254
636 634
1817 1549
753 964
1347 53
1203 869
122 917
1665 328
1061 1837
973 497
1628 1321
659 307
1441 893
497 651
558 892
36 1202
1280 43
975 393
1460 1555
332 1505
1178 1092
1154 1259
1135 171
1135 1665
1342 114
1888 316
1895 1635
216 1568
1187 58
62 240
624 128
898 1891
1575 73
405 247
70 1449
1348 1404
1835 535
1838 1533
319 1120
207 1860
1839 1918
1259 1270
808 151
1567 895
1530 1425
1201 1127
352 1057
1323 783
1302 771
1180 63
1155 1294
523 1258
902 1870
1037 1150
1783 700
1902 489
1725 1301
1993 1856
1765 714
991 401
228 1664
1062 747
602 350
1236 1239
715 434
1143 1045
1251 1603
188 1556
1451 1229
183 1167
1038 1274
669 96
194 1146
1953 677
1049 1876
1250 1438
912 1164
1281 1395
1022 18
1970 584
866 685
211 410
492 1319
1817 1593
1794 101
1080 1083
572 1087
252 1673
1402 568
1309 1533
1152 1804
1511 999
1962 33
19 1253
566 898
1439 1494
33 1328
1903 1549
1410 653
924 686
1900 440
1225 570
804 815
1306 402
1446 193
133 780
1067 1941
1171 171
1258 1269
1142 176
302 1343
52 1233
775 1240
1150 1188
367 133
58 1079
1699 1545
185 470
673 1199
68 1465
918 1194
1138 531
1223 154
601 438
163 573
1217 1458
1453 1582
1430 1625
1695 1602
126 687
189 266
1442 1661
248 877
457 1755
1785 472
433 701
1732 1371
1020 384
593 1272
1524 24
1876 757
983 1503
1398 1802
929 537
118 1975
1883 632
123 1599
590 257
1854 1026
193 1520
1972 1564
1103 121
1415 1702
918 1085
898 222
156 387
1135 286
478 1492
1875 493
549 46
74 631
1927 1107
917 1929
160 1540
241 388
1230 87
333 1535
1374 310
1346 401
1834 1492
943 1638
552 1613
1679 1728
676 886
73 618
1522 1412
1477 910
555 513
1948 1295
1778 283
1737 1980
991 412
594 146
1149 149
1059 742
1838 732
1873 995
1692 853
685 184
1467 1964
1662 502
303 1624
1214 938
1188 51
1116 670
1830 1954
383 318
1517 593
17 1128
1251 447
1806 584
990 1891
1552 1597
85 1627
1981 660
783 1328
1802 1390
1286 1087
1589 1805
1740 1201
1575 1852
762 1063
1519 640
732 1329
1267 505
1511 1512
523 97
1131 1824
882 1371
1954 476
223 1300
1919 1233
430 966
1296 1115
1671 521
381 567
28 1945
950 1066
1536 775
316 124
1669 75
19 1731
559 961
1566 600
1833 1264
51 1550
80 897
259 1922
582 140
1347 7
58 1361
58 1577
153 1976
474 1953
1039 501
516 1480
1953 222
1177 1377
256 1361
738 499
83 1190
1198 1151
1908 446
929 5
1212 1895
1504 1937
1164 467
1538 1424
1590 67
1499 1290
502 1801
352 1547
514 347
576 1139
1762 894
408 453
1395 1034
889 1838
1610 1578
1450 1400
1526 271
1078 1298
1761 269
1706 453
1761 1148
1517 324
701 1653
838 111
782 838
837 1938
534 93
251 643
1791 1036
