1319 1105
733 1076
1858 1288
1715 105
1344 1562
1369 815
1900 635
1143 119
1788 24
965 776
1147 1098
1341 12
31 1281
743 1202
374 176
519 394
577 1033
1743 1324
1208 116
160 1485
861 1964
1040 1887
1481 423
167 230
1989 837
320 1689
373 417
865 1214
1034 1221
1619 146
1906 1052
1763 744
1403 1200
94 1252
107 1532
709 1505
1169 39
102 1005
98 1617
263 693
538 245
247 597
781 580
1513 448
1131 1228
1065 1607
425 804
1224 241
208 1870
1595 1538
1947 1913
753 56
373 46
1864 1862
1612 1017
667 98
225 1898
1468 146
1945 427
1357 1210
1059 1174
813 584
1061 440
906 222
1615 1805
126 1244
1579 241
1633 2000
8 811
128 1015
962 34
1775 1734
259 1999
1503 1909
1194 843
1926 1443
85 1073
40 1655
32 1934
963 402
474 1395
826 995
251 1726
1565 1950
1230 1524
1097 683
761 1516
1564 1900
630 43
793 294
831 1691
1957 1809
1128 860
920 1669
419 1928
1426 1053
689 1300
1223 848
1086 1394
1870 64
1276 911
1711 1011
628 932
1836 1121
542 1910
1895 1935
1348 486
297 313
874 1324
1425 802
1769 1477
1027 1501
176 717
1458 171
1075 841
51 1803
948 199
1359 1588
960 277
469 1232
22 54
1166 807
715 1941
1573 1685
227 1763
1510 1679
1112 1236
1205 515
1648 1004
1462 265
1743 874
886 1220
61 1007
387 1382
852 659
739 1883
977 1555
349 1581
107 701
1974 1364
237 1092
1756 483
295 1803
541 916
1650 1016
710 1082
1998 1900
641 517
1902 962
1193 1061
964 202
501 1178
1814 1074
1534 1700
1704 633
679 1659
849 1741
145 1558
491 685
224 1656
480 195
1442 887
1354 636
722 946
1634 627
358 782
1168 1212
1568 674
1884 63
1880 1256
371 1587
1498 832
1516 1958
936 1044
828 1987
1610 1537
1996 1465
661 523
86 1459
1772 356
1740 719
153 680
1713 655
1238 1472
634 23
789 81
1183 1027
1289 960
1268 541
347 835
1596 894
1603 396
917 1119
1464 240
268 386
195 670
1009 1323
1091 1350
913 49
476 1104
1979 1244
191 1990
1848 1409
1840 149
408 1820
222 845
1601 1195
18 1344
420 1216
748 961
116 1815
1806 1878
79 1950
1436 1381
1820 771
245 1378
1050 1118
1652 414
946 1357
93 1934
712 628
1965 1876
981 694
993 1147
1609 728
365 272
627 840
945 1719
446 437
1575 210
1787 1491
1364 455
315 1721
1957 301
1474 184
366 1140
309 1797
6 436
779 532
1343 1461
1235 86
1685 59
200 818
537 1614
1574 396
52 166
21 99
74 1120
344 1296
1413 1424
1538 950
1869 1924
1079 341
1186 254
1525 1899
1286 1531
1231 199
1758 1363
1365 383
1537 273
48 173
1901 621
1877 300
1690 415
60 238
999 1309
127 862
975 1996
964 1842
1825 246
1467 97
1417 386
1738 925
1992 1643
119 836
1490 516
391 1706
1672 846
664 1433
986 992
1542 1122
560 298
676 526
626 1798
1007 899
1816 1384
513 1513
1863 1296
939 736
369 997
1656 391
255 667
353 750
1211 1809
703 286
1203 804
265 1257
1682 350
142 1313
760 129
81 1730
1324 679
1053 758
549 307
1663 1072
260 849
57 720
1025 1403
1253 33
1730 1769
871 264
1048 813
815 1876
769 1500
879 784
1976 1735
202 703
46 1776
652 233
1439 416
1759 1040
1243 1330
635 1415
1617 1892
1509 761
685 777
629 154
746 841
1298 1047
1428 554
1467 770
1085 859
194 534
1703 612
377 379
1568 854
1679 1683
1627 1555
716 560
108 808
540 1463
1164 38
698 1791
1786 1897
1518 148
1387 115
899 1478
453 582
1971 1270
1092 1542
1853 419
479 462
1637 363
249 495
101 1920
1735 315
849 206
1212 988
1389 1307
1031 1607
484 1428
749 1873
348 1756
418 816
1375 1883
989 380
847 985
1577 1854
1377 476
1011 797
930 1890
606 208
675 181
923 621
972 1583
1361 1500
645 330
1857 876
1245 1039
885 8
314 1327
297 1758
785 177
587 1640
644 568
165 599
829 923
1532 1097
1140 1550
1662 1664
242 27
122 1613
595 109
696 1537
1132 1335
89 2
526 1857
925 488
378 598
1122 1262
1142 321
1709 842
1693 1078
362 598
431 947
187 1652
1342 1885
1388 583
567 471
1573 1028
1847 530
35 759
1345 1548
430 101
1714 999
808 467
591 1115
1296 1496
712 47
1192 1593
110 1267
717 444
445 362
1482 1059
979 1722
1284 1826
707 637
128 567
1642 863
1226 1400
1529 936
94 1527
1470 499
1011 1352
1998 635
1295 687
1367 145
1333 317
1687 1811
1173 1119
1745 339
935 1222
152 1014
1418 9
780 955
138 858
1768 1060
820 1665
1849 1350
1141 910
919 829
258 1001
759 1675
265 484
1130 1392
1487 1914
1449 218
1143 1427
539 1322
1585 854
1423 1430
809 1108
234 1807
1950 1234
1790 827
613 1022
1414 1541
1981 106
1450 168
360 568
830 1160
1811 1975
1929 829
1843 1211
1447 235
865 1608
1744 1964
316 1746
1741 848
696 273
1622 1745
1250 334
1936 1765
1329 1702
1506 185
1361 769
1881 722
1590 405
1032 521
904 259
1196 1830
810 1233
534 111
294 1999
1367 1970
1909 1473
1561 1303
586 867
1937 1332
1072 280
1594 608
978 1631
1881 946
1052 278
400 453
1681 336
1255 1335
1182 966
1270 1976
795 1663
13 113
483 1917
204 179
1840 1041
1916 725
507 1032
1237 104
1337 1306
1945 1045
40 1187
1724 130
1347 1070
721 390
218 859
877 1694
1803 508
1204 249
380 878
170 461
1685 188
1160 1283
282 709
1935 1605
549 1368
1227 632
1665 806
1465 605
49 68
1904 723
553 882
1434 1150
1220 726
801 505
429 1149
1820 1479
796 34
1915 414
1411 1081
1747 1764
1553 1358
1108 1385
149 1041
129 137
1625 1748
288 1313
1646 1994
795 1072
1970 641
531 93
207 1217
1660 884
1948 1475
1572 1819
1003 512
1399 305
1023 1971
310 805
93 32
610 258
1784 1125
808 1135
292 41
1178 623
338 1161
897 1116
602 732
1635 1000
1984 1795
1755 1192
583 1151
1153 1077
1417 268
734 82
88 1913
1058 748
390 1529
1044 1288
1819 548
1382 1326
1850 1142
239 1136
979 263
133 747
1801 121
1420 70
378 362
1080 1904
839 822
1028 1685
1290 409
1172 1681
172 895
602 1787
1154 1030
146 13
1308 1165
1765 1356
2 634
1618 331
1652 1737
385 1845
1040 981
819 1354
1872 341
569 1869
1085 45
845 821
1586 1678
971 824
941 351
1366 60
574 468
436 855
728 100
708 553
572 1171
872 493
403 1462
266 1016
1148 1646
204 395
1829 1723
1906 278
1321 613
1250 1226
336 801
535 466
556 818
1584 733
827 18
1591 983
367 1010
1322 60
906 1286
1457 1134
927 640
1886 161
1890 187
751 108
1988 852
609 503
1500 897
1827 890
764 864
1611 817
1400 783
1430 148
1983 1837
1073 1949
1655 791
254 519
911 1207
177 1843
1763 442
38 44
1492 672
1007 1478
1029 835
1979 1429
1190 885
1064 67
33 696
155 332
1072 1110
1691 1380
1317 1029
433 382
303 1108
1877 1176
1891 1334
909 1528
1440 1767
688 820
1989 1705
1878 102
81 1769
1806 38
1940 1859
632 1846
1402 1209
1312 1595
1114 1159
713 1192
557 227
944 1228
1917 1965
842 1398
988 393
1104 1107
1545 741
767 415
1707 914
824 454
533 893
893 275
1782 873
1263 1091
595 853
1462 484
802 390
990 336
1645 1408
1530 479
472 574
440 1635
1251 1836
1171 1284
1593 565
1272 792
1819 1925
1163 1095
1905 1622
1525 1181
1537 734
1502 545
1734 838
183 552
375 1676
777 974
863 680
1683 279
37 429
730 434
1452 1275
934 754
1940 226
1533 1031
694 1184
800 1907
1264 1895
1222 318
480 670
372 452
942 1511
703 1295
188 742
1778 1550
1118 1662
224 1580
1774 1802
975 1465
1914 599
1240 1139
905 611
449 264
411 1659
1402 1397
1104 167
1596 1164
1318 1229
267 12
1174 828
300 1583
1528 1292
1791 423
1922 1785
1380 591
323 433
1278 852
1353 1856
1581 160
1033 369
898 541
737 124
773 1333
273 82
569 1161
191 778
398 127
934 1633
383 809
1717 1255
263 1722
324 1037
1770 41
551 1381
770 1360
1436 551
1012 615
201 1417
1941 543
943 353
823 1865
1064 1637
510 367
1965 738
639 1688
766 899
1267 1952
1825 322
1864 1968
1466 460
330 1906
1570 10
1198 409
1316 999
718 1759
1030 1911
797 1853
161 872
1976 1805
219 1855
1292 329
1326 1701
662 742
1370 1992
511 1835
677 1002
1304 1493
1389 1742
90 720
923 1901
1242 1541
1821 1024
952 653
288 1345
1712 161
982 199
986 1643
181 1449
1517 929
1180 87
687 215
1899 1181
1103 1322
702 5
1947 91
1199 1024
1477 1714
976 1485
789 66
987 1315
1594 1560
1469 87
1859 698
1177 421
10 1167
1107 133
752 537
524 348
30 1935
472 1698
1517 700
47 1099
21 1814
1045 427
481 1752
326 1766
1845 1877
1571 548
1448 490
550 606
559 714
858 1111
495 613
1216 606
350 282
1022 1579
203 370
1572 1571
634 1450
329 1328
1381 40
362 1182
1939 1299
1300 1533
485 366
139 764
1927 249
1108 1692
1232 513
889 1516
1341 1457
119 1090
1466 1747
1158 260
321 1833
333 1824
1632 1186
648 1476
739 1375
125 1641
1028 59
2000 1144
1723 667
1196 1551
1362 55
1868 326
295 51
980 1293
1146 576
277 1691
992 1632
1536 1112
573 1825
1418 748
662 430
43 754
673 53
1892 1770
1454 1451
198 158
46 189
445 378
1835 1903
1673 1189
999 1938
1039 969
489 1175
437 297
1638 823
1934 699
285 1578
740 470
633 153
1105 1975
352 1664
422 736
180 1069
361 1408
1900 1274
968 530
172 871
5 1724
209 1629
1745 945
83 496
834 1746
346 1436
1742 1780
1511 558
1557 5
9 1509
51 508
337 1759
211 1830
1407 1619
1126 57
1334 1793
252 1949
938 1711
1045 1590
1849 1091
918 1283
1931 784
289 614
488 970
1038 86
1273 1687
1421 1569
1204 1927
1106 639
947 676
1968 1690
42 1425
1902 796
384 177
889 761
565 810
1710 488
1301 346
1529 520
1495 1597
1797 1687
1673 31
170 355
1449 1085
879 1736
1379 1771
39 256
901 1694
1662 352
566 1612
630 934
1010 290
1090 911
298 1618
1281 1588
555 563
1958 639
1035 1136
508 587
919 1929
360 644
1977 626
1071 915
1659 1089
1613 650
78 217
1285 433
1844 1314
19 1556
1974 231
454 930
49 1977
1698 574
412 760
586 1966
125 1942
888 162
718 337
1479 1543
1678 460
1347 1271
1609 100
386 1888
900 706
1175 326
1223 888
1300 1065
418 1829
1733 29
1434 1713
776 1258
942 558
1845 1176
1614 4
1190 8
746 103
1574 1603
1874 570
886 726
1514 1666
924 819
1923 247
216 408
891 1440
1476 1289
1969 482
983 159
225 617
931 1104
515 1956
1077 740
257 1115
710 1514
1359 1281
465 219
359 1981
1696 261
1767 1158
959 1828
1453 1230
1484 1587
318 1518
1463 1545
1951 1043
1117 1628
176 984
638 827
883 1779
1055 1839
1407 649
1713 507
597 1372
335 789
392 1003
1810 675
1354 71
643 130
1353 1572
1715 1113
990 801
719 252
845 1531
1823 192
728 229
1526 691
605 705
1037 987
1876 1704
73 1699
368 542
660 1212
1425 721
469 555
1575 439
26 646
599 77
700 50
1176 300
1327 1973
897 1399
521 1482
1447 312
1073 622
995 869
387 1234
486 1739
903 1930
1301 1436
1490 547
397 369
1693 1545
861 1744
1789 1761
1173 1272
196 868
995 607
767 403
1831 571
379 661
1150 507
741 1306
910 616
916 1995
651 159
1405 1879
1306 1751
1264 812
258 1374
122 650
1710 925
1933 597
1185 1832
401 1117
857 311
856 1193
1200 746
1919 1460
1221 618
1242 1414
724 1998
1916 1796
187 1915
369 1020
272 1523
1724 1552
450 232
735 1472
691 800
1931 879
370 160
1505 1576
299 860
1352 1853
1639 795
1576 1636
1666 1606
1373 593
949 935
669 1460
100 229
612 1196
137 62
299 1128
651 983
594 1906
254 1096
1519 833
423 1502
454 1018
1082 1606
1395 846
175 794
1598 904
697 557
929 700
1308 1507
1824 1434
512 1112
151 283
520 936
78 1089
20 1772
486 1902
447 803
1488 1155
615 638
1039 1325
492 393
788 350
98 1892
922 1863
1706 1006
121 1753
421 807
650 773
1839 1026
1496 1057
1476 960
37 269
1582 581
859 182
761 1958
399 1334
174 752
470 1168
465 1629
1017 919
1746 890
1408 1866
1671 243
1115 224
1274 1415
1808 864
1188 164
1172 762
39 131
153 863
134 16
1098 316
581 593
1654 1775
197 1340
616 914
312 749
316 834
1158 953
522 434
1194 1831
1159 1996
1963 1450
875 384
1189 1359
104 589
1284 365
229 193
1655 1187
1984 377
1313 1548
132 1080
590 1206
1986 332
558 927
1946 1341
1102 1697
1261 79
1458 248
1919 669
1546 1945
470 1727
1363 1056
1926 1709
741 1337
1221 1305
522 730
955 474
402 195
860 569
1271 389
1394 1818
89 1963
1149 1823
410 895
1189 31
1656 1580
900 1250
1911 1066
1292 1328
1521 527
809 1692
713 1755
1912 321
816 255
1824 880
1516 1106
794 870
1803 587
1933 247
1712 1886
451 1474
1584 1995
189 684
1335 1705
666 1029
750 1589
1716 1201
852 242
896 1264
1638 1865
1943 610
1625 457
853 109
421 1166
546 912
1664 1535
330 1052
996 94
784 285
1248 1852
1823 151
1762 1650
164 1512
1219 1021
1969 1251
674 718
754 1633
1882 1784
1851 1894
1899 175
1023 1270
836 1090
631 739
669 1495
491 1896
1144 56
251 1893
1107 230
1844 1524
552 1782
706 1250
752 1630
433 1515
893 446
626 22
434 1738
1009 1014
157 1249
115 1567
1959 822
607 441
243 1708
304 749
264 314
144 1258
206 1223
867 1487
659 909
1412 1058
1698 468
232 473
334 689
621 1170
1386 1904
69 971
50 702
1942 1641
807 112
1294 1783
1437 293
103 1103
1676 1749
458 89
527 309
499 1508
1438 1405
115 1946
1001 84
1062 1069
1884 1266
308 642
1523 1221
1165 1227
1973 944
367 290
1252 1527
1076 21
1548 786
545 1087
584 675
1070 1271
38 1878
1722 308
135 74
26 887
1910 1473
323 382
529 637
1842 703
1016 237
725 1673
1146 1317
550 1953
1021 1042
1815 1154
1252 1840
261 1651
1964 1008
354 1709
1457 1936
148 397
1780 310
287 205
536 952
415 1462
1163 952
1070 389
1828 1242
1975 1362
377 1795
997 1020
642 959
1887 1600
134 883
1180 1469
1244 1429
114 817
1857 729
954 759
938 1225
618 1353
1705 837
1317 666
1644 440
580 1367
392 858
296 1260
905 1563
1675 108
1904 774
883 875
624 115
1310 1301
618 1856
1241 623
1074 479
444 583
672 692
1605 447
1837 383
970 1740
682 973
1298 143
1597 1613
34 651
229 196
815 1965
281 1172
1184 1126
351 1781
435 1922
707 1204
1661 1229
711 64
1130 629
1134 991
562 556
488 1740
1455 1931
1058 1418
692 1167
1197 351
930 1018
1114 975
1087 39
1202 1698
307 1452
1271 1599
1903 1405
1578 1832
981 1600
331 715
1480 758
235 304
222 1286
1397 866
329 1974
673 72
110 1101
277 1380
158 1851
1046 1389
1932 288
566 487
1398 1379
1726 1079
1909 1910
1121 739
1639 1663
4 567
854 674
1717 1132
837 1329
1345 481
1311 586
816 1723
1657 894
356 1464
1493 502
1665 1137
1260 227
580 528
753 451
887 450
641 1486
933 402
526 1674
1258 968
846 682
1129 1102
994 1618
949 1206
1294 437
543 1471
655 521
1001 1621
1818 704
244 906
637 1204
460 1747
1527 1840
977 1627
1540 170
1243 302
290 939
892 1396
1329 1609
1373 1905
1994 1923
1762 266
1511 1483
41 1172
1821 1199
1556 287
652 340
904 294
1384 654
199 795
124 88
1714 1316
86 398
822 225
1756 1369
503 1414
594 330
525 1804
1531 1510
1357 993
309 1273
200 1
245 1453
311 1440
1372 1215
1313 1345
500 1598
59 188
1653 743
284 416
1094 459
201 1793
1020 886
697 296
286 1295
1026 839
547 1442
1544 565
805 917
996 1813
1048 1810
722 1357
848 888
671 1240
182 1213
1057 1285
1279 1562
1921 833
310 917
106 134
389 898
840 504
1668 316
592 1942
1967 1674
1501 756
241 1148
508 1875
1013 1056
1441 1520
372 656
459 170
1132 1255
473 198
982 948
911 1860
25 1602
1684 648
1109 1011
928 813
1415 853
1690 767
636 978
1792 43
1531 821
811 1521
1994 564
940 772
1611 830
882 366
804 1908
415 403
478 1686
337 1040
1841 1155
1401 1071
1649 1715
1484 737
1737 126
302 1330
1623 186
588 1222
559 124
223 1517
1273 1797
1993 360
136 1824
774 723
1014 1323
1958 1106
283 819
1499 753
246 322
1309 1789
406 136
1692 1385
1254 270
1602 1507
192 283
1515 1796
907 1554
1941 1471
1875 1640
663 190
824 930
1006 977
266 237
1552 1254
32 699
1249 1969
1635 1141
1961 352
887 646
1735 1721
371 1484
150 1973
1102 1411
1181 175
1218 1121
839 1959
711 1870
1265 1394
302 372
653 1755
681 1647
11 724
1911 295
1727 1168
1523 1034
422 549
1368 1452
424 1086
65 1734
77 663
1420 432
803 1467
590 949
892 1528
253 556
1848 1780
1227 1036
899 620
1288 228
756 1470
260 953
818 963
984 717
1622 945
1232 555
1507 1165
448 1241
1148 1994
334 1400
146 601
1003 1111
1554 685
319 1784
782 1297
341 1346
490 1716
1270 1615
270 964
1164 1806
1374 1001
23 1441
933 480
455 1626
1982 156
57 1592
1524 1671
771 1479
317 1446
1229 1077
278 625
1089 217
363 1371
1220 328
534 1754
833 573
663 203
1340 407
1541 1180
863 431
1343 850
1423 318
553 485
1004 580
1779 1720
1729 617
599 663
1507 1227
1472 1128
643 1724
82 1407
43 934
1889 1247
1764 1874
1323 1304
836 1276
1802 114
562 253
1206 588
533 1667
1486 517
1889 1689
1871 380
1012 638
303 809
466 1208
1948 1944
1217 533
915 163
1876 738
174 1630
547 516
1938 544
864 395
721 1529
1455 879
274 901
494 765
261 1850
1617 292
1761 652
1485 1280
1787 937
782 1943
668 1582
764 1808
366 1778
1424 1342
572 1725
1159 975
832 612
359 1688
1860 325
1461 850
202 1842
968 1847
113 385
1370 1771
1435 533
521 980
1187 791
109 191
907 491
276 1435
1785 1384
998 1788
1929 1083
1847 1348
1037 1760
53 262
747 572
1740 844
164 42
239 1035
1277 498
1552 270
1914 165
322 965
1151 775
1810 584
1755 1544
1241 1178
476 167
1060 1261
458 866
776 144
1137 251
1379 1370
633 1642
1774 114
681 1626
1610 696
1076 1814
1814 99
645 594
1924 1183
457 1490
1973 1131
1750 358
763 139
1783 297
531 76
1052 1422
15 594
1897 1264
1304 75
226 1481
1571 1819
1898 333
1896 777
1228 779
381 104
17 1931
1336 357
1439 320
1218 631
1195 575
259 511
305 1997
1653 1202
1855 832
1460 1597
44 102
953 206
532 129
1993 644
873 1002
240 514
967 197
972 787
819 71
173 1203
1157 420
509 215
1664 1351
1315 1299
1960 1008
701 683
1393 1677
738 1704
657 1786
1118 1961
1913 91
1580 391
1035 624
963 933
704 1699
1766 1582
997 886
1116 1191
264 150
1088 1815
1885 343
269 1149
574 826
772 769
1890 1915
757 1062
223 1404
154 755
1492 1570
974 1864
1988 242
971 1432
443 1343
945 339
423 545
1162 90
325 1625
416 1889
1106 359
850 735
1256 388
530 1348
1846 1062
501 1241
1851 1696
792 1421
1416 1564
1346 284
1640 435
1551 1573
768 1080
1856 1572
354 1926
834 1827
659 27
1213 209
184 1612
1494 1868
1184 1162
926 1347
61 766
1145 1251
111 1754
1539 1882
1771 1992
1520 74
821 1510
108 467
1934 469
755 1413
1597 122
565 1233
737 559
1744 1960
1577 1684
786 926
1650 266
867 1914
1648 781
1128 338
564 1933
850 271
314 150
1224 1148
1332 19
1600 694
1812 70
1047 1595
1266 1163
7 1067
1403 1075
493 1926
1800 489
1155 83
1205 1628
1127 592
1733 978
1856 1571
1643 992
173 425
818 1
1991 28
680 947
648 1289
1156 1821
1214 48
455 681
1776 189
391 1799
561 974
1421 1401
463 572
1093 718
1602 1308
1083 923
1720 785
1275 1412
143 1047
856 868
1211 1957
1885 857
1837 303
1776 684
1719 1050
181 218
532 760
1257 1428
1 963
1951 1269
307 1275
157 1391
781 1004
429 269
1119 1272
375 1055
1049 1773
742 1731
1995 212
497 1051
1326 1124
991 1765
1923 1933
1538 905
1585 1568
313 1758
937 244
475 1768
939 422
857 343
1362 118
1433 732
1395 682
138 392
1117 1205
769 897
1675 808
1799 977
1777 1027
1535 1351
1113 276
2 1963
1133 527
1641 1637
1398 1670
133 463
1699 253
762 1681
112 408
793 904
1700 1278
1586 1466
1674 1857
846 1955
1752 1918
126 1979
478 840
131 256
1451 1349
544 652
1136 1387
1603 1331
1917 815
1797 1319
185 1419
778 1990
36 779
262 1743
404 287
625 1209
1014 1304
1830 1573
99 1074
1601 582
1349 954
1482 980
1451 35
101 647
278 1422
1954 1185
352 1535
1618 715
1277 96
1530 951
1015 865
282 1505
178 1438
1342 857
1515 1916
335 250
394 364
683 1812
477 48
62 197
1999 1867
671 1139
1101 518
1431 236
1912 1833
1777 1183
143 1312
1771 986
1437 1287
351 529
195 522
655 1032
1428 1980
675 1449
924 1354
298 994
27 909
74 1338
12 1457
70 432
828 120
1123 475
1809 301
716 298
1168 660
823 1454
635 1274
937 147
64 1391
1579 1224
827 1344
617 1898
1681 990
748 9
762 990
888 213
754 2000
248 117
817 1160
853 191
279 1712
1170 239
339 1719
539 1366
1002 1100
442 744
331 1559
1647 955
1286 845
552 677
1903 1438
328 1019
504 20
1240 664
616 1707
1985 708
1633 1499
1798 1985
543 1884
1475 1944
76 93
450 1616
1147 1489
772 1361
1632 254
190 349
401 291
593 1905
203 349
132 768
961 1509
1095 653
831 277
63 1266
1852 1156
578 756
1267 1101
1125 1700
665 183
117 37
799 1349
538 1179
1752 926
243 110
1239 138
1918 1070
1032 1482
1822 274
34 1591
877 901
317 1881
1376 1497
1535 1426
1225 1711
578 1470
447 1467
1337 1751
1588 1219
1142 1912
982 1231
169 1605
1471 63
212 1076
998 238
1834 358
535 1208
1131 36
1866 1623
1587 737
1115 1656
1299 1377
678 490
909 892
1202 472
286 687
482 1218
585 1542
1249 1145
179 1539
646 1616
1235 1038
1753 1235
399 1891
117 429
1461 271
765 1603
1231 795
1055 1749
1340 691
3 1333
162 213
1287 1506
1478 1817
92 600
757 1846
383 303
147 906
1850 1651
1893 1872
723 1554
775 1437
571 1269
163 1649
1366 998
231 1364
271 1238
1930 1972
796 1591
396 716
1109 797
943 750
88 1947
699 1232
374 984
1544 1593
1408 1623
1701 535
487 1017
1422 625
528 145
287 1822
1741 1223
1508 540
854 1093
1772 1246
1722 693
1689 665
16 883
684 1114
1006 1627
1971 1615
1737 1549
908 1086
436 697
894 1164
462 1762
1807 1197
799 1451
505 614
1991 1336
609 1828
1474 566
726 328
479 951
969 1325
1924 1777
1126 90
783 1300
1377 931
1897 812
855 697
67 363
1672 1395
1413 1342
275 1294
1113 207
1385 464
1459 127
1758 1013
1975 118
1493 825
339 1050
77 190
1079 1872
1518 577
821 1679
766 1007
168 1441
554 678
1151 1437
1901 1410
1658 163
473 158
1887 981
446 1294
948 1231
145 1970
230 747
209 465
1263 1849
338 569
925 970
1689 1247
835 843
1972 121
1873 342
589 1750
1110 1813
1015 471
1624 1048
1483 640
1199 107
1702 728
1137 806
385 1877
1265 1818
1894 261
291 1117
474 1672
649 1619
13 601
212 21
1953 208
1520 1338
1396 329
1382 1701
365 1826
1866 524
56 1474
1983 1365
693 308
416 320
640 590
1075 746
1732 1102
1510 1683
171 248
957 142
370 1581
1069 1444
308 959
28 1648
1892 292
1630 537
1198 1290
927 590
1473 1343
1274 595
1416 724
159 1152
1176 972
496 820
1234 1382
544 1761
179 319
1716 1298
1330 656
1612 487
58 422
1500 1399
87 1009
1372 1311
116 1088
1541 1469
1593 810
1281 1219
992 1186
624 1387
575 92
409 627
492 506
1282 678
689 783
417 46
705 1177
1330 372
1488 1841
1995 733
644 673
615 1790
1289 831
79 1565
262 80
708 882
1558 1486
936 1858
349 370
1036 757
1083 1901
560 994
1042 61
1101 1952
1964 1960
165 77
1078 1337
1489 1098
847 1248
1352 419
1331 716
232 198
24 765
1711 1109
1246 1880
1414 1180
1275 1058
1683 1712
1930 1801
805 1173
1280 345
1387 1567
870 1728
631 1375
775 293
1970 1558
614 1982
1961 1662
1067 1841
744 531
1880 240
610 1303
475 1060
1811 1105
1215 1311
920 979
1704 1642
364 1774
326 668
1646 564
1666 712
1852 1821
620 1525
1018 187
1356 475
1056 1800
1061 1635
498 1393
838 1200
1939 221
747 463
880 1434
1498 1703
306 125
92 956
515 903
965 144
1056 489
11 1416
1944 1680
948 1639
1307 1848
1134 1936
1248 1156
820 123
715 1559
593 1622
1378 1453
1404 1517
208 711
1936 991
166 1239
1559 1941
676 1967
598 1182
68 1977
1346 603
1879 353
1954 1578
502 1492
124 714
1893 1079
388 958
1562 1427
1385 658
1805 315
321 373
1399 1116
607 869
729 1365
1942 1064
1336 28
1765 1123
1141 616
1608 477
576 666
1000 1141
226 698
1928 1514
64 157
485 1778
355 223
1631 360
1734 1025
1956 1930
1272 1063
693 642
1555 546
156 1610
1496 1285
1790 18
1290 1634
1472 299
1718 702
1350 1620
1513 501
835 1194
412 532
563 1513
414 1549
787 375
935 588
1562 1143
1966 1487
1879 943
336 289
1208 1088
1626 780
891 1978
112 216
1247 665
1962 1855
664 327
1545 1078
69 1445
783 1533
1800 1494
467 695
1943 1561
215 1127
670 522
47 932
1699 562
1046 1307
104 1355
1990 1179
1547 654
787 1676
404 1822
790 1584
843 1831
210 439
1832 1037
1090 1276
467 1135
1997 52
1201 143
895 449
342 1519
1178 1594
668 1766
1637 67
60 998
381 1237
571 1951
646 450
654 1447
175 870
452 1458
894 1806
388 1792
325 1748
1838 861
2000 1499
426 1301
1560 957
114 1611
1446 722
898 1268
29 1993
304 1873
1217 1435
1775 65
96 1677
440 1000
141 571
1335 1989
1868 668
733 212
289 505
1258 1847
1649 105
1321 902
695 1012
186 1756
1813 94
426 346
987 1939
601 385
15 645
851 942
803 770
1670 1379
1230 1844
1453 1844
804 1757
691 407
514 388
736 1368
1430 1518
1808 204
1123 1768
427 405
1554 491
1621 174
848 162
218 1085
1570 692
1697 851
1086 1265
1514 1082
419 710
573 246
1566 531
192 151
872 354
405 410
1316 1309
305 1191
677 873
1949 622
1260 1763
597 1215
1397 458
1796 725
918 579
1629 1962
777 561
1502 1169
768 1386
504 1772
294 259
738 633
1266 536
1312 1538
1985 553
1214 477
638 1790
1349 35
825 502
90 57
1318 1661
1925 922
1748 457
983 438
398 1459
1687 1319
1694 1986
247 1372
1990 538
1445 1432
177 1211
742 430
851 1081
1891 201
160 976
1477 1316
184 566
1731 647
271 735
723 907
1982 1253
838 1403
1355 1834
1225 1109
989 1320
1907 1263
962 796
1269 401
1042 881
1667 893
1760 987
182 209
1237 1355
1314 1671
400 1601
1127 306
765 1574
1331 560
344 1863
1087 131
393 506
33 1610
1004 528
196 856
1532 701
1732 1129
407 800
654 1138
1841 83
1935 169
744 1566
1578 1185
1203 425
1234 1326
1371 1512
1615 1976
1760 1315
185 510
1392 1695
903 1956
1583 787
6 855
518 1318
516 1442
649 1468
1375 381
1154 1911
62 967
1670 1370
1381 1655
340 1455
1830 1551
123 1137
144 968
71 636
230 133
228 885
1358 969
1161 1924
1555 619
459 461
233 17
1213 465
506 1068
496 123
390 520
376 1732
178 1903
1859 226
1149 1259
966 1861
1980 1282
1599 898
1817 1899
755 1424
1111 1536
437 1783
214 603
1088 1154
859 45
792 1063
1183 1501
1798 54
749 1604
1442 26
1188 1371
1677 377
1682 788
1789 544
1201 1298
1468 13
1388 444
705 421
1696 1894
220 1224
1096 519
1539 319
1944 1838
109 778
189 1114
140 1488
991 1356
1865 799
1705 1329
257 224
1686 20
1781 529
217 453
770 97
253 200
20 356
528 1367
1795 661
1401 1658
1410 1170
1051 900
1918 1347
188 662
1363 1013
1450 23
1888 1046
516 26
585 1092
876 1983
311 891
1854 648
1210 1147
483 1369
1059 1293
1236 1568
1338 1991
63 536
462 1650
1684 1476
1024 1532
1456 940
1002 686
1723 255
376 1129
1053 1948
656 1458
639 359
293 1287
141 1951
1992 986
180 1444
840 1686
1262 1240
1297 1943
1853 1928
1802 1611
1626 1647
1739 962
1659 78
758 1948
826 607
579 1132
1424 1885
647 1919
1339 50
171 117
1528 1396
1506 510
435 1785
1952 518
80 1743
471 865
1291 1290
1479 418
870 1638
1177 1166
1098 1668
858 1003
601 113
985 1248
1279 1143
1309 1938
690 989
397 1033
1095 713
511 1867
1801 1972
921 964
1191 1997
1280 376
1327 944
1567 1946
940 1361
16 1779
1697 1411
1565 387
1783 313
1444 374
1396 1292
1192 1544
441 1546
1796 1673
951 462
798 1508
922 344
699 469
1728 823
1393 1984
1360 132
545 1169
788 282
612 211
313 1363
1742 1848
1563 611
1022 220
1921 573
1534 1125
1826 272
393 1068
1050 1961
1809 596
613 902
813 1810
1582 1373
1883 1237
1987 6
928 1048
1332 1556
368 1503
1908 1431
233 340
1306 1310
868 1193
1017 1929
869 441
139 1808
213 1786
161 493
1826 1523
1920 1919
1807 941
1187 938
1624 928
3 317
1084 839
1155 688
361 1645
432 1653
355 1404
1287 185
622 920
1268 790
231 455
1952 1318
1736 1954
966 1577
45 182
1773 335
519 364
24 1574
780 474
1320 878
102 11
984 1388
606 1953
1044 228
1972 1753
413 69
1156 1199
1152 1859
1779 875
4 128
917 1173
523 745
1583 375
732 1491
1303 1374
1100 95
1233 1891
687 509
281 762
731 828
1093 337
1383 1864
914 814
1956 1801
1257 1980
1913 1657
1946 267
1669 263
1276 1860
468 826
1707 814
1139 327
810 399
812 30
402 480
217 400
194 111
950 1563
1833 417
688 496
1179 245
1953 711
1829 816
1325 420
250 66
1236 1585
503 1242
1607 210
829 1083
1291 1198
1748 1490
912 7
884 1045
449 314
1888 1389
1410 239
1209 458
844 85
623 1560
1691 591
642 609
527 1273
363 1188
80 874
1634 478
1246 1464
1167 629
1288 1190
517 445
695 615
973 1804
428 1645
1355 589
1464 1880
1794 428
1438 1879
343 891
44 1005
1718 1557
1495 122
637 1927
575 956
1861 1854
1960 194
284 1439
382 1515
621 1410
1540 459
1519 1921
5 643
890 576
1589 139
1391 1145
825 1492
206 1741
342 1921
1922 1816
956 1376
1678 1466
207 276
343 311
1869 1777
1139 664
1448 1716
1110 996
1443 1398
1394 704
1556 404
1491 244
1598 793
1111 512
111 1504
1063 1421
301 1023
456 1197
274 877
1494 1175
1728 1638
1489 1668
1026 1959
411 679
1391 1249
890 1146
640 949
700 1339
168 135
463 1171
1576 371
1928 710
882 485
720 1592
614 1253
1536 1236
1210 1489
248 37
395 1539
408 771
1422 1402
596 1023
1302 80
1374 84
619 7
1671 1708
1138 235
1068 1051
7 140
1057 323
341 214
657 896
1907 1849
1834 1750
513 563
444 1151
1997 166
167 1107
1140 1586
1505 1636
798 540
205 877
1068 497
554 1282
1429 1871
1815 1030
603 284
509 1127
1546 884
1100 686
327 602
1794 361
1550 1678
1700 1988
647 1920
555 513
702 1557
1253 156
1245 1358
75 1493
1356 1123
881 61
719 85
1604 342
219 1962
1702 1609
1121 631
1229 1153
1133 309
1005 11
1804 913
875 1720
546 619
690 1871
1027 578
1296 1057
1781 707
860 338
65 1025
379 523
779 412
1431 1456
1091 1620
598 966
1831 141
1620 1291
1334 201
1987 120
1858 1044
1261 1565
1358 1039
932 1049
542 1909
1862 767
915 1522
142 288
1254 921
1566 76
1548 481
661 745
409 1634
461 355
1082 1666
394 1774
1432 454
1454 799
1645 1866
591 257
1186 1096
1894 1850
980 1059
156 33
1269 1043
758 1475
540 1693
1320 500
1757 1456
221 1377
396 1331
456 1807
276 1217
283 924
1105 1362
121 1235
221 931
1322 1366
249 1321
1018 1890
495 1321
130 1254
1473 443
425 1908
1338 1120
1446 1881
140 1067
1644 1061
1863 1496
745 25
931 476
14 128
424 1265
1427 836
620 1817
969 1157
216 1820
1404 929
1720 384
1854 1684
714 88
1542 1262
650 3
345 376
357 1648
1247 183
1426 1480
1677 1984
627 478
481 786
868 1644
413 1445
1521 1133
497 900
1412 1418
801 289
1169 1087
582 1195
1008 534
27 892
507 655
608 957
632 757
9 961
1311 1966
502 672
692 10
95 1243
1013 1800
67 1188
1738 1710
1080 1386
694 1162
1419 1010
1092 1122
791 938
706 1226
1497 1094
1051 706
241 1646
993 1210
1465 705
1256 514
1008 194
22 1798
1380 257
1030 1066
665 552
1302 262
1628 515
682 1955
1581 976
1364 681
1592 985
84 604
698 1481
1171 1725
957 1932
1557 643
1197 941
105 207
41 281
604 174
784 1736
1152 1940
246 965
1 933
346 551
270 921
1344 1279
878 500
345 1732
432 743
73 562
8 1054
822 1729
1459 862
1757 1431
1753 1038
731 1987
582 575
384 785
576 1317
242 659
1285 323
600 1376
1527 149
1096 394
1390 413
1657 1596
1384 1547
832 1703
1550 1586
1504 1503
1873 1604
1383 1968
1328 231
588 1423
1569 1401
604 752
468 995
1185 324
1621 604
1695 1413
25 1308
1773 250
686 95
1631 1993
869 1660
1475 1680
183 1782
461 223
1411 851
1041 1277
679 78
629 1392
1769 1714
405 172
267 1341
874 411
658 464
946 993
420 550
921 202
1908 1757
1166 112
123 1665
318 1430
29 1631
252 1073
623 1594
1310 426
498 96
1219 1042
1547 1138
35 954
464 15
236 772
1846 180
581 1373
1244 690
1836 1218
732 1787
1165 1036
250 789
406 333
908 424
1351 1426
871 449
1647 780
255 98
1746 1827
1978 1767
441 1660
166 727
844 719
1323 75
1122 671
442 1566
154 1695
443 1461
163 1522
1328 1974
916 1584
932 1099
1483 927
1955 973
1470 798
1749 1839
1651 1912
1886 872
1036 632
1179 1378
548 1925
1559 543
683 1420
1325 1157
1595 950
978 29
113 1845
1485 345
1215 586
1706 1799
227 442
1029 347
1501 578
55 1937
72 1302
1226 334
414 1737
1522 1715
568 72
1191 52
976 1280
1262 671
147 222
811 1133
536 1163
130 1552
1034 1305
1371 164
36 412
1580 1706
1135 1012
1233 399
570 1624
1636 371
91 1596
1730 1477
1097 1812
1303 258
1543 418
1966 867
514 958
272 1034
1640 1922
18 1279
357 781
1456 236
484 1257
1761 233
1103 539
1390 69
1333 1446
1882 1534
75 825
1651 1142
452 171
106 16
490 1201
954 751
951 1762
786 1752
380 1320
608 1932
1283 579
1231 1639
489 1494
53 1302
54 708
1813 1252
431 676
190 203
280 996
315 1553
1817 1525
1865 1454
862 424
841 103
756 499
1222 1423
1855 1498
100 193
428 361
1805 1735
1725 1284
1069 374
1406 1094
1193 1644
149 1277
1435 1667
1842 286
1054 811
1508 1463
902 220
1962 1498
1607 1575
812 1895
1967 526
348 483
427 1590
958 1792
1754 368
1822 205
611 1654
1792 630
228 1190
1124 535
1920 669
1736 285
720 847
589 1834
1549 126
347 1194
1874 1624
55 1332
1150 1713
494 24
1315 1939
1608 1214
1016 585
1469 152
1078 741
628 47
1799 1006
1614 14
726 1019
734 1407
725 1189
814 234
448 501
1721 1553
1860 1207
524 186
1613 773
1125 1278
1827 1146
42 802
973 525
523 25
1543 1829
273 734
1828 503
148 577
1259 192
333 136
1135 695
31 1359
1378 1230
750 763
1564 1998
686 1243
1024 107
873 1100
1588 1021
955 1672
1065 1031
1751 426
306 592
193 196
1619 1468
1499 1144
558 1483
794 1728
410 172
568 673
1116 305
240 1256
118 55
791 1225
382 1916
814 456
864 204
1350 1291
525 913
320 1889
912 140
740 1727
1835 178
880 1150
577 397
1503 542
66 1730
1754 1504
1980 554
751 1675
135 1520
1094 1540
395 179
236 940
1415 595
1932 142
1089 400
1299 221
1950 387
150 1327
59 662
198 1851
1047 1312
1324 411
162 657
806 1726
1955 525
841 1103
1663 280
1636 1484
451 184
1077 470
1563 1654
238 494
1780 1409
1460 1495
1212 492
727 392
1709 1443
1875 435
1074 1530
1512 42
1400 689
87 152
1927 495
1616 473
1768 1261
482 1836
1365 1837
285 1954
1996 605
902 1022
1553 1245
960 831
1749 1084
1567 267
350 709
82 649
324 1760
1963 634
561 1383
96 1393
238 1788
70 1653
1688 1981
876 729
83 688
1081 1511
506 497
1216 550
23 168
1181 794
1062 180
729 1983
736 549
1938 1789
290 58
1138 1447
584 181
994 331
500 793
974 1383
291 1205
1471 1884
1124 466
1161 1869
1319 1811
403 265
186 348
774 907
901 155
1589 764
802 721
28 357
205 274
1019 788
926 1918
1791 1502
759 751
1497 1540
1937 19
660 988
952 1095
884 1945
1239 727
1360 768
1487 165
1463 1693
244 147
1432 824
1719 1118
68 626
1071 1658
1066 295
1628 903
1314 243
235 312
30 169
152 1009
1604 1519
1405 943
1804 49
1160 918
1259 1823
1067 1488
684 1159
1452 1412
967 1526
611 1775
1679 279
1843 1957
103 539
730 1738
85 252
353 763
680 431
280 1110
118 1937
340 17
56 451
1207 1625
1654 65
1915 1652
407 1907
1406 1497
1043 291
790 916
1409 310
1977 22
617 406
1695 755
625 1402
1692 658
600 1406
1025 838
881 766
1443 842
1641 1064
653 713
1721 1245
434 1710
1209 1397
1770 281
1606 712
1688 106
193 856
1120 1336
127 908
1832 324
773 3
1778 1140
1195 92
319 1882
199 1639
1112 1585
358 1297
268 1888
1145 1969
603 1439
1255 1989
91 1657
1560 608
1861 1577
76 32
460 1764
1981 134
1782 677
1297 1561
364 1802
269 1259
1838 1744
953 849
670 730
120 6
99 1530
556 200
1162 1126
1676 1055
1021 881
1549 1979
1968 1862
12 1134
417 1776
885 1054
66 81
667 1617
913 68
1701 1124
510 1419
1674 876
52 1239
1592 847
518 1661
1031 1575
1444 176
50 1718
1054 1521
1478 620
457 547
988 492
1033 997
1305 1353
1526 1340
1660 1546
619 912
1081 942
1491 937
256 413
866 89
95 302
745 1602
1157 1216
453 1601
159 438
1764 570
293 1506
129 62
487 919
214 1346
1661 1153
466 116
356 1246
1020 1220
674 1093
1041 498
155 1986
1627 546
1200 1075
136 880
1599 1268
895 871
855 296
1795 379
169 447
529 707
438 1940
1066 51
727 138
837 1702
71 1733
985 1852
1238 299
1524 1314
1063 1569
1600 1184
1167 1130
1282 1448
1591 651
622 1669
1307 1742
709 1576
1606 628
1000 910
583 775
1878 44
1182 1861
1509 889
1623 524
158 1696
1669 979
1839 1084
1747 1874
151 924
1136 624
1293 1174
430 1731
1680 1838
439 1794
1620 1198
1558 641
1726 1893
477 173
301 596
1283 1717
1867 178
743 472
548 922
567 1015
833 1825
806 251
717 1388
54 1985
137 967
958 630
1925 344
1896 561
493 354
1587 559
386 1046
1278 1988
1099 1049
1590 410
1729 225
1871 989
464 645
471 1608
785 1843
941 1781
237 585
84 1621
714 1947
211 1196
1750 782
215 306
1561 610
1895 30
862 908
234 456
685 1896
1867 1835
658 15
1351 1480
1010 58
771 1543
563 448
58 939
1295 509
389 1599
97 1360
1481 1791
292 1770
1512 1425
1369 1917
1872 214
1099 1773
1731 101
959 609
1440 1978
1293 731
1812 1420
587 1875
564 1923
279 1886
1368 307
275 446
210 1794
530 486
1144 753
724 1564
1766 581
961 889
517 378
1605 803
1019 1682
1049 335
1228 36
438 1152
557 1260
1445 971
1175 1868
14 4
1153 740
328 1682
1441 135
1910 443
1642 153
1725 365
896 1897
1680 861
72 53
1658 915
1629 219
1667 275
1727 660
1616 232
1694 155
131 1390
760 137
570 928
213 657
1708 1267
701 1097
541 790
579 1717
878 1598
296 557
800 1263
45 1213
817 830
956 600
1060 79
929 1339
1786 896
778 538
520 1858
1409 805
1504 368
947 1967
97 132
10 1130
312 304
505 1982
512 1536
944 1131
1978 1158
105 1113
1043 401
499 798
1339 1718
1038 398
1170 1035
1708 110
1643 1632
797 1352
1788 494
1793 268
1862 1690
1751 1310
322 776
1174 731
1392 154
970 844
910 1707
678 1448
1686 504
1949 920
439 428
1785 1816
19 404
605 1177
1305 618
1533 1065
1522 1649
1818 73
1427 119
1419 367
1870 157
1816 1547
950 905
1429 690
300 972
1551 1028
807 216
1959 1729
48 1203
17 1455
197 1526
1084 1026
1739 1902
327 1433
672 1570
830 918
1207 325
1784 1534
1348 1739
1376 1406
1703 211
256 1390
1630 1614
1386 774
636 1733
1759 1887
1129 1697
551 40
1433 602
1119 792
1793 1417
1480 1053
1668 834
914 234
704 73
1486 445
1120 1991
842 1670
763 1589
596 1971
656 452
1898 406
735 1238
120 436
1005 1416
1905 1745
1999 511
1206 935
843 141
1767 260
1569 1071
1251 482
1883 381
592 125
1833 373
537 14
220 1579
666 347
866 2
