2000 4000
862 438
1374 455
1196 1087
1522 249
257 1226
460 1852
1035 1216
1232 823
631 950
313 1628
1304 955
483 1425
221 771
646 346
107 440
1144 984
1088 33
1696 1976
635 1978
1295 971
37 22
1097 1396
1875 1141
302 1702
1826 1528
1750 766
1224 891
1114 1261
1975 125
1861 1915
57 315
1649 838
1519 722
692 1021
324 1538
1845 281
93 1041
1506 437
469 1430
802 391
1780 43
1568 630
1948 611
1850 594
515 989
1755 560
1019 697
669 293
109 241
610 1828
931 1032
1803 771
694 1122
1673 1884
1037 926
1145 1520
89 1641
321 716
913 1188
271 240
1082 500
1890 1273
1676 861
1187 1395
144 20
1827 346
1100 325
1689 1074
1334 1486
1705 809
893 655
401 184
525 1304
786 1582
1996 1326
707 1505
1452 1525
477 847
495 10
1078 1318
489 884
1168 583
1285 1918
742 1544
1945 705
151 1764
562 102
1513 1875
1574 1006
1777 301
1495 1281
1256 359
43 1544
373 339
1279 1542
1847 1343
1178 1858
1105 415
1288 948
1717 272
100 960
726 421
783 1433
1852 1912
11 1924
1226 1658
80 92
1581 991
1449 1760
1354 182
1850 540
1394 1884
718 1751
1573 497
603 920
1625 574
261 737
1546 743
39 370
1326 917
1435 156
229 358
21 401
1587 1920
330 1180
129 572
1006 758
349 112
1757 1962
1670 962
631 539
254 1821
271 53
221 362
1186 1981
1552 1278
1841 752
1263 665
232 358
634 700
1870 1407
1842 452
1530 1905
643 633
1315 1180
98 1261
794 223
410 1230
322 473
860 1598
778 976
629 1279
1592 1765
402 659
941 1679
1098 1398
1115 87
334 369
503 1986
1498 201
1456 901
937 1618
1730 1846
1836 848
625 1440
139 1845
1509 1878
578 897
580 1109
424 1223
1215 199
1511 117
580 684
796 1985
1020 1444
77 397
881 1744
1762 1925
163 17
487 49
1849 1459
641 1986
1332 1975
1297 1946
1031 91
192 453
1768 200
77 1093
1299 499
1352 906
570 55
1111 126
1395 1248
1516 1894
1206 492
1670 1914
580 138
1695 332
836 54
39 1532
394 568
1482 1897
953 1736
1040 413
1520 1393
1129 1698
250 55
1834 478
1012 1286
336 1958
1809 595
1559 1330
1071 1343
1284 89
546 1978
736 767
1708 690
907 1040
255 1019
676 1310
510 914
1315 1657
1334 1840
1375 1389
1988 1169
1546 11
1993 883
1507 921
1244 1879
327 86
1556 1804
814 16
1543 233
46 1149
251 1114
1549 1883
504 1438
194 1500
1413 612
1260 1666
1241 933
614 747
137 943
1532 1494
164 624
1208 64
40 333
928 1611
1033 710
614 1852
1301 250
1423 99
1984 238
1356 1248
395 372
400 1027
640 1984
1400 605
861 485
1449 1589
1490 348
468 1698
992 1983
1328 1253
790 1604
142 1104
801 1386
1948 1176
1740 1667
1235 1904
1376 1535
1272 342
1707 1444
1834 340
190 712
444 241
1431 366
1179 1490
1994 62
1223 751
1696 96
1431 1708
1451 1459
171 819
1843 40
1014 160
357 835
202 393
715 763
70 387
695 1480
1469 1888
3 430
1060 119
1573 712
1982 1427
522 1656
1559 1817
1966 1750
320 1033
299 919
507 1928
959 1462
1137 1673
1857 491
1997 981
1050 1364
865 1076
69 1178
1403 1089
488 425
753 58
537 1692
65 1794
1688 534
1595 1547
171 181
1483 1448
370 1170
1481 1627
850 1634
1436 778
490 382
1669 787
978 272
1108 335
1833 523
874 1582
959 1771
1860 1203
1337 1220
139 1509
615 1848
704 1044
51 1052
428 767
500 43
1937 1113
1014 97
1733 984
132 783
1928 1321
7 515
4 199
729 601
196 1339
346 374
522 1541
1164 1959
708 326
177 1774
726 1585
1981 1915
107 1118
1079 1450
735 1967
270 1372
1655 892
463 7
670 801
1688 1377
750 561
1114 1738
1617 1824
1802 1859
1334 1140
647 501
965 274
959 398
1294 1321
335 1078
530 1554
1830 1682
636 1543
984 620
1023 1687
917 482
1760 1589
1655 857
1292 727
797 700
505 656
362 302
733 1015
1443 1782
619 1096
1566 1007
1737 419
1258 197
178 856
157 420
1481 1770
422 1324
410 1079
1643 1757
500 1664
387 362
5 414
874 150
836 294
63 1210
831 1680
1740 142
408 226
1351 965
1624 1403
453 1046
1420 988
1943 842
87 1373
1703 213
366 1317
433 983
375 1799
1546 1196
1940 1422
1039 1416
262 1337
420 914
1616 241
1839 400
975 1044
262 1026
238 828
40 610
742 1799
1435 1376
1886 225
499 1101
894 1184
10 1157
1623 1411
543 1118
1219 1521
377 897
1138 183
1893 597
1298 158
228 748
1197 59
1505 989
1441 1638
1667 146
1117 568
1521 622
784 1597
1203 1329
104 909
147 541
573 122
1149 732
93 398
461 1621
28 927
657 1381
1115 92
864 1560
1588 1502
1955 1295
1287 154
1590 638
1511 1893
1519 768
30 265
727 1967
366 1708
1326 973
631 584
982 1918
1313 1851
989 235
851 621
1265 1491
287 683
802 675
1659 1027
631 1004
186 1781
713 1756
849 1665
1403 1051
1699 1935
1772 1990
397 1848
1805 495
1656 568
1570 925
1116 1215
629 893
1916 1514
341 1102
349 1715
838 1527
1078 1998
535 675
1687 1810
312 248
1085 664
803 1921
989 1470
1241 1568
1547 1096
1343 1497
1174 774
479 799
123 877
1566 785
522 1768
917 1992
1227 1919
654 1890
705 1000
1868 1095
1386 1432
1963 647
1543 1526
1605 1995
1701 1551
147 1951
178 539
1292 735
726 1919
770 1301
1123 915
1689 1981
1692 1267
1400 1935
664 1229
923 1235
118 100
583 876
534 767
1002 1024
11 60
1851 502
827 1337
1334 223
1215 1479
1488 677
1064 1368
580 630
431 862
967 168
1959 549
1120 1858
1168 1862
588 1504
313 556
1568 1042
1048 364
995 1305
1829 1860
220 1143
929 1094
1638 1274
1066 1733
482 168
627 1110
1780 1177
416 1850
1985 598
961 36
714 854
606 630
1707 1151
1453 1340
254 1367
807 767
672 1689
1202 165
1771 1204
1604 569
606 1078
131 1348
567 1375
236 1732
729 1615
1202 1723
1860 1391
440 1688
1704 905
1861 1929
675 1332
1800 1008
48 1746
656 1988
1251 172
1555 774
990 1669
808 916
961 464
925 883
1427 98
1474 651
1279 881
1374 1744
1790 839
1633 1484
782 1568
188 1835
549 1865
84 445
1417 1591
1058 369
532 368
517 1036
1981 1031
296 644
1120 935
157 75
723 379
507 1469
608 554
378 1696
1624 146
1907 1807
1608 974
1810 664
1168 1148
362 997
1413 235
1204 761
704 181
681 645
1834 149
1653 1053
691 1449
1586 1769
1557 415
1991 397
1825 295
180 1644
1556 1268
390 26
1417 758
978 685
821 62
613 796
1970 229
1770 281
428 1224
1650 1864
409 79
150 170
1620 10
1050 1327
476 1057
481 1153
635 245
671 1105
719 1523
298 1354
1233 238
610 987
1215 1373
1235 327
1639 426
520 1677
1912 1057
1090 1851
1002 1037
652 1037
670 854
1603 1073
1935 1258
1476 1008
1126 1942
400 1472
172 564
1008 679
76 1598
730 1969
1640 1574
661 798
1307 1987
1755 206
419 1879
1323 887
1343 1537
1431 1662
1098 130
423 301
1341 974
283 651
1127 575
343 1503
1792 160
232 258
341 322
1635 264
1721 1489
1915 1363
1225 1190
1884 1120
850 543
1203 756
1952 751
519 477
169 1002
466 1195
1233 1597
344 1633
634 1493
1904 1053
619 1388
1990 1549
1506 572
14 1606
776 534
773 101
1664 1399
1537 682
250 1135
549 1476
323 1818
1852 281
17 771
569 1187
1130 996
610 775
482 1816
1479 1558
357 201
1117 1311
1270 1618
113 1486
5 1155
750 1292
895 1306
1736 186
396 388
139 1955
1773 397
1852 1481
212 1323
248 540
909 1621
1807 714
886 1345
72 589
832 679
1414 891
1335 1829
596 927
129 817
138 354
1474 283
919 1436
1440 230
362 1281
60 1909
1845 875
1883 1394
56 1429
432 1691
1598 209
323 1419
1113 125
972 1241
395 1220
1280 875
1374 1573
1765 206
1151 1771
314 1669
1102 440
880 55
644 595
1837 299
938 267
534 107
807 1371
81 1965
1557 1860
1422 1315
895 1733
1316 372
1778 1668
1581 1191
792 1014
1333 1363
1903 1638
855 526
40 261
703 1455
416 1161
717 61
695 1730
1089 186
629 1611
628 1621
1779 1667
1220 1721
1663 1525
210 1063
1725 658
419 1931
1329 362
221 1789
1894 1822
1200 1392
1241 840
1707 31
1265 478
1022 171
1183 1340
1794 484
258 326
1171 1579
1288 390
1180 1279
1621 980
1775 255
1184 40
1770 1518
225 814
1808 816
1671 1714
501 198
61 1637
1636 586
562 1982
407 188
1322 392
1887 1452
883 1253
688 1935
699 523
829 353
1449 214
1761 332
1702 1329
1767 1115
986 794
982 1036
1228 334
251 903
1697 1707
1923 756
433 570
1347 1898
401 422
757 839
933 1150
1506 590
1152 1343
3 598
1706 438
1330 1817
1485 1088
900 1569
291 1515
644 172
1778 914
702 508
1279 383
336 1195
718 1594
994 1831
1640 1070
153 336
1528 1065
821 2
656 150
95 1947
596 925
127 382
811 1106
1059 465
784 1378
1817 1446
1204 1372
416 1577
1512 699
352 55
1803 143
1216 589
1449 31
748 1398
505 1169
468 1636
1344 365
250 1002
652 367
1661 1745
1440 78
680 172
507 1082
1936 79
1923 534
383 629
917 1133
696 1641
704 1821
173 1355
701 1112
1309 587
61 1967
1733 1320
946 1877
563 1959
1159 104
1278 733
1307 1964
1289 679
1959 1551
859 1436
997 44
723 216
56 1717
1855 192
938 857
894 670
128 1070
1426 227
1039 1459
1374 881
1723 1532
303 35
529 11
1375 1868
760 244
577 1656
142 895
1638 1607
1158 334
1133 973
62 1432
496 714
1726 1305
1162 648
96 1173
1696 1081
1774 761
1278 1983
1851 34
694 1796
1969 1329
519 1505
643 1333
859 1810
783 1548
804 555
1826 384
855 254
1454 502
981 1108
491 751
412 284
45 157
1081 675
112 1372
1922 1198
1176 401
210 1875
856 1951
1916 1088
148 1145
1572 1330
396 1934
1261 1523
1170 127
415 1234
1448 1143
801 757
1972 1875
57 33
1158 1396
1911 59
1097 1943
1077 837
1631 447
1268 1630
1173 1387
183 1428
1709 293
1703 1555
1302 1112
1964 472
1940 919
648 237
791 68
1880 175
1600 405
202 1836
129 363
1763 993
1048 218
1552 1123
1179 854
1685 813
500 1399
1929 615
486 1536
1389 1672
309 416
314 302
1588 702
1724 1987
1033 1325
1691 1948
1291 1346
1542 1631
1620 789
845 95
889 800
1594 413
952 393
844 288
1612 970
1069 739
724 1260
964 1903
629 1838
1674 464
935 1752
1 1695
1270 81
1062 1010
1451 1537
954 241
2 739
911 1126
1140 1933
117 1893
951 697
1900 1853
657 770
1808 710
54 1287
461 909
913 415
491 1588
993 1188
707 612
1068 128
578 1744
589 205
256 496
1291 19
1551 1673
82 318
357 276
1671 1423
1941 328
1478 1480
1347 1638
1040 214
983 392
750 1460
1574 533
304 1334
1627 1079
1163 569
566 1173
652 1732
1357 630
1702 362
948 205
91 910
145 295
141 1263
1323 1966
819 290
1049 1043
496 789
1030 1089
292 1691
78 134
1920 828
284 3
1322 616
1527 1118
1125 1215
145 1400
1093 1735
721 249
1533 1316
1210 994
1750 1093
368 1721
1934 1226
522 902
1257 920
123 1474
471 436
803 1977
1154 291
1463 1901
1148 1907
21 161
1566 1695
35 1317
1639 1147
1762 908
517 1752
1619 1714
1810 177
247 927
809 942
987 1624
562 63
1195 370
1143 1830
1560 1682
458 990
379 1463
1097 842
1738 32
1609 952
1436 1348
319 1190
490 1250
1562 1024
1891 1146
628 909
1199 408
1934 1310
327 1501
1958 1697
1199 226
64 14
116 1543
1142 616
302 606
1539 1499
385 170
1312 804
927 561
1643 1781
1316 1168
747 851
1315 1790
532 436
604 1028
1995 272
965 312
766 412
468 109
335 1418
1354 121
807 621
473 1469
488 292
1404 864
1063 381
507 1885
13 648
163 1065
1058 777
1250 554
1404 995
153 14
952 1692
97 1303
315 1029
228 103
74 671
1089 1667
227 879
632 1084
1120 290
605 543
305 179
876 694
1041 494
475 641
1954 1757
1325 116
1949 80
1766 873
741 1974
57 1516
379 1097
1561 363
1356 899
720 1304
707 1107
504 366
765 969
1366 488
1929 1592
1021 1459
896 1324
1084 868
362 1838
3 599
308 961
1180 1908
1454 793
373 4
1794 1680
1438 1662
1603 1116
1137 337
761 1372
360 1441
542 742
149 478
1004 950
1543 1293
1752 744
1704 35
1665 929
606 1722
620 775
1809 1630
1719 1690
1160 884
1331 549
1921 18
85 1852
1027 142
491 1744
120 454
1025 1688
573 1572
375 754
551 502
936 273
310 1067
769 1055
499 1216
192 1727
1957 681
1677 586
798 1009
524 1316
1218 1093
5 883
755 1506
1933 1156
324 906
402 226
1904 969
544 896
1462 1079
1613 1603
288 1687
1535 861
887 1924
596 246
1674 36
1749 938
440 1670
730 1509
1459 1243
65 1740
278 1205
1541 1807
771 519
215 170
10 537
931 832
436 383
1351 158
1672 818
285 819
377 751
555 254
1346 1919
1751 1354
1019 55
1003 1771
1771 31
1101 1665
555 1821
1510 1803
401 896
493 75
740 1537
1187 486
1342 394
1630 467
1979 139
1801 360
1133 1189
649 259
790 449
538 67
512 1035
1235 40
1183 946
871 1828
1435 1338
101 728
701 1300
585 423
1257 1584
1424 1444
1631 1717
1302 1300
1337 492
738 771
91 1915
1376 1847
1838 1269
1552 1983
695 1082
586 772
36 1787
424 1360
1866 167
372 661
1779 1268
1740 151
260 1584
122 132
177 544
1867 804
1262 886
201 522
1193 463
1275 1179
965 504
930 87
691 1589
294 1025
1992 409
1341 1057
548 1
1225 1555
1255 376
1883 887
683 562
649 306
540 868
1378 1829
1875 1121
819 1428
580 1240
1277 179
237 552
653 941
443 174
918 1583
1594 237
1816 1640
1346 1666
693 1662
854 1865
1842 417
1171 1878
1581 1475
974 1915
371 538
1942 422
1885 560
790 861
899 1592
1540 799
1321 175
1992 1733
154 367
1710 1225
960 1555
353 1207
420 1507
1228 931
572 82
79 331
847 1520
1612 1283
298 1968
275 1288
1482 578
1531 438
371 217
1993 1867
510 237
233 790
889 1493
1771 343
242 876
1184 748
1078 788
1386 603
1024 882
1992 193
1623 1732
1241 94
588 981
1957 94
196 1228
1617 465
1647 241
346 136
1889 970
347 303
837 1543
960 1378
1627 769
1139 602
639 581
1124 193
399 1713
244 1947
1690 93
448 121
455 324
1725 1215
13 668
1403 1951
715 576
389 1086
509 1736
217 20
1820 1889
220 299
287 1346
1724 1155
1480 1829
1958 1843
1645 1303
170 1939
1615 15
1089 304
152 1789
164 478
436 1890
1377 1123
503 553
256 253
1527 1712
1089 1624
1061 941
519 958
84 1826
1726 272
419 845
1265 1481
954 1647
551 6
1059 447
1322 838
44 13
1980 717
1637 1967
613 798
247 161
232 1344
871 242
394 535
606 52
80 208
1571 134
409 1136
627 1288
532 890
1396 1554
1650 77
840 78
1872 1971
195 324
450 1587
1146 234
1844 1521
410 9
1490 753
1046 56
1637 203
1320 834
1234 913
611 1840
1314 715
273 206
176 102
1005 1419
1794 1027
367 1678
1149 1106
40 86
115 1694
1049 1001
1786 864
930 1116
1584 508
1945 620
1696 1271
834 43
850 9
1730 1573
1649 1564
655 1121
5 572
1298 1426
932 1924
1524 1241
1605 1825
457 468
1924 1174
895 1728
393 1280
1044 1022
881 269
1857 203
1863 53
1107 599
562 1914
1279 1216
1233 582
524 335
1579 1746
1951 1590
777 369
1578 1697
389 1118
722 781
1921 1558
1350 290
1808 733
1877 1453
1810 1474
419 1321
1409 1476
1109 88
892 1304
802 59
826 1870
922 1887
534 1417
108 1093
1895 1743
1943 1463
1187 1299
1107 1020
835 655
836 411
1841 1267
1521 1869
628 1023
1642 1721
1900 917
1389 567
182 609
320 967
1457 1205
1455 28
1503 101
1780 342
709 80
789 10
14 1365
1659 131
776 1222
1995 623
180 1925
1824 1359
1302 701
1789 1442
1587 1224
570 986
1662 1927
1544 1468
182 448
1207 714
586 1179
1286 400
891 1211
683 1670
1717 1726
1769 164
1795 1062
1100 1141
222 535
1017 778
799 450
1663 1791
243 1693
343 1570
486 910
755 566
451 80
851 380
441 1105
1130 407
584 1175
979 762
1649 553
1255 171
640 1355
963 499
1111 326
450 479
529 1539
270 1477
1086 1118
1008 1685
151 440
1005 1802
1733 404
1289 1969
892 1217
527 922
730 1811
1502 502
937 370
1407 1600
551 1502
1548 401
1585 59
1679 645
1662 366
885 1368
321 1603
1704 66
1722 231
483 271
820 160
1459 682
1930 1940
1347 1806
1106 285
549 326
743 1368
1295 1095
1157 789
1045 544
599 1062
927 161
1740 521
456 1672
1796 876
135 96
1428 1961
873 1757
88 755
1253 1976
419 701
127 1184
1066 1010
1795 1211
641 696
879 638
306 1245
1966 741
1638 276
11 1499
957 863
977 1000
219 256
552 9
1776 1599
1866 974
1525 1009
1009 773
1996 1790
1358 1251
1978 1166
843 736
1380 780
1989 618
1050 649
1301 1163
930 1215
1196 970
1975 394
367 1094
1266 1863
182 1286
1306 512
1932 1168
1778 584
1531 1549
19 1914
678 1534
1938 1241
877 316
1404 1785
54 990
757 1828
568 526
513 1411
1827 1997
426 1122
354 1533
575 163
644 1357
1693 40
1410 1763
1466 359
1445 2
1190 1619
313 1560
1321 1406
882 1002
44 774
1761 1062
365 1747
1160 69
1978 499
1855 1054
273 1793
1369 657
1822 401
469 779
688 1666
1070 1068
194 1651
493 352
344 847
763 241
720 1515
1617 1276
296 326
549 1074
1628 825
82 14
1595 573
458 1287
1724 1696
560 1689
658 802
1336 1503
595 1566
1573 442
621 1562
233 621
1816 723
298 1216
1402 508
1324 1349
558 1010
827 492
1765 283
641 1284
1733 1136
1319 1661
1859 737
1104 1035
1379 1356
396 714
221 525
344 395
99 1943
788 1998
933 87
214 1760
1872 1803
1276 1838
1384 720
1060 1324
1404 1491
1907 1275
1322 1519
1994 1874
133 1791
1747 865
1057 480
1336 343
768 935
1671 637
323 640
463 992
1857 377
445 1065
907 1390
1373 1116
380 354
1840 527
1095 165
1194 729
1975 1725
799 1490
1134 1472
1844 520
1939 911
992 759
1817 1322
1750 1649
559 1018
1226 1238
843 746
935 1401
1628 858
786 1717
1035 1723
793 1993
1020 90
328 801
1371 1766
1575 1343
1803 1526
1957 891
614 27
1113 858
1439 1543
1427 1261
1178 1027
114 947
308 36
411 1521
484 615
1249 1316
1075 1424
1989 137
1240 1367
101 1494
681 47
1685 352
1810 1541
1056 96
462 1613
239 1220
633 853
1870 693
25 839
1459 1946
1726 1825
434 916
831 1325
1617 709
1123 1256
1073 1337
1308 270
165 112
831 1174
1894 1556
1200 1761
24 1793
1006 1039
336 466
749 105
485 1535
32 514
1213 242
1693 1235
320 1991
74 1488
886 1170
1115 1985
1423 219
1917 1741
1271 926
1328 126
305 877
489 1676
1934 710
1678 883
1593 259
514 1501
864 1731
254 804
750 21
990 371
795 856
1467 1621
1936 728
1703 784
375 150
1151 1951
1374 1450
369 957
129 1076
248 1276
197 1935
1928 130
533 539
824 1352
1027 1039
1624 1128
131 1894
37 827
1858 1921
6 174
1961 1106
1754 948
57 763
28 1506
205 976
1254 1272
865 258
1318 827
1480 851
1903 1244
399 1080
1639 1466
1609 384
285 46
1199 122
587 47
118 942
308 473
1665 1192
246 908
867 546
91 633
1932 1832
1418 1206
9 1079
167 1479
1114 1800
1401 716
1242 1144
1131 1181
900 947
1486 1668
122 408
1630 422
1338 1444
982 1673
39 713
1967 968
813 1903
766 1735
1408 1482
90 1279
1022 575
531 912
1401 950
999 1100
483 1296
1325 1892
126 350
227 1051
1670 1346
968 1366
1801 239
1028 526
1377 1576
998 706
120 1365
1452 1818
1025 1116
1318 1820
568 1725
639 729
1529 1602
1507 1049
1761 1309
1639 876
1422 1913
143 1776
720 525
816 227
63 1346
1540 775
1475 1920
380 68
1773 762
1877 100
1718 1749
1228 1058
1901 1943
684 52
1370 888
803 1264
291 24
1017 771
514 119
565 1156
599 1505
895 738
1855 1641
105 200
1404 1786
1635 1987
1594 1117
247 1549
1864 1735
314 747
1844 1619
1636 1917
451 1454
1316 1239
402 962
635 345
381 1792
439 1996
743 1283
862 815
1113 1989
263 1621
1436 13
1714 447
1543 1509
841 926
1894 1834
211 849
1222 534
1376 1414
552 410
654 453
1162 26
125 1044
251 1427
1201 231
1620 537
1306 1295
982 38
798 1919
667 737
376 1412
767 107
375 215
1399 1107
906 455
1445 714
1084 1665
521 1193
719 835
1497 399
626 1197
1536 569
612 350
863 1627
1039 694
998 1427
1532 1252
823 812
554 869
338 770
244 1859
1582 1773
1780 1003
1828 839
1905 1284
979 343
711 866
1678 628
127 1638
1639 694
634 1579
725 687
282 1941
1001 1036
949 831
339 1370
1963 506
1464 480
1969 1580
1027 1542
576 922
184 1491
1189 917
545 172
260 1749
1766 1555
875 1666
207 1819
153 1538
446 405
503 1205
1841 1237
905 1154
1280 469
1881 120
1651 1412
971 860
1241 1055
1108 759
1107 1505
17 1538
991 1758
1012 121
587 1018
916 1884
1965 937
727 229
1369 338
646 136
425 1032
1751 1307
688 1258
838 1218
1117 199
1155 1769
1946 206
869 1302
1678 1159
1934 962
1963 1481
1209 987
1185 883
397 22
1590 1400
661 239
551 1949
1246 1282
499 977
79 313
1457 541
989 1413
1520 1586
1514 1590
672 1249
673 1362
141 1562
1206 945
1483 1350
760 594
1189 1505
1579 660
957 1228
1592 1345
1829 45
652 588
512 1795
63 229
1396 621
1722 1970
1426 633
1416 1688
1404 516
696 1530
1820 945
1365 318
1873 812
852 1048
282 1651
1026 710
1286 236
805 1761
1462 552
45 784
1724 1073
937 1270
310 550
725 287
1418 1199
1338 1771
736 1579
1359 1928
1229 1085
227 428
22 39
351 1984
1049 8
559 1797
1072 535
930 731
220 1830
1211 610
1259 1751
1972 127
1474 1013
1793 1400
1861 910
1214 903
1710 1844
1474 120
1513 210
1043 766
1353 1798
500 1055
652 512
1475 988
1458 779
1594 1891
1482 847
1933 1287
945 492
42 774
1761 1102
765 1097
1138 1690
402 885
1642 1991
1376 1604
727 1759
1052 883
663 136
197 1568
1943 939
1732 1808
507 386
1066 667
649 1040
1843 333
632 1851
213 1823
1506 932
492 1016
1551 1137
1983 219
846 1993
1294 1113
1917 772
224 615
1936 1389
1653 1706
1371 1661
238 1185
1058 1308
432 1032
151 1675
189 1297
12 932
98 1461
1530 1855
786 978
7 992
1000 1962
1677 1654
1269 1801
459 296
690 1259
1009 1632
1583 1141
177 697
1296 1908
1057 1013
4 1210
552 593
518 1787
1608 942
631 653
1657 1822
119 1938
610 159
812 1183
922 1140
1922 577
1140 527
953 1781
929 345
545 321
731 408
1337 1411
374 646
1333 68
54 884
673 1078
169 6
245 1737
858 344
124 1322
831 564
1859 1028
1033 1239
1252 1950
634 73
1814 160
1093 999
849 1574
1385 250
649 960
657 1009
551 23
1541 1373
1748 937
1390 1040
1621 725
1781 1757
1261 251
1391 756
1618 1956
1497 784
824 669
391 252
1529 560
1231 1071
620 1456
673 1777
1827 646
854 1534
1258 1601
940 1569
127 768
1347 1117
218 718
999 1353
1766 1170
337 808
1237 1692
167 572
387 977
1616 1841
1402 1749
1179 1372
304 1887
1765 899
1109 717
1964 1987
973 1996
837 1647
1054 696
562 494
1273 359
506 1079
984 1945
1495 317
353 1858
1585 190
1520 324
34 929
1782 1359
384 1709
949 48
198 579
661 360
1838 465
1067 36
279 384
1471 620
351 1185
1750 77
1549 1802
1960 1390
435 151
1431 1734
1420 1475
1341 1013
1496 1749
279 925
1120 434
1092 1541
1170 1958
1625 1333
911 1254
201 645
383 623
1812 1174
308 682
1630 184
1471 710
553 240
623 224
1581 85
504 1431
979 686
40 1501
389 251
1801 1672
816 64
1060 1085
91 1487
1277 1114
1820 1676
1610 1751
785 1867
1861 68
1186 772
388 175
615 327
1075 1828
445 1528
184 1925
113 1778
923 1842
1959 1254
1685 9
938 1812
1253 153
1911 295
905 623
720 737
1000 67
1493 678
1913 1824
427 1398
132 867
702 1236
1205 908
120 1763
1247 1157
1154 886
1811 1969
1945 1662
647 416
1328 1407
1748 1377
1263 1614
844 671
27 1481
1922 1453
1912 96
438 1394
1321 1098
1169 375
174 1653
1491 1590
1429 355
1950 303
697 1385
1283 1782
1519 1817
1661 740
1301 175
676 1010
256 50
498 980
76 1915
532 629
1263 54
116 418
526 462
352 1740
1664 684
729 252
395 1629
1977 18
1125 44
830 118
1998 640
286 723
1287 1774
97 781
952 591
1403 1779
1940 576
1976 819
1161 603
405 1916
294 166
65 1504
199 615
1344 1483
66 571
692 15
1575 1071
1553 187
986 411
1179 1518
427 662
1810 1985
678 542
339 1866
1859 951
709 1402
1658 1286
884 934
1037 875
617 525
594 95
303 524
590 1056
900 1561
1074 1624
1632 820
519 163
1487 239
1176 1840
1330 1519
1445 1069
1655 229
1595 574
587 1898
457 736
745 1768
997 550
539 758
1022 1255
1709 275
764 723
1095 139
925 757
1920 1646
6 538
1664 1055
1203 1391
1074 1403
1441 1747
991 1812
1124 686
1221 246
1741 586
1022 1803
1020 368
1230 1399
531 689
846 1615
43 1719
749 1002
175 847
234 1892
1401 941
1129 1369
1866 446
1305 131
891 429
1265 841
1282 1665
1780 170
1689 1168
1252 297
590 1714
1133 513
163 1051
1433 361
72 1013
361 1791
1753 1107
161 750
1649 1650
1910 17
579 1253
421 1985
1460 927
602 1571
1845 926
1577 603
1732 448
1108 705
1387 1078
1255 1412
1224 1301
1936 331
1073 1155
1232 1243
648 870
1720 700
615 601
942 774
1966 1974
1960 1760
664 698
933 494
72 90
1184 1522
1783 1929
655 1523
6 573
1705 1608
923 641
607 1852
904 862
1213 276
1824 635
626 687
1474 1754
965 32
380 1082
1432 244
560 1289
1577 1569
307 1800
387 175
395 1801
336 1163
1564 105
1505 88
1007 1534
296 1357
1385 1135
1747 165
890 450
925 1505
1921 1977
438 1924
1137 702
1876 1261
110 1528
1707 1103
206 1239
1470 707
1786 1731
1497 1703
1649 1337
365 1219
163 1569
1659 703
1126 753
163 771
426 694
1203 1595
152 991
1046 193
82 901
587 1355
57 580
727 1980
1055 1208
552 609
968 1508
448 313
1761 1779
511 925
1791 1433
1235 1021
839 1425
762 577
860 23
190 1266
1314 1174
1120 1491
1506 395
506 416
1721 1857
326 21
1654 507
293 92
1601 1699
518 1396
907 1534
1690 183
887 299
324 1374
779 1430
937 150
1932 1205
428 1729
1571 840
1898 173
1439 1509
420 648
206 1330
1287 1540
1729 1762
357 588
144 1737
88 528
443 1920
1062 1909
878 1599
1147 1055
1178 552
1528 642
882 371
1421 1027
1911 939
1421 1252
1215 29
924 677
1604 58
1581 1672
600 712
143 1872
734 976
1240 1265
556 79
1160 1207
1280 578
750 1237
115 1485
1977 1429
296 1111
18 140
1575 1380
1479 930
1491 1670
918 1100
1280 952
818 350
1043 439
1958 1752
734 919
171 155
1524 128
1302 490
869 490
1924 1772
1010 960
400 1999
1679 1490
1259 1788
1905 140
1568 818
692 1636
121 99
1812 1973
1396 1862
383 90
1432 551
1835 1130
578 881
682 692
1707 1771
641 933
1376 1071
946 1453
33 1514
932 1549
964 1879
1649 1735
654 1768
470 115
1748 1270
1150 1768
1626 1045
1588 897
1064 1715
1281 977
524 923
528 566
548 887
1806 1638
126 1672
680 328
37 708
1242 808
1578 1528
1119 1418
515 1997
1879 1071
1261 1214
1316 1689
1995 1825
1284 400
933 972
944 1713
728 567
268 1743
1896 912
161 1087
1944 866
1099 1311
534 511
866 204
1027 54
356 1010
528 28
589 1299
1839 528
102 1996
1201 1970
1383 866
1075 986
1092 610
1861 295
1309 1170
1700 483
1083 433
1215 112
1150 200
904 1043
239 1708
192 1920
291 936
1231 995
918 999
440 805
688 197
290 764
1705 1681
1059 755
1202 227
485 901
51 558
82 1365
1201 1655
896 1098
1162 595
1131 1740
1701 169
1922 946
613 559
418 1543
1037 1260
444 763
1291 256
723 1643
167 339
1134 673
1119 573
1624 1779
675 568
1481 1645
1067 1893
1609 1840
1153 1955
42 386
1489 827
212 1684
1371 1128
1547 29
1313 1734
214 691
1298 1861
1681 1301
1193 1997
682 888
765 823
1204 1477
1786 516
699 114
1329 302
855 804
153 1328
1617 1045
584 280
1848 22
1256 1793
1841 189
1761 151
961 249
526 684
1829 621
278 1299
1 1007
906 403
429 636
125 1047
1734 48
1524 1640
476 1013
105 101
240 258
1567 840
304 1176
338 1381
742 418
1072 1434
972 1042
1273 745
1400 1759
1426 412
486 1163
921 1001
1051 1074
1372 1902
65 971
1757 1576
1431 693
475 452
1149 1258
1867 548
179 1422
987 321
1026 816
639 924
80 579
296 708
1657 863
1268 1116
605 1527
943 1709
632 887
1839 1751
1504 318
1045 1651
759 981
206 456
1069 319
1904 328
1482 1865
732 228
1638 813
830 1632
565 1550
523 1473
1026 1911
1732 182
1016 1716
1617 248
1872 1526
676 1040
858 137
341 672
1793 291
1578 1065
1411 311
1241 1193
315 1516
296 1331
1272 874
1267 1517
1728 142
429 610
276 1607
1375 133
1444 1003
952 1430
879 927
876 1546
1669 209
447 1521
866 405
1275 1456
749 1024
419 1244
381 1119
1483 419
1277 1171
1794 1283
138 1345
1427 1874
1272 339
423 1839
565 1444
91 1981
1041 188
386 464
1195 1985
1190 1844
1695 1867
1344 358
889 1397
528 1234
472 1972
1690 1041
10 75
638 291
778 299
1901 1996
1286 298
945 347
67 1962
844 926
1874 1753
1404 1716
1741 772
817 90
1739 185
1080 1534
934 1287
1697 336
717 1637
1851 1906
1836 527
1132 66
598 1227
1845 690
782 480
1134 423
1880 515
1426 1333
1455 1295
359 1590
997 1509
271 232
699 947
199 22
1862 191
186 509
413 1328
1174 938
100 742
1699 1903
480 1678
959 31
739 1392
312 1533
471 383
269 1146
44 1397
1312 863
1372 1477
1796 1694
414 1679
748 600
1166 45
1488 288
1505 596
1945 1974
1462 352
762 601
853 91
291 1256
325 686
792 36
1221 1529
1314 1913
351 1623
409 1144
641 417
375 385
36 117
1971 1323
1806 813
818 202
1364 756
1133 1326
193 409
244 1596
809 521
942 1660
1376 481
32 1610
274 1738
1930 1029
1901 1624
1399 1458
476 1385
782 1087
1068 938
678 1566
793 250
178 1591
1630 1822
185 1076
1905 1855
925 1107
609 448
1067 810
1337 1051
1502 1657
1926 1692
1471 132
1807 418
1167 1685
1 748
2000 876
337 1884
1782 1480
1934 217
1707 1670
1408 1275
1164 1503
649 966
1417 953
1067 1961
977 1495
207 1257
1618 1012
1689 1216
881 846
623 295
39 1233
412 616
1153 139
82 1261
1459 1537
9 1462
1476 307
1404 295
1445 1511
939 610
977 317
1068 1640
818 1191
1324 271
1842 1899
421 1907
1092 1620
123 326
804 1247
1087 997
398 183
717 1888
1917 1878
1229 933
590 1912
1078 170
689 1677
502 1850
1267 376
253 413
224 144
162 1463
165 1532
1067 575
536 785
434 1884
51 414
491 1729
619 1080
1435 995
750 247
1349 1700
424 1180
1210 924
1046 1768
1145 1580
1285 517
211 1127
362 496
596 1721
24 1224
1233 428
1908 1700
1710 12
1508 1161
231 892
910 68
1679 1942
604 1597
1162 1028
1373 816
1911 1618
321 1954
1183 1873
981 94
614 1518
1583 999
1900 102
1696 1253
285 1339
1896 1677
1562 882
1352 1668
35 571
1561 699
357 1523
1879 845
1701 1048
1885 956
721 1165
1320 577
1218 1274
1236 1588
186 610
635 211
1325 519
1830 1162
1407 826
1648 1962
869 1250
1541 1157
351 828
525 95
1943 1855
1762 330
1556 1210
271 1747
1491 1716
1147 596
1285 1752
1977 66
1709 92
1624 676
157 904
1504 1182
1869 447
1290 1203
1155 987
1166 851
1856 962
1332 1295
1172 890
268 1337
271 365
606 684
595 1497
793 880
1756 1016
1736 49
511 397
459 1609
1976 913
1473 947
1221 557
1558 1427
338 427
253 1891
1706 932
1603 1662
623 20
1854 1695
1306 1035
1488 1687
1341 476
1932 1991
1277 305
1563 46
221 432
1840 563
1474 1171
716 1553
1369 649
1030 1283
687 104
607 1015
254 1312
1842 1226
1081 313
221 152
1632 1513
1668 441
564 48
1510 1345
1198 766
95 1091
1008 768
1382 852
406 245
1538 1253
1691 833
1495 387
1196 743
1361 1658
400 818
1936 674
1480 1335
305 1474
1839 1998
540 1091
419 180
1725 1591
1928 1385
502 721
1933 1179
1356 1592
1713 1388
1560 674
963 824
162 842
1512 1188
369 1158
507 427
844 859
1002 141
504 1708
477 958
507 493
398 731
344 1484
724 295
1130 1725
1969 531
403 1885
1552 1991
793 1859
443 1377
1512 732
52 580
473 792
1555 604
56 1707
1363 466
1476 1309
1205 1180
1059 622
1090 1161
1791 546
1360 1266
643 1981
184 1782
1923 1627
1339 1208
1585 626
833 1032
1671 30
1048 433
295 144
740 1128
742 1683
1961 819
50 1028
1403 1506
1622 608
1304 1515
597 536
1008 832
73 1493
1531 632
1145 1811
1934 262
1062 667
1433 546
313 728
1940 315
1787 1554
1810 1926
1884 1137
706 1284
71 1891
1474 669
672 1878
972 664
1415 1664
1041 1835
428 1252
313 1976
699 1219
156 1861
596 989
967 1939
338 1900
676 737
1984 952
906 969
392 1330
862 224
1239 101
1274 1256
238 311
966 600
1443 380
1803 1193
1919 421
1863 1691
1685 1323
601 373
999 1697
1157 1411
947 314
212 612
104 628
185 1085
1804 1324
269 403
583 1686
1587 799
339 1944
580 1358
644 708
1746 938
182 787
1244 1518
1096 1533
647 1090
128 1640
679 1800
510 584
288 1347
393 1430
1502 1312
392 1446
1376 1118
498 461
1628 1989
1074 1448
1504 1192
1069 821
732 204
1603 582
1168 854
1478 225
1093 743
1282 1327
1442 152
116 1439
1180 1952
1955 23
1774 1539
1937 344
1627 1370
366 1648
1938 1060
1738 474
140 435
1787 234
1194 581
1751 1545
1657 1165
654 192
495 364
1763 1557
212 1642
744 1036
775 176
118 1555
1710 1309
480 956
1409 307
1879 1546
685 1342
541 213
323 329
542 1
86 1843
745 1890
1638 300
167 866
1610 1545
1450 1462
845 1925
1407 1568
364 1405
1965 756
850 71
1130 188
1701 1405
1972 1542
185 129
973 513
827 268
1957 710
48 1652
414 1612
40 1918
1569 1681
1431 141
1369 752
1908 8
120 1948
674 46
187 950
1034 1995
876 1694
1335 1236
1821 1367
921 1257
836 1263
386 1088
431 493
1390 728
1816 168
917 1259
1099 1638
812 1855
1792 820
320 1929
1736 451
859 1268
925 1413
1655 1228
445 110
1267 1297
1589 567
429 1224
1563 764
1582 1717
1483 1266
1697 1552
650 473
148 730
317 459
1036 714
1171 660
1391 743
648 914
930 1609
164 1834
1375 206
1830 595
1751 1635
266 1916
400 1298
1641 41
843 69
1892 1647
1316 322
1649 766
542 785
284 906
213 856
1653 1691
810 467
81 796
800 626
623 1762
999 1798
239 360
1542 1421
488 1032
1709 1108
794 1836
1927 693
1298 791
207 1718
1945 176
1946 1870
210 820
1435 437
315 1913
1933 565
1382 1405
446 1944
1057 72
1397 634
734 668
250 1056
1254 1164
1045 1500
1380 221
1119 1572
1481 614
491 702
898 706
994 677
974 942
323 146
1808 1309
1121 357
822 1510
481 1494
95 868
420 1542
888 65
1315 377
1194 1853
989 599
1897 531
1276 1391
868 1596
264 1545
1697 370
1571 1139
854 1907
1620 495
1641 1399
205 627
1589 893
1392 761
1809 1162
686 1797
57 576
1813 1164
950 716
1317 1559
829 1858
1671 1979
765 1906
1261 1874
135 1506
1687 230
1372 384
931 822
1574 1680
520 12
1772 112
323 1005
283 179
319 1522
762 1100
1672 152
1643 1994
1867 163
798 625
1596 1432
442 1457
334 1481
1222 767
516 1016
977 997
1792 210
1836 458
1403 289
1827 136
410 24
1780 1544
872 1276
328 670
967 41
1897 1907
1683 1007
465 1269
1036 1918
1811 1158
1942 681
108 1447
659 1784
611 527
592 193
1606 1092
726 796
178 1006
1106 46
1878 1741
800 21
348 1126
1094 1192
1970 892
468 1018
1689 1175
1033 37
305 1539
898 1874
1193 515
1401 127
273 359
170 375
1340 946
159 1870
1468 1719
1660 521
760 1850
1333 28
1942 645
770 1290
1815 1946
294 1005
998 935
773 227
327 243
217 1181
881 1598
1367 1647
954 974
1736 808
1582 1726
799 86
1143 26
358 1441
642 1803
1414 1442
1837 919
520 1225
1550 320
1192 588
278 330
1549 438
936 604
1617 651
1803 1452
1125 87
323 1803
773 1252
232 1769
1373 478
879 1942
402 1064
553 278
1305 1376
863 666
811 1339
1198 1735
466 1144
382 327
1648 67
1979 806
335 587
942 521
1243 107
1156 1168
1156 338
1926 1040
1602 1150
1848 108
1756 808
1664 300
526 1358
1515 617
681 348
498 1621
475 1010
1904 172
1049 625
1807 496
1336 533
195 1293
566 88
852 218
1477 1902
267 1804
1035 1728
1005 1872
1885 1321
488 1691
17 519
1565 1966
1615 682
1202 988
1611 14
1515 1412
1378 148
41 168
766 1650
344 254
735 858
769 1572
1633 1628
100 1555
737 1062
1642 839
391 722
1487 273
176 741
1946 337
1452 1005
1385 55
1545 1964
1516 498
1953 1573
1884 620
1229 698
1572 1199
276 15
448 1361
1217 1970
1137 808
281 1921
880 250
1897 1179
147 1212
147 213
1197 1863
613 1018
174 1988
235 238
1448 1878
267 184
2000 1647
299 602
1135 793
1950 1202
1096 1247
839 1134
22 108
1477 1447
496 1275
55 1179
312 1276
891 636
1322 1142
78 1434
665 161
663 374
733 1669
400 1005
1465 400
1437 613
1290 1952
1753 989
1626 811
843 353
1310 558
948 1399
1571 1871
1054 1641
856 1823
635 362
867 361
1853 601
328 282
697 1135
1627 871
242 1899
886 1958
598 1347
846 1052
1881 1038
1085 527
1701 433
1231 481
990 934
70 1229
1057 290
1159 909
792 849
1523 1154
699 403
1905 1641
1687 1016
96 375
1753 1413
1388 1096
1036 574
412 3
1492 1111
735 1109
456 557
150 378
1043 352
1205 302
1734 1332
799 1615
1915 98
469 1824
1638 412
536 665
215 150
1038 1891
1557 454
42 1248
456 1689
242 583
1510 329
1469 624
163 1910
1389 331
1277 660
320 615
1784 1858
1183 1371
273 582
191 1892
428 673
760 540
1744 269
632 1883
744 172
1400 1466
959 1003
347 827
586 1651
1997 1108
71 1870
1655 818
770 88
68 1031
1471 1832
1645 1337
804 1367
1440 1706
901 1532
945 1337
1250 601
1446 1322
398 1495
1200 223
714 1944
607 1603
181 1255
1854 1937
1745 1319
857 12
170 754
1928 847
1746 1648
1243 1222
858 1989
1409 1289
928 14
307 679
1592 1379
610 1224
707 1753
1215 1558
468 895
959 1151
968 1032
455 339
1053 249
1160 737
249 792
1314 1113
111 205
451 1502
201 1752
1766 822
1805 1620
1666 192
1449 907
830 1792
1377 787
199 1550
43 1622
402 1715
1999 1164
1664 1783
774 16
1067 1127
1802 932
274 158
83 1561
1955 547
980 1437
1268 1324
588 1037
453 1656
318 1456
1742 409
262 710
434 1426
761 1447
650 385
425 1473
1679 1061
1091 956
1092 316
895 1182
1711 809
1757 509
759 1359
1730 115
946 1232
1334 1948
34 1577
1371 740
1858 69
1129 797
1018 421
1209 1603
844 1023
274 474
1114 903
1230 1762
1434 1571
889 1720
1027 1972
1092 1978
473 315
163 1017
603 34
1558 1373
1054 1031
631 593
1363 557
806 637
733 1833
693 901
1070 1524
441 1352
283 1910
89 1054
599 802
1277 1579
1194 252
278 503
578 1127
1293 1131
11 1245
1980 1759
255 1364
591 1609
917 1882
1163 1187
721 1099
905 303
1043 1657
491 1952
105 1254
1088 824
1769 358
639 601
47 1078
637 355
1681 384
248 985
1666 652
1317 693
992 1575
1337 1889
1049 1796
803 1913
1509 233
53 1266
180 1244
1112 1250
1181 1934
961 702
437 235
1177 1544
819 1350
567 1410
1697 1605
817 1721
1940 1913
1501 768
236 714
351 1411
723 168
403 583
48 662
151 1128
631 764
771 275
650 539
1257 260
1465 759
256 1594
1807 1408
316 537
974 1681
1997 135
727 1109
1218 834
1482 1275
457 1917
1886 1106
1299 1178
74 1023
1198 838
624 1280
1003 31
1023 106
952 1386
871 1416
685 325
1537 1021
678 1007
1790 1642
1086 1527
1142 1446
364 852
1002 795
903 98
1658 1332
788 592
1557 120
177 314
481 1414
1630 1349
525 1384
893 1498
700 1397
493 954
1314 1940
653 1799
1895 1206
499 96
1934 1378
1949 1165
1969 1145
872 985
690 799
1882 1133
749 538
562 1472
213 1459
619 1525
457 1448
524 66
129 112
443 1200
735 1814
1844 12
331 1807
1538 1696
1986 1842
1041 1520
1447 146
150 903
1900 1996
1201 1249
27 460
496 1148
91 1861
288 106
88 1912
1306 738
267 401
458 294
223 458
1033 199
373 994
70 111
875 65
724 20
1536 2000
831 161
730 487
1726 685
1361 1183
350 1871
1011 986
947 277
1139 459 60 186 849 405 747 1495 290 656 1247 1451 1627 585 499 1195 1587 271 126 512 1672 462 1238 640 770 1205 892 1067 1617 630 242 7 655 1682 139 1483 462 333 347 27 257 1195 35 1659 950 827 222 1098 482 1007 849 1038 1396 746 1639 81 1262 686 512 1247 1735 459 126 585 710 139 61 566 11 1722 33 1351 1659 1638 597 1147 19 1658 609 1705 629 585 1682 1037 855 27 1122 1067 179 835 566 1705 154 387 1713 1067 73 214 116 950 221 97 1372 1669 221 1638 436 462 1329 1037 1722 1060 1188 1682 1517 1051 1635 950 901 1347 170 259 1232 56 1753 855 536 1115 1060 1557 793 588 588 1658 1067 6 1569 1617 1238 271 405 356 909 512 512 523 381 1217 1057 342 452 861 626 710 1753 256 597 7 33 11 1672 116 1587 1057 347 746 270 257 405 342 1753 984 222 405 1557 57 1682 352 1232 1122 1753 170 154 1485 1060 482 536 154 1722 1396 1122 45 31 6 1147 1151 1170 1705 462 45 66 855 1735 1372 1722 747 1750 1705 622 11 1657 871 381 261 342 257 576 11 622 1205 861 774 757 512 1247 259 347 1372 1525 1638 1525 1361 1051 1122 763 170 799 8 756 1361 1329 979 27 1713 928 856 1672 952 1483 1639 214 186 1007 1604 1266 1007 282 1361 1577 1750 27 576 1669 28 630 655 1485 94 1147 975 1361 81 640 7 1705 1080 1682 856 1037 1188 892 984 1232 60 827 257 126 1638 523 827 640 943 1705 746 512 1504 347 170 1627 1080 138 1329 139 757 1232 1577 769 1483 1682 1635 8 952 609 1682 1262 656 1329 585 1372 462 115 747 909 1147 53 1504 27 984 909 856 609 1139 27 1151 222 323 503 1577 270 1057 747 221 221 1569 928 6 139 686 19 855 8 597 11 1617 630 774 66 1361 640 756 588 1329 1060 11 1361 16 710 835 1151 323 405 756 186 6 342 1753 1605 342 116 1247 11 27 835 1037 342 655 1329 1557 7 1205 73 56 1264 774 756 1557 462 154 1617 138 1485 19 1147 31 270 928 154 259 31 290 895 60 1007 849 1347 1682 282 1051 1122 799 776 1485 138 1605 943 979 1557 347 387 60 597 943 11 503 271 835 256 1360 97 452 1188 1517 622 1329 1037 270 1005 170 701 106 1807 282 45 1347 1147 747 985 746 1504 892 1669 115 747 1483 952 323 1485 985 1264 1517 835 793 1483 7 282 1351 1587 1057 106 1351 256 257 1495 793 701 1195 482 943 746 8 1605 94 597 154 656 967 1517 1669 928 773 1705 1807 856 16 342 1682 1557 1750 482 799 436 356 97 27 747 703 333 1122 1587 1451 1222 45 1682 139 1831 1038 757 1067 1247 1122 991 835 352 436 774 1635 656 405 352 1713 381 1139 7 6 115 588 1238 1139 1504 1635 1807 290 856 8 1604 609 747 774 776 747 1672 126 221 1098 465 1067 609 774 1195 895 139 849 259 333 1587 1262 31 1147 1705 1038 186 115 979 1188 138 985 222 710 928 1067 1264 31 536 1713 1205 763 1635 776 763 1372 186 1658 1682 950 7 1038 622 35 170 387 757 763 776 892 462 56 1831 1569 1617 57 1247 1005 512 1057 1495 1396 1722 1669 835 1038 536 1360 566 1659 928 387 630 640 186 222 282 1037 566 1504 686 6 1682 799 1577 342 1232 710 536 45 66 342 1577 774 11 1232 756 1098 6 901 1635 1807 774 1627 1188 984 1638 747 138 609 774 774 186 1139 769 984 686 499 126 1038 81 53 1669 1170 991 106 261 499 16 979 1247 179 1639 901 1682 1659 8 1605 793 1753 57 214 763 1504 1750 576 270 1517 347 967 1262 536 1735 11 66 1831 1807 73 257 512 1669 776 1735 609 186 1217 259 1372 622 1627 1735 985 774 356 459 342 57 1139 885 333 45 11 1247 1372 405 1672 1605 1577 686 342 1067 1266 770 352 747 1713 975 53 1329 827 116 19 436 536 773 1577 1587 985 347 1195 57 436 1151 1627 1264 861 73 1351 588 950 1139 81 622 222 656 701 566 1483 1639 895 381 776 1659 776 106 1396 984 774 271 1604 452 630 342 503 1222 1485 827 41 1080 1247 597 576 1060 855 827 11 459 909 41 1188 1569 33 94 8 11 11 1098 769 943 19 66 746 1329 19 770 1658 1057 116 11 1638 1122 849 1557 895 1657 33 1247 11 566 967 1604 381 1525 1569 1638 1238 701 597 1807 703 1361 270 588 1713 8 799 892 952 342 221 710 979 1232 912 686 1639 1147 405 849 746 19 323 1360 710 1659 106 387 1525 66 984 356 1485 1605 214 468 1682 585 45 214 597 139 1147 261 856 1669 566 221 991 1347 799 622 503 97 53 1627 1750 1495 757 282 186 763 710 1672 585 1682 1122 909 1360 901 746 536 640 629 1098 512 1587 536 1222 1569 1617 94 41 1682 1722 1098 536 1639 1264 482 1329 1831 1713 1151 1587 242 950 1483 19 928 1122 7 1372 257 943 984 885 1238 901 97 1222 1753 1627 1329 81 53 1669 747 333 11 57 952 895 115 360 763 746 855 747 1347 186 256 154 1329 214 53 61 1495 405 242 536 909 352 1139 769 1577 774 895 170 1351 73 622 703 1587 776 1639 835 499 1753 1638 405 746 576 793 1205 1262 885 566 943 462 81 356 333 710 1007 352 261 154 901 597 1753 6 45 1753 11 1495 1577 523 849 1360 179 773 1067 1351 1151 1005 901 686 774 11 19 1037 774 1635 1115 459 1115 256 774 115 523 895 1060 1329 222 290 1617 626 1247 11 1657 901 7 885 655 523 1682 1713 656 19 710 1238 1617 116 1557 1080 53 1657 452 242 356 1188 827 763 747 1735 1722 1504 8 1569 214 1705 1122 1080 7 259 503 66 979 622 31 1122 686 1657 342 1577 154 1051 139 97 138 1639 31 503 154 1658 757 53 56 1205 31 1217 1007 773 967 827 45 242 256 1238 66 115 465 656 1151 1669 11 1682 1205 1195 221 1807 928 871 747 342 323 1232 106 1067 1098 1188 757 35 11 967 1605 576 356 41 1372 8 985 1195 1347 97 1451 855 710 747 186 323 885 1396 19 259 452 1525 347 1266 975 856 94 11 773 115 186 387 381 1080 214 1122 928 1525 19 1005 756 747 436 1605 387 1451 282 776 1151 901 773 256 41 347 1347 27 1605 1722 282 747 1057 901 503 436 1122 1247 1657 1617 1195 747 8 984 347 626 221 1753 640 1750 1170 28 710 214 323 746 271 1057 1396 1722 1485 952 629 626 221 45 640 967 952 1232 622 835 1264 1329 1657 885 179 333 170 746 1722 769 1266 126 1735 1051 1557 1238 1495 1722 566 928 8 1639 8 73 1831 256 356 28 975 323 774 1080 1604 1682 1262 1605 747 16 94 342 31 1557 56 871 1485 1098 97 1657 626 1329 56 1504 774 566 757 1247 221 94 242 827 41 1351 81 256 1361 468 126 1080 793 1485 827 7 1188 53 170 222 468 1504 1038 747 1396 170 138 566 1266 585 943 1604 19 1577 892 342 975 1122 1147 609 256 622 950 468 861 1577 11 270 1831 1639 1264 222 1617 609 261 1266 459 1361 1360 1195 1122 1659 1557 773 640 536 1750 523 703 11 1557 33 967 769 609 8 1753 763 256 773 352 352 259 909 360 793 1262 630 895 770 566 214 827 271 1264 16 1713 588 1658 256 1627 776 16 1051 1658 1361 861 1247 242 459 56 975 985 261 290 499 909 41 1807 1238 585 856 1264 499 1672 214 290 116 1351 138 640 1669 35 1057 763 588 138 1682 1232 360 769 975 1247 1122 1247 892 967 1396 1569 1517 1188 756 1638 1060 686 703 1504 1659 221 1329 1750 950 66 1247 6 27 1807 221 710 763 1067 1495 1682 1051 909 1635 1372 11 655 1831 1262 1722 892 56 1361 1005 1372 66 1115 909 909 7 1037 747 179 1360 347 1617 1139 701 1195 499 626 1247 106 656 793 1051 35 28 885 1617 1485 1360 462 503 622 536 1122 950 1485 1347 1122 56 609 1682 405 827 221 57 1139 1658 901 1587 221 1658 259 1517 352 256 622 1682 1037 1232 1217 855 81 53 1750 1396 1361 106 1605 261 640 352 468 1577 1007 1266 1713 950 1147 912 33 1170 747 115 701 81 656 1080 1222 1264 28 585 885 115 746 499 1329 952 629 1451 656 1669 35 8 523 333 6 892 1569 756 1485 1005 11 1569 33 28 985 1735 1080 979 1115 179 770 482 1122 94 360 1329 61 19 19 6 1098 1360 991 1525 45 1807 170 793 1222 342 16 588 773 1657 710 523 1188 622 126 630 855 503 1483 452 94 991 1669 686 793 1222 1205 1139 871 871 979 1638 436 747 154 943 1722 27 979 1139 626 323 985 1170 1495 11 1329 950 139 1222 1360 242 16 1705 1451 1222 7 1617 1005 19 703 81 1750 35 1659 1060 1525 347 115 774 81 45 356 856 1517 703 170 31 1098 19 482 928 7 1060 597 985 31 94 1147 342 1098 1361 629 1750 19 28 333 763 1722 747 503 482 855 1735 261 452 856 1347 452 468 342 1705 45 1361 892 242 1360 81 1247 1266 912 138 1188 523 35 482 1247 773 11 703 703 1122 28 861 770 588 11 640 793 774 979 776 53 536 769 756 1360 909 1485 656 1080 967 576 1205 1638 1217 1098 221 11 33 257 56 909 1750 94 1604 1485 381 928 81 1037 6 770 1247 1205 186 588 1682 1057 154 895 1627 952 138 757 1722 282 27 1451 710 1517 256 462 499 1713 1682 892 186 1139 179 19 1605 11 1639 1266 566 1122 1396 19 967 270 1139 1238 1005 33 1658 909 41 214 11 214 41 985 1122 747 1007 97 1360 503 1557 1247 757 1735 94 45 1007 1122 1635 1485 94 991 967 222 282 97 116 975 1122 984 179 1682 967 1495 774 1587 512 1067 1262 126 566 655 985 333 776 360 271 41 1266 1360 1122 1722 16 1557 462 1262 1122 588 465 576 1170 609 1569 901 257 1262 984 686 116 270 57 33 1713 757 1807 347 381 1605 1517 482 1238 629 387 323 221 261 827 61 1682 28 629 57 1735 170 1217 1525 871 793 1098 57 774 626 271 928 630 1735 566 126 622 8 776 282 28 342 1569 1360 462 31 849 214 81 97 747 222 138 1195
