1323 1251
647 1967
449 1041
1145 134
205 1285
1683 622
356 970
1679 248
718 1902
128 1421
776 739
1806 130
856 1158
780 957
1567 859
367 338
158 606
426 897
460 1927
699 296
1720 1318
1019 1352
321 1312
1549 1520
1575 770
1071 926
1106 1066
166 1374
609 1311
1689 1955
37 1404
166 1641
242 199
1647 1174
1422 988
181 974
1998 1273
1598 64
1926 1632
104 1432
286 1680
1551 1642
416 835
1929 39
1671 455
1665 1435
1761 1198
1911 1671
274 189
939 1343
288 407
1154 65
1633 1202
1007 1514
742 289
1606 161
1000 157
1732 952
1388 1556
1505 547
192 917
1250 120
1832 933
1786 1295
1265 174
178 1482
1200 1135
344 714
1543 104
1724 755
108 739
882 721
647 1168
1816 1957
94 1056
1141 862
1150 942
1502 1838
1008 1179
829 271
1931 1343
1772 377
431 1017
283 575
1965 256
353 230
124 1699
1791 1779
1359 1747
1294 40
664 49
1563 1373
264 1766
772 928
445 1195
381 38
1973 831
551 1903
174 1295
1348 213
1348 737
824 1279
609 1609
1670 145
690 1397
791 1737
1016 416
1292 1718
554 406
569 1563
662 58
840 671
373 1970
1249 556
1853 1546
1524 1832
410 905
443 1527
1829 1480
483 1984
763 1334
1526 1491
193 508
1332 1294
358 1728
664 1962
1687 1964
1377 755
1938 442
1617 41
1973 1460
10 506
870 1768
67 1084
956 1560
1594 27
366 1574
559 396
736 1216
1387 1489
386 625
1013 1781
1952 321
1737 529
1526 119
76 1084
898 1540
178 1503
1539 1777
1026 869
819 1279
716 895
1998 855
1278 1669
226 339
108 827
753 150
593 269
1727 325
58 1515
191 399
554 490
1231 1243
33 1328
1775 747
1952 699
1679 1700
73 772
1675 45
1239 379
1050 1182
1222 514
361 848
700 1189
1922 1696
391 648
915 520
1991 1315
1138 1483
484 1402
525 1452
689 793
224 1468
722 204
1933 1383
1543 1025
1677 430
465 99
310 1027
1419 1818
1170 187
1271 1708
1463 1426
576 816
784 387
1144 1793
1698 1208
360 285
1281 1276
1274 498
1599 1670
785 358
1673 160
1791 1156
385 1618
155 583
1980 1414
1367 655
622 677
1768 196
726 965
569 1858
34 698
1460 340
169 1874
1921 604
1075 136
1134 978
499 1067
953 1631
659 261
1021 1307
348 49
941 1266
1600 1789
1778 1471
403 1683
692 1275
241 104
1598 488
40 1074
1187 1280
1391 118
1330 1885
390 97
912 656
1098 671
1525 1508
102 981
1424 515
1333 1114
228 978
752 626
1511 459
373 588
1356 268
1326 784
1095 479
60 1142
496 946
323 28
493 649
170 1775
584 578
329 195
1147 199
1030 744
299 234
1836 1991
1517 1876
924 1400
991 154
1211 1659
1254 1979
1312 420
357 1016
215 1264
377 1372
1770 1958
482 398
1226 967
553 432
787 485
873 1527
635 1951
33 969
1914 30
418 188
253 1472
227 1919
1597 1401
575 1172
1529 760
125 480
453 1504
651 1280
1512 1596
1240 59
1 22
1787 444
1222 733
1203 1397
741 1292
752 1475
1206 96
1752 145
257 1472
59 65
1939 1859
913 1390
902 423
1922 859
1125 342
111 1223
1743 1340
1617 91
1266 1175
155 320
1094 877
1631 1552
1386 853
1769 642
712 1835
1958 53
1902 1792
708 282
680 1595
170 1880
1588 1025
251 152
269 382
871 1187
673 992
725 1499
1326 525
809 68
701 352
893 800
114 597
4 467
1900 1823
761 1800
349 1418
1798 1742
358 234
1500 1845
1812 1849
274 846
697 1843
880 809
1011 614
1380 1895
86 1889
1619 1201
1709 790
5 1441
1357 867
725 1132
735 1516
1372 236
1228 1178
369 900
1603 1117
1013 1884
1698 416
1927 617
348 1028
459 1716
1081 1057
1709 1108
917 1924
1156 387
269 1164
1284 514
907 1820
1326 406
1227 490
972 1385
1877 1725
1142 1541
785 1303
1702 925
1466 237
241 384
937 1597
1162 806
458 137
605 1155
39 1979
676 1590
1699 437
1650 1958
1953 436
1012 1883
226 1386
136 1711
1075 333
279 1159
1220 946
176 1257
1447 486
1910 1689
556 764
567 9
1528 1089
1565 1984
1947 548
371 1452
1732 1087
1454 1578
286 316
387 1441
1360 1503
1462 1553
1276 1005
1217 1603
1177 956
559 1133
138 82
1001 322
1305 1044
1346 508
360 1272
1241 316
913 774
315 1104
710 64
944 175
1527 1786
1438 787
1172 1314
773 1930
1252 278
1703 1207
1667 1137
916 483
984 1714
865 44
43 849
1459 54
1775 1177
1246 303
650 163
1031 1742
18 735
1305 1611
188 1452
446 1726
8 1859
717 1646
170 1448
895 823
1086 371
494 1170
13 1418
258 1877
1615 767
1495 1138
1811 1212
869 370
1013 1134
1553 224
1716 906
617 77
724 98
1703 851
872 721
954 1540
1159 178
129 1729
1946 515
1484 321
482 615
821 1484
778 1160
1599 1773
1839 1417
782 1306
1991 986
1308 1202
1385 659
1307 354
17 727
205 617
1598 858
1613 1545
1399 1759
866 646
1870 1222
1802 785
872 1286
145 1834
280 224
494 1997
1269 308
277 227
1555 1842
610 723
1959 1776
443 211
1845 1810
652 599
1046 639
329 1144
545 109
1601 1649
740 447
1340 204
952 415
664 343
1013 241
1065 278
148 1059
274 1255
1423 676
848 874
1790 1442
1915 1855
664 167
1767 1302
1569 1495
1487 1166
1564 1086
39 1702
1405 1714
885 1257
1786 538
1295 427
1591 17
658 722
1291 1260
1918 894
836 607
1558 692
1922 1985
1537 619
1613 537
1557 1775
469 199
1446 1462
1714 402
1311 334
895 473
1758 186
1226 1415
1653 995
1907 1534
1942 47
1796 1716
1247 531
358 1396
1433 1880
1678 1044
475 955
700 1325
1285 324
190 1520
1488 1193
1250 1951
61 1926
1081 222
1411 1302
658 917
1289 364
1818 843
1702 803
452 59
724 1059
1051 1339
1388 288
1450 1889
1725 1384
1329 2
1639 491
1870 80
585 803
399 353
224 266
356 1466
425 185
1537 1721
1561 338
549 84
92 1119
1746 1575
617 1990
1262 481
1332 914
1467 853
912 160
1797 424
92 917
832 1602
503 522
195 1984
1007 843
1981 293
847 1914
1889 1544
1100 365
965 1678
1744 958
1206 1868
1058 40
1162 1934
569 1242
506 311
777 803
805 475
1241 1121
1089 1471
633 416
393 896
932 418
938 395
982 1952
944 1291
626 1152
629 121
160 1023
805 1051
1824 372
1212 783
673 261
1157 747
871 1847
848 116
805 1007
217 1923
1626 488
704 1483
610 62
2000 642
60 1281
1230 994
1849 1958
461 894
558 1501
399 41
1871 133
1941 1916
1791 1033
197 822
1687 326
588 1844
1705 1784
1374 1148
1934 1390
1144 515
1346 1900
696 1943
1731 757
1061 654
1695 767
1422 496
857 979
1226 447
39 305
1783 1136
1227 813
1531 172
41 273
647 1037
17 1993
217 1074
1010 121
954 936
1618 209
364 721
780 1762
726 1504
162 820
1531 169
498 157
1636 1315
134 151
831 1293
1007 379
1222 1353
1670 1338
285 1931
1393 1415
868 1816
471 1202
1059 696
452 1146
1049 1278
495 578
309 1508
1585 1882
68 133
305 1712
557 1805
1403 1757
9 5
1229 930
1549 1312
921 1392
709 588
784 1273
786 589
912 626
90 1058
531 980
318 1498
74 1390
558 1765
1924 1718
1399 652
300 1378
171 38
1918 321
365 869
1812 1120
1622 317
231 1539
275 1246
1798 1725
758 948
759 703
638 1350
1550 123
840 812
773 1043
1113 1858
143 830
1105 1421
1985 854
1841 994
1619 1209
735 132
1531 1792
1458 132
1782 1506
824 974
1340 1315
618 132
352 1334
1075 42
405 1297
1045 599
1675 1571
524 1095
1190 1713
737 374
1138 1962
381 135
1714 1344
521 1870
1211 902
1174 25
1388 122
360 735
2 857
1162 1700
154 48
267 966
269 248
677 782
345 1697
1220 524
1770 42
401 134
432 1667
1796 441
601 519
1250 1357
1479 1648
525 1592
1924 628
1963 114
78 293
1193 1172
175 405
1173 1100
404 1395
1218 1948
553 665
62 103
1403 746
472 1817
1916 1273
617 521
57 1993
1547 735
1288 1335
1836 874
343 153
987 706
1023 1293
781 1439
1199 1415
905 264
1398 1693
553 1038
12 614
96 1501
1621 1798
726 1501
1323 1600
1512 934
1951 1613
73 1738
198 781
1206 317
501 733
1549 1175
889 1604
1328 384
1489 464
1703 433
1198 1267
309 145
257 893
239 1149
1703 65
1961 154
505 1203
721 576
944 416
1101 1785
115 1455
177 41
1438 324
1109 1769
1335 983
987 1626
1997 478
709 118
499 247
919 1854
498 883
926 1823
190 348
662 1345
1908 1179
531 281
1461 214
688 906
1580 854
267 521
1829 1664
314 1273
747 1852
1173 1229
1162 736
1459 162
324 722
1266 1292
1799 1418
1080 1887
313 129
582 1698
893 1014
927 445
1225 19
124 1865
1384 883
1044 1849
1374 290
1274 1623
797 249
1402 1572
1299 137
846 619
1890 1333
1519 1895
790 275
896 540
381 1275
889 345
1840 1746
250 337
759 961
852 583
1646 230
1824 770
827 1797
91 1207
1446 245
1053 1910
1026 1921
1764 1084
1727 1726
643 979
541 974
1999 316
950 863
737 648
1066 1282
1583 1899
887 1482
12 901
558 1400
811 1567
1169 1859
1459 360
868 379
394 1888
1378 642
1362 723
112 138
1452 859
180 410
818 34
115 552
430 1482
1682 1952
1226 309
1588 1771
1322 1413
1446 1102
117 119
1896 1961
1646 1225
1080 1628
1698 1387
361 1291
234 1210
1326 1104
1399 1806
1708 607
672 477
598 1891
835 774
385 1858
848 741
426 1329
1951 1901
1107 881
414 145
1474 1429
1780 407
729 1962
1987 808
1140 1621
1879 1148
1649 346
244 610
664 30
1417 945
736 1886
1607 1737
369 624
1479 808
140 1384
522 1741
1111 75
338 1868
1753 261
1917 1395
1944 1759
1959 1057
366 574
78 1952
701 527
373 1417
1998 776
1005 651
73 342
640 567
1083 495
1117 779
1015 664
716 1362
1508 1159
597 1972
1500 596
39 228
1623 762
794 684
881 1865
501 142
1315 464
466 22
1134 394
715 258
1528 1176
518 1723
1749 661
1602 1773
1136 373
1032 1868
1652 1147
1906 1204
465 873
1264 1755
1652 166
198 594
1451 545
550 908
1670 1896
988 925
563 856
331 1138
1701 1224
1744 1663
412 874
1019 979
225 768
1977 1352
1537 191
1708 1497
1122 835
1138 693
1213 479
404 1858
881 1422
1353 691
1820 1995
562 1361
1286 528
631 1779
1933 1946
73 1094
541 1474
1134 631
722 1385
1954 1404
277 222
247 1036
1560 358
569 1649
353 991
1067 1984
401 1535
784 1865
310 296
1449 3
1659 957
362 1384
707 1513
1367 1668
797 543
1931 1603
1402 835
1022 1037
225 1400
1091 206
418 973
180 1056
13 1518
205 1993
92 1145
1250 1144
1044 589
1411 1271
1226 745
609 438
1449 1382
1881 1822
636 1340
764 38
1691 1956
1007 496
1464 754
1802 1586
1387 133
1134 1452
24 202
1100 973
1431 1231
76 35
1629 879
1650 445
89 625
1300 1074
1935 296
88 203
988 542
70 1230
1273 1802
1776 1163
36 1695
777 864
1284 1643
418 1716
847 1709
885 300
1699 1440
1999 1018
1793 150
1294 163
523 1744
159 9
1395 900
699 1791
813 775
1692 1595
1412 1340
718 1604
852 1104
1623 1635
1732 1604
904 208
938 1444
1588 1114
1505 1285
1502 242
793 775
1585 528
1597 234
563 900
1451 1602
1262 1553
1880 742
447 1356
561 638
175 1746
1382 1615
73 1173
792 1096
115 418
384 1350
111 1600
493 576
1561 432
21 1015
1687 455
726 1138
262 900
174 1410
282 844
1838 1790
1474 1762
995 1931
1333 299
316 485
1448 1663
610 580
619 300
1295 1101
323 746
1586 455
1842 1742
1248 328
842 1174
749 220
754 127
1383 281
30 1235
1391 152
1435 1482
1440 430
1181 699
774 1859
1703 1453
228 622
1558 784
1298 1501
1162 1264
1032 401
282 26
939 275
313 1768
1825 1889
807 1458
902 1913
1709 265
843 145
486 1789
211 1349
1816 163
489 1135
386 41
452 1542
784 933
1424 871
1222 1651
975 1515
678 1843
597 528
847 749
1601 955
490 1585
1316 169
1634 148
1968 2
898 828
1582 455
1109 1867
496 1820
1387 628
1957 1043
1140 1004
1811 695
1718 1493
104 1473
1072 428
829 1981
210 234
1002 1017
1060 1205
160 1882
850 1619
1695 626
591 727
1019 985
608 1239
247 116
405 1342
679 636
43 458
1869 1514
1795 634
541 1190
987 1945
1014 745
709 1957
1227 1076
1460 139
598 966
113 703
212 568
1652 1170
1625 291
1835 1756
76 744
1816 229
1515 1314
1428 1643
1445 1491
610 1601
773 332
1163 1152
525 1178
1630 1073
52 1278
652 1378
371 1226
27 1469
439 643
1483 1159
1782 22
1446 1080
269 616
1889 1372
1501 381
596 1888
469 1218
167 1148
1858 1708
1567 1645
992 1784
900 979
1211 709
1555 100
1221 1790
1167 1450
569 551
140 266
691 1283
220 439
47 946
837 1234
797 924
1027 462
1448 1877
497 665
904 478
365 281
592 1771
656 1911
576 278
1113 782
1737 1764
1996 1750
518 1908
1832 398
433 1609
1480 459
1395 930
1558 321
403 509
1422 731
793 1364
389 535
1663 326
1487 1647
683 370
180 748
1466 556
694 670
1786 1385
1100 745
919 1551
1307 110
347 297
856 991
515 1210
692 80
1602 1559
1467 213
569 1640
1940 298
1337 44
1104 226
500 598
547 1402
1125 456
157 945
73 291
1639 405
97 503
72 1478
1140 1704
649 1161
758 901
61 42
262 842
843 59
1439 1991
956 1970
1040 1853
1053 1569
531 923
1775 1967
1188 647
1035 670
1922 1614
836 858
1145 44
958 1821
1436 1826
34 355
146 1741
1558 343
1082 1835
1860 532
1790 1606
1222 607
449 496
84 243
1796 1019
403 310
105 1036
1268 1351
1342 1418
1576 10
752 542
592 337
1144 1825
637 1496
1 713
713 159
159 1
159 1422
1422 713
1422 1
2 396
396 591
591 2
3 1928
1928 742
742 717
717 1928
717 3
742 3
4 185
185 1749
1749 1973
1973 716
716 4
716 185
716 1749
1973 4
1973 185
1749 4
5 1348
1348 1553
1553 5
1553 777
777 1348
777 5
6 1962
1962 507
507 6
507 137
137 737
737 1886
1886 1962
1886 137
1886 6
1886 507
737 1962
737 507
737 6
137 6
137 1962
7 1460
1460 1206
1206 7
8 1678
1678 1603
1603 8
1603 1189
1189 1678
1189 8
1189 1932
1932 1678
1932 8
1932 1603
9 1387
1387 1157
1157 9
1157 1456
1456 9
1456 934
934 1157
934 9
934 1387
1456 1387
10 386
386 1357
1357 10
1357 1113
1113 386
1113 10
11 516
516 1597
1597 44
44 516
44 11
1597 11
12 848
848 1068
1068 467
467 848
467 12
1068 12
13 719
719 1549
1549 1633
1633 13
1633 719
1549 13
14 1135
1135 157
157 14
15 1787
1787 1021
1021 15
16 1417
1417 488
488 1496
1496 16
1496 1934
1934 488
1934 16
1496 1417
488 16
17 409
409 260
260 17
18 623
623 662
662 1883
1883 817
817 662
817 18
817 623
1883 18
1883 623
1883 1239
1239 623
1239 18
662 18
19 831
831 1477
1477 1930
1930 831
1930 1688
1688 1477
1688 19
1688 831
1688 1847
1847 1477
1847 1930
1847 19
1847 831
1930 19
1477 19
20 1258
1258 920
920 20
21 272
272 198
198 21
22 680
680 389
389 22
23 1153
1153 691
691 23
24 1103
1103 1114
1114 24
25 118
118 1096
1096 25
1096 576
576 118
576 25
576 1493
1493 25
1493 118
1493 1096
26 293
293 979
979 26
27 632
632 958
958 27
958 1047
1047 1234
1234 27
1234 632
1234 958
1047 632
1047 27
28 1350
1350 1439
1439 28
1439 872
872 28
872 1350
29 225
225 60
60 29
60 611
611 29
611 225
30 625
625 1226
1226 30
31 429
429 998
998 693
693 31
693 429
998 31
32 1941
1941 1699
1699 32
33 891
891 449
449 33
449 437
437 33
437 891
34 1715
1715 319
319 809
809 1333
1333 1715
1333 319
1333 34
809 1715
809 34
319 34
35 233
233 1267
1267 35
1267 1499
1499 1784
1784 35
1784 334
334 1499
334 1267
334 233
334 35
1784 1267
1784 233
1499 35
1499 233
38 957
957 642
642 38
39 491
491 400
400 917
917 532
532 39
532 400
532 491
917 39
917 491
400 39
40 858
858 765
765 40
41 1208
1208 722
722 41
722 1601
1601 1881
1881 1208
1881 722
1881 41
1601 1208
1601 41
42 761
761 1503
1503 42
1503 1538
1538 42
1538 204
204 42
204 1503
204 761
1538 761
43 1525
1525 953
953 43
45 800
800 296
296 45
46 1498
1498 1457
1457 1990
1990 46
1990 1498
1457 46
47 1173
1173 1569
1569 1472
1472 1173
1472 47
1569 47
48 1192
1192 1133
1133 1694
1694 1521
1521 1133
1521 48
1521 1192
1694 48
1694 1192
1133 48
49 1828
1828 457
457 49
457 628
628 1828
628 49
50 192
192 1893
1893 50
1893 758
758 50
758 192
52 610
610 966
966 52
53 1764
1764 1513
1513 1645
1645 295
295 53
295 1764
295 1513
1645 53
1645 1764
1513 53
54 268
268 1955
1955 994
994 54
994 268
1955 54
55 1116
1116 1703
1703 55
56 1105
1105 651
651 772
772 1651
1651 1105
1651 56
1651 651
772 1105
772 56
651 56
57 1505
1505 1944
1944 949
949 1505
949 57
1944 57
58 167
167 251
251 58
251 1207
1207 167
1207 58
59 1442
1442 609
609 568
568 1442
568 59
609 59
61 918
918 176
176 61
62 1300
1300 372
372 62
63 1296
1296 1618
1618 63
64 1338
1338 869
869 64
65 110
110 702
702 961
961 65
961 110
702 65
66 371
371 1215
1215 66
1215 324
324 371
324 66
68 1989
1989 977
977 1320
1320 68
1320 1989
977 68
69 627
627 456
456 69
70 1986
1986 1734
1734 70
1734 773
773 70
773 1986
71 321
321 1266
1266 71
72 476
476 450
450 1301
1301 581
581 450
581 1112
1112 1301
1112 72
1112 450
1112 476
581 476
581 72
1301 72
1301 476
450 72
73 510
510 752
752 73
74 1899
1899 1102
1102 74
75 77
77 267
267 781
781 77
781 75
781 1316
1316 77
1316 75
1316 267
267 75
76 331
331 477
477 1692
1692 76
1692 331
1692 1249
1249 331
1249 477
1249 76
477 76
78 1419
1419 1794
1794 1399
1399 1419
1399 78
1794 78
79 1023
1023 414
414 79
80 328
328 346
346 1635
1635 328
1635 80
346 80
81 94
94 996
996 81
82 273
273 1467
1467 82
83 523
523 1172
1172 570
570 523
570 83
1172 83
84 782
782 1314
1314 119
119 84
119 782
119 271
271 84
271 782
271 1314
271 382
382 782
382 1314
382 119
382 84
1314 84
85 889
889 1240
1240 1093
1093 1382
1382 85
1382 1240
1382 889
1093 85
1093 889
1240 85
86 1743
1743 551
551 86
551 1745
1745 696
696 1743
696 1297
1297 86
1297 1743
1297 551
1297 1745
696 551
696 86
1745 1743
1745 86
87 150
150 1053
1053 87
89 1478
1478 640
640 89
640 1977
1977 255
255 1478
255 640
255 89
1977 1478
1977 89
90 842
842 751
751 341
341 199
199 842
199 751
199 90
341 842
341 90
751 90
91 893
893 929
929 91
929 995
995 893
995 91
92 815
815 1355
1355 92
93 425
425 768
768 93
95 1542
1542 634
634 1078
1078 1484
1484 634
1484 1542
1078 95
1078 1542
634 95
96 1100
1100 1559
1559 96
97 1271
1271 993
993 1979
1979 97
1979 1271
993 97
98 767
767 936
936 98
99 289
289 1069
1069 379
379 99
379 289
1069 99
100 385
385 583
583 100
101 1306
1306 1763
1763 101
102 1578
1578 1790
1790 1007
1007 790
790 102
790 1790
790 1578
1007 1578
1007 102
1790 102
103 648
648 479
479 103
104 935
935 933
933 1563
1563 256
256 935
256 104
256 933
1563 104
1563 935
933 104
106 1259
1259 1438
1438 106
108 971
971 1975
1975 108
109 121
121 1626
1626 109
111 667
667 850
850 111
113 506
506 1212
1212 113
1212 1939
1939 113
1939 506
114 884
884 335
335 633
633 884
633 114
335 114
115 1953
1953 1808
1808 547
547 115
547 1953
1808 115
117 1131
1131 223
223 117
223 1933
1933 1131
1933 117
120 445
445 1389
1389 805
805 445
805 1067
1067 120
1067 445
805 1061
1061 445
1061 120
1061 1389
805 120
1389 120
122 997
997 554
554 122
554 1838
1838 997
1838 122
123 657
657 207
207 123
207 1187
1187 123
1187 657
125 1579
1579 1050
1050 1661
1661 125
1661 1747
1747 125
1747 1050
1747 1579
1050 125
126 313
313 141
141 126
127 181
181 1984
1984 829
829 127
829 823
823 127
823 1984
823 181
829 181
1984 127
128 1341
1341 152
152 128
152 504
504 1341
504 128
129 1746
1746 658
658 129
658 1458
1458 129
1458 1746
130 285
285 730
730 704
704 285
704 130
704 908
908 1813
1813 130
1813 730
1813 285
1813 704
908 285
908 130
908 730
730 130
131 309
309 747
747 131
132 1922
1922 1144
1144 1554
1554 1751
1751 1144
1751 1922
1751 132
1554 1922
133 398
398 1213
1213 133
1213 1971
1971 398
1971 133
134 1019
1019 265
265 134
135 1632
1632 535
535 135
136 384
384 239
239 136
239 1398
1398 384
1398 136
138 1121
1121 1199
1199 1326
1326 1969
1969 914
914 1121
914 1326
914 138
914 1199
1969 1121
1969 138
1969 1199
1326 1121
1326 138
1199 138
139 1485
1485 1775
1775 139
140 663
663 1782
1782 140
142 1548
1548 248
248 142
143 1825
1825 584
584 1985
1985 1825
1985 143
584 143
144 1390
1390 486
486 1074
1074 1390
1074 1735
1735 486
1735 144
486 144
145 745
745 338
338 145
338 1232
1232 145
1232 745
146 1584
1584 1595
1595 146
147 1708
1708 1758
1758 147
1758 588
588 1708
588 147
148 258
258 317
317 148
149 502
502 519
519 149
151 672
672 1044
1044 151
153 688
688 613
613 153
155 1650
1650 1323
1323 1851
1851 1650
1851 155
1323 155
156 1589
1589 877
877 156
877 1143
1143 156
1143 1589
1143 531
531 156
531 1589
531 877
158 275
275 1756
1756 161
161 275
161 158
1756 158
160 1698
1698 1604
1604 1128
1128 1698
1128 160
1604 160
162 756
756 1776
1776 162
163 1966
1966 345
345 1415
1415 524
524 163
524 1966
524 345
1415 163
1415 1966
345 163
164 706
706 1963
1963 164
165 1042
1042 1762
1762 165
1762 1356
1356 1655
1655 1042
1655 1762
1655 165
1356 1042
1356 165
166 1450
1450 1670
1670 166
1670 843
843 1608
1608 1450
1608 166
1608 1670
843 1450
843 166
168 818
818 952
952 1902
1902 818
1902 168
952 168
169 305
305 525
525 169
170 1558
1558 1625
1625 1124
1124 807
807 170
807 1625
807 1558
1124 170
1124 1558
1625 170
171 402
402 1727
1727 171
172 1040
1040 545
545 976
976 1040
976 1039
1039 231
231 545
231 172
231 976
231 1040
1039 545
1039 172
1039 1040
976 172
545 172
173 446
446 1500
1500 618
618 446
618 173
618 909
909 616
616 446
616 1500
616 173
616 618
909 1500
909 446
909 173
1500 173
174 327
327 1909
1909 1317
1317 174
1317 327
1909 174
175 954
954 612
612 175
177 1556
1556 1165
1165 177
178 733
733 322
322 178
179 1018
1018 827
827 1912
1912 179
1912 873
873 179
873 1444
1444 1912
1444 1511
1511 179
1511 827
1511 1912
1511 873
1511 1018
1444 827
1444 1018
1444 179
873 827
873 1018
1912 1018
827 179
180 1110
1110 361
361 180
182 1896
1896 732
732 1793
1793 182
1793 1896
732 182
183 1294
1294 1769
1769 183
184 565
565 1275
1275 184
1275 326
326 184
326 565
186 778
778 974
974 333
333 186
333 677
677 186
677 974
677 778
333 778
974 186
187 1384
1384 1590
1590 187
1590 590
590 187
590 1384
590 1514
1514 187
1514 1384
1514 1590
188 1115
1115 1730
1730 188
189 1459
1459 689
689 910
910 1459
910 189
190 1091
1091 1201
1201 190
191 1227
1227 1862
1862 1449
1449 191
1449 1227
1862 191
193 1222
1222 972
972 193
194 431
431 232
232 497
497 194
497 431
232 194
195 530
530 1679
1679 739
739 226
226 1679
226 195
226 530
739 195
739 530
1679 195
196 536
536 1529
1529 196
197 1721
1721 1890
1890 197
1890 1676
1676 197
1676 1721
200 501
501 1465
1465 200
201 989
989 1936
1936 201
202 980
980 1573
1573 202
203 1146
1146 876
876 753
753 203
753 1146
876 203
205 270
270 318
318 205
208 1038
1038 1164
1164 208
1164 580
580 1038
580 208
209 1304
1304 1789
1789 209
210 1562
1562 1219
1219 210
212 1517
1517 1929
1929 593
593 1517
593 1620
1620 1929
1620 1517
1620 212
593 212
1929 212
213 1084
1084 1904
1904 213
214 562
562 784
784 405
405 214
405 562
784 214
215 1935
1935 1034
1034 1060
1060 1935
1060 887
887 1935
887 1034
887 215
1060 215
1034 215
216 578
578 2000
2000 216
217 813
813 1405
1405 1177
1177 217
1177 813
1405 217
218 811
811 847
847 218
219 1878
1878 515
515 219
220 946
946 1666
1666 220
221 1347
1347 452
452 999
999 221
999 1347
452 221
222 563
563 1567
1567 1186
1186 432
432 563
432 1567
432 222
1186 1123
1123 1567
1123 222
1186 563
1567 222
224 1490
1490 1711
1711 826
826 1781
1781 1711
1781 224
1781 1490
826 224
826 1490
1711 224
227 1254
1254 1435
1435 1155
1155 227
1155 1254
1435 227
228 1830
1830 1819
1819 1489
1489 1865
1865 228
1865 1819
1865 1830
1489 228
1489 1830
1819 228
229 540
540 364
364 229
230 508
508 606
606 230
234 1725
1725 1473
1473 1958
1958 498
498 1473
498 1725
498 234
498 1508
1508 1725
1508 234
1508 1958
1958 1725
1958 234
1473 234
235 1740
1740 1391
1391 235
236 639
639 643
643 236
643 1771
1771 1216
1216 298
298 1150
1150 1216
1150 1771
1150 643
1150 639
1150 236
298 1771
298 236
298 643
298 639
1216 236
1216 639
1216 643
1771 236
1771 639
237 564
564 492
492 237
492 1425
1425 237
1425 641
641 237
641 564
641 492
1425 564
238 1085
1085 1523
1523 238
240 454
454 1154
1154 240
242 315
315 1362
1362 242
243 1594
1594 964
964 463
463 1594
463 243
964 243
244 1185
1185 1527
1527 775
775 244
775 726
726 244
726 1185
726 1527
775 1185
1527 244
245 1509
1509 1868
1868 245
1868 1943
1943 245
1943 1509
247 1644
1644 1992
1992 1290
1290 1644
1290 247
1992 247
249 1253
1253 520
520 762
762 249
762 1253
520 249
250 789
789 1726
1726 250
252 1311
1311 537
537 1030
1030 252
1030 1311
1030 814
814 537
814 252
814 1311
537 252
253 797
797 291
291 253
254 867
867 1468
1468 254
1468 1008
1008 254
1008 867
257 357
357 1313
1313 257
1313 1999
1999 715
715 357
1999 257
1999 357
259 1824
1824 1550
1550 259
262 418
418 1856
1856 1812
1812 418
1812 262
1856 262
263 1854
1854 1220
1220 263
1220 1575
1575 1854
1575 263
264 1130
1130 862
862 264
266 1788
1788 1299
1299 358
358 339
339 1299
339 266
339 1788
358 1788
358 266
1299 266
269 1954
1954 561
561 269
561 1167
1167 269
1167 1954
274 1897
1897 1012
1012 274
276 282
282 755
755 276
278 1470
1470 1097
1097 278
280 638
638 1246
1246 280
281 703
703 853
853 281
853 359
359 774
774 674
674 359
674 853
674 703
674 281
774 703
774 853
774 281
359 703
359 281
284 1332
1332 1574
1574 284
1574 1879
1879 284
1879 1332
288 1931
1931 399
399 288
290 729
729 709
709 1654
1654 290
1654 729
709 290
292 1469
1469 1774
1774 292
1774 1996
1996 292
1996 1469
297 1742
1742 1063
1063 1690
1690 1742
1690 1766
1766 1063
1766 1742
1766 297
1690 297
1063 297
299 700
700 780
780 299
300 1961
1961 955
955 300
301 1169
1169 1920
1920 690
690 1169
690 301
1920 301
302 1706
1706 708
708 1436
1436 617
617 708
617 1049
1049 1706
1049 1436
1049 302
1049 708
617 1706
617 302
1436 302
1436 1706
708 302
303 1800
1800 600
600 303
304 443
443 594
594 304
306 1910
1910 1691
1691 306
307 1843
1843 574
574 307
574 556
556 1843
556 307
308 870
870 912
912 890
890 484
484 308
484 912
484 870
890 870
890 308
912 308
310 330
330 1094
1094 310
311 1820
1820 879
879 311
312 1739
1739 902
902 312
314 1767
1767 366
366 548
548 314
548 1767
366 314
316 985
985 894
894 604
604 422
422 316
422 894
422 985
604 985
604 316
894 316
320 836
836 1072
1072 541
541 1292
1292 836
1292 1072
1292 320
1292 442
442 1072
442 541
442 836
442 320
541 836
541 320
1072 320
323 1006
1006 582
582 323
325 1282
1282 462
462 325
329 1832
1832 595
595 329
332 1315
1315 1214
1214 973
973 332
973 1315
1214 332
336 1194
1194 1406
1406 1064
1064 1194
1064 336
1406 336
337 1506
1506 1518
1518 337
340 1272
1272 1835
1835 340
342 1242
1242 1305
1305 342
1305 1806
1806 342
1806 1242
343 1276
1276 654
654 824
824 1276
824 343
654 343
344 1917
1917 466
466 480
480 1917
480 344
480 1193
1193 344
1193 466
1193 1917
466 344
347 478
478 1079
1079 347
350 395
395 1552
1552 350
351 1630
1630 1281
1281 351
354 871
871 522
522 354
355 543
543 1126
1126 355
356 1662
1662 605
605 356
362 1090
1090 1576
1576 362
363 776
776 1480
1480 363
365 736
736 1687
1687 365
367 916
916 424
424 367
369 1683
1683 1780
1780 748
748 1683
748 369
1780 369
370 1161
1161 528
528 370
375 738
738 1849
1849 375
376 1451
1451 1652
1652 376
377 978
978 1251
1251 377
378 959
959 1535
1535 378
1535 512
512 378
512 959
380 393
393 950
950 380
381 1372
1372 1520
1520 381
383 1407
1407 661
661 383
661 1799
1799 1407
1799 383
387 1033
1033 1841
1841 387
1841 1230
1230 387
1230 1033
388 1532
1532 1043
1043 1205
1205 734
734 388
734 1532
734 1043
1205 1532
1205 388
1043 388
390 1464
1464 795
795 390
795 1363
1363 390
1363 1464
391 397
397 529
529 391
392 987
987 1537
1537 392
401 441
441 898
898 720
720 401
720 441
898 401
403 1197
1197 1983
1983 403
404 620
620 1022
1022 404
406 598
598 1829
1829 621
621 1274
1274 1829
1274 406
1274 598
621 406
1829 406
407 408
408 1914
1914 407
410 644
644 575
575 410
411 743
743 1098
1098 411
412 1183
1183 1512
1512 412
415 1640
1640 1967
1967 1982
1982 415
1982 1640
1967 415
416 968
968 511
511 1001
1001 416
1001 968
1001 1446
1446 416
1446 511
1446 968
511 416
417 468
468 1140
1140 417
420 1303
1303 656
656 1519
1519 1303
1519 420
1519 1330
1330 1303
1330 656
1330 420
656 420
423 1663
1663 1714
1714 423
1714 542
542 423
542 1663
426 1302
1302 1712
1712 426
427 1923
1923 1170
1170 684
684 427
684 1923
684 1174
1174 1923
1174 1170
1174 427
1170 427
428 913
913 1641
1641 428
430 1859
1859 1723
1723 430
1723 1987
1987 430
1987 1859
433 1270
1270 1607
1607 433
1607 1147
1147 433
1147 1270
434 1639
1639 1241
1241 434
435 785
785 1757
1757 1948
1948 435
1948 785
1757 435
436 1861
1861 1539
1539 1136
1136 436
1136 1861
1539 436
438 521
521 1874
1874 1364
1364 521
1364 1677
1677 1874
1677 1156
1156 1874
1156 521
1156 1364
1677 521
1364 438
1874 438
439 1175
1175 1045
1045 439
1045 1284
1284 439
1284 1175
444 1368
1368 1765
1765 444
1765 794
794 444
794 1368
447 1994
1994 1009
1009 447
1009 1339
1339 1994
1339 447
448 718
718 546
546 448
451 1622
1622 865
865 451
865 1379
1379 451
1379 1622
453 1052
1052 681
681 453
455 1611
1611 1530
1530 666
666 1611
666 455
1530 455
458 1062
1062 1565
1565 458
459 1673
1673 1402
1402 459
460 1591
1591 1965
1965 608
608 460
608 1139
1139 1965
1139 1591
1139 460
608 1591
1965 460
461 1846
1846 1602
1602 461
464 1741
1741 779
779 464
779 806
806 1741
806 464
465 1191
1191 1041
1041 500
500 465
500 1191
1041 465
469 1455
1455 1461
1461 469
470 1236
1236 1533
1533 470
471 619
619 1524
1524 471
1524 1826
1826 471
1826 619
472 1911
1911 1588
1588 1814
1814 472
1814 1911
1588 472
473 1000
1000 1905
1905 1474
1474 473
1474 1000
1905 473
474 601
601 1431
1431 474
475 647
647 1816
1816 475
481 1231
1231 896
896 481
896 622
622 481
622 1231
622 1777
1777 481
1777 1231
1777 896
482 1028
1028 496
496 482
489 820
820 1892
1892 1546
1546 489
1546 820
1546 1696
1696 1892
1696 489
1696 1343
1343 820
1343 489
1343 1546
1343 1892
1696 820
1892 489
490 1412
1412 919
919 1308
1308 1412
1308 490
1308 1211
1211 919
1211 1367
1367 919
1367 490
1367 1412
1367 1308
1211 490
1211 1412
919 490
493 686
686 1031
1031 493
1031 1515
1515 686
1515 493
494 1593
1593 1037
1037 494
495 984
984 1810
1810 495
499 1599
1599 1166
1166 499
503 835
835 1058
1058 503
505 607
607 1428
1428 505
509 1596
1596 573
573 509
513 856
856 660
660 513
514 1235
1235 1839
1839 514
1839 710
710 514
710 1235
517 1880
1880 1860
1860 517
518 1120
1120 1160
1160 518
527 544
544 937
937 527
937 1802
1802 1127
1127 544
1127 527
1127 937
1127 1580
1580 527
1580 544
1580 937
1580 1802
1802 527
1802 544
533 1502
1502 1653
1653 1927
1927 1502
1927 533
1653 533
534 1685
1685 932
932 1807
1807 534
1807 1685
932 534
538 1956
1956 1702
1702 840
840 1229
1229 1702
1229 1648
1648 1956
1648 538
1648 840
1648 1702
1229 538
1229 1956
840 538
840 1956
1702 538
539 1959
1959 1221
1221 539
549 1340
1340 1073
1073 1516
1516 1066
1066 1073
1066 549
1066 1340
1516 1340
1516 549
1073 549
550 1087
1087 880
880 1026
1026 550
1026 1492
1492 550
1492 1087
1492 880
1026 1087
880 550
552 881
881 1409
1409 552
553 631
631 1738
1738 1701
1701 1804
1804 631
1804 1738
1804 553
1701 631
1701 553
1738 553
555 1845
1845 698
698 555
557 1850
1850 1656
1656 1118
1118 557
1118 851
851 1850
851 557
851 1656
851 1057
1057 557
1057 1850
1057 1656
1057 1118
1118 1850
1656 557
558 1736
1736 1797
1797 558
559 943
943 1889
1889 559
560 796
796 1555
1555 560
567 875
875 1631
1631 567
569 724
724 1358
1358 569
571 1729
1729 939
939 855
855 571
855 1729
939 571
572 1991
1991 1950
1950 572
577 665
665 983
983 577
586 900
900 967
967 586
587 992
992 816
816 587
589 1869
1869 1710
1710 589
596 951
951 652
652 596
602 1289
1289 868
868 602
868 1837
1837 1289
1837 1707
1707 1289
1707 602
1707 868
1837 602
603 878
878 839
839 746
746 878
746 603
839 603
614 669
669 1209
1209 671
671 614
671 669
1209 614
624 1202
1202 822
822 882
882 1217
1217 822
1217 624
1217 1202
882 624
882 1202
822 624
629 1086
1086 927
927 629
630 956
956 676
676 630
636 1809
1809 1968
1968 636
1968 749
749 1901
1901 1809
1901 636
1901 1968
749 636
749 1809
637 1940
1940 1528
1528 1337
1337 1940
1337 637
1528 637
645 942
942 857
857 645
646 1621
1621 1032
1032 646
659 1077
1077 1875
1875 659
664 735
735 982
982 1924
1924 664
1924 735
982 664
668 821
821 1142
1142 1898
1898 668
1898 821
1142 668
670 1137
1137 1256
1256 1024
1024 670
1024 1137
1256 670
673 1441
1441 1719
1719 673
1719 1366
1366 673
1366 1441
1366 923
923 1441
923 673
923 1719
675 1675
1675 1526
1526 675
1526 683
683 1675
683 675
679 1370
1370 1273
1273 1059
1059 679
1059 1370
1273 679
682 793
793 1564
1564 682
1564 1682
1682 793
1682 682
687 1076
1076 1291
1291 687
1291 1951
1951 1076
1951 687
692 1842
1842 1342
1342 1476
1476 1842
1476 692
1342 692
694 1361
1361 1336
1336 694
695 1373
1373 1400
1400 695
1400 1162
1162 695
1162 1373
697 1894
1894 1946
1946 697
699 1083
1083 766
766 699
701 1494
1494 1035
1035 1122
1122 1664
1664 1035
1664 1494
1664 701
1122 701
1122 1494
1035 701
705 833
833 1152
1152 1334
1334 833
1334 705
1152 705
707 1257
1257 1252
1252 707
711 940
940 1263
1263 1700
1700 711
1700 940
1263 711
721 760
760 1871
1871 721
723 1196
1196 1178
1178 723
725 1761
1761 1025
1025 725
728 1421
1421 1577
1577 728
731 1092
1092 763
763 1667
1667 1329
1329 731
1329 1551
1551 731
1551 1092
1551 763
1551 1667
1329 1092
1329 763
1667 1092
1667 731
763 731
741 1867
1867 926
926 1371
1371 1867
926 1055
1055 1867
1055 741
926 741
744 1627
1627 1158
1158 1592
1592 1960
1960 770
770 1627
770 744
770 1158
770 1592
1960 1627
1960 1158
1960 744
1592 744
1592 1627
1158 744
750 1171
1171 981
981 1168
1168 1759
1759 750
1759 1171
1759 981
1168 1171
1168 750
981 750
754 859
859 1163
1163 1395
1395 859
1395 754
1163 754
759 1686
1686 1853
1853 759
764 1616
1616 1887
1887 764
771 1279
1279 1203
1203 771
1203 1378
1378 771
1378 1279
783 1750
1750 1857
1857 1491
1491 1750
1491 783
1857 783
786 1014
1014 1010
1010 1481
1481 786
1481 1014
1010 786
787 1827
1827 1065
1065 787
1065 903
903 787
903 1827
788 1665
1665 975
975 788
792 1915
1915 1903
1903 792
798 1184
1184 1801
1801 1947
1947 1184
1947 798
1801 798
803 830
830 1728
1728 803
808 1381
1381 1397
1397 808
810 1354
1354 1433
1433 810
819 1331
1331 1805
1805 819
1805 962
962 988
988 1331
988 1805
988 819
962 819
962 1331
825 1310
1310 1466
1466 825
828 1145
1145 1978
1978 828
837 1414
1414 1864
1864 837
838 901
901 1015
1015 838
841 1885
1885 1225
1225 841
854 1658
1658 1649
1649 854
860 1884
1884 1988
1988 860
861 1440
1440 1248
1248 861
864 1834
1834 1159
1159 864
866 1541
1541 1108
1108 866
874 1614
1614 1479
1479 874
886 1327
1327 1374
1374 886
888 1998
1998 1265
1265 888
892 1974
1974 1786
1786 892
1786 1075
1075 1974
1075 892
895 1182
1182 1204
1204 895
897 991
991 1424
1424 897
899 1768
1768 1561
1561 899
904 1522
1522 1921
1921 904
905 1280
1280 1642
1642 1029
1029 1280
1029 905
1642 905
906 1427
1427 1017
1017 906
907 1423
1423 1262
1262 907
911 925
925 1200
1200 911
915 930
930 1581
1581 915
921 1815
1815 986
986 921
922 928
928 1447
1447 922
931 1779
1779 1119
1119 1609
1609 1779
1609 931
1119 931
941 1377
1377 944
944 941
945 1151
1151 1027
1027 1913
1913 1151
1913 945
1027 945
947 1770
1770 1754
1754 1247
1247 1770
1247 947
1754 947
948 1619
1619 1792
1792 948
960 1056
1056 1600
1600 960
1600 1872
1872 960
1872 1056
963 1426
1426 1046
1046 1615
1615 1426
1615 963
1046 963
965 1088
1088 1255
1255 965
969 1583
1583 1916
1916 969
990 1109
1109 1411
1411 990
1002 1823
1823 1324
1324 1002
1003 1634
1634 1016
1016 1434
1434 1003
1434 1634
1016 1003
1004 1672
1672 1321
1321 1004
1005 1416
1416 1224
1224 1352
1352 1416
1352 1005
1224 1005
1011 1260
1260 1720
1720 1011
1036 1547
1547 1081
1081 1036
1048 1403
1403 1307
1307 1048
1054 1942
1942 1952
1952 1298
1298 1054
1298 1942
1952 1054
1070 1785
1785 1693
1693 1070
1080 1430
1430 1293
1293 1080
1095 1980
1980 1629
1629 1268
1268 1980
1268 1095
1629 1095
1101 1385
1385 1106
1106 1101
1107 1833
1833 1228
1228 1107
1228 1244
1244 1833
1244 1107
1111 1188
1188 1319
1319 1111
1319 1346
1346 1188
1346 1111
1117 1744
1744 1680
1680 1117
1129 1237
1237 1876
1876 1288
1288 1237
1288 1129
1876 1129
1138 1540
1540 1322
1322 1138
1141 1811
1811 1606
1606 1141
1148 1697
1697 1544
1544 1148
1176 1981
1981 1375
1375 1176
1179 1210
1210 1964
1964 1179
1964 1571
1571 1210
1571 1179
1198 1821
1821 1748
1748 1995
1995 1821
1995 1198
1748 1198
1223 1557
1557 1993
1993 1223
1233 1605
1605 1487
1487 1233
1238 1907
1907 1261
1261 1238
1277 1445
1445 1586
1586 1277
1283 1949
1949 1404
1404 1283
1295 1888
1888 1623
1623 1295
1309 1504
1504 1870
1870 1309
1312 1760
1760 1418
1418 1312
1335 1724
1724 1926
1926 1858
1858 1724
1858 1335
1926 1335
1344 1755
1755 1482
1482 1344
1349 1365
1365 1463
1463 1349
1353 1817
1817 1844
1844 1383
1383 1817
1383 1353
1844 1353
1360 1396
1396 1386
1386 1598
1598 1360
1598 1396
1386 1360
1392 1674
1674 1636
1636 1429
1429 1671
1671 1636
1671 1392
1671 1674
1429 1674
1429 1392
1636 1392
1394 1437
1437 1566
1566 1394
1432 1852
1852 1737
1737 1432
1462 1877
1877 1773
1773 1462
1475 1818
1818 1722
1722 1475
1497 1610
1610 1643
1643 1497
1643 1866
1866 1497
1866 1610
1531 1717
1717 1617
1617 1531
1543 1891
1891 1660
1660 1543
1545 1895
1895 1753
1753 1545
1560 1695
1695 1791
1791 1560
1791 1997
1997 1560
1997 1695
1570 1840
1840 1795
1795 1570
1585 1772
1772 1796
1796 1585
1587 1882
1882 1705
1705 1587
1628 1972
1972 1637
1637 1628
1689 1822
1822 1752
1752 1689
1709 1831
1831 1783
1783 1709
