7 1245
1551 1583
869 1949
581 388
392 675
1504 1267
118 1879
607 1479
1520 1215
1841 147
698 472
1731 1135
428 259
286 218
1947 1344
571 1163
1908 1270
1300 598
209 841
421 559
775 1589
822 1823
1140 1618
540 1740
605 1444
432 745
820 1203
686 1615
827 1306
771 724
1045 1509
169 219
374 1273
1318 1132
1991 1682
1168 1348
982 9
1813 207
673 894
1726 1944
545 1917
1424 1414
744 971
418 149
837 1111
906 286
1969 204
102 591
1552 1544
364 1059
1291 592
789 1072
86 176
1354 1596
674 1390
796 1233
1132 557
692 407
866 950
1963 1037
1665 1465
1387 1225
1092 426
285 899
345 1434
1366 1518
1757 108
62 888
1410 212
137 704
672 118
1498 470
1815 1002
1687 1788
180 238
1250 1221
780 359
1807 1165
216 1991
839 1966
1946 672
591 432
525 1912
1227 717
1911 143
1289 1003
37 1837
135 628
1164 38
414 721
862 913
1956 1103
1625 964
1827 1169
1428 1121
40 417
1761 1659
1803 1946
663 1833
667 1089
369 482
228 1031
1301 809
528 1726
21 155
1027 755
1106 247
439 1841
1934 726
464 221
306 1508
177 1066
939 848
1749 1982
398 572
1801 584
1419 1713
282 23
1791 307
1114 1476
521 182
793 1556
1766 1512
1784 1773
1770 1230
1026 1772
327 943
666 919
493 461
352 1352
1262 683
416 580
1506 994
1893 1149
918 544
795 1754
976 1711
159 667
1299 1298
1898 1105
1582 46
1624 816
103 1137
594 1523
1345 1775
154 1199
1341 1260
988 1553
1745 446
1088 1386
1492 600
742 322
435 74
1446 1011
1890 146
1886 896
1081 415
507 1417
1416 1290
129 1650
1630 735
1643 697
425 88
524 1900
891 1622
1295 1958
434 1681
915 1938
495 1359
1877 1630
1019 1585
873 1432
1583 60
975 819
980 62
990 1908
1655 578
1488 35
805 1845
1396 40
1943 1955
974 690
1999 98
1737 1718
770 447
1147 1085
175 1705
1058 986
1909 362
299 502
317 798
1686 364
1805 194
453 390
758 1643
1453 823
1744 1469
253 1174
1236 1903
662 85
218 1064
1984 695
1941 562
1184 1797
385 256
157 183
748 327
1022 1607
1688 1921
366 657
11 696
1219 1196
1905 1387
481 457
1481 1983
627 1911
1817 1242
671 144
812 1996
68 140
1595 1272
600 1956
1866 1023
155 5
1116 1579
1013 1062
1271 1520
1910 269
1412 763
83 1068
1400 1470
1673 1155
1142 165
1189 1334
1471 1443
1273 857
1703 760
1191 1902
1351 1979
1297 14
1858 1213
8 707
1115 64
1008 1811
1404 634
1337 1499
729 1141
1386 977
1598 1318
963 554
176 1411
1290 1212
1411 1128
1979 473
745 1575
1064 1423
384 1787
1035 1776
1253 1369
1570 397
1497 1347
173 1080
1302 975
1055 128
1187 355
1690 962
919 686
289 521
389 510
1277 21
1994 1794
1853 1436
654 1548
616 1333
122 136
1540 1274
688 863
465 1537
1263 960
882 245
340 1117
589 203
269 233
1216 1927
998 22
1200 413
930 1099
71 1977
645 45
1015 718
1950 1816
1628 1471
1800 1136
942 861
1952 1102
1264 83
854 1013
1533 996
1723 564
1237 1670
96 1953
1119 1400
1066 1869
460 1666
1334 1228
1727 80
784 883
239 1486
1123 1437
1095 200
1578 361
354 1216
220 970
1462 677
1210 1081
433 865
350 613
4 1144
1830 1309
100 547
1774 1151
1600 957
994 1595
1331 1820
1057 429
626 1284
1215 454
1260 1638
511 1010
708 20
1921 53
637 768
221 662
725 172
522 354
1781 1462
929 1503
1034 1814
422 635
1876 653
792 1625
104 1381
1987 948
371 1961
117 1501
126 999
1228 594
1171 490
1430 911
1530 640
1420 1378
1052 1824
1320 952
752 1687
1835 924
97 450
379 1651
1441 1122
1746 700
1730 1992
1503 1295
1203 699
1581 1527
1234 1356
429 121
647 232
1750 1035
497 545
1489 1441
72 1828
1001 210
539 1147
653 1113
1546 1714
1149 443
358 377
1032 1688
1268 1483
786 1361
1006 1079
1074 973
195 1676
1707 1612
477 1195
1882 82
1778 336
312 1689
168 1268
1370 1392
766 27
325 802
517 19
162 255
1891 308
1208 365
1535 1839
1336 1176
1122 939
1568 1623
670 1672
1159 1186
1661 293
1954 1522
991 1516
3 1449
1777 132
1346 481
1127 1478
238 465
1720 1559
1266 381
1818 1371
501 1621
152 90
1862 1932
1822 1832
650 49
14 770
1395 171
983 367
59 987
1041 1038
715 1234
1198 762
1021 1771
544 309
348 1640
534 467
94 642
1417 821
1230 1881
683 1405
1112 59
235 815
1445 1891
1090 779
1577 942
615 393
902 529
1256 1073
488 1407
89 1533
1245 495
1224 1863
233 384
1623 509
547 97
1511 1698
1137 588
1484 1732
1713 1890
1075 981
1670 1487
148 476
1951 1403
457 376
1547 1406
892 246
519 320
899 1941
1927 142
95 671
1356 205
484 1205
1949 1965
926 1665
961 796
788 311
383 871
1636 1008
132 1730
1494 1514
1602 636
1652 951
1708 1989
1062 1238
413 1642
1828 422
1593 193
1232 1056
194 1827
264 1868
243 1259
1528 1412
732 425
1072 875
1553 520
124 1948
1997 1909
1166 240
1452 767
1650 113
1510 508
1338 1477
219 213
1105 1243
1938 523
489 184
831 1825
400 448
1190 1293
274 1935
1562 1227
1980 489
1675 917
1382 13
1364 1239
1372 484
639 1939
937 231
28 1782
612 1892
1086 1831
1181 177
925 274
430 1564
5 777
587 1466
889 771
1975 1236
1226 1294
458 299
634 1265
1344 164
1518 933
1038 1129
1414 850
682 1317
1490 519
984 1401
17 1247
1790 1866
551 1679
842 96
63 157
1798 1271
1836 937
1660 1609
337 1384
733 1419
690 1408
56 1894
321 56
999 1255
1759 154
1061 583
43 12
1618 192
1743 1130
518 1699
1959 513
909 1792
1415 1631
1487 211
70 1485
1206 1164
281 1834
1705 664
147 782
1274 1549
1450 1314
599 471
50 1784
622 1088
1839 1691
259 905
1651 1605
791 187
1305 543
260 710
310 869
125 1862
726 1910
1340 1943
1303 1431
24 928
300 1142
1134 730
1919 685
1584 1653
1353 1582
403 167
814 463
10 668
388 825
1065 1962
55 596
767 539
1834 369
1763 1747
335 1777
90 1969
1889 1940
361 166
1186 254
1113 1494
230 10
470 990
1802 801
527 439
580 1232
560 1429
316 1458
885 271
32 190
1857 783
651 759
743 1388
1516 907
30 449
1752 1744
1806 151
894 220
886 1865
1871 1789
693 522
1429 330
557 1198
883 199
997 1248
171 1292
409 326
370 431
48 1574
1201 458
149 669
566 603
1405 1889
212 1
67 1764
1819 500
1161 1674
375 1637
1616 1219
678 727
665 1190
1292 440
1448 897
1397 542
1241 761
426 1454
446 129
679 1276
843 6
943 37
163 1722
860 399
197 57
1496 1626
1764 1337
1681 382
958 568
1179 1617
1671 175
223 991
66 1283
1316 1739
696 324
1712 1664
1403 1878
334 597
1500 115
1964 1937
336 820
1658 1568
1993 1171
1255 632
707 589
368 387
1970 73
187 844
437 1519
25 297
1596 243
799 693
1515 1997
1852 1749
709 1515
717 329
54 198
1029 122
1202 1550
1308 180
476 1140
448 1082
146 1311
1632 305
1457 701
669 1036
150 1058
467 1332
38 117
1408 835
1418 1373
1221 1598
303 1806
833 934
630 1835
512 419
1365 1029
167 949
1564 1826
294 1870
947 310
1514 1849
642 1021
1620 1767
81 1763
835 1660
1402 1851
993 360
1280 998
31 1280
1779 872
183 818
107 1063
992 1975
65 1019
494 33
192 525
559 956
1458 648
279 839
479 684
1288 676
472 862
783 261
575 1235
1902 1603
1901 464
1691 1496
1682 321
1392 1302
989 65
1983 901
1615 331
380 1152
606 1931
1473 374
1521 1769
1101 291
832 1723
121 576
1120 125
401 1743
106 1616
1046 775
412 394
588 1504
296 930
1512 1083
1865 226
179 1178
1856 1592
331 1968
1793 1179
444 984
1056 1313
181 1652
801 804
1524 604
703 488
378 1383
466 764
329 706
203 1046
13 546
254 1166
478 1125
598 713
649 1377
1864 1489
552 1192
1486 1426
633 1755
898 1041
1000 1257
656 442
1047 858
1103 1330
115 99
562 1185
1775 1793
1247 303
1814 1963
1881 253
768 932
1859 1385
1825 800
1569 1201
1519 1416
1162 76
1319 101
53 1453
1842 127
574 1054
1760 1133
1826 313
1527 424
262 188
956 1319
802 1404
1348 536
787 882
549 119
749 1668
236 123
1131 1472
888 1481
1323 433
363 1282
1928 992
905 1597
1242 582
297 651
638 1241
241 631
1935 1389
1855 1528
538 1353
196 1803
1664 1194
1892 516
1096 487
1098 1214
1714 1094
614 925
847 790
1945 206
1669 1428
114 639
1463 1967
1469 239
1747 95
818 1098
417 537
455 1183
1335 1300
1460 312
1988 58
1502 1648
877 1684
737 1086
144 830
1888 1018
156 1379
1816 1335
42 732
723 691
1799 527
1717 734
308 1899
1160 708
1182 918
1567 1032
277 1358
313 266
79 1346
1194 1914
44 1925
1362 1593
356 1497
1974 1360
1895 353
1461 389
138 1741
756 638
1674 1661
1654 209
592 189
1788 169
676 1467
1204 404
1831 1394
1685 411
145 1145
1151 131
1738 979
16 1724
1833 217
151 197
817 622
597 1138
933 462
624 103
232 1871
1243 720
190 1427
1601 729
1286 1061
1638 515
904 1525
1509 1904
1529 368
1968 214
447 1305
655 1545
1656 201
1915 711
1330 1328
1482 641
1716 1324
1894 63
1003 114
99 1700
91 335
920 618
1125 1050
244 1231
1619 715
131 1729
1363 1799
188 1735
893 874
252 358
1837 294
419 1922
1843 1535
1597 606
1967 281
1972 1146
1548 1391
1435 1573
1464 300
1845 1819
1543 593
1978 1990
907 1847
807 532
537 2000
809 185
74 48
585 1000
798 452
595 1513
64 1728
1920 1555
569 416
1986 186
897 646
1433 1624
687 1286
1385 769
1867 569
741 1807
1076 483
1317 251
1156 1285
1456 1026
1787 105
849 1507
576 1044
1254 244
1879 1430
505 1756
936 738
272 1131
1169 1985
778 34
1390 289
747 391
1550 781
1374 224
1328 68
130 252
1050 392
1756 1854
441 1859
625 1329
1897 104
133 348
365 51
1748 1715
397 1885
720 1703
1218 1906
635 25
486 302
287 241
1926 1877
819 306
931 1923
810 1304
1080 270
26 1104
1391 1657
1314 947
186 1554
706 414
1522 1095
1613 895
977 799
450 982
1771 910
199 1376
1107 1323
964 680
532 1734
1407 1813
757 658
1369 1581
1913 1202
41 1634
1773 1374
1084 1706
1617 751
1916 1207
1629 877
76 1492
903 1608
46 555
790 722
1178 160
1914 1447
1680 814
570 1853
916 1783
1566 1424
1998 1006
561 1742
761 469
855 163
954 479
261 506
29 1402
1409 1952
603 1240
734 1656
602 1594
1111 196
1966 1372
887 1034
1559 926
1259 499
1961 904
80 530
923 864
1138 1191
1657 1172
508 1315
307 1529
57 838
700 1498
1017 1936
1016 375
777 687
502 434
613 453
1804 1049
514 1100
684 846
295 936
865 1320
27 512
227 352
782 1342
1861 1211
88 784
1719 1217
164 887
82 756
1981 1874
1183 1671
657 349
946 741
1702 191
367 1223
689 1448
1499 1534
776 1838
1754 1830
225 517
714 974
399 923
911 828
1755 1123
161 1876
1459 1645
949 1097
191 1134
1012 1586
1251 345
485 228
36 1024
290 249
1683 1251
1233 1716
1422 1301
210 1075
1272 31
1126 1561
226 497
1733 1382
255 1020
721 1994
750 1446
1608 267
1741 456
1642 2
826 1250
1117 498
45 921
841 1093
263 1751
1758 944
487 1884
629 1987
813 1200
1544 1644
503 968
944 1897
101 938
1044 1511
1844 406
1532 881
1634 257
449 650
808 688
596 50
716 135
215 93
475 581
293 1326
1880 338
1948 1926
1985 26
1279 1310
815 333
1229 723
1270 1170
270 1281
1591 853
1603 1591
1225 698
550 195
563 1022
628 1042
1782 1560
1311 43
1432 1077
1144 1675
1863 1510
1554 139
879 549
1491 574
1560 792
1258 953
1413 1970
442 1500
1436 357
1170 1488
440 1860
1069 1091
1977 614
912 501
1067 1539
1556 77
1692 272
584 66
1468 1395
2 1584
1501 1785
1444 914
474 758
661 1263
504 563
362 102
113 428
189 972
1537 1759
648 1798
1010 1957
301 234
1572 1312
1239 1842
198 535
1155 623
1479 1677
1588 491
962 1380
1357 995
746 1457
1467 325
229 773
838 966
248 993
917 265
1009 52
1129 504
1167 1599
586 1148
1188 1629
1174 1901
1249 1945
1735 1173
1143 1119
1753 100
395 627
283 817
23 866
1118 1143
1789 1005
1840 1800
1724 1461
1740 940
1587 1887
1609 403
111 885
268 1610
1849 1157
1701 599
710 276
1721 174
1965 298
1832 134
1795 1950
941 916
876 1805
1635 168
1848 1363
431 961
1470 570
344 637
922 585
292 1752
357 1464
797 1287
483 1057
1704 1338
1906 854
1150 978
1922 350
1434 1296
1406 1563
158 1506
256 1692
1332 571
49 262
1846 1027
396 1846
1769 1222
921 1532
558 682
577 1738
871 1613
1996 1690
128 1717
1060 334
608 1858
1960 1480
1699 1188
1534 876
1378 1030
1610 849
556 1745
711 552
1936 1662
846 774
828 1156
1109 1836
1958 1995
1389 1409
1734 609
1700 351
830 1422
1217 1159
201 344
234 1218
533 156
278 242
6 275
142 737
986 1491
959 1331
211 728
1398 702
1193 1269
1121 1345
1868 423
420 1736
1028 556
314 44
423 1646
781 1184
1373 1060
1929 1396
1797 659
1283 714
890 922
1899 656
1995 1809
427 1934
1033 237
394 1350
1094 94
928 1484
853 1455
1371 736
405 17
816 988
1443 1114
1421 315
1555 625
1036 1530
755 836
1284 1601
250 1880
1307 855
823 1474
541 1654
1455 1731
856 208
526 1804
353 410
1907 304
1011 808
87 158
1614 652
573 1278
1676 1074
1352 1790
1847 405
966 295
1722 540
864 1162
322 859
52 1721
1728 906
1333 673
1196 747
1099 1810
965 1685
407 1886
206 1421
1751 474
1850 1964
1157 811
940 1844
875 1028
1361 1043
1465 1101
738 1538
1376 1182
1786 260
759 1370
753 1861
468 615
1339 170
1025 1696
1641 332
473 386
1440 111
1005 1007
1605 1375
1942 138
1278 1606
1772 459
1042 976
213 511
1437 575
93 851
390 1168
77 663
858 753
1668 1933
1322 277
1466 1106
1732 1040
908 420
1104 611
1321 929
18 1542
1549 765
240 812
480 561
411 1277
658 84
73 87
491 1919
845 1611
779 1460
1903 1727
960 28
33 79
872 1916
610 130
971 1439
1087 967
609 1524
415 314
1180 1070
1896 1635
896 54
305 412
1148 373
69 1760
1136 505
172 1817
406 852
1451 832
1878 1907
1135 1493
1982 402
1431 909
1647 279
1483 292
1794 712
555 1951
471 1928
1557 1808
1014 1667
1173 284
326 880
1024 649
685 1517
204 401
1040 1107
825 75
764 287
443 1628
621 1649
110 1986
20 72
1287 1307
1663 1208
932 733
1269 1410
1427 1109
785 435
727 1090
318 1321
1133 752
691 612
952 1976
1571 1229
760 709
536 301
1093 230
913 959
1309 1620
509 679
1315 328
1474 1669
572 1636
1992 879
257 551
1536 744
178 436
1776 822
112 787
60 1067
1932 647
1785 1139
565 1442
402 1355
1223 1541
1989 223
1327 890
280 1322
1367 1633
774 565
1762 316
617 1303
1912 617
1002 236
1957 1578
1869 1397
579 1888
1004 827
973 1180
1275 285
583 566
765 873
1884 1882
1697 216
985 616
242 1475
967 1275
844 1340
1146 826
237 902
520 380
127 1181
1261 1456
1925 340
1693 8
1808 1051
794 1004
1631 1600
1054 856
1565 106
1495 159
319 318
772 1753
1525 70
245 1856
1209 1033
1442 1658
19 1796
332 1339
604 1896
499 150
1213 1774
1539 1566
724 371
174 1175
1343 1096
116 288
1276 181
529 1495
1079 1673
957 797
500 1757
736 1150
1829 1947
1870 47
1875 1709
857 1972
459 145
1594 1954
739 1418
868 1942
970 492
531 518
668 1161
1447 441
165 1577
47 860
631 633
664 1220
1563 742
386 694
1809 263
1592 372
712 963
1736 602
870 11
1646 1978
1141 1017
1282 1725
762 750
719 162
462 15
205 605
1312 120
1715 1543
1380 290
1070 573
641 468
867 749
202 1153
461 983
34 32
1246 985
1505 1206
824 1551
945 1336
996 460
1508 1415
769 29
200 607
680 1177
410 1053
1672 400
153 739
953 1678
593 3
1 1189
1030 643
840 1210
1207 601
275 731
1281 1930
309 621
1953 567
92 278
1199 478
1078 1569
1696 268
84 524
1824 1526
1796 1366
1637 1547
436 1047
620 674
1048 1289
677 654
704 845
1477 1110
12 1571
22 319
695 1898
265 1264
123 1733
1621 946
1580 788
697 1076
1425 1558
1476 152
1768 1627
1128 1048
652 18
1020 337
139 1915
78 1468
1324 1204
224 1154
424 1848
1640 1490
1049 766
1576 1737
1939 743
266 36
98 1786
1662 475
910 1012
1810 786
342 1341
1037 1974
523 153
359 1663
1607 273
675 997
61 935
1313 1438
1068 969
341 1092
1507 341
1558 590
1383 1852
143 772
246 1349
1517 661
1393 1055
1649 958
217 538
1124 1590
251 954
800 317
515 1237
1940 178
1071 1440
1195 1694
304 548
1018 678
1153 39
208 1750
1298 1761
1586 703
1973 1115
1485 1695
1725 1701
935 1602
1438 833
1085 1368
1838 173
381 1855
2000 1343
1918 558
554 1420
1325 1450
1739 493
1108 1702
288 107
438 1850
1820 418
924 1452
701 1256
1449 1253
454 550
1653 1864
1694 1546
578 805
1711 757
85 1720
1545 619
451 1768
490 89
349 1124
1976 514
702 408
1729 1160
1347 4
582 282
978 892
351 1316
328 356
1285 1482
391 347
968 1009
1165 1686
492 1127
1326 227
1684 1505
754 1683
1377 1762
730 560
1257 1266
1706 1244
1478 1557
276 620
804 396
1792 1120
1900 161
1718 900
1823 912
258 1025
681 824
1023 813
1480 806
320 427
1350 1748
324 716
15 624
705 1351
1924 629
193 1959
619 528
1606 343
1931 280
969 229
852 1765
1612 1052
1765 1425
948 889
848 670
553 891
1355 660
1197 1399
1031 1045
567 248
339 1821
900 626
513 655
1426 437
1541 466
1679 477
1384 1641
1667 965
1659 1802
1604 86
1039 91
938 1016
1627 1252
1626 1924
543 1398
895 1364
1154 1308
1152 1913
987 1435
387 1708
660 1572
731 1209
1139 1712
1821 1445
1526 507
1573 1746
372 867
1561 587
1904 945
1622 1840
806 61
1051 41
1930 692
1523 55
850 1960
291 795
1645 1791
1083 1531
1220 1980
546 1536
119 1365
1306 283
1917 1112
1811 689
722 791
950 1570
58 1704
1860 843
1077 225
901 831
699 342
881 1261
1265 870
618 1357
623 1552
1176 1087
1235 595
542 1459
105 980
1007 1567
35 323
9 1604
927 438
1130 126
874 409
456 1795
249 644
694 1502
951 363
1059 1873
1240 1993
1102 486
404 141
1633 398
1238 807
1423 133
1887 1893
1955 1433
140 1632
445 421
1872 1565
267 1818
376 541
393 1540
496 1918
222 920
120 1576
1698 24
763 1362
315 1655
1439 1108
1175 1778
1349 1998
632 1354
1222 67
646 847
231 868
1933 1614
1962 202
214 526
1575 1393
1990 1710
1944 740
851 385
510 494
718 1766
636 1193
972 296
861 746
1666 112
408 1197
346 1288
1381 579
568 1647
1475 878
530 955
1082 1258
1244 903
1401 258
1399 148
160 1971
311 1895
498 931
1097 1619
1742 1984
644 1770
1368 222
1513 116
1472 71
878 1367
1053 1065
452 1580
347 110
836 109
360 1078
834 1801
564 1822
1185 533
182 1158
516 1071
298 30
1394 1118
1214 780
1538 1291
1342 92
1205 834
1648 1973
330 789
1923 383
108 137
829 444
811 1867
1678 1413
136 1451
506 1639
1304 346
1073 1279
1783 610
166 451
1710 705
1454 395
773 250
1091 1167
1375 1781
1163 445
302 1697
955 7
1874 42
1177 908
184 1254
373 989
1590 1988
1145 1246
247 829
1585 1297
1358 681
1296 893
338 1843
880 124
271 379
914 1758
1599 1327
1579 1463
859 1829
469 1780
1329 179
1883 719
1937 666
1360 754
863 1014
751 645
981 16
170 803
1043 1779
109 1707
323 898
601 1872
1709 1883
1493 1226
1100 503
535 339
611 941
735 785
134 1562
1851 81
821 215
1780 1693
1192 1084
1531 1999
207 1001
1063 78
1089 235
1267 1857
75 69
1611 496
1248 1812
1388 366
1231 1981
590 748
273 1905
1252 553
1873 1325
1695 1587
1574 725
463 531
377 1126
1211 840
1172 1039
643 1187
1359 264
382 586
51 534
1294 794
1639 1815
1971 810
39 1262
1677 1719
1310 1588
740 455
185 665
1542 1224
995 927
1644 1473
934 1069
728 608
1379 915
141 842
333 480
713 1015
1158 793
1767 1920
1885 370
343 378
803 1116
1212 1521
1689 1929
659 430
1589 630
548 1680
640 1875
1110 776
482 1249
979 485
1293 1299
884 778
1854 577
355 837
1812 886
