2000 4000
544 1886
856 1512
830 402
465 1426
1724 521
1060 380
300 1173
1880 955
85 1820
467 1454
1488 588
1961 989
769 8
1109 1645
69 941
1564 890
1429 1574
838 1195
583 587
624 1206
1721 1009
538 1974
968 154
1674 1793
1528 310
1390 984
125 1486
1926 1519
1639 854
589 1631
1572 1829
407 1764
896 1266
1845 92
1953 173
1619 447
1562 916
1324 1095
1934 906
1502 1692
1867 474
1941 1159
832 1899
1801 1383
889 5
590 1804
51 848
1469 995
679 861
1615 888
544 1344
1137 1663
300 1673
778 344
1479 1172
1080 1857
207 1591
1609 1996
159 1773
1058 6
1209 498
863 1017
42 658
126 1444
1012 462
837 272
748 1885
55 1854
285 351
1463 73
634 575
533 805
1034 1597
1229 1500
42 279
1276 312
825 1234
351 1075
1879 1779
1557 1290
293 424
1186 1168
452 1951
1035 1421
528 483
951 1653
1238 440
737 1060
78 187
1744 1186
1378 418
82 1497
1980 1627
902 1348
1188 1703
1850 273
1885 676
1371 964
245 1367
564 889
396 700
644 839
41 1019
381 1514
1951 1288
1197 968
1319 290
1392 640
383 659
1573 1571
1894 1377
1091 1787
1055 1534
1412 1622
1111 389
1527 479
157 1655
566 1377
1430 420
211 821
1178 1269
277 2000
421 977
534 469
46 527
20 494
1111 1171
1861 806
1597 123
1208 1551
1512 74
909 439
758 1858
1819 92
369 201
1061 1872
1376 1899
1397 310
460 586
381 1528
766 1811
194 40
232 1196
1315 674
581 43
1944 1703
247 1066
1261 474
1286 1565
19 1046
1649 1662
1039 1705
1467 1306
826 336
1741 214
1974 1664
1270 1679
1000 1074
965 1145
1904 1978
969 130
1441 1216
47 1995
1363 424
775 400
62 946
1345 786
1187 674
1989 1616
504 1087
527 908
1059 1269
975 311
142 935
988 359
587 493
1317 592
1271 531
155 515
1071 745
1788 178
1429 40
1191 994
602 706
1754 1807
1359 1964
1657 426
731 1845
1512 1142
1478 1337
841 1160
1759 1745
1184 1177
1651 1387
690 1056
773 1938
1706 1346
1403 635
1506 317
1609 1966
1395 1586
718 828
292 552
1207 340
241 1806
134 1473
732 711
1090 1951
987 1230
1532 1928
1357 1121
676 353
242 47
490 952
701 120
1327 1609
222 644
1820 788
813 807
370 1552
1401 1966
212 1124
1102 1841
635 356
1302 119
1337 129
1773 1050
978 1025
1548 876
855 1767
127 255
1967 1660
239 1528
1826 335
638 1291
314 1463
870 1251
1226 518
174 1248
1501 1814
617 1644
572 13
1398 1820
1038 1782
1148 1600
1869 1722
147 1358
1756 1348
203 581
1074 1703
1832 1467
1876 61
1353 1400
1397 35
1088 385
1517 1565
848 1030
472 262
990 738
1485 1645
1720 249
114 1794
1896 63
498 449
1856 30
1829 237
682 1895
1610 280
464 516
658 1349
1231 1067
1998 1451
480 730
1403 573
779 1444
1964 205
1112 54
493 38
1788 1237
321 830
133 537
565 974
893 1384
901 886
206 1029
1298 368
1876 1659
1836 1759
1978 38
1912 1587
1798 1752
178 75
1646 727
605 1268
1172 209
612 353
1827 1368
216 264
1215 919
1454 431
64 1856
221 958
716 1507
907 924
1818 108
1036 345
1925 1231
1753 769
285 801
1707 1375
687 1863
1829 736
1983 212
1658 1771
1400 197
1535 1102
1256 211
276 533
1711 1270
380 1289
1799 236
882 720
688 39
1006 1779
548 737
1404 1267
1709 1825
1084 1419
409 65
393 245
5 875
1911 382
1108 709
270 1879
1189 271
511 488
23 1825
489 1772
806 1316
1458 373
1417 228
422 386
396 1132
1249 233
1304 767
1455 1887
1402 1993
1085 1592
1108 385
792 272
15 1513
1090 1600
926 1500
180 1576
1630 1666
1141 1122
1543 1807
892 637
603 1543
1628 1717
1546 1215
1016 616
1241 965
500 1801
212 1537
415 771
656 1056
1328 1350
1629 1735
1211 849
1808 1864
387 150
1786 1991
3 1793
1986 747
752 717
1375 422
405 681
117 1779
92 820
1170 747
760 183
1425 664
1392 242
891 372
98 1496
833 1668
259 121
442 993
1822 236
573 813
325 382
1046 67
726 590
1206 1572
1003 1223
973 1545
1657 345
1977 404
494 1709
1724 1701
829 391
1549 1823
192 1064
806 316
1881 765
259 1529
1720 1833
1665 761
793 1417
882 241
1554 1796
1304 921
1206 1070
1875 1704
748 342
547 799
114 269
1254 852
1569 658
1256 254
1329 1433
639 1867
1752 562
1789 1653
1829 1060
1529 900
174 85
586 853
137 934
830 1869
1268 1892
435 1212
255 1165
691 1948
1267 1182
962 770
352 690
1470 1336
738 113
1248 1142
831 1183
1228 789
840 580
51 104
1783 1745
594 1147
825 270
694 1705
298 1521
454 1532
1110 153
92 9
1953 389
1444 1738
1200 805
1624 376
601 1283
1687 973
580 3
961 1429
1530 1519
1012 1224
1419 1002
533 1905
309 105
878 1475
1932 253
1974 861
1311 308
49 1186
42 1905
1668 994
614 799
899 221
1679 56
683 355
981 1396
305 240
195 1381
790 1472
430 475
1944 682
647 1535
1907 1649
381 533
364 1549
1075 1196
135 1462
1046 1976
330 1322
1714 1422
807 145
106 1454
383 766
1843 1330
1202 735
1952 1867
366 1345
84 1947
1409 829
1935 37
1356 955
1378 1588
855 1844
1244 1448
837 1785
1504 424
747 928
299 10
1787 1410
1875 621
1844 1728
660 437
1155 300
1260 207
1438 70
59 27
1201 879
1555 1936
703 1964
1371 1661
1888 555
524 1888
690 897
1369 1080
1696 463
689 1997
1149 1288
991 466
527 1519
1875 744
1674 372
442 1523
744 137
1385 805
1765 1133
1129 344
1401 1469
433 634
1540 1749
1272 581
537 305
1784 1525
643 833
1739 1007
974 1330
1106 1789
1332 898
1120 1863
260 453
1620 196
706 577
971 810
1365 1635
894 1501
162 773
274 1358
257 1957
1273 482
1276 1624
678 599
1767 88
1920 680
618 982
420 1484
942 18
666 602
540 1428
6 325
791 1079
1064 1443
1066 1247
229 1858
1155 899
780 1111
1905 151
1151 217
537 710
971 1068
1049 690
1696 1950
859 50
934 1965
1715 1343
1262 1354
352 796
569 1694
131 1676
237 548
512 280
1442 509
317 141
112 483
904 993
846 838
1954 1538
518 1399
356 589
1378 914
1314 1949
613 274
1144 593
648 1538
895 408
298 231
184 1733
456 1802
579 538
1496 1551
967 478
21 1550
1949 279
146 292
1425 59
452 395
1923 1584
375 208
1358 1341
1341 1491
811 56
1832 1395
1279 1737
1884 703
945 65
1658 1379
1728 698
1628 755
802 1410
858 1933
1124 1982
1803 865
1798 607
715 1816
1036 86
640 242
454 135
1679 1568
1907 253
1390 348
1579 535
1258 711
1914 1165
1968 505
1561 1102
915 537
1526 500
233 1244
423 662
1139 1303
193 292
1348 933
1020 929
965 461
1133 227
1960 1898
105 1354
1869 1758
109 413
322 712
1848 1352
645 1499
857 1927
496 1654
1203 1743
918 692
252 1528
656 512
1972 900
387 312
1141 534
1769 1064
560 521
1288 186
1937 1252
1297 881
587 536
1322 700
1581 220
990 65
798 1396
1323 165
365 1216
1015 991
381 11
1614 584
1997 866
574 1915
1737 1681
642 881
423 1608
1041 571
34 577
1809 1422
922 195
1232 815
1954 1164
959 1316
1847 1422
1447 1053
116 1195
1149 1640
1275 1419
981 1646
1217 438
1446 1334
405 260
1779 1825
1428 424
914 1688
1574 1492
400 359
1256 1146
855 15
514 1475
43 1757
1400 141
1180 749
271 1266
1338 388
216 1498
288 1366
563 1865
487 905
638 1726
947 1492
610 503
1285 60
917 550
1711 583
1736 1581
716 1167
1335 17
1059 1469
1228 596
1187 295
278 1325
908 1827
1137 586
634 1486
1191 1162
1270 393
325 491
9 444
605 136
1666 1677
1428 489
1249 1163
1642 392
462 1371
574 1782
1228 1690
1226 1399
438 36
629 1470
1926 1018
1215 1109
631 1503
1391 446
1079 1605
1439 1605
1906 81
1661 1516
1457 273
1744 1575
1321 1920
1441 1474
1734 680
1644 1560
1976 44
192 988
1495 444
1973 1781
77 167
1377 1673
1656 1650
74 1686
776 50
1627 1498
1966 505
1345 1071
1472 924
72 162
1049 111
48 688
179 1102
717 1850
1114 743
1799 117
457 1567
546 461
1328 710
500 932
721 1019
1484 1075
1876 1844
659 916
596 1369
181 873
1477 1663
1016 1471
1768 943
1377 1744
1938 1718
4 947
1602 1310
499 1259
344 553
1068 543
894 1163
1283 1068
741 1746
621 1452
1636 1964
1701 652
1333 1787
967 783
1659 283
1915 7
279 152
1597 1552
1149 319
1389 532
608 486
1869 1394
719 1700
378 264
1644 1167
1223 1233
200 431
1889 768
1305 741
692 214
1797 598
1950 1975
1471 1855
838 1006
1761 1636
92 250
1216 782
1694 942
1402 264
432 1962
101 783
570 1423
364 1977
346 38
1277 743
1357 801
614 1378
649 281
1612 292
1730 1703
510 1745
236 1343
1763 1202
1634 307
284 842
731 338
137 1144
25 517
225 1060
791 439
1066 1758
1918 1992
1381 433
512 120
643 547
545 1390
701 1262
481 333
238 872
1432 298
1778 684
599 827
1098 425
326 1954
1515 1166
185 746
517 563
1213 762
855 329
1135 27
522 1643
1398 1424
497 72
1716 1004
1014 1884
581 704
1770 982
1550 267
1817 1355
161 1349
455 15
413 1864
628 1988
1025 1145
1743 1606
1742 53
520 1852
1167 1031
486 751
1841 76
1355 1803
623 1091
702 347
282 641
598 1501
1484 1310
360 1494
1464 892
628 429
1016 1802
1981 182
541 1818
657 1674
399 1330
1091 190
1413 719
1309 780
328 704
275 43
1083 544
222 939
1989 499
294 925
1462 1240
925 797
1139 1012
1250 1452
896 1820
232 1463
1177 1951
636 602
958 1345
1926 691
936 765
78 926
836 276
1754 122
185 1086
568 28
1283 433
1659 419
985 1297
588 774
1986 299
959 713
1985 812
336 40
1961 1430
180 172
1678 21
1150 1756
1230 1218
933 1860
1515 1685
1039 1066
1953 885
1446 235
1804 401
1377 1173
928 1531
1242 1748
1274 792
1394 1156
1583 1770
637 1972
476 2
401 608
1283 1740
903 286
1666 1777
113 1998
883 1608
764 1878
330 1687
1594 294
1492 686
1732 600
1993 1560
1748 829
673 1136
99 1431
849 750
939 683
1517 1473
1967 1349
74 730
1445 1520
1476 619
1987 1735
60 5
1262 309
1603 1405
1630 1681
1273 245
1748 149
1586 1220
277 1081
864 1981
447 1456
788 271
1629 1674
1762 718
1834 1649
816 1063
425 1364
52 1062
760 1430
1634 195
1456 1619
1090 155
1018 1583
1933 1518
708 181
677 1625
188 1801
785 437
1789 1633
70 698
506 1052
138 238
1173 566
454 404
1590 1967
669 229
1780 1325
528 872
1326 1613
1484 753
522 1700
1596 312
1662 1043
1416 151
1134 1603
1148 1436
1248 308
307 344
526 1220
1420 356
178 1622
1038 23
818 1496
893 614
533 1352
1754 930
1533 163
124 1330
1605 1361
749 549
1324 1785
827 1922
1509 47
1006 1343
821 1229
1370 1944
1690 150
279 782
1476 487
1540 1781
453 661
1986 721
1148 373
1500 1297
1546 1657
1096 730
1828 1912
468 772
111 928
397 822
1949 577
1840 613
26 767
1261 131
70 722
818 428
350 1292
883 1862
371 312
1552 343
864 583
687 482
832 106
1857 448
98 733
414 1016
1334 1668
1045 1714
1346 757
1897 1174
350 1541
117 1343
1912 1462
1234 1386
686 318
502 808
1834 1844
1626 1894
1020 313
1939 1023
348 1720
1616 769
1740 1273
1776 914
1883 1474
472 1260
1979 183
1888 1212
273 1036
1247 215
793 446
132 697
990 289
1552 795
890 1674
313 1013
1404 158
1545 1821
194 400
81 1619
1671 1113
316 1610
433 576
107 992
94 581
1221 472
1797 725
1974 1315
1894 1038
1518 473
1442 1037
992 86
1232 812
530 519
1209 1536
1951 1280
874 960
257 1821
99 363
1255 1380
1413 1898
628 1862
202 25
623 111
505 673
1582 475
1838 630
1207 23
1778 1841
1524 910
310 68
678 1773
628 711
1510 1402
1421 917
1106 1239
1143 1839
1046 1355
284 407
436 1575
1619 1695
867 929
628 682
232 1902
1598 1156
206 1405
698 764
1227 1304
773 619
1975 670
1107 1747
1876 1726
1398 1508
1808 1535
1571 79
353 648
562 1104
944 1594
1928 195
347 524
946 661
111 96
1925 1526
1139 729
755 1105
1746 277
984 53
127 138
176 1009
382 1029
1592 1657
1601 1520
575 822
1161 378
1739 477
354 1935
787 393
646 312
1686 571
1388 1525
1955 1227
1434 1704
1931 1894
605 1080
1488 1084
1570 905
1364 739
1239 1528
302 1268
273 969
1582 502
983 732
1707 1585
1570 1807
1054 1887
800 1760
503 999
1127 16
1928 699
509 1544
458 488
1347 240
1271 556
1044 689
886 175
1595 266
206 261
1496 679
773 660
1833 985
1497 1589
1672 1623
1892 765
1991 530
1287 221
1950 1043
1380 1112
1135 1373
668 1922
1383 57
18 1567
246 627
1253 44
1347 92
754 138
91 635
270 76
460 1560
1071 693
186 671
1829 1897
3 1099
1348 232
844 535
1807 65
196 1896
1835 1345
1483 778
1433 1845
1771 1288
1895 1067
931 1861
738 1138
1650 288
1311 215
1749 1970
865 1054
989 285
265 1120
1526 1838
1189 543
1323 303
403 141
405 212
1319 1243
48 1813
1267 347
552 364
986 971
363 1678
307 742
70 221
1369 1541
309 959
1488 578
1227 437
1673 580
1711 1351
1834 329
282 1242
1896 1777
647 1709
7 125
262 1591
10 1451
1207 262
1943 1504
1928 549
266 1869
166 469
1892 1320
1186 816
1298 1730
389 1614
1585 625
1392 1601
1214 166
321 410
73 702
1971 542
538 1282
789 839
949 290
952 1682
792 1095
1877 1321
201 1970
1100 1299
86 1917
1156 1475
1930 226
1671 1185
703 465
1989 745
1538 1152
430 347
15 96
1903 1247
1826 536
644 1846
590 30
648 116
1596 147
1727 1657
888 722
362 869
1974 1399
391 564
1812 242
1215 1146
956 1116
1154 1051
481 863
1265 1767
1995 980
1058 1669
1386 1956
1338 626
1537 1660
34 1336
1277 145
1148 1683
886 594
344 1698
1577 1970
112 1201
1806 1512
366 857
1722 1758
913 969
1366 477
1723 904
819 986
39 1291
1940 888
1932 555
940 1948
1873 172
149 1823
904 1562
687 1816
1988 660
1050 1930
728 1394
1366 94
645 173
167 335
798 542
1362 1048
455 794
386 1751
177 671
219 1000
601 455
1764 947
896 666
413 1072
1493 306
1247 1343
719 466
1301 1671
134 1689
772 168
751 165
215 669
95 29
156 42
1893 484
469 1524
1114 306
1075 963
742 1841
827 1199
122 202
884 412
1810 1196
1480 1432
167 1449
1232 841
895 90
1708 468
1272 1226
3 1674
23 1782
1658 1821
343 673
198 317
942 457
1505 653
1722 1263
1329 418
149 1640
357 823
1908 1599
670 1793
60 870
1882 1426
977 1660
1236 1
1579 524
1669 1162
766 527
323 179
982 446
1974 429
835 1994
1875 1999
1867 1904
332 1393
334 47
1166 1883
427 902
732 957
1008 265
1563 306
343 558
1234 1106
281 1215
264 727
1503 83
866 1923
1940 1793
864 1887
1692 1124
1046 1888
214 446
480 479
441 303
1857 920
1080 596
1279 1232
369 1198
1233 1271
1970 1150
784 773
748 1440
1200 821
1300 1864
763 1357
1562 1068
1558 1117
915 1667
1097 1201
1534 685
1594 302
1438 722
861 873
733 1900
1748 319
128 850
394 790
1691 394
1292 1514
248 1796
158 347
8 1388
1847 1453
795 1030
621 1702
1191 155
1394 788
1687 1336
1799 1343
426 1118
1037 1882
1397 192
297 1887
1676 1790
994 913
1325 1215
1954 1337
1778 1879
427 356
1455 1307
508 1377
553 1171
1028 108
511 598
860 115
1033 1804
876 1971
1913 86
814 815
609 516
1640 1951
650 602
321 882
1183 1260
1043 641
774 578
736 295
547 1607
378 603
56 1132
825 87
886 216
1069 1354
1190 1168
1074 845
154 1197
424 852
224 338
842 1259
1153 803
1372 71
1327 1755
751 1411
1244 1756
689 277
814 433
832 1736
1880 204
1650 1108
458 1924
319 799
291 588
1001 1811
468 1698
499 1747
1219 1819
1708 791
1028 1241
72 685
4 686
301 1935
1299 140
329 331
1398 1408
1372 646
1999 418
471 1705
1134 1884
471 1026
521 1932
704 1716
1590 384
890 292
291 1491
1002 1221
476 459
859 364
1749 1085
1747 762
1513 1834
1692 390
21 369
687 528
98 1374
1603 523
1042 1031
1941 655
331 1235
122 50
1717 203
1788 1244
1813 1277
654 376
5 1285
735 1393
1866 189
1871 651
674 1790
1167 1462
1093 1720
1144 621
1917 290
1057 640
301 544
964 566
514 1633
1870 1097
1606 1817
1135 1576
100 869
537 664
175 1295
1409 1283
1803 1100
1424 1397
1788 456
49 1866
291 1616
974 383
1409 450
234 388
1643 1700
320 52
122 544
1591 84
968 1533
1936 1098
984 1154
1153 1235
1126 580
323 1062
1567 942
1837 810
1388 1032
296 823
925 1545
1940 1735
1208 536
985 1093
653 1658
1353 935
1632 1838
104 278
1589 1313
1768 480
870 875
1119 1679
67 1618
1993 1581
163 1696
45 991
323 1085
859 348
199 1642
1318 958
897 1049
1578 503
1936 355
562 1913
635 1924
761 1272
1517 1575
734 1668
287 1346
1927 1178
1245 495
1579 541
1180 1014
1369 661
543 384
1746 519
1253 862
785 394
645 438
222 540
1252 311
955 1528
1321 584
1777 512
558 280
1992 483
1412 454
1344 1055
1929 780
1140 1913
1132 811
1853 1022
918 753
836 109
532 1307
823 1239
170 883
587 182
1447 1153
1654 1209
877 1533
368 310
1674 670
1947 1350
994 1446
402 954
1439 1452
377 1808
1716 581
1265 261
624 367
1567 1486
954 688
1348 233
951 144
1848 1593
1851 931
886 1794
1407 1824
814 801
1362 708
514 745
1632 1526
524 1212
1678 68
1104 859
772 1915
789 220
681 1219
2000 1081
1898 747
1689 1872
1077 1638
816 1685
1126 1813
427 10
1571 38
329 1265
1406 522
1403 458
874 1808
712 996
1363 1892
237 225
1070 1027
1916 273
109 240
532 579
1970 611
1074 1188
700 724
1806 632
1965 590
4 745
1432 199
1187 1909
26 1304
926 1699
1028 835
1346 191
1170 313
1335 571
980 1087
1419 1109
1486 850
1804 1904
1961 740
243 1598
208 366
60 506
391 881
1485 1084
275 230
516 1607
947 1922
688 226
427 1081
1409 907
1841 843
1275 303
1356 592
1209 1063
1192 355
998 1485
1763 420
1437 423
1496 1389
1204 1116
12 1505
989 1703
1840 1520
1577 636
966 435
1954 908
672 877
255 1976
952 501
871 1840
1521 1859
1525 1472
421 721
662 1536
1663 232
566 1215
1208 1265
1781 1556
1118 975
175 778
1678 1616
414 390
614 1842
1417 263
1713 760
860 1113
1136 468
1088 1261
1562 529
775 821
849 1360
636 1150
765 325
1017 498
771 955
1017 481
1119 1308
1443 839
1329 992
1969 313
1211 1373
1639 1637
895 537
947 1574
1044 1081
747 473
294 1766
1018 402
1329 1019
1057 770
899 666
141 197
213 1820
149 1187
1523 1493
134 614
1200 710
765 1419
984 1230
599 426
960 377
126 1825
1589 131
1691 1547
1434 148
685 1344
1680 1572
71 1931
904 146
1711 490
1941 1531
1856 682
1974 1227
896 887
251 1041
214 1484
61 464
490 245
1837 871
286 1041
1528 1683
617 1454
1237 1107
275 1497
1147 1843
313 1114
430 1633
1190 1286
1427 213
73 1455
1365 1708
1778 1535
411 62
1164 1534
412 164
977 1551
1527 1585
1703 882
474 1278
1034 1069
1618 89
1769 1550
1129 1781
1257 1427
1071 250
330 935
917 1222
615 81
746 1481
1786 1983
1 1606
350 1329
695 1065
1706 760
1652 1894
1457 1768
1569 892
826 194
147 170
1378 1483
1049 295
995 1476
1517 341
1731 1955
121 255
1370 20
20 571
1849 1053
1339 1883
1994 1028
1767 1300
1145 978
583 1490
1341 758
757 1000
5 109
18 457
1225 206
1368 916
750 171
1611 259
1429 541
1254 800
653 371
997 139
1943 1984
1437 639
793 552
503 733
1608 630
227 238
1848 1740
802 6
1530 1770
283 330
220 515
1494 96
577 555
766 1600
308 1387
597 1588
1836 786
742 668
1413 1972
564 1825
1352 80
1504 220
1892 247
1917 200
1047 355
20 1673
1855 1010
951 1109
1896 691
494 1335
31 1399
225 380
1886 1340
729 779
243 1685
1219 140
825 1051
1857 1266
1376 1754
853 189
667 1738
1971 1911
1777 63
194 525
1547 672
1142 85
842 807
1931 646
776 34
697 1529
1439 531
1675 1073
1775 1927
1496 1865
961 164
1695 1682
901 320
265 636
221 671
653 1288
1493 1035
156 1210
316 703
1 1718
1776 1357
1590 44
1562 52
1496 532
32 376
888 1092
620 1713
1948 1544
1721 691
566 1652
623 1255
830 954
136 661
1932 81
1975 372
1956 114
241 601
5 1179
1345 1645
1405 1053
1595 1758
513 221
1921 327
963 1893
1766 202
1723 1564
19 1461
1119 756
1549 1375
83 1944
1196 222
1175 1548
708 1048
1058 1509
148 517
1276 654
1318 257
888 70
966 1425
384 1176
1587 454
1981 536
31 1272
1084 54
486 973
1001 920
880 1181
1043 543
1549 1913
1638 1287
222 1075
1866 665
1946 1401
1010 273
1350 473
823 723
1413 1363
1566 1326
1026 1685
1189 204
1386 114
555 557
786 1011
807 1682
348 1445
271 728
1734 14
327 1632
1357 153
69 406
1547 27
498 1536
1132 1687
1308 811
367 1435
1728 1298
908 659
1541 1026
579 360
522 820
1698 1129
72 612
14 735
923 745
1995 1392
833 529
982 508
196 1682
1522 1111
1418 1381
147 559
194 961
1178 351
659 560
1636 1563
77 1981
1536 333
1965 902
421 1660
279 1905
1986 41
1488 52
1957 1273
127 229
1457 949
1795 916
1165 838
919 1882
815 278
223 1780
130 1471
1950 217
488 1797
1226 1665
1084 1645
849 363
912 434
60 1179
1208 1400
21 1111
795 848
1473 554
891 1393
1339 1323
1990 1082
838 1197
1284 438
313 323
873 437
558 1270
1708 99
1080 1810
128 125
1022 1870
630 1878
89 1183
1358 1601
736 1813
997 663
1386 269
1704 934
1588 391
457 1792
624 1478
1021 615
1987 1483
1789 321
1053 1193
1769 1162
1205 1645
1984 935
170 371
779 1553
654 523
1733 620
1185 27
759 1415
923 86
1677 1896
1897 1078
181 352
618 263
800 1208
188 1838
1851 509
14 410
638 1800
1452 396
1124 905
740 735
836 1275
1457 1920
1838 1383
99 1734
278 1459
1310 880
1588 1423
1303 487
1052 1116
595 709
443 1264
1219 752
842 622
818 374
604 1483
182 167
1233 1003
647 136
89 1732
1374 1546
861 1870
346 111
453 419
1163 738
835 1818
998 302
91 1394
483 1047
1474 436
1552 535
652 258
1561 1404
1587 1233
131 1459
805 1874
1696 1339
1341 222
807 706
949 528
1013 1020
543 1138
517 1281
107 339
836 199
718 1366
1407 705
727 618
126 392
1133 482
1215 1831
806 627
1098 1195
2 1724
1400 1610
49 1815
1223 1847
58 1870
334 1509
1296 1767
1161 314
1551 1660
1033 679
1589 1759
547 1283
654 194
928 1505
411 201
1823 985
593 714
315 1617
956 1958
255 594
1808 1298
693 1836
125 970
1588 1411
1903 138
1843 399
616 128
1845 566
1611 1998
244 379
496 1311
1869 1460
1890 1024
1469 50
138 596
118 1272
1245 1373
817 964
1656 288
627 361
624 1012
1083 1519
890 1542
553 1169
787 1151
264 1327
1092 1613
145 860
508 96
1122 907
900 1556
122 1521
1629 1520
1871 1707
870 5
673 370
390 1345
1338 234
1819 593
758 1777
868 1980
1870 1901
590 1044
1689 910
1823 1103
1725 423
1414 1230
1680 957
920 1941
465 1830
100 362
310 1852
160 1060
906 1775
1089 925
1842 1999
1345 450
447 1717
1222 1238
316 897
876 1194
1683 797
518 1008
1641 629
1296 1834
1128 1737
1508 1229
713 1627
696 1752
502 996
1818 1994
1467 1068
1738 725
1746 1081
134 341
1323 546
42 74
894 71
1776 1340
1501 432
118 1879
1305 30
234 857
426 468
1469 1648
1249 1539
151 1062
35 1064
927 58
694 1648
1708 246
1024 1412
700 1223
365 1404
845 1339
1635 416
683 1192
1938 223
1095 714
1259 1416
1280 799
1441 771
426 1950
1513 85
1122 1131
1330 1710
266 1722
1946 1483
337 1033
307 752
1322 64
1295 1472
393 490
977 32
455 708
593 1785
593 540
1754 314
1094 470
796 558
1810 136
846 425
1089 625
1170 111
694 1326
1425 539
142 1330
1193 523
878 1264
1586 866
938 1615
1146 428
513 1780
1107 1824
1121 1110
1135 610
1150 1292
911 545
272 1095
648 611
1665 1415
497 162
1436 1294
882 1915
293 1959
894 646
1691 1612
459 1928
1162 1029
1840 1358
1280 271
94 337
619 1570
266 1647
890 591
912 1411
1626 566
852 1004
1800 1089
889 1488
497 165
663 1794
1605 97
386 1579
989 1881
1807 1125
838 1236
1558 1751
655 1979
569 942
585 51
1284 36
1206 1541
1406 991
560 916
492 507
1050 359
1670 414
1481 1424
1875 1144
166 567
1648 1858
1773 1985
1183 899
399 1910
923 1097
370 352
512 1235
1786 1207
205 1148
1428 1772
144 674
574 1863
1016 831
1621 589
1888 171
1331 1761
405 134
486 1545
948 986
24 382
817 1435
89 288
1631 1420
382 196
1528 1869
1462 1020
868 1627
1079 315
1522 271
145 1797
1139 1586
1307 1741
1301 80
1318 713
1506 775
1105 951
1109 1805
1734 1597
930 785
1864 874
903 1540
1695 715
983 1045
1641 1955
1805 1645
381 529
304 1479
1849 1794
255 1822
1546 677
1732 91
607 1104
124 1910
1537 1839
402 321
819 1069
770 671
1617 1023
176 1721
338 190
1507 723
887 788
974 406
1523 973
1949 775
87 1154
1245 1211
624 372
760 440
724 1581
908 69
531 97
198 1466
40 213
1310 1031
497 342
365 588
467 106
1506 197
193 1246
1053 1693
217 532
1743 169
723 381
1863 1593
572 1891
626 113
1169 1976
1078 85
342 14
1233 1987
699 1489
191 219
1361 102
1120 201
866 114
1498 1074
250 648
287 468
1660 1957
1580 113
200 133
1680 983
1904 1409
840 1542
1982 294
1747 38
936 495
1705 1572
253 1482
956 1444
641 1022
1990 1366
918 101
1577 966
1160 814
1398 1257
1031 312
525 1900
103 1675
1057 1988
1868 88
536 997
1191 892
922 778
1202 420
1290 83
600 609
1626 480
730 1093
1204 1617
425 520
1987 1674
1334 994
1604 679
610 1147
302 1250
1584 866
788 1488
1825 345
122 562
1604 80
729 667
1205 1815
1433 260
500 57
699 1124
77 1042
1788 75
1333 1498
551 1684
93 1636
54 1002
304 1024
1723 62
709 841
1727 1682
673 585
1849 713
696 675
260 946
8 1518
1771 879
505 1070
762 1900
234 1447
326 641
50 202
1078 1398
1005 443
1894 1173
1441 738
1820 16
1622 1990
1996 1837
158 1881
1904 884
26 265
1408 90
291 1153
1243 1914
700 930
631 86
1427 1696
1323 1054
28 1958
300 1017
375 1027
1655 1491
1254 1158
296 357
1874 1210
1539 703
1465 824
1146 1701
409 289
268 1971
135 1828
1710 1833
1300 755
1159 1960
1176 1967
1112 332
1488 647
323 825
1972 1643
463 1139
552 1789
1032 1122
757 1487
1937 1727
979 1824
1949 104
174 1640
847 1763
480 1431
508 1898
1391 1977
945 1942
1659 1698
673 331
990 409
1927 10
970 210
541 937
642 87
218 240
1799 1302
1936 1123
943 480
1831 919
698 1438
1999 1763
1355 894
1913 1621
87 1957
1019 534
483 1076
1842 669
1594 1314
1189 643
1792 1361
1513 1767
1910 610
1302 1279
461 1089
570 1333
950 1992
1891 1284
1969 1013
707 514
1011 1729
765 143
86 175
243 1213
1416 1905
784 945
1168 396
800 1894
1011 110
1694 147
766 1090
801 351
1485 786
1820 1111
974 941
1413 874
102 1612
68 132
1659 1943
1868 95
1437 124
1367 1682
1901 927
40 1968
822 396
61 299
1970 1974
1408 651
1282 1604
1676 1261
1682 490
1563 1017
1210 861
1156 101
259 1724
155 258
1285 875
1432 836
85 1343
946 1229
1921 1526
582 1858
1867 493
924 1295
679 901
104 1906
783 1891
1317 1795
1671 159
213 129
955 1495
567 1061
1022 577
16 240
1250 1643
753 1087
489 219
461 1859
1736 1666
158 1267
429 1583
1907 1043
1054 1606
632 656
1426 546
139 583
1045 1896
991 719
1242 1166
907 1295
1258 1478
1543 473
820 1643
302 1892
1220 1970
1349 834
806 1092
845 1208
1951 186
281 496
768 1693
561 853
1772 515
691 1314
1439 1637
1105 112
1906 667
1364 808
574 1647
1608 1333
1282 1975
1178 128
1301 276
764 817
424 1254
1305 1997
1881 1225
506 1914
157 1725
177 770
879 51
1248 1806
1114 1222
117 1006
864 964
254 753
671 1057
314 460
1196 703
233 799
297 940
101 478
1037 108
1918 1287
319 1347
241 1123
1433 485
1935 83
915 487
612 1440
757 828
122 499
272 1373
315 1077
1031 1862
1180 798
1017 662
1015 45
1375 920
1757 224
103 1701
2000 30
417 796
1338 1041
1984 491
1883 1685
1698 1100
354 1503
367 564
155 1220
133 90
519 340
1203 998
1299 884
1664 229
1458 1126
1108 1656
361 1227
1489 1418
1095 540
32 515
602 1676
583 1434
1063 1466
50 461
793 369
1625 504
1205 1420
1463 1490
934 1875
292 1523
1561 1539
466 521
1007 1601
1473 1733
21 400
1435 462
1934 1856
1257 448
1000 1208
1875 978
1948 702
223 784
1052 956
1467 451
123 707
1942 1034
830 455
915 663
385 595
1578 411
630 12
470 660
1228 546
1165 283
449 37
1256 1946
1532 1426
339 290
748 240
1762 1889
1213 1220
1510 1040
96 747
481 662
767 1559
1120 1970
1762 1271
731 1757
207 484
727 1971
991 1649
1157 592
1588 1545
1001 1752
1332 286
485 190
1022 923
1306 808
253 1309
730 1945
239 1569
1047 1555
1382 410
462 533
476 578
261 1759
973 912
272 888
100 1902
1513 1844
1172 403
91 531
1609 1563
705 782
1447 291
84 963
522 991
726 1081
931 1379
1599 1031
826 1429
768 1739
1451 440
1788 1016
553 1319
435 1715
1718 1330
1664 361
1219 921
1417 1770
1561 1107
65 525
997 182
1358 613
452 1633
857 517
225 160
1518 858
623 197
1063 1400
11 1309
1286 1168
1678 410
38 639
1557 550
1835 2
712 801
1946 1842
1699 681
1781 1259
939 1929
1259 1332
534 1999
966 1970
79 476
136 1378
1240 1510
510 1313
1507 506
1115 79
1271 454
414 1082
602 1697
109 225
105 1262
1325 1236
547 450
1560 910
347 1182
886 570
1341 547
676 1152
1955 82
756 1365
1574 336
1319 1791
56 1687
729 1553
1595 695
465 931
804 1367
1096 74
623 69
1009 1784
877 1207
1939 909
674 1653
1803 1171
400 1354
268 244
119 841
478 36
1143 1774
80 1697
353 1580
1755 1089
293 326
1858 1491
294 1979
13 140
1654 649
1795 1465
139 1826
1433 1769
154 1371
1246 421
425 1772
844 1762
936 1211
286 1764
550 777
622 898
1772 1158
236 1779
478 413
1313 1783
945 1034
377 1300
1440 72
833 660
1550 891
1966 1249
1325 1938
1688 1346
1851 1830
349 1498
713 915
196 512
139 263
855 1513
1358 1520
803 1359
1098 1165
790 930
989 1214
866 896
325 802
1088 650
914 1904
1008 1970
606 1784
869 945
12 1996
1634 348
578 1825
1496 1604
1622 1404
1679 1687
1342 406
1288 1242
111 1748
595 1108
599 1082
1013 1268
306 1702
258 913
990 362
988 1198
97 1792
1725 459
1266 1111
701 897
652 1385
494 1149
1750 145
1637 1452
1557 1503
370 1205
1173 1626
1313 1392
391 973
1110 248
33 950
1125 1281
557 599
1916 1471
1418 1797
938 1329
779 667
1458 849
1025 655
976 929
63 1558
824 1854
566 364
1051 1749
1870 747
1302 843
248 301
665 853
871 79
517 1610
1456 1816
1719 909
209 873
74 658
1115 1075
1269 1516
594 1616
1243 1791
1452 531
1138 415
1160 754
625 388
515 191
804 1275
42 1096
1097 1586
1055 1623
1489 1634
1775 256
1741 254
547 1094
1919 1263
125 1266
1284 13
1914 296
810 894
1403 1751
884 38
1468 1495
1172 1890
661 1021
577 33
349 175
57 1236
286 284
1942 289
727 1596
1206 1292
1356 738
353 798
862 384
117 962
736 1773
1784 1114
1667 461
1347 1764
1490 374
1952 38
1203 205
1331 803
83 354
583 1680
303 1837
1331 1802
1339 1000
358 1360
1621 1750
579 679
551 1973
911 987
1793 1838
1443 1552
972 1048
1394 1266
1237 979
1197 163
1392 47
228 1018
603 264
987 628
1508 615
7 720
1867 1793
734 615
168 1062
629 1251
1136 105
1606 1803
27 375
445 401
1010 969
800 165
1937 56
1776 248
1204 1638
1155 1173
1987 878
1449 1425
1083 793
1390 53
657 1099
1946 1384
1285 1190
1092 1128
852 220
724 1198
1194 1003
1098 809
1130 152
401 291
1662 429
843 1535
281 1651
592 55
1465 1157
1813 1087
1392 1509
1886 442
1126 1542
1684 834
1098 838
1579 1028
694 1516
1821 1442
1642 533
1252 975
405 819
847 1999
1390 1584
1918 786
295 1268
994 1781
1900 194
1294 1945
453 1229
1274 1324
625 234
136 1353
995 178
1025 1815
77 1676
1902 1209
412 1427
1055 532
1865 1178
491 1669
1445 952
1328 1281
321 1304
717 1471
66 1749
41 1599
1991 821
1058 1463
1842 893
1027 404
1095 593
1642 75
701 1511
304 1890
33 1293
1121 97
181 972
1493 1702
243 1166
1303 1519
1996 804
77 997
1861 362
57 863
17 1370
1132 1679
303 1483
1771 392
1828 1412
145 1762
409 1805
912 391
1187 1250
1994 1679
1406 1015
565 1342
1873 1736
587 487
1201 1315
259 1748
962 1332
1978 474
949 1855
1722 695
1205 1092
89 185
922 614
398 1245
37 1229
1912 1312
767 850
455 303
606 1238
507 1578
569 457
261 1313
934 256
1356 308
1009 324
827 4
563 1552
573 422
1918 1909
534 1982
51 370
1261 807
1202 847
19 1482
1595 1362
1427 448
369 1678
136 1080
1661 462
571 251
123 829
1556 91
937 1382
363 677
1735 1164
1592 179
252 1514
665 1477
276 1432
184 10
1527 536
1450 1457
1179 89
1243 1765
1278 493
399 1147
932 890
1558 1666
937 835
417 535
356 1075
885 358
459 609
1711 501
1722 594
762 1206
1496 538
1928 749
563 1185
516 1527
1006 435
988 499
1698 649
160 1289
1226 759
93 1205
1330 1159
243 1515
1209 387
1792 340
684 1879
813 88
1079 1488
889 1481
436 1685
1942 774
1258 1809
139 781
755 1131
1795 1854
1595 1065
633 1477
193 22
472 1893
1007 718
1051 323
778 1582
640 1509
341 1565
844 537
348 248
965 1198
1904 1379
117 130
46 560
249 1774
725 1868
1431 1697
1711 987
1811 562
1523 1774
411 492
584 797
560 1266
1804 1762
455 882
1353 317
1742 1218
742 827
879 149
1707 968
1073 43
1339 1748
717 949
1090 265
403 1479
1460 1556
1131 1708
193 442
1174 1086
1386 579
67 865
1532 1312
354 777
428 1514
904 22
612 748
1291 812
1639 1766
1363 1772
190 1845
183 691
1312 135
1851 1379
45 1700
384 342
451 1822
1625 1384
1916 949
313 929
1686 494
1383 550
692 360
304 403
232 222
446 1018
714 837
689 1081
1963 1458
844 408
429 122
1790 88
1461 1293
410 1877
1040 1644
1561 843
880 249
1382 14
170 630
1155 9
1670 188
1201 846
480 516
1544 1978
1464 1177
38 125
885 1963
1567 1694
283 419
1806 856
1812 433
714 272
1295 1122
1861 1618
1667 1957
415 687
1901 1853
1502 1902
1138 1163
932 57
1201 778
425 838
642 985
1103 1834
1903 754
521 113
270 1778
871 650
675 192
1959 1286
175 570
943 1527
1835 935
1244 1421
992 21
396 26
797 1953
677 1933
503 1613
1216 564
840 418
772 1512
778 604
511 1962
124 1478
780 1932
601 1241
1607 480
1210 382
1463 1760
1347 298
298 199
464 999
754 215
1984 145
1923 1690
526 159
1180 120
674 1970
674 112
212 570
1131 1628
720 954
1215 1550
576 1559
159 1407
1720 1181
29 725
678 1038
230 43
152 161
1561 720
1053 1180
1434 202
1175 1453
348 763
1327 1881
667 1720
255 1903
117 1985
1291 1138
787 1075
603 1161
666 1183
799 1563
666 719
331 369
594 1910
368 1375
1263 980
1499 1512
628 1034
912 1545
1217 1598
1382 1734
376 1196
1306 739
507 503
1553 161
948 860
938 1844
1456 715
819 1316
129 1190
127 746
61 1327
176 1114
395 745
1791 1765
1916 1553
582 1835
755 377
43 328
1437 1943
1602 1307
1225 1760
1320 247
1596 716
1117 1620
1445 1814
239 1684
407 553
1134 1986
190 1767
88 1697
655 1241
31 759
18 1244
1206 1493
573 386
1733 1706
1154 323
1812 640
1596 1042
611 1885
965 1627
1619 1869
1328 1438
794 402
1889 94
1408 154
93 49
321 771
1572 728
295 302
585 1959
121 68
187 1519
1660 1181
1912 1240
577 278
218 1072
1396 1860
403 1323
479 1607
1885 1538
1511 1610
1710 1720
1852 809
1892 1487
527 1090
525 213
1431 1861
441 804
1420 1554
516 943
1090 560
673 1896
578 97
503 1110
1102 1778
1485 1136
1502 1537
379 398
1023 110
51 558
970 1304
1814 432
1634 1557
539 1865
1426 1830
996 285
1648 1401
699 1170
439 1719
1683 998
1777 1519
357 60
521 20
251 17
81 939
282 1043
498 445
1910 1147
1878 70
580 1615
1073 291
1374 62
828 1066
1384 1842
373 171
1606 942
546 1544
397 1992
1039 1909
1181 1297
626 234
1888 1502
1018 1232
499 1198
888 1564
1445 613
858 1947
339 1093
331 103
115 1136
1403 1165
40 1403
559 1698
1102 118
1728 1919
1490 821
1873 1211
1584 269
1020 1902
1056 1957
1448 1796
1046 36
154 1326
1289 318
1982 787
176 793
358 426
1002 168
1330 1437
1702 1566
402 720
329 1005
142 419
386 91
1704 621
789 1846
1409 1028
1944 1208
382 144
1000 845
517 1640
235 913
496 308
903 1764
1454 603
1769 1831
801 322
986 562
294 1733
775 1470
205 542
1013 1209
944 210
1774 710
376 341
1089 143
1509 281
1072 444
1638 535
1226 1384
1188 845
394 854
1188 1787
1032 924
1077 1405
883 716
305 704
1475 452
148 552
62 503
1080 1071
126 707
319 879
559 953
1587 1240
101 1497
563 539
579 1282
1450 1471
1141 1502
1852 60
1553 1868
1116 1958
1615 1329
1751 423
686 1199
997 726
1909 1901
737 1148
387 781
600 85
299 1476
554 728
447 834
379 1911
1111 1540
664 1494
609 1458
116 846
1455 940
35 1730
230 559
1587 135
345 1750
1730 1473
859 122
644 1154
513 1836
209 361
1664 1000
1102 1268
205 169
1712 445
946 352
574 1065
1857 1900
19 609
1843 626
475 322
141 1815
568 1052
1358 27
305 953
1987 1629
345 631
1989 1817
1494 1774
871 1358
4 742
1427 826
1468 1356
342 627
1221 554
1890 607
1419 1805
1492 668
962 177
1496 1282
440 1713
429 423
169 1294
338 1360
687 1883
507 464
241 1555
250 1729
735 813
1934 1921
1885 1992
1443 781
37 1712
1593 266
561 633
463 1657
1693 1134
1983 1151
1077 1204
1546 1728
808 1675
630 1823
1934 1839
1218 1414
427 874
831 1802
1955 1497
1818 734
1303 1570
396 850
1383 1425
66 1790
321 278
556 854
264 1161
616 576
48 397
589 825
1450 130
575 210
197 1205
434 1423
323 1187
1945 782
916 1495
1266 1605
1459 261
1901 1481
1073 1285
1348 1860
1894 11
8 1391
1447 1235
1661 1435
1451 1613
439 110
1822 808
1421 488
1221 1473
1199 318
601 355
1105 1360
1368 159
905 1139
1652 666
901 948
95 1568
724 777
210 1634
473 1947
1351 245
346 493
875 60
1334 734
11 1914
610 872
633 189
1748 16
1076 1461
1874 1215
628 1042
1724 1529
315 791
1580 1724
339 1140
210 1304
416 675
611 1538
516 1585
1731 1641
87 66
1819 16
1251 1731
851 1934
1854 1157
1841 1457
608 477
1813 1515
74 1127
798 1646
1576 1091
921 307
1478 922
1413 1460
446 1002
1478 419
1237 705
100 632
180 936
643 1988
632 173
217 1496
1139 681
1224 440
995 905
322 1214
156 267
1766 944
1487 1320
474 1904
726 2000
430 524
1482 1932
962 1057
1652 1673
696 756
1112 931
1101 1902
822 1304
577 776
44 1967
1341 653
1761 9
1649 1853
1597 409
1480 231
1649 526
1782 1906
279 1475
601 1129
973 3
913 1668
975 827
606 324
367 1661
1695 1130
1431 988
138 1247
24 1058
1449 1981
1504 1255
724 1925
851 1839
1327 1356
1133 1237
1384 778
1630 1566
960 203
234 412
730 1897
270 1842
1164 1672
231 951
1279 1378
1407 1781
514 564
1535 463
1959 1843
1428 1893
1100 1879
869 1446
1447 1559
1083 78
1019 1908
1991 1462
1759 1094
986 1931
1438 704
1278 1887
1747 723
966 466
1394 1006
431 360
1055 534
1435 1224
390 1537
1753 1968
608 291
413 218
929 1013
1965 1548
721 299
1787 1531
254 1110
288 1093
1913 992
1826 1748
1732 1832
1184 900
608 1556
1568 811
1211 398
492 999
911 442
1000 1188
1545 597
1312 433
986 420
742 318
1935 1557
1811 244
409 1034
1811 1103
914 1671
743 1478
867 1969
719 1722
1306 1448
1540 1259
1364 1647
106 1899
1101 1573
1004 328
1859 402
1965 1997
1234 1005
1246 1624
117 415
309 1525
891 1410
2000 1631
82 1251
256 1143
1847 462
709 1711
1832 927
1670 1838
1127 109
1525 1141
397 925
1618 584
49 1353
440 931
1780 751
22 591
155 913
363 1198
1202 1961
867 976
752 1150
523 1053
1259 551
858 732 668 1640 1651 244 1695 10 1619 343 1129 492 1697 1482 1380 1619 1758 574 1276 1758 1410 399 1595 244 344 439 324 19 931 13 1280 631 1276 849 1447 1697 610 735 1469 1200 358 1669 1271 1630 1736 1585 1120 1469 817 344 394 859 10 646 1593 489 12 1156 324 1651 1032 711 37 63 1282 664 1609 1670 1591 328 515 994 648 1669 122 1250 296 283 598 1261 1595 1278 71 51 1509 852 664 1117 1276 758 516 1619 817 244 931 854 42 711 939 1282 1697 42 800 849 909 29 852 1133 1619 13 854 919 1670 730 859 1276 1196 1250 393 356 1670 344 1186 1018 439 1186 1759 439 1520 1558 1453 1670 758 638 149 662 117 1759 296 1260 817 720 1032 919 720 399 492 344 1186 306 1669 1749 188 1011 827 987 732 985 1538 1688 1749 994 1011 1200 669 119 296 859 1316 492 58 49 1509 1509 170 93 1595 122 664 49 1619 296 379 343 1082 1186 283 12 10 1636 644 1447 399 1200 166 37 817 817 1261 758 1134 344 981 1843 1316 244 51 324 775 439 679 111 1200 608 1759 170 700 1619 644 644 1098 598 858 1636 1688 1469 1388 283 1759 1271 1261 598 358 329 827 1196 1688 1388 1749 1619 1646 1120 1504 221 313 939 890 188 915 1098 1758 1129 1595 608 1759 70 654 827 1670 817 1453 51 283 32 1134 1614 987 221 730 1250 1467 10 1558 384 1271 1261 13 849 1669 356 1546 1569 720 1582 378 1582 859 7 1282 852 800 399 1520 379 890 1129 648 1261 358 903 188 890 498 1033 1271 93 1260 1546 909 1447 1039 492 7 29 13 356 817 1640 1186 859 1695 378 664 93 244 1520 12 1271 1380 720 800 724 610 1120 296 1200 244 1636 852 42 638 994 394 1260 852 735 985 188 170 915 378 394 1544 71 1646 358 1129 58 1410 758 775 1282 1410 344 976 324 321 1447 1410 394 492 668 58 679 324 631 981 32 221 1688 1129 244 1585 1630 7 516 306 329 1276 111 181 1186 313 218 1294 439 1276 49 1018 1410 800 1695 1033 10 817 1591 1582 758 1282 1482 711 1200 1619 122 1843 6 394 685 720 359 631 516 492 644 1276 1039 358 679 492 985 758 189 439 181 1196 1504 775 1697 13 343 498 399 1294 1619 610 283 1749 1200 610 1007 400 1294 817 149 1695 122 574 516 732 29 344 321 1039 711 562 1736 29 859 119 1007 915 51 389 735 378 732 244 1697 1153 1153 610 1388 1276 51 1636 181 329 189 644 313 244 711 735 1758 49 1546 994 610 1410 12 313 378 711 1112 10 1129 711 854 562 1453 189 356 1098 1294 644 1153 344 1280 42 1276 1670 1736 176 985 1200 1538 1585 1388 1007 42 206 700 1261 111 394 296 758 700 324 10 1133 221 1843 188 10 562 1007 1688 166 71 1582 344 1609 638 1595 206 1595 394 1271 1585 10 1002 324 976 1591 903 119 19 574 170 1758 1697 516 1614 439 439 849 976 700 685 1271 732 296 1276 394 10 296 976 358 13 399 1593 10 1018 7 662 181 189 1595 1276 1646 1117 32 656 662 93 1002 800 1276 1018 1544 994 384 656 817 439 29 283 329 343 117 1582 724 321 329 329 939 492 1278 492 852 1509 10 439 516 1134 1222 1032 735 1120 1569 915 1007 306 1509 515 976 1544 1546 1117 1011 679 492 631 920 356 668 1749 1585 1007 817 610 654 758 10 903 931 1640 1759 668 1595 42 394 919 6 1544 1112 1595 700 1482 817 63 1646 1250 707 1640 1388 1469 13 356 379 608 1098 117 1614 6 1670 328 166 63 356 648 537 1271 1538 1117 1186 1619 7 758 306 378 654 10 1749 492 1558 244 1736 1695 358 328 1129 63 931 13 221 1467 931 1669 1636 306 711 827 359 1469 1688 1843 400 359 13 1640 720 117 1294 1082 854 994 166 58 181 1260 608 1759 981 6 890 732 1280 343 1280 1538 188 328 1032 1585 439 244 10 1595 1843 859 858 976 849 849 71 656 931 1595 306 1669 1697 858 218 1098 111 1467 306 218 13 10 283 1695 397 394 1276 221 1186 669 378 244 537 498 679 939 1117 400 1276 515 489 1469 1117 393 393 1504 321 679 909 1736 679 439 1129 1593 664 1200 1640 890 1186 1695 122 29 1007 1749 1133 1261 10 1276 306 685 393 1582 1250 758 669 1276 359 397 58 439 70 644 10 206 1380 1509 324 389 344 859 775 1630 610 296 1609 730 7 657 1282 1651 384 1388 775 981 1651 158 42 1294 1186 915 915 1695 492 735 58 170 1467 328 976 399 724 1222 656 515 758 1467 356 1582 903 1222 859 358 1582 399 329 70 159 1585 13 119 10 181 827 859 654 1585 93 608 987 1002 1260 656 1156 159 1276 817 1156 854 7 218 562 12 358 117 720 49 1133 685 1595 648 1591 574 1153 379 1282 817 1640 859 1558 1276 919 313 1271 1695 1843 19 306 1098 909 981 1200 1595 51 321 920 1134 1697 1011 1558 439 515 1619 181 1591 1039 7 631 920 1538 1112 221 283 306 10 915 515 10 1410 378 1282 1736 852 399 827 329 378 296 1316 711 669 1002 646 158 1271 1294 1196 244 1134 93 1558 1098 321 7 176 1736 122 610 283 358 7 817 1156 13 1033 920 915 10 1133 244 397 492 159 244 1282 93 852 562 1595 890 29 1758 492 1569 13 306 1609 1646 1619 356 1469 664 19 176 1609 707 356 1595 244 117 1688 119 859 817 1447 1614 890 63 1007 909 10 1098 1619 800 669 598 1276 13 1082 13 662 13 122 283 646 664 1082 1112 1117 1032 1585 724 110 915 1007 10 1669 1156 1276 668 1260 598 1250 1002 1002 919 1294 1538 7 646 188 1467 724 859 93 598 19 37 1039 489 1134 188 159 1646 111 389 685 1619 110 1260 1749 981 489 1388 176 49 859 10 1843 329 852 111 1509 70 117 920 679 1018 1316 1186 1134 111 1544 800 664 903 1697 1593 644 854 393 32 244 1843 707 1276 1504 492 1520 1609 854 1609 1033 903 1082 158 1630 1222 324 1651 176 915 985 903 1222 324 1504 890 669 1843 1520 827 1646 176 158 1276 598 1011 1410 1640 679 919 359 1316 13 817 915 42 669 610 987 49 985 1538 378 987 976 1697 10 1260 1538 638 93 158 321 244 1280 775 306 817 10 63 393 158 1294 800 858 1538 93 1129 149 920 1186 856 358 49 631 1759 1509 537 890 1278 1039 1630 644 724 679 1200 306 1582 51 1117 909 1112 1294 1380 1467 985 890 117 313 206 1280 1388 10 498 631 720 735 393 1186 389 700 1007 1697 1651 1520 1098 1186 1688 71 1469 915 1276 1316 159 1380 915 1447 1260 981 1261 393 329 439 13 400 608 489 1595 608 1546 149 1453 379 919 909 1593 654 856 890 1482 63 669 10 858 110 1032 389 685 1018 537 1582 170 827 1758 849 1520 329 669 188 732 1591 1196 707 1098 859 1619 358 1749 389 313 1261 817 909 1609 1843 188 384 537 58 42 1619 644 400 6 244 313 1585 662 1758 321 515 49 711 1002 29 903 656 562 724 166 1482 12 656 679 730 1546 159 700 10 10 1120 724 1467 1156 221 1447 1082 1280 817 117 29 516 985 176 1736 1538 1011 1007 724 181 149 1222 10 1280 1669 283 166 646 358 93 306 181 1082 324 562 1200 644 1200 359 939 1261 1636 344 321 1316 1018 328 206 994 1843 562 306 931 384 827 800 358 296 1558 343 206 158 29 648 1749 1558 58 1453 1222 1276 149 244 1222 1593 817 400 1843 117 849 1558 159 638 1504 1294 329 10 720 1033 1261 1082 1595 656 608 646 439 890 976 166 679 732 1640 93 758 1843 700 1278 170 1509 817 189 111 71 644 492 817 1129 817 1120 29 356 1509 1380 1129 1504 117 638 389 283 384 344 1467 399 119 159 12 1153 1129 1670 283 854 149 1011 707 1250 610 111 1544 537 1582 915 685 389 562 181 1112 42 158 1002 987 631 394 931 358 1646 1222 71 37 439 29 1250 1007 537 399 638 110 574 489 1749 329 598 915 598 1640 1504 49 1134 711 1133 1670 29 378 283 730 1153 1156 149 181 1453 1630 51 664 1388 379 1614 492 1282 1697 358 1585 384 608 176 700 42 1609 1153 492 537 356 1670 42 110 1276 685 1410 13 1276 1749 37 852 122 707 631 1112 903 657 981 668 110 358 12 1294 166 6 537 206 13 206 1186 1278 1261 1736 29 646 221 1614 117 1569 7 1546 903 919 1546 732 7 1039 562 720 631 321 1569 10 775 1280 37 654 827 244 12 859 707 903 668 800 1117 37 1410 489 306 110 313 1316 1749 1504 1758 489 859 119 306 42 111 176 574 1749 1039 1117 1260 817 1736 679 93 669 117 915 343 1011 939 976 915 313 610 343 306 1196 1271 981 858 13 915 93 1614 399 1670 732 1032 1039 1112 1098 1447 1278 1276 343 1482 668 29 110 931 244 1388 608 10 1316 1504 1453 13 1538 1186 664 852 516 1002 10 29 1032 358 1636 1614 1453 244 537 244 359 1582 856 379 1380 1153 987 283 1186 644 1469 758 70 188 37 1250 1196 858 1582 1595 1453 93 10 42 724 122 1294 1117 856 42 668 654 1593 358 189 1002 1196 1032 12 122 1609 244 646 1509 389 981 306 662 1002 1120 1469 189 817 1749 1609 1133 1619 1467 562 400 1002 1538 976 296 1585 149 1688 562 987 1156 915 1380 732 1098 498 12 70 384 1250 656 1018 1380 1636 306 158 1388 654 1558 562 1276 1156 1593 1558 63 1200 732 344 358 939 492 1388 981 324 10 735 931 1614 1156 1011 119 49 987 117 1032 1482 328 1250 1843 1032 562 1504 176 1544 188 648 985 244 1033 1697 890 51 903 63 37 1082 854 29 1200 1156 598 1759 735 1669 1595 1569 358 890 1018 221 149 852 1129 1695 1558 852 1098 1112 1482 12 1640 730 516 63 283 324 166 1595 1469 515 1595 389 70 71 1646 1039 858 13 668 854 1282 720 669 1669 656 389 648 849 1039 1186 735 1276 1520 1278 730 654 19 1520 854 359 189 58 537 13 537 1630 10 7 1134 221 1222 1582 775 668 1609 10 735 379 657 296 111 111 720 1469 358 668 1007 1410 122 42 1276 29 1133 1120 498 13 1670 359 13
