2000 4000
33 127
913 1562
155 732
1481 547
877 390
1722 1193
1943 718
1634 467
1658 1423
1646 95
1355 1228
1359 175
1481 1196
22 1006
681 1252
1791 618
1597 1568
1176 384
261 1100
1768 663
1551 980
469 543
888 1504
1649 146
1490 1341
410 1519
1634 1927
772 391
227 1673
1677 1739
1457 921
96 1955
614 1316
1718 1704
155 1509
1475 539
1467 1635
1604 601
500 449
467 266
385 653
1946 56
316 425
1590 654
116 1809
1008 610
178 1409
990 1985
1461 1690
769 1205
1332 244
190 377
416 360
291 210
761 265
1600 792
761 1434
60 1629
1163 860
867 1902
1818 1911
1129 1654
57 1961
1405 1036
555 1401
1996 794
770 420
1775 1185
1310 1435
635 1900
1102 1859
1791 1192
1715 606
191 1266
1361 186
470 494
796 1102
632 765
1566 246
1923 77
1860 555
102 1366
1900 1617
520 589
396 1158
1068 249
1337 1929
153 1556
1378 1493
194 1422
1785 54
1554 1700
498 755
1046 1272
1058 743
864 1306
599 542
121 685
217 1438
1333 886
274 704
673 53
1720 1264
165 1687
1099 893
1955 1640
1671 1208
1537 1200
1541 1529
1907 793
1978 1998
156 191
114 433
66 1234
1770 518
363 1287
1994 276
178 207
1989 272
1297 856
968 1085
1027 423
509 1079
1175 149
284 1126
1271 737
540 337
712 801
1085 709
886 1625
61 1890
1309 144
830 49
1469 1642
983 653
1080 577
609 1998
1957 54
42 219
675 1206
1475 982
767 1585
1845 8
1597 699
445 1276
1808 1181
430 1590
1153 178
1570 1252
1648 1409
1698 1666
490 1024
1456 711
483 672
794 357
1870 666
334 1337
258 1802
216 1168
9 1465
1743 1342
1030 1316
673 1388
1303 747
830 1430
505 1099
914 1895
527 673
157 1058
1283 1152
933 1705
1648 601
1507 86
1477 1386
1546 1855
1719 276
497 95
1873 1711
696 1138
252 640
1838 157
1607 1171
1153 1082
1572 1109
1337 1857
1910 468
1233 1541
300 761
457 949
431 203
1403 505
1155 613
345 1737
438 173
1158 1531
1299 362
880 1716
1833 754
743 1131
1923 380
1922 406
1283 866
1209 967
744 516
1225 403
219 117
260 273
1377 1779
1702 1060
97 1596
1105 200
1625 1602
440 537
1653 493
337 246
1464 117
576 1591
634 596
1224 1668
1919 658
1983 269
1320 347
803 1274
973 254
1782 774
733 715
1147 440
858 989
1694 1095
4 596
1962 1428
331 221
534 757
809 448
1269 1721
852 1993
1780 409
536 382
726 1120
608 501
286 420
1683 165
324 14
294 1491
1261 214
361 1648
820 72
1921 1359
520 1297
797 763
557 1492
521 491
1364 688
647 559
376 983
1906 1341
1821 494
1304 618
98 474
910 1930
893 1720
1417 1435
1057 1979
363 116
102 128
1424 947
1650 358
1077 417
1904 650
1211 58
540 114
812 759
750 1205
214 1712
1460 1242
89 1164
1567 1854
1478 553
1841 609
652 1721
475 601
788 192
491 1031
235 244
459 648
1160 1351
1698 629
434 73
1951 1394
212 1962
626 968
1935 1257
840 1443
1076 528
1746 645
838 741
1753 997
1767 523
1040 1369
1489 1155
357 1179
471 571
1023 1217
120 1390
1583 584
1705 483
179 951
1994 1408
52 1506
380 806
1448 921
1079 1119
969 362
597 1280
559 1053
61 1730
292 1590
759 195
1143 604
411 1641
31 1779
1924 1738
1953 1566
1999 1853
521 1838
1178 1571
1464 329
80 177
1463 1588
1729 762
1497 1174
470 374
310 1958
232 1658
75 549
1488 1234
1620 1310
1596 543
983 1456
1018 278
1167 1144
243 1790
1662 478
96 995
1019 492
1053 885
1774 1381
325 1180
1 1395
869 127
828 147
1361 57
102 662
709 792
1626 391
1197 1817
1567 1871
547 1154
1887 1650
1986 248
1528 1045
753 1506
90 1852
1816 1157
536 476
751 1239
1431 155
163 1302
4 894
1533 217
1104 288
202 290
1400 1748
276 786
1413 228
931 657
452 1364
1653 1531
1818 1565
1619 1580
1978 1049
1629 556
617 792
1185 1483
1491 702
361 1774
1837 1846
605 1132
1084 1075
1131 591
1748 1448
1123 1605
717 1885
1991 1671
1407 1186
1213 1982
1501 1179
807 1047
154 883
345 1940
1212 52
747 543
1084 1457
775 417
1242 1807
806 765
541 140
1615 1443
1739 316
238 391
1178 504
1789 1076
610 815
4 1785
744 1277
1074 556
1196 1586
1469 1033
333 17
627 1671
645 1170
1259 1412
1814 343
694 1036
1384 595
934 86
384 1192
1070 966
253 1496
1485 1294
947 1812
458 1877
1671 718
1566 271
691 1470
623 540
456 1584
1596 49
1402 1085
1224 662
1151 1713
553 944
1329 1532
1743 265
784 1157
63 97
1506 586
765 1022
1367 11
529 1166
259 1397
621 358
140 1729
474 1813
1349 329
986 581
340 623
1931 238
972 884
710 1697
341 254
814 998
974 914
1984 228
1640 96
1293 271
1442 1238
435 437
1851 356
1109 1238
1931 1669
1890 613
14 661
1441 709
1618 1392
761 224
443 744
254 1412
1184 1541
926 600
859 382
1531 1115
371 1002
1182 1475
1135 474
147 567
1135 567
1862 1165
390 596
187 1232
70 1496
248 406
1006 1442
192 65
707 1756
421 990
1198 1112
1973 1438
397 1319
1372 1550
822 1847
676 1583
1478 935
1789 1007
218 1090
376 1109
671 1198
1465 1726
728 34
1391 630
1688 1447
782 352
546 264
1583 1248
1859 1300
846 1240
225 449
1349 818
1923 1329
1344 1219
1890 614
476 330
802 1401
246 1823
1989 690
1540 176
766 1719
822 1560
1430 981
1224 818
316 367
1336 551
1808 1212
1595 606
112 829
1437 1687
995 726
1965 540
1227 754
1413 1368
1465 1353
113 1717
457 435
62 948
996 780
1540 51
1612 1725
507 1756
1050 1951
1178 1018
1010 1743
937 1717
1462 1417
1004 199
1507 621
1944 1725
754 88
1031 1767
1996 273
472 1099
1545 1463
163 1799
1145 1799
1633 1040
1883 336
1848 104
1903 1255
1381 1419
1440 1215
660 1218
1873 128
474 1800
1720 1675
75 1418
1082 568
1852 1641
923 1944
276 1879
1263 1883
72 360
251 729
146 1692
728 1028
1306 1868
1308 774
838 524
226 1302
1598 1458
527 1095
1642 1466
1774 1955
1998 969
1979 1968
246 446
397 973
550 1846
141 632
370 573
678 1267
1797 1485
1091 531
137 450
516 676
289 209
1508 1938
1184 467
1050 1370
1951 601
28 455
192 1832
1088 1551
1719 1005
185 167
127 65
838 749
569 230
515 603
688 386
1146 298
478 86
218 1226
1209 736
760 146
461 1628
413 833
535 1451
1656 753
84 1182
1057 1634
832 591
243 251
722 737
666 467
1114 52
610 1176
1500 1595
1373 224
1786 1899
1435 1320
1674 527
1632 1970
1119 1484
628 364
463 11
1730 1252
212 1054
591 657
659 1211
359 949
1683 555
1054 1049
1924 1630
859 1246
864 1083
264 1901
1046 999
397 1817
1862 1225
1927 1278
120 1326
1802 349
910 1524
16 1838
1830 364
752 1558
1099 840
857 154
1817 266
192 1464
857 982
364 1457
1082 55
1571 1152
939 1632
1682 39
490 552
1482 1719
1313 1392
1591 1170
1171 578
474 1758
1436 959
1484 772
65 948
1936 1021
800 1487
1660 807
46 304
1294 1749
1323 1713
1983 1413
1249 1894
1713 829
1486 1936
213 366
1927 1749
1054 46
1512 831
72 413
93 1230
342 199
1454 1698
1470 940
430 1559
883 1826
81 1237
616 1577
1200 1927
481 1994
1914 730
69 956
800 233
505 373
203 1999
935 1029
901 956
1859 1356
985 1338
1568 748
1243 1518
1915 913
444 1455
973 1714
306 442
799 457
652 930
1830 827
113 948
248 1789
125 1920
1518 1939
1734 766
374 876
54 1863
666 646
1221 305
131 1962
339 1632
951 85
503 1742
847 898
144 523
384 1119
1290 814
1407 1561
1126 1562
141 1937
182 1400
96 1451
403 686
1455 776
1513 1773
1104 1285
636 1247
610 1814
1210 1198
369 1513
734 1812
1007 1380
260 116
483 1523
927 797
320 1383
1566 641
930 1136
1029 1170
1243 484
1520 1592
1240 1249
159 164
1963 1819
100 57
1461 483
511 706
1662 260
474 1717
335 1990
835 926
588 1959
769 359
430 17
1424 1246
1966 1151
1514 1141
1146 187
906 1393
1820 421
1663 1334
107 405
1307 847
1115 1068
1475 464
81 286
358 1532
382 189
330 1565
1878 205
1745 136
1391 1921
753 449
1953 1330
43 909
512 774
133 1114
1352 350
707 475
643 765
670 1082
919 1150
959 553
529 1451
626 863
192 781
1623 1075
991 1976
1391 1883
163 540
358 436
1544 90
543 27
837 1835
1463 1079
319 1547
997 732
137 1782
1818 282
387 1971
527 220
70 800
1038 602
535 126
1875 1807
1126 369
1472 100
1597 449
449 405
310 547
560 1867
538 947
616 1014
1020 1136
1268 1543
485 953
1501 1673
1891 1582
1364 732
717 463
1669 1729
964 1015
544 249
1094 279
1178 1022
179 390
425 1971
292 750
1896 333
638 446
1488 1737
752 423
59 952
1117 1759
152 1283
984 1718
1858 1680
706 1889
403 734
1799 1191
1804 136
335 1857
737 1353
1960 1249
1641 1331
1834 1323
34 1779
949 851
1106 115
1684 900
175 1775
1185 1616
1668 1915
83 1586
1283 965
962 1836
501 1485
1582 1720
1320 1366
1798 716
658 1909
1190 1934
1734 732
1418 1127
1342 685
180 74
1771 1816
1942 523
328 586
830 990
597 420
1456 1678
1649 1634
956 1376
1303 87
14 1457
129 1816
179 125
551 1700
1966 295
1265 1067
1913 907
1308 1483
1879 1468
1890 483
1585 696
971 1804
1025 1529
421 1567
193 1988
1835 876
1109 1242
103 697
547 307
828 1573
1546 1058
1902 707
685 1998
1422 1459
1434 119
1202 1620
570 1012
573 1449
623 735
327 302
1126 1256
617 1249
1880 1429
605 1853
591 810
20 1256
1227 244
1621 1574
746 1443
913 1843
970 1366
1309 1121
386 1754
1990 1460
970 916
985 424
911 783
905 890
508 1889
599 384
28 1908
368 451
248 157
1666 128
815 812
997 163
1699 1917
568 1024
474 801
636 52
748 1658
636 1664
799 320
1609 80
1091 1520
468 450
1169 611
925 989
1071 1980
1046 1052
379 1133
254 77
1343 1786
1366 767
1902 661
123 978
1915 1658
841 1290
718 348
1627 643
507 88
501 1967
1347 231
1380 1806
745 1179
727 963
477 1740
794 1615
1892 975
384 1707
1416 2000
79 766
1763 564
699 636
726 773
1333 1819
5 1656
333 310
1754 1104
1512 1941
1231 1451
1594 1223
1453 1444
1147 102
1725 1206
778 1994
700 1407
1604 1470
1095 1264
798 830
220 551
1613 1605
1079 1775
744 67
1850 1287
622 749
1232 148
6 1407
352 1937
1498 1108
10 376
864 558
1216 1576
744 315
1438 1670
1799 1020
857 954
384 1255
1028 764
1251 166
778 98
1577 1062
1087 797
393 1727
1330 1225
1145 1936
1508 97
1187 1372
608 1750
896 386
1176 1684
128 10
1168 549
1068 979
1440 1629
1218 254
619 1928
83 1198
445 1008
906 1761
568 1058
195 1333
795 372
1292 1936
404 1740
1033 460
546 522
1760 1197
1700 410
245 1671
1654 408
10 361
1780 1181
1181 154
179 1556
683 629
1820 693
85 1502
1520 761
1682 1541
1246 1267
1489 1555
663 1858
35 634
947 1537
683 632
233 1712
843 957
948 721
476 1218
287 592
1029 1464
22 1132
159 1931
1100 794
893 1065
593 998
288 1967
470 992
1044 709
259 1192
1674 529
716 1953
1653 902
607 975
196 1560
320 1412
1363 1689
364 684
1806 1258
1706 1834
1035 1098
332 1677
1746 551
134 12
1926 138
881 1120
192 1491
450 918
306 1516
1202 1582
651 121
74 751
1597 1224
433 542
1292 1596
1638 781
1866 636
23 1571
899 1045
603 107
1330 922
1652 345
226 1895
1559 1951
1116 362
756 1302
266 1310
1702 639
1045 1275
777 1918
711 1024
1679 1278
1862 221
1446 1679
1976 485
48 554
1061 356
416 1210
687 841
1215 1162
1948 254
948 1900
917 1802
1943 738
1986 1617
1049 1815
889 763
22 1471
586 1865
302 1938
382 351
1840 860
46 415
12 1349
1985 895
1602 274
446 448
1817 394
920 477
1661 610
1708 83
958 187
256 1008
850 353
441 1015
982 894
1411 524
814 765
1101 1270
667 1512
380 128
1135 334
1754 53
938 957
1281 838
1974 887
368 1332
1318 1000
484 370
1434 1257
1504 296
1815 1599
881 264
1571 154
1091 1782
1549 1243
1390 1993
1429 57
113 1395
1915 1633
666 240
534 1449
464 1915
450 1583
1893 1550
1976 1117
193 562
1112 1839
537 1060
1779 172
612 305
136 553
1040 1596
873 1357
541 1316
1803 259
1720 458
183 562
797 318
1034 705
422 1305
687 390
449 896
1727 1898
382 38
591 1441
1226 1355
1316 429
1168 1338
795 1320
773 1547
740 1342
620 556
538 1784
601 1455
1017 172
532 1576
413 43
1852 441
124 1429
326 1745
636 1591
1756 693
966 768
690 1087
1817 271
481 1698
699 441
1045 890
1740 1514
462 972
1407 937
1306 1417
1909 1837
1559 252
1628 193
381 1421
651 1486
1940 783
1213 1951
951 390
1092 1909
770 1231
1280 1868
38 1691
1604 212
1816 422
698 517
1545 861
1107 315
1524 1946
1112 1697
1762 1433
494 305
502 1405
1014 594
1825 685
741 1199
1482 1175
868 334
1774 585
1708 1564
922 1939
784 927
1769 605
1935 35
243 1960
619 1950
89 390
962 247
1768 1969
843 748
1664 1521
1082 549
109 160
1914 1661
22 1859
94 247
1291 12
1960 1261
1175 677
1888 1678
1495 1408
540 85
1625 328
1605 187
1923 897
1023 1658
267 872
327 1007
418 776
1631 21
447 930
1770 1066
78 263
554 776
438 1177
534 1359
691 606
1637 860
1781 453
1909 862
1653 740
496 192
299 1238
1734 1889
951 599
1469 716
1762 960
1117 791
1106 607
1992 1674
1449 1944
1708 1394
264 443
797 1854
1628 1018
995 333
690 1441
64 119
1372 947
447 1794
1671 1622
1067 841
470 710
1579 1321
1526 1887
1470 888
1605 394
1662 1759
634 152
1277 11
712 221
516 1273
1242 948
480 1620
646 36
1163 1686
1160 223
272 1209
317 930
1180 518
1479 1522
745 1366
1197 1553
701 508
476 875
493 618
150 1503
1423 60
417 396
1522 1539
1710 256
325 1628
827 934
605 218
948 738
455 1016
974 851
1688 252
828 1714
284 1647
1242 1881
165 262
751 672
1383 210
1901 1769
197 1161
30 961
460 1480
1344 1944
766 1563
1866 385
771 1876
1697 231
844 1132
336 75
1506 1842
1713 1069
1581 1831
416 298
1860 852
1564 380
935 884
166 769
368 1479
454 1993
604 267
959 914
1437 386
1532 812
1622 102
1904 392
963 1332
527 1173
475 1319
553 1963
966 1711
644 190
1883 744
578 1907
927 1099
118 1378
1064 30
1331 1736
89 1016
1959 469
1805 1505
1405 437
779 208
1723 1861
1272 1116
894 1865
983 734
1704 1691
1863 385
1480 876
590 272
1526 315
342 275
1821 1991
934 1978
1027 993
1497 629
592 465
260 9
336 1484
12 1711
309 1362
1150 950
161 1667
1939 1955
1648 1756
99 703
1507 1142
928 1040
448 1050
657 349
1847 201
750 63
866 275
1558 50
1880 1170
1654 305
752 1822
728 1992
1798 1228
544 1950
1380 32
524 185
1448 979
287 1523
1716 925
1237 995
292 438
657 1555
73 1695
1763 1426
984 55
845 30
459 975
1262 1835
859 410
152 1817
1061 373
6 1536
779 19
1430 186
1750 489
394 776
972 120
712 91
1262 717
355 315
394 938
1938 398
859 264
1883 1226
1692 466
531 1842
607 1749
1622 1341
114 1456
1370 1611
748 1941
501 1462
1101 1659
1374 860
1869 1103
651 1438
372 1532
871 321
1342 906
809 890
649 208
1431 413
300 1324
1824 1221
972 1241
856 1600
1373 642
1772 1216
1010 656
384 15
250 1614
159 1000
617 77
18 392
1861 544
250 163
853 1374
816 943
323 663
1373 98
578 660
870 882
1605 1128
1481 1019
471 875
1450 916
1770 476
1346 1682
4 486
198 371
838 1528
706 1259
1095 1170
306 517
1708 1762
1106 966
200 80
1295 373
1551 936
608 1864
946 394
1268 604
667 540
563 1310
34 899
1997 309
150 1008
1010 1898
634 828
1429 981
1004 1471
1894 599
187 1549
1755 1786
1052 857
1210 488
469 1888
1439 897
341 1508
1927 502
1771 1396
615 1569
65 489
1673 794
1564 1234
646 835
1099 828
1633 1644
792 1043
627 1445
349 103
1758 988
364 239
114 1397
852 1781
1240 1448
824 1422
162 1031
24 1178
547 1845
910 1343
1003 577
353 745
405 1997
1480 1220
49 708
1095 1412
253 385
1600 1160
1587 390
1039 1451
579 302
902 133
1623 1585
1834 466
1991 991
639 1310
240 399
293 637
1457 1327
307 1000
1825 1244
906 1176
343 1592
1179 722
1037 1896
966 624
1560 1120
1002 1700
793 276
1479 936
1848 1274
1046 462
1998 124
1475 87
307 1580
1871 867
1995 1668
1422 1631
58 1020
1192 1050
553 1411
1984 1124
463 975
485 1621
1512 1642
1798 756
730 832
447 296
29 1185
302 1801
1646 1085
1622 785
178 456
305 842
302 989
799 1942
963 1583
700 1409
485 1011
1167 236
609 736
1190 45
1267 1930
45 1878
1817 1961
1488 328
1578 879
672 1622
1231 1246
462 303
856 1043
637 1523
403 844
1509 209
562 1821
1767 560
43 331
525 1297
769 97
21 1080
124 1950
833 947
33 1737
868 1803
387 70
1105 1850
283 1922
1790 1118
1143 800
1806 372
1566 773
1119 1410
1089 1230
1596 1939
959 124
823 133
898 1667
634 1747
44 1166
1447 385
1636 763
172 320
1186 1229
953 931
1683 637
840 337
914 1469
600 338
1338 247
727 1098
543 547
1416 1096
1110 290
1355 1438
1179 1244
1625 488
1399 364
851 390
729 1641
585 1482
1752 366
838 654
1167 291
923 1463
1726 137
40 1801
1156 785
1654 254
708 1926
1940 1902
1373 1844
713 1267
1049 66
1796 1028
633 1372
1103 1752
1966 1926
115 49
837 1949
1206 1297
956 1576
658 86
896 187
1514 1813
719 1775
1718 817
1185 182
520 958
1207 662
695 988
1111 458
368 1307
1460 1728
1953 833
1581 1733
999 1714
121 1782
876 1695
1656 81
820 38
1153 265
390 193
1133 770
2000 1811
947 1644
1721 35
61 12
912 1196
1389 532
1435 573
1076 897
615 631
1006 738
635 478
201 468
175 1191
1598 934
299 48
387 319
144 1642
446 1900
1950 1663
1252 644
269 678
1712 1573
674 135
947 1511
1867 1094
1703 681
243 1353
712 1585
1255 816
1109 1354
393 1458
473 1403
790 668
1891 1712
415 925
1810 1620
722 1542
1380 159
960 1512
57 1732
46 1034
95 650
1892 1491
949 1211
686 38
614 28
48 1299
92 958
1177 1354
635 148
1545 749
1195 1636
522 712
1376 1720
1583 1879
476 373
1374 1300
184 590
1686 1322
1098 1027
486 1218
1359 1940
1818 1224
940 741
874 838
1779 1094
1936 1160
1745 1157
971 957
683 1537
861 1942
92 1259
269 73
605 1351
628 1083
173 88
1778 1496
917 685
683 1653
958 1134
1042 226
1649 1129
77 1967
1983 121
33 1225
669 1838
380 801
1697 862
1993 1686
1146 1243
306 1951
192 193
932 1409
1778 1402
1732 1326
842 1040
1918 475
562 151
978 607
1124 1257
1718 57
116 20
795 260
219 270
1917 1546
1122 1166
1833 1836
1252 263
525 929
6 459
564 409
1934 859
1984 1301
487 94
643 453
1237 1562
652 1029
327 1487
627 1472
388 1875
1155 1106
317 1114
1494 527
11 1828
704 1730
1154 359
697 1603
1811 774
286 459
1602 323
226 1715
1667 1922
191 992
423 1009
891 695
1993 299
51 1553
398 896
1893 1379
584 1133
970 949
1807 1732
1695 372
799 101
1264 1576
1746 98
154 1352
1611 367
1500 430
1722 687
579 962
1185 1385
635 752
1155 235
1581 1722
15 517
1120 947
93 1181
1784 1258
1601 649
1510 1846
597 1389
176 1206
1900 1011
917 1110
1196 1757
282 1098
1352 1910
1827 615
162 1003
1573 1575
965 880
1498 1010
466 249
544 64
154 1900
334 1484
1404 1197
1610 1281
1718 664
471 905
652 1857
678 2
418 1123
436 1607
1111 1096
1043 353
342 1583
1643 196
813 1952
1598 658
854 81
1493 1995
1666 1513
721 1478
1244 353
1149 1488
1183 978
120 132
1622 420
793 1970
1231 1431
1436 700
182 22
947 772
1896 1634
1672 646
1269 1757
991 1504
784 523
1519 1283
769 72
1203 628
963 1425
1513 730
666 1747
1992 158
681 601
1860 1369
1311 1851
1607 659
1900 847
682 951
1400 1635
26 855
689 977
1023 539
1985 328
1487 1618
1086 1777
424 595
755 862
1989 959
421 1821
1796 1590
207 1780
948 496
1224 1457
1452 1129
1511 1127
871 1554
1794 788
416 330
155 1685
184 171
1223 439
536 1566
551 278
1486 141
142 1595
11 1085
868 285
740 1028
1437 882
1800 125
1973 38
1317 1799
318 1079
615 873
453 131
132 864
752 1780
919 1952
159 1368
1264 1180
1442 486
1651 1067
1580 207
1175 1709
39 1695
1496 829
934 893
68 1891
1420 248
840 811
100 1197
530 77
317 1945
1747 1069
1099 48
1347 840
1986 1301
1271 921
1546 1665
450 1285
72 1926
1085 1616
1344 522
861 864
989 1387
1095 1443
955 355
1405 8
1067 1305
1956 1647
1290 1782
1337 1327
168 693
49 670
1643 294
1318 80
1226 802
772 317
968 969
1180 1828
1576 470
302 1469
1266 469
1821 967
879 233
802 1392
1304 1376
161 689
95 624
1974 1210
1357 1147
7 220
568 1
480 706
104 289
130 72
623 1260
276 482
1071 1637
1664 614
1108 1064
1148 210
1527 645
1596 1471
1502 344
1538 574
280 633
235 1897
507 661
1746 24
1589 431
8 407
288 1435
339 1879
722 1539
1603 13
1234 1753
1030 1682
874 1435
1786 78
158 1720
833 235
1098 361
919 1436
449 1761
1937 523
1674 486
1051 1318
1862 1292
1100 1143
171 1204
1996 277
1687 1776
977 211
1983 1448
1032 1708
1363 242
1428 716
32 1784
1633 1908
1539 797
1343 1373
1432 333
1249 542
1567 439
1590 139
1202 299
484 833
180 988
1094 1159
1035 156
1177 845
924 639
1575 740
1498 174
712 398
735 1169
1811 943
1321 1480
1882 577
160 214
1975 1629
1104 1305
977 221
548 301
1095 300
791 1341
1972 1771
1683 474
1924 789
196 1488
477 1004
219 1029
467 1309
1548 888
543 1983
1374 550
1159 1364
100 1664
4 54
791 1757
688 1237
534 346
611 1888
1471 1524
1093 1923
1816 141
1597 226
884 1082
1254 1708
616 1169
1046 1805
219 940
1021 462
1457 950
1531 153
1093 338
399 1350
1936 343
1276 660
264 1266
1044 7
1035 67
889 749
1304 832
761 726
885 1106
711 502
1039 1145
1155 747
1581 1459
1419 1516
1016 594
474 1039
197 782
1429 495
1715 1111
1191 763
1409 1161
1015 149
1539 1632
1526 1084
1453 1526
853 1776
1289 692
267 1451
1509 1650
291 1256
472 747
1058 1064
1760 621
738 1298
1472 372
375 1382
1332 1039
273 873
405 305
1562 1853
1067 1940
1892 1074
36 1720
40 636
1017 877
1747 1033
747 1890
252 1407
204 1984
1365 1189
27 809
1093 1669
1194 1069
580 1629
195 367
1294 1516
1678 1831
1713 1432
269 1443
559 25
1717 326
1336 1852
739 387
1217 1197
1094 967
852 1783
698 514
1777 907
1056 171
936 608
712 928
943 1574
722 244
165 392
1043 1249
1754 369
986 817
1694 1930
1486 981
1845 1969
291 1264
759 1793
1242 1990
296 335
971 1056
1060 1517
688 478
662 1873
1668 95
1783 1734
3 945
985 33
1559 1472
1130 1871
1966 1772
288 73
111 1679
168 230
1584 1352
729 209
1975 1150
7 1300
1275 246
91 1091
1184 565
839 1722
60 595
1001 705
983 138
694 1742
788 218
98 1729
208 1247
495 1758
170 944
651 1331
239 1834
1030 1025
694 953
134 1875
888 43
1037 1319
1031 358
1917 815
1370 541
1909 1400
367 1356
1389 1535
1916 1451
1585 1357
198 1521
640 1475
1090 1530
1150 1753
1229 23
268 1842
1886 543
1646 516
1375 1826
1604 894
1252 1117
1543 26
1146 918
1710 139
480 158
1532 25
426 710
438 393
1612 1480
709 43
540 325
1126 1885
1417 232
214 1042
1575 1066
1358 1831
1619 341
1707 1833
1181 1535
36 70
914 1197
938 370
241 73
360 1310
138 1130
1037 1700
819 182
1069 1829
518 1001
1741 928
1780 380
1002 521
720 654
1328 83
632 1344
922 74
1875 1491
479 612
282 1942
992 595
1045 116
573 1738
1195 851
875 1112
691 1407
193 1372
1294 182
1016 1082
804 1751
1642 1924
136 1048
1492 589
1878 192
493 620
1559 968
435 85
1822 1924
242 1423
270 839
452 66
360 456
1479 844
1919 195
892 1506
322 1443
661 82
1674 232
1900 87
1283 1236
1662 535
353 177
507 1507
806 1673
1405 244
404 940
1579 1810
428 1692
1988 1771
1290 52
1396 461
1047 611
1231 1714
260 435
1387 1198
647 66
336 338
987 1260
1719 1088
131 1884
1340 1162
653 1146
1958 16
9 1919
1028 1390
1437 1283
548 451
651 1718
286 317
1091 1427
1125 1352
500 380
706 211
1956 1087
1572 360
1130 1298
1396 447
218 1082
384 840
1319 723
1664 1184
978 1457
884 1973
151 1772
246 1532
1281 783
88 876
168 963
282 1421
515 829
1096 867
502 1807
16 927
1152 268
1811 962
498 36
617 1239
269 1381
718 59
28 48
442 1061
1093 1655
1390 1292
1624 551
1817 1343
1143 1683
884 981
1526 289
1416 503
1801 1073
1502 2000
474 941
1470 600
1044 1472
1147 1469
627 1333
1727 219
1901 1297
719 1154
369 1250
1115 203
751 1532
1693 63
1950 1670
873 527
1091 1428
1355 571
84 1411
819 1763
1506 1245
397 440
1183 192
720 636
1623 319
1164 1729
726 254
1154 1974
1102 1259
1227 981
875 1583
1922 181
362 1916
1698 1816
562 368
1602 614
377 117
1528 887
120 1578
1140 1253
1368 101
1688 1986
1776 1414
819 1742
1418 193
554 1299
1371 881
1530 383
455 19
1458 1065
1862 1663
1281 1368
429 1073
795 1357
1100 52
549 1090
665 1943
1453 532
983 210
1937 414
351 455
413 385
1298 1241
969 1755
1655 924
1793 1723
829 44
1934 694
879 1953
1461 1908
869 764
605 1323
1647 1570
297 471
627 1731
388 1019
1552 1746
1017 1983
489 1806
577 1963
810 840
1784 1569
89 1503
585 1128
1876 375
961 1368
1769 1080
218 1705
755 761
1365 1376
543 295
173 1463
58 1286
1708 1510
152 7
1497 1408
1058 1129
1660 1657
1521 81
1743 1695
1006 765
231 1958
274 880
920 334
1769 1740
822 1473
1148 1204
1333 605
1767 424
291 441
688 343
1753 1260
1250 1232
1242 1241
393 1025
1697 950
1544 95
419 848
1723 828
1817 1905
1562 383
835 1555
1931 91
654 1022
1993 82
771 834
429 569
1935 850
82 447
168 1115
1931 273
306 1166
1083 919
420 1767
1600 1243
1391 1820
1870 1078
563 1258
1389 1896
744 846
549 661
1315 1435
1279 160
1208 1551
596 1616
1599 132
1362 1513
144 1730
1606 1344
812 644
136 653
286 1970
1675 343
1190 860
166 384
106 1261
174 237
221 788
59 508
139 755
1433 686
1141 1125
1748 631
997 1112
23 664
1775 1616
399 769
930 914
945 1538
1112 1541
422 1831
551 1208
774 1686
1805 461
186 963
464 214
472 1039
1841 891
493 466
644 1841
524 330
1657 1566
1370 819
1527 1783
1268 176
908 415
1949 1038
1101 677
628 1625
1514 247
1303 331
475 1580
1262 1356
43 588
1293 886
323 960
653 1526
410 1216
798 708
532 232
1160 1517
1574 1844
778 494
1275 1358
1609 449
1569 1327
630 1634
1161 207
1577 1490
1105 1230
1203 1215
1478 1936
1839 194
347 1027
178 107
540 881
918 1792
752 545
1860 1141
764 1531
935 536
1436 927
64 1804
862 593
1380 758
1223 772
1240 1686
344 1798
1436 877
418 101
1112 402
1540 688
939 1433
11 781
1540 123
1789 1837
1554 981
1371 508
211 616
3 791
193 512
114 985
1136 118
1466 241
1040 1562
795 1956
779 1697
546 663
1294 1996
1514 1161
1396 1895
1251 525
772 1246
1790 656
1871 1004
822 1112
309 410
1131 694
90 265
437 1045
739 1241
1693 667
94 1763
1842 1870
1527 728
1136 1329
1673 977
1298 1023
1242 552
1535 1718
1199 1809
1464 1288
712 771
1174 1434
1577 634
42 380
1553 533
744 114
1831 961
823 1270
767 691
1242 574
139 1987
194 979
795 1557
1 901
372 873
1687 130
747 538
1452 173
674 867
746 99
1821 1340
1578 375
846 1873
1960 614
301 1958
949 1689
1768 1336
1432 969
1962 1813
78 930
823 1448
1549 1016
719 721
531 39
393 880
702 1705
867 723
1045 443
77 713
1387 1228
934 1195
663 1551
1937 1961
63 1350
1020 1918
141 663
249 1199
546 223
1858 326
1993 133
942 1532
1404 1827
1682 1574
733 1060
1348 608
1929 1169
220 1896
751 1004
887 359
254 1826
706 1078
60 1554
1427 208
81 155
491 1838
1219 883
1327 1723
596 1880
1929 1389
1934 1106
648 1174
1928 1158
1281 1848
1688 1114
1724 1322
90 1517
1438 1170
1134 1198
1631 548
1982 1858
249 1375
1199 691
999 1399
682 36
1265 1303
1824 315
1218 2
92 1174
1620 555
1012 862
1269 1307
497 599
493 676
174 830
758 1101
830 1028
1069 1574
631 979
1161 1430
1886 1095
1578 490
859 1924
1220 1494
402 527
1552 148
542 908
472 1050
330 1068
148 501
260 476
1279 1440
1976 1231
633 1039
1837 1261
512 787
1927 1331
1374 1249
1303 1178
1691 1723
1681 1596
1412 1835
1960 185
146 1929
136 7
36 93
1875 29
943 1329
1419 1213
1167 1904
1547 189
1504 707
573 1536
288 30
549 1690
1548 945
1566 548
1310 309
1280 1275
581 1902
878 1579
1656 1445
216 1120
247 911
71 198
1347 905
758 934
743 1560
1208 974
1872 1728
1992 400
901 832
1644 1874
1544 1693
1680 345
1972 1425
1328 659
481 1976
882 1517
413 149
753 337
506 494
1556 32
1196 1262
1291 1414
114 1502
351 1712
1317 184
1607 1140
1133 1833
1963 197
503 1989
717 1367
763 1705
1732 36
1753 1187
1880 333
1303 1164
1305 1820
286 1764
1437 1382
119 1083
960 157
10 263
903 1082
1009 894
1683 583
1542 1938
1309 1080
928 1261
1799 462
1756 1851
1385 719
898 547
1965 487
422 1397
769 1945
432 1698
449 335
697 755
1008 419
1096 408
1233 1825
394 189
1600 1857
80 772
123 728
1134 453
1909 1289
918 575
331 310
682 1070
1468 196
1457 187
1055 1620
1051 1716
1616 1287
250 1795
23 1669
1286 809
1025 1800
728 245
1978 555
331 975
1852 1969
1683 590
337 1775
64 208
1902 75
1012 1255
103 1742
277 96
897 596
167 170
254 1888
712 1053
267 522
1201 247
504 778
1260 849
341 433
518 1583
514 845
1611 598
1311 1588
1490 1342
639 893
245 223
1273 1879
1229 317
1839 1889
301 1455
1261 1466
1780 1340
845 1913
903 1289
1306 428
246 1270
1969 274
1609 1059
934 472
1520 1422
620 1040
1811 430
248 890
1133 817
248 1432
301 1030
168 1792
1560 1464
118 101
1560 682
1137 1512
1422 163
1131 278
614 1835
1774 242
1526 1737
486 1135
255 1357
1854 574
133 1418
517 1357
1717 1191
1656 419
75 1403
833 1209
1246 1357
1487 95
1504 370
557 1836
524 1062
580 385
1443 708
1380 915
211 1713
241 1680
424 641
690 4
1429 1640
148 1076
1323 227
475 1681
145 1997
962 1567
446 530
1196 4
1152 1031
1767 412
885 1540
20 996
193 821
811 941
1350 1753
1654 380
587 866
1105 894
1379 21
1128 1600
962 1190
1214 124
1262 1588
1770 1873
324 1465
242 1557
318 1116
1847 1523
530 290
1327 340
1455 358
648 1136
1201 441
1143 1779
815 649
719 1896
1023 1307
1783 822
101 1601
1852 48
177 1867
1845 706
1198 1806
532 424
373 617
598 1637
1219 478
1367 1940
504 50
596 1414
62 414
440 1085
34 619
163 1600
1141 715
824 578
1168 1511
653 578
1312 1191
1882 1279
1143 1262
213 976
1380 25
54 1189
1292 1742
1318 962
1674 1365
238 1369
500 687
369 1800
1193 1175
1776 1243
1113 511
1896 1211
491 1892
606 1287
1862 1369
1424 259
661 265
1517 717
244 30
511 384
1780 773
1719 1897
1147 1494
285 105
653 1776
1880 138
937 1974
792 1167
746 617
1212 1328
1783 821
561 362
525 407
539 691
1393 1743
1055 682
1078 176
1251 318
1500 1236
1805 1252
74 1130
177 1928
606 886
1111 468
1598 44
1004 1105
428 1103
1 221
1828 304
1343 838
878 1974
577 1650
1518 197
31 10
1182 1435
287 557
871 505
368 1373
564 1883
166 1565
1471 1162
612 959
728 119
596 1541
1073 561
234 426
157 1617
1158 583
1154 1049
992 716
159 792
799 1029
1181 962
1516 1983
1218 1416
1207 38
352 839
1704 1364
762 1515
1518 1903
1563 1092
1825 107
1385 1146
1714 1936
724 1395
1754 266
369 1794
1177 1967
1363 1090
422 1945
1901 297
1390 845
434 110
1274 1287
952 1179
973 175
1018 70
1262 1878
1360 930
1083 171
1807 1310
1766 1405
1412 483
1504 1438
1220 1038
1159 178
1361 1766
220 662
65 235
1955 1261
1854 1261
924 891
94 91
475 945
1975 1426
1740 1077
956 186
1736 1841
544 59
1528 1645
1784 1217
1910 1980
1299 647
415 1846
360 1983
1911 115
93 272
1218 186
664 1208
1680 1102
519 395
1601 1634
540 1294
973 1590
192 1222
1135 1962
1017 1202
86 588
1102 384
1063 752
141 96
1219 1617
1743 234
129 1499
1653 962
1490 1802
15 1380
960 1657
1567 1535
1455 209
1163 1152
1791 530
1385 1708
1162 1866
1504 1101
1819 1723
1913 388
374 914
498 899
919 917
1851 772
1461 1986
285 1653
702 1639
513 1543
1282 1980
1270 1448
382 217
1087 317
1671 826
1024 148
150 1585
1063 132
1447 116
681 556
1420 891
1671 762
4 156
1135 572
824 520
265 880
420 167
323 766
577 1161
1625 796
1931 1476
1611 24
1882 1915
1811 1507
916 14
668 1232
778 989
1118 96
529 916
1882 956
517 827
170 91
1212 1899
1404 1598
1184 1075
1914 1367
1519 1749
427 360
1722 494
653 479
867 368
542 583
457 1273
1997 837
1008 348
1419 734
918 457
1975 658
1449 1102
425 1090
1890 1460
717 1762
953 828
1665 672
515 1973
1247 1106
1775 517
1155 757
276 233
792 1189
1679 1201
1804 1196
638 38
69 76
1834 790
524 782
92 943
1576 169
1608 1417
1886 260
115 1443
1812 690
1337 679
1107 1874
177 722
131 807
803 373
844 859
1190 583
1715 786
896 1328
255 657
77 1321
288 1622
1051 773
1727 749
1488 1692
553 77
1328 56
638 86
1302 1416
1359 713
837 1261
492 604
1093 907
1952 959
1472 694
1715 528
150 152
1143 1431
1544 1025
739 413
375 986
1835 1848
966 268
860 302
1874 845
1661 747
1939 1098
1878 149
1795 900
1319 440
1525 353
7 1391
916 1664
197 1015
1202 1629
1399 9
1111 948
1718 687
611 961
743 1904
17 780
966 405
1520 1696
383 1748
524 81
1245 1715
1380 1500
1631 446
591 487
191 518
1198 211
1290 1988
1197 1931
1797 131
148 779
975 88
691 550
121 337
1058 249
1701 1960
781 387
1561 1193
174 338
598 241
988 1477
583 1474
1782 1279
136 1945
1106 1524
79 539
640 1746
229 1541
407 1883
265 427
1613 806
1996 1743
801 1545
1511 426
544 702
1593 1738
707 30
532 1006
710 1365
1918 781
1052 1884
815 859
1866 693
61 1633
150 1897
718 1114
1985 346
1118 1325
1821 1709
1526 942
40 1237
179 1586
1692 327
198 1458
1863 622
257 431
701 1402
1390 601
218 1887
1950 1979
948 1446
1270 1299
786 1229
877 1046
486 1177
1045 117
631 393
415 1639
1707 348
1780 1618
245 1690
282 1048
262 931
1109 1495
565 233
24 442
1616 1050
147 1656
630 679
1810 1502
1922 664
969 1887
482 1472
613 1961
45 665
1417 991
1880 1090
897 420
651 1557
381 1274
494 1650
686 1609
1218 1584
1015 1933
613 11
362 414
207 1004
1631 1689
539 1603
1165 1281
275 1219
166 1286
1564 862
646 1212
207 986
310 995
707 208
1902 1765
308 1179
1112 1356
587 443
361 842
582 1917
1544 1541
1426 1102
937 400
1433 1999
449 698
1852 1833
1972 296
1743 540
877 234
1603 1956
133 1844
647 685
910 551
1816 248
1411 746
1372 1283
1599 1590
357 1730
1494 322
1643 1926
1390 857
687 147
1938 1111
1327 1460
1732 1659
1994 1906
1325 1137
1216 1637
176 489
1327 1187
161 1072
1982 130
32 434
1620 849
1314 511
1154 154
91 1779
947 134
1630 1763
1703 1997
1581 1135
1616 494
760 89
1324 1329
1300 1228
1146 1276
1454 1014
221 1688
752 332
222 316
77 937
493 886
389 1963
772 700
135 1363
1327 939
354 900
556 1310
1321 461
1553 1128
449 1224
244 154
1260 223
842 1152
1178 1802
590 513
533 634
1269 236
516 1119
86 22
399 906
1018 477
1509 732
1139 613
1294 872
1641 63
1037 1209
466 1549
1720 325
1194 247
1669 627
488 523
291 1810
1085 707
1397 1003
1371 547
1896 1627
999 959
921 1569
1658 737
395 1417
1028 1593
1522 172
1426 1437
1428 508
1488 929
396 1329
1034 1920
1393 611
471 37
1227 1103
475 920
1349 1655
1879 61
1875 158
132 689
1218 99
1127 1521
1970 1621
731 1150
1425 1990
1895 1098
1392 114
88 1786
36 972
1519 1692
375 1538
424 70
1272 1967
1453 619
668 1479
1497 968
777 769
452 1175
746 1632
1511 1587
540 1623
777 403
1041 941
1245 1588
1881 1470
1273 1071
788 949
1185 173
1536 1881
668 1977
1659 1318
722 715
320 164
1441 579
1708 983
1248 843
144 1722
436 1173
1711 195
1860 1840
230 18
213 1690
1079 606
346 206
619 1871
1713 568
1531 328
1441 1762
1158 696
472 329
1411 1469
619 1859
1666 53
22 1597
665 1692
1046 587
1526 1700
1561 1460
465 495
1881 1554
1662 632
846 199
1546 777
1321 1079
659 633
1156 1816
397 1647
492 1353
938 1504
1544 1002
1255 1134
840 1810
779 451
1741 1208
1800 1344
1158 534
651 1049
631 1609
1082 902
1338 676
401 1000
1129 88
816 1657
1837 1835
570 663
1086 1944
1567 1149
1254 1284
1546 1640
1931 344
498 1396
1239 1862
757 1516
1198 742
1283 1930
883 807
493 1785
1909 1808
1501 30
1248 196
1844 226
819 1832
1879 1125
1537 11
1933 996
1973 810
1215 1572
1378 305
291 1177
1934 968
732 1416
1049 641
1202 5
359 823
1666 1446
382 587
336 1453
1364 12
1671 688
830 1878
1570 1469
1130 1979
831 405
1564 576
1055 669
69 417
1413 406
854 1005
446 611
1838 795
523 1608
1998 440
1366 733
75 1373
561 1229
1705 806
1580 1527
844 299
1750 834
1372 1356
96 67
1398 1046
932 1616
146 445
1182 165
1491 1338
93 1830
1266 1287
276 1721
1172 1552
1949 1146
64 692
565 1169
1992 29
128 1414
1928 821
277 755
477 1131
480 626
468 845
636 1508
42 72
313 360
1468 1447
457 1539
1730 1518
1960 1813
333 648
1527 443
1169 394
886 1173
567 56
1598 1872
1629 500
1128 605
106 1623
689 496
610 1547
376 995
1617 429
1400 294
1997 596
1320 606
1036 247
1374 1638
470 414
1828 1934
56 1843
1952 26
736 1623
1451 101
27 96
1475 751
1814 763
631 1540
1808 1120
119 1335
1140 1338
560 1667
1246 1854
889 735
525 1294
362 1905
704 1677
1198 1462
678 1396
1307 151
355 1580
1583 661
467 580
1584 187
149 152
257 1734
394 1057
754 1877
1626 1357
1930 1683
1039 1027
1352 1954
1084 1622
127 819
993 1054
1927 1460
456 1309
1922 1436
369 608
750 399
1445 1324
861 1766
1466 1401
1546 735
1828 838
1900 695
1470 13
1984 1345
1267 1887
1981 232
403 1773
1745 1819
232 1748
1303 1925
1543 1958
1640 1819
457 641
1452 848
421 514
1316 1148
719 1719
1021 1263
1639 1442
775 549
684 543
531 108
1672 197
1818 1326
1923 875
914 562
1092 905
1321 1966
1706 152
1815 1915
975 379
1050 1197
1315 1921
267 1520
1614 1461
1612 338
279 479
1960 179
67 1224
132 691
1953 644
1223 904
1117 1370
1302 253
635 1465
1117 106
1756 1861
520 142
386 1292
431 1533
350 1662
782 1341
867 216
1202 1247
1199 415
490 717
639 1825
878 222
135 1433
1620 1246
53 1242
1835 1690
777 696
542 795
214 1499
1846 1939
1204 1224
187 606
687 887
1045 1628
1204 387
1045 932
1442 567
1647 1555
214 944
1890 749
1941 733
1610 434
1696 311
1497 107
338 1067
1079 1809
116 1237
1081 1402
241 1507
77 1492
1410 1522
141 1649
1609 1304
657 1380
12 1445
1747 42
1314 213
533 1232
1038 229
804 1025
1180 593
242 99
87 1572
35 1141
1544 1030
969 675
1097 1369
1008 456
1980 1356
619 745
117 794
965 362
711 1285
679 96
1972 1538
1794 1565
1031 1127
830 28
1352 1321
482 1152
1969 197
119 1183
1919 1305
1152 19
813 1543
1821 707
687 425
859 1348
806 1819
1967 993
1168 1881
717 440
139 773
282 1878
101 1223
1060 805
332 327
475 156
1221 96
695 1273
264 45
1625 1274
1357 390
1363 252
1182 1002
227 1093
797 1970
279 1788
301 1159
1985 581
425 1994
1012 1022
653 1609
478 185
1481 890
1159 667
483 730
106 1828
1338 243
994 1174
400 751
194 567
967 234
601 1606
1413 636
1955 1108
1503 66
219 1501
1076 136
16 979
185 1511
40 1229
456 1512
332 1019
1940 195
678 732
147 1321
1428 646
1265 335
3 5 29 49 9 58 21 49 1 127 41 459 1 2 238 268 109 7 88 1 95 3 100 19 59 4 262 48 5 92 265 6 3 10 10 3 4 95 337 2 1 296 41 174 176 2 1 21 5 2 1 106 37 34 9 3 3 1 1 1 3 1 220 14 2 56 3 2 5 7 1 158 7 40 2 1 83 114 1 10 52 51 2 3 1 65 2 5 2 97 208 4 1 235 8 199 17 36 2 14 14 406 11 1 11 1 59 1 1 1 3 22 17 16 8 7 5 15 10 22 1 1 51 192 2 1 1 80 1 210 3 11 40 16 8 11 1 5 32 44 337 1 1 13 1 3 7 4 51 139 1 128 1 4 2 1 5 1 58 3 4 1 8 1 3 34 304 1 1 213 40 3 1 10 41 3 18 43 14 3 1 1 3 49 64 11 2 1 1 7 12 11 149 21 61 7 36 327 3 1 1 5 1 31 155 1 32 33 96 102 15 8 6 5 1 1 26 11 18 30 5 7 199 1 34 2 19 19 1 2 6 3 14 1 39 45 11 56 1 1 3 4 52 16 240 3 40 104 2 15 53 7 30 199 40 1 1 64 52 30 1 82 250 32 81 4 214 1 9 1 8 3 363 8 1 5 334 68 1 2 1 5 112 33 10 120 1 40 95 4 16 31 1 7 1 1 5 12 20 188 8 19 4 3 190 67 7 1 187 33 2 1 230 1 5 4 6 2 4 11 1 23 5 1 1 2 1 2 246 3 6 3 278 6 2 12 139 5 29 28 202 2 53 37 2 27 7 42 12 40 8 153 4 1 1 2 142 46 22 229 56 121 10 19 1 2 21 22 8 1 20 1 11 2 64 3 6 1 70 79 1 18 14 30 317 84 3 3 1 9 6 4 42 10 2 3 79 13 108 65 1 193 5 1 341 19 41 1 50 18 1 1 230 3 19 23 2 20 23 63 8 175 15 22 2 4 82 29 7 105 5 1 6 3 38 4 5 2 10 389 3 1 1 1 1 43 2 66 33 22 23 7 1 1 21 9 5 2 280 87 45 3 194 13 1 4 291 9 17 1 3 173 1 11 82 17 37 4 228 2 22 21 27 4 1 1 307 13 14 3 1 2 28 52 3 2 2 247 1 1 13 115 2 10 14 1 95 22 25 1 2 156 74 33 18 1 212 10 3 17 34 48 47 24 2 1 183 13 33 1 178 10 11 15 2 36 466 1 5 45 6 5 124 131 1 87 2 264 31 77 8 1 108 35 31 38 2 15 1 297 20 2 1 88 1 1 6 6 3 42 1 3 4 38 1 121 4 43 1 38 2 1 25 8 9 1 23 108 4 70 77 3 62 14 3 98 164 1 1 2 34 50 78 218 31 15 1 24 2 131 47 201 9 2 4 39 9 2 45 90 52 3 7 9 1 29 19 6 1 284 29 131 1 22 1 37 2 44 289 19 28 8 2 112 22 6 90 103 48 16 9 196 36 14 1 4 188 14 6 7 34 270 9 88 186 350 121 2 17 1 7 6 212 1 3 9 4 15 217 1 149 24 11 20 3 19 43 468 1 53 40 2 3 75 10 3 3 64 1 58 23 86 1 6 1 104 16 1 13 2 20 41 1 1 4 113 145 421 59 15 71 3 5 22 1 31 17 9 236 6 1 72 10 138 6 1 2 2 1 15 1 1 2 63 51 3 10 4 2 101 36 8 9 7 171 30 16 1 62 1 128 387 7 1 77 3 544 12 74 53 1 5 101 5 1 62 1 7 63 3 5 60 10 62 185 1 1 47 1 3 28 10 13 75 8 1 99 2 6 25 20 1 12 2 279 143 1 1 7 73 1 192 2 104 15 4 308 66 4 96 25 1 5 89 1 1 71 290 21 3 28 4 20 2 8 1 93 13 102 57 16 87 3 2 27 74 47 3 1 1 3 1 45 1 5 2 2 4 8 27 2 17 1 14 1 2 4 18 3 1 2 1 6 1 59 72 12 2 62 168 6 271 12 10 70 6 7 20 1 6 115 118 418 13 1 47 9 1 14 4 2 18 10 1 1 35 2 6 1 6 1 1 9 6 19 76 1 4 47 7 2 99 1 1 4 1 209 1 7 106 78 6 1 68 47 2 2 3 6 7 13 42 9 6 99 1 15 15 9 11 3 2 77 1 2 1 1 3 13 45 155 26 3 1 43 11 32 25 332 81 3 1 66 1 69 7 19 9 14 4 40 4 76 10 1 34 57 2 3 4 16 17 2 1 25 2 30 137 4 12 2 19 23 27 16 1 2 12 29 3 2 33 1 1 44 12 98 67 1 16 88 74 6 1 6 1 6 6 81 7 207 1 46 5 2 48 310 49 3 28 14 1 1 43 4 1 2 1 40 23 1 4 112 1 1 4 153 1 13 278 15 48 9 2 110 29 15 9 65 35 10 5 9 88 226 8 5 110 24 9 160 8 31 369 94 1 70 4 1 44 174 3 18 260 37 13 1 14 86 175 3 3 91 2 6 37 3 4 2 2 7 21 1 48 3 26 26 58 2 5 33 100 5 31 2 20 185 1 4 88 201 6 263 11 2 95 85 1 10 1 7 5 1 1 11 11 78 5 1 13 1 5 52 124 98 1 15 73 52 92 126 1 3 75 3 99 35 19 217 9 1 2 11 12 6 32 5 30 12 45 9 2 31 179 4 1 3 1 50 1 3 5 151 41 1 63 59 6 5 1 1 83 11 4 75 2 96 13 56 7 17 2 66 1 4 9 77 4 2 46 315 12 7 65 19 2 61 1 11 3 52 10 141 5 1 163 21 3 1 11 12 33 2 5 124 17 1 1 4 1 1 85 2 1 16 37 57 21 8 56 91 99 39 5 3 15 34 224 10 12 1 23 7 21 2 2 103 3 1 178 2 33 42 2 1 43 2 1 1 26 155 39 7 67 1 1 8 9 34 9 10 29 52 1 19 16 8 2 32 552 6 1 1 3 1 28 8 3 159 41 42 1 59 65 59 24 20 1 64 41 11 1 7 58 11 9 27 12 1 77 115 81 35 10 31 147 2 32 292 255 116 1 5 1 5 10 39 1 2 1 2 198 5 119 6 463 49 17 49 5 9 2 7 41 3 3 215 206 100 18 1 65 12 1 16 4 2 213 121 9 23 4 1 87 21 100 17 2 2 5 2 159 18 128 7 1 51 4 1 5 7 272 18 154 1 20 1 184 184 105 2 32 6 28 40 4 1 13 8 15 250 9 1 23 10 350 349 6 10 2 2 11 22 2 89 130 9 4 12 77 21 2 1 171 175 17 7 109 4 99 4 8 3 109 9 6 1 40 45 4 10 10 2 26 1 329 3 220 1 45 10 1 1 3 18 376 3 4 1 24 55 3 208 134 7 57 6 1 7 129 116 4 3 14 3 117 4 236 229 27 253 27 16 64 1 235 269 35 32 157 255 2 4 5 1 93 2 6 133 1 8 41 1 1 12 10 68 1 15 34 132 4 3 16 8 4 6 1 1 3 3 1 14 9 196 2 1 1 8 16 52 11 1 119 2 184 2 12 3 129 125 9 308 15 44 4 23 26 1 4 3 17 7 8 244 79 254 4 1 28 1 1 1 8 17 16 7 69 13 49 158 1 2 26 4 45 3 2 12 1 7 2 146 5 1 13 3 1 203 130 2 183 52 1 5 41 103 110 37 15 85 4 2 107 2 2 2 1 31 13 139 12 1 1 1 2 12 36 8 180 16 3 9 84 307 8 3 29 1 2 12 38 57 54 5 127 2 17 403 53 377 42 292 11 67 1 5 18 2 1 17 146 18 1 1 2 7 1 15 69 99 13 17 112 86 1 3 169 7 140 1 279 268 1 239 10 31 25 34 2 513 7 8 160 4 6 1 78 14 15 217 100 2 2 1 11 4 100 37 58 1 31 4 10 1 1 10 2 1 2 15 7 6 1 14 10 124 1 100 35 1 1 47 3 10 58 1 1 1 1 1 4 9 121 2 1 293 202 4 28 43 2 1 6 35 3 4 58 214 49 3 9 5 11 29 9 1 2 3 57 4 2 65 13 1 35 4 32 7 3 1 63 1 1 2 8 88 3 1 2 70 68 16 58 1 61 267 1 262 1 30 1 4 6 9 4 5 28 66 2 23 1 179 9 27 29 45 15 71 1 4 2 1 3 52 1 7 25 1 1 1 126 1 3 1 1 30 80 7 10 1 10 4 25 2 41 19 17 1 3 7 153 157 2 26 2 1 154 24 1 5 3 38 8 164 64 129 253 33 8 1 57 4 2 119 100 181 1 3 38 1 1 50 7 1 4 55 3 13 11 2 1 1 1 7 1 6 7 35 1 27 111 10 5 53 3 311 19 146 89 328 1 3 10 2 51 4 12 32 6 5 14 3 4 90 4 1 1 1 46 65 1 21 2 136 11 35 51 1 35 17 6 141 1 46 8 21 48 194 7 1 42 17 19 32 18 3 129 47 32 4 67 476 30 10 9 1 203 1 36 17 27 14 3 1 68 170 134 4 25
