2000 4000
767 1212
634 1736
1946 446
1928 593
1445 915
828 772
911 890
543 1445
977 720
621 1233
1338 1973
1067 324
255 1809
628 1224
1198 1901
1831 1252
204 1277
1985 1662
1296 1345
157 96
1616 1743
880 1374
623 1960
1815 694
7 1916
18 23
1251 1362
1173 1296
836 1167
1349 1560
1293 883
1965 255
207 17
1439 323
692 109
842 1072
123 1851
1886 1941
1534 84
633 1314
760 1324
682 560
963 460
872 65
1426 383
1885 683
1918 1869
1529 907
414 1055
874 1037
1443 987
1019 1697
166 316
1348 171
249 326
217 1022
876 706
1946 1413
1384 978
187 1711
1434 1176
963 622
697 1294
1903 1749
1435 1848
956 1196
1251 167
1287 1589
717 95
622 500
167 421
905 1498
1480 561
1682 1311
287 1111
1937 280
34 821
758 362
984 1756
473 506
1818 802
268 633
733 354
584 98
968 481
1967 131
1214 257
1370 1934
918 698
17 1866
1807 189
872 74
1067 815
1093 1367
1408 1899
550 1618
787 966
925 559
1062 1675
948 418
1927 1723
508 1707
1504 1192
174 253
1822 1258
942 1134
909 369
613 1629
378 170
561 946
955 1845
474 1302
537 999
1391 1803
870 606
1948 1751
1721 1283
1314 1737
1743 443
1463 1531
240 584
74 449
95 463
383 59
1845 1145
112 504
716 1658
1075 303
1422 741
271 1576
1354 231
218 1401
1504 556
1304 1132
186 1093
830 1898
1150 550
1888 1830
590 620
904 946
655 776
654 360
776 1235
98 528
598 1202
702 1939
1850 22
1174 308
1492 261
70 824
1348 1752
1982 1658
836 700
770 1747
290 1695
1956 1257
1426 1304
59 1794
1042 1434
24 1046
544 868
1207 1632
1411 1235
523 225
997 1722
21 4
917 1565
878 461
223 1910
1013 1718
541 922
43 1784
1450 1650
38 160
1673 1420
1218 1325
957 147
1624 11
1413 1764
1135 316
1535 1177
1843 794
1349 1775
584 487
1401 1995
272 380
1330 338
277 560
74 318
701 1350
1298 1985
1676 1029
113 1320
1604 860
497 359
1553 944
1251 112
770 1172
992 1237
1465 1783
1630 1311
962 1309
1127 1358
710 77
388 1598
1436 1509
1141 569
1840 1126
529 664
959 405
826 319
132 1740
1795 1344
869 1482
1024 1328
1425 1329
387 312
1409 1571
1619 184
581 1470
132 1183
1566 1173
238 1564
1800 473
1629 349
1759 1256
1677 385
267 254
258 711
894 636
884 12
424 1236
493 1970
1049 6
1924 1803
736 42
155 1734
1967 1125
6 989
15 296
232 920
159 849
819 145
54 1510
1666 402
1883 979
1475 1693
18 1811
354 340
1685 355
890 1521
9 985
1326 1661
1744 216
516 1897
680 563
1676 828
139 1594
49 467
981 19
1693 837
758 1658
958 157
1956 1541
1836 1448
941 501
243 1970
75 1775
1377 1231
1915 1705
781 448
1562 1806
1536 39
990 1892
1100 115
315 608
777 370
679 1511
342 1086
150 1289
876 1612
1097 907
1021 1269
1090 1524
1541 1813
233 585
358 780
511 803
1699 1590
807 586
1610 238
692 125
649 531
1613 636
217 1855
243 968
918 858
801 1980
1868 863
1023 1132
967 90
500 1996
276 1840
1665 1905
1274 1018
440 1490
1984 919
1237 1514
1561 324
47 132
326 1344
819 1496
1972 263
285 797
634 441
505 378
753 1116
1482 588
1490 2
96 1863
1787 895
855 1468
1087 1109
1129 1365
47 1861
686 665
1974 533
1432 1030
154 95
824 1223
1601 1895
1351 1905
948 1550
475 797
78 1458
1827 38
1585 900
805 989
179 440
645 107
1486 1098
1897 327
1092 1499
484 1218
357 852
221 90
1939 673
191 1477
1784 491
1265 85
1589 967
874 126
1701 1402
1979 196
1616 1026
297 60
1926 1842
1785 140
906 1260
321 993
1299 1549
1273 1479
1897 917
1058 641
1059 1453
195 1106
1340 1211
814 823
1565 298
423 710
1111 1364
1343 1057
1361 861
504 1420
1950 826
935 1257
1236 1246
1484 1119
294 183
1763 1986
1161 1227
76 1030
1584 1712
555 1073
118 1430
1714 591
1750 1401
1549 675
1032 1968
294 214
1582 552
1536 944
1067 479
1800 1117
140 1845
609 1411
1643 478
1995 1219
16 1101
980 1062
1525 22
1821 563
617 654
1441 319
1786 450
443 552
1629 95
392 1580
166 1129
1853 247
98 376
609 1576
998 1629
576 953
400 1104
1739 1033
414 433
992 697
1424 387
548 622
1953 783
1343 1225
1990 929
1690 1169
1936 1641
1694 174
1865 1227
177 1941
479 485
267 685
1902 57
1804 48
562 983
892 534
41 595
352 662
1886 973
671 1743
925 293
1668 1486
643 1743
778 1401
768 1063
813 1925
1334 1821
814 1405
341 986
156 590
282 841
1513 432
1088 1819
1688 898
758 1142
1735 198
1497 1486
701 924
1262 820
58 897
807 1895
992 539
557 278
236 948
1466 281
1523 20
790 1693
834 851
812 526
414 1994
1551 1280
233 1895
1285 375
159 1229
342 463
1678 170
1562 1349
1393 910
1297 1206
1593 1234
1278 483
1521 301
1541 1829
135 1170
735 1590
1393 1986
887 916
60 1693
79 475
519 710
1536 192
1796 1644
889 1460
1411 892
1889 250
560 550
1536 455
831 313
119 1079
1955 1214
1949 1355
502 614
1579 1993
1826 64
1118 1849
843 1799
417 1078
1949 369
97 1156
743 1846
357 844
1319 1021
587 1212
1703 851
1061 1293
901 342
133 1980
693 712
1882 517
1523 1611
1335 1610
45 69
1304 150
446 661
562 1024
876 758
328 1441
1702 1442
1513 11
835 1986
533 961
890 909
103 1893
1263 1126
648 820
1723 1054
727 185
627 607
1114 1598
784 791
504 1362
893 1004
544 265
1328 609
408 434
269 1361
343 742
687 1385
982 1142
363 470
1429 1189
815 1174
337 1234
1939 1054
1385 237
650 1291
805 957
178 1024
33 629
1869 1917
56 1233
1440 725
1787 46
141 1218
324 1195
507 1913
973 1970
222 1738
1884 1927
870 1116
1020 273
1355 894
1787 563
1672 892
781 1801
1196 1845
901 1973
1201 1994
159 480
1096 1634
160 1829
1155 864
1925 1490
317 1261
911 793
1806 1534
810 1579
1768 862
1014 289
45 928
1105 1016
1006 1909
64 1107
1253 819
1523 1500
387 1310
530 676
188 97
1739 1828
259 893
735 1370
358 1410
140 770
886 556
1405 1587
86 1095
1198 437
1811 140
773 1519
1793 244
1178 1622
1462 1028
435 334
1734 1488
758 1664
858 1896
1421 970
233 1702
803 1677
1747 527
565 464
381 592
1096 1029
342 1643
769 701
687 107
193 1099
2000 1964
1378 49
390 363
1015 1960
1145 414
1584 137
1799 1249
1418 146
1667 28
1420 309
1431 1279
931 1467
1032 812
926 22
1258 343
1203 936
1428 151
1012 1158
764 1945
404 896
1618 205
885 73
616 1995
643 695
1826 1126
627 586
1518 1330
214 1180
1118 1180
796 380
1391 1453
262 935
59 1397
381 1529
1335 766
117 342
128 592
179 1197
1397 1614
1172 1275
1318 995
1485 861
335 1359
1935 548
922 898
1936 1263
863 168
1895 1567
126 1538
1925 853
179 669
592 462
130 507
291 835
1522 484
1162 1195
66 185
502 1401
547 571
1864 624
1331 1049
794 1046
72 10
1544 1992
1118 649
63 1139
1878 997
90 208
1888 1434
901 1988
1339 1149
297 1882
526 1624
499 549
1174 1416
1188 1702
36 603
430 1612
1930 787
1252 1584
646 1261
1394 1082
1373 220
537 1809
484 615
1497 433
1564 1491
1649 935
254 98
648 1111
1610 584
241 1526
317 1483
840 627
852 1324
1134 1659
1067 739
1586 1669
911 1431
1807 970
1762 1144
1958 1831
803 794
201 113
1922 656
138 315
1986 1997
1619 1256
927 1620
163 1423
13 725
1316 522
1974 1224
832 1048
974 1999
288 57
1863 406
1211 70
1269 82
1959 1363
865 521
1353 260
148 587
571 756
1095 1221
1805 302
348 1163
1083 674
214 837
940 634
793 695
35 561
1002 1825
52 1934
1252 521
1234 478
381 1659
544 566
1273 1387
821 912
1747 1057
1830 1874
1032 261
1607 140
1343 1411
183 1340
1333 835
1178 1888
1495 402
164 999
554 318
284 666
404 1373
630 1575
350 1073
260 867
628 1648
1178 1124
780 1347
671 1769
1579 402
330 108
1032 570
546 1193
315 1173
1226 870
144 823
1940 1772
19 300
1176 1279
715 1412
418 555
1181 234
1413 1179
285 2
1753 251
865 445
1200 989
386 638
406 559
963 1191
1162 1286
724 123
1426 1478
1987 262
644 1713
1414 1881
714 1787
611 282
1750 1814
1508 1820
625 480
70 1780
310 1726
1932 706
721 663
412 1046
758 1147
821 1501
907 1269
535 1577
608 569
1268 1275
1541 670
895 1896
1654 1070
693 80
1211 574
368 443
517 916
199 329
1267 1215
1444 263
866 491
1851 817
104 873
1124 1752
229 1631
1873 346
1523 447
1930 278
177 1595
1921 1554
662 428
995 1963
659 905
1412 1765
299 24
1629 1
1259 867
890 133
5 93
1866 48
1302 808
60 1570
1174 739
1458 1262
545 1079
1999 1598
839 1742
863 1700
1247 102
322 1300
1086 1202
1815 326
921 1346
1670 1407
593 354
1088 311
1391 1436
495 776
381 1626
877 1503
1066 1295
1000 1777
1486 26
106 1031
1689 1711
427 1236
793 646
1921 1830
857 1714
1643 1921
1414 166
1719 1102
951 959
841 1554
1136 1833
1916 1050
5 272
33 152
202 752
1739 408
21 1548
74 65
1501 132
603 258
663 677
901 154
1891 553
1229 248
828 1016
1209 627
1341 1789
543 1178
1111 383
1096 637
1240 731
1497 1632
312 1126
396 421
1049 428
1240 84
731 1162
463 1147
1292 838
54 1721
1091 218
1381 1107
635 1737
1884 1212
778 213
972 1357
662 1073
660 1166
300 764
1025 1643
327 1199
1030 1637
95 496
1810 1229
279 1980
982 1311
1214 1902
1318 608
1951 1493
1797 1296
324 14
1894 1542
1618 1569
792 883
236 325
236 1377
1250 1808
766 1735
764 979
496 1356
1970 368
1976 1849
1342 482
917 1519
87 1213
177 726
1301 1843
1516 387
207 1563
870 1529
721 1522
1807 1222
85 164
1391 218
148 1322
1072 1090
499 397
1201 194
1766 109
1317 386
1756 361
1256 1022
1864 44
802 1431
1881 282
728 887
1795 917
933 1598
1819 296
907 407
1705 1716
1718 1687
135 1974
512 599
1951 1997
1853 170
1846 263
504 319
494 1295
1789 4
1856 1509
1058 1553
1380 1909
1710 132
1679 240
663 494
547 1363
1011 992
958 620
1458 556
128 756
721 1220
1350 1954
1339 582
607 466
1232 1002
1837 869
1648 408
928 1695
1155 1915
1855 1747
76 691
623 1752
1331 253
1198 723
519 1566
1820 1616
1062 862
810 155
327 1885
689 1502
272 1772
1945 272
1278 1957
670 312
1151 1931
1034 400
1813 396
1369 1322
1192 1944
1283 200
1207 788
1828 33
486 647
1070 665
1870 1039
1404 850
1678 334
1880 613
1645 1713
372 451
1845 308
96 1166
1909 1393
1613 1209
888 1298
1058 951
1751 218
308 926
1262 667
1283 964
488 1467
133 407
1745 1288
1311 789
442 631
862 1255
370 1465
1528 763
1654 207
603 1680
1458 1312
85 1900
742 1507
504 700
504 838
499 1953
614 913
615 1646
197 1142
8 692
23 414
1081 156
1640 674
242 1190
197 1887
1014 120
1857 1530
747 1868
1460 979
1289 1461
1376 386
1354 844
149 466
1361 277
1582 759
504 249
1034 824
1623 1893
862 1269
1819 1986
1424 556
1898 238
1693 1311
1737 1896
1678 38
407 1042
463 1919
1236 1335
86 604
763 227
44 992
927 1154
323 385
1930 254
694 1546
1649 343
262 20
1056 1631
1757 745
930 472
1551 1512
785 1082
617 216
69 778
420 644
1390 1003
1647 1176
21 196
577 1242
1809 1981
267 1506
15 1310
212 987
184 262
1762 627
356 1926
411 180
1224 1433
600 1797
155 1401
511 1459
1605 614
1473 658
1009 691
1113 40
880 1420
1382 1980
1177 836
774 1676
1359 331
377 1439
1141 993
680 853
1633 972
478 586
335 228
390 225
1642 1112
1722 1081
64 578
1795 490
1394 181
43 945
1564 79
1211 1049
1761 163
1778 1225
1781 189
435 683
1383 1707
1523 849
1683 1038
402 17
842 1793
1177 1433
1728 855
662 708
1748 175
153 1143
700 56
654 165
32 1748
1526 717
1534 1263
1572 28
1278 109
281 1993
911 924
760 367
1655 725
1387 728
1159 1890
1304 1501
196 503
278 1638
1209 740
367 751
254 1824
1367 1081
539 1968
1483 971
1126 1811
1500 1510
287 1665
570 94
747 936
1476 687
1708 462
1111 327
1864 113
1305 497
685 1029
1522 1005
1961 1757
1503 453
1016 450
1866 295
777 567
13 559
1355 834
1037 1464
1619 319
1508 1606
1717 809
1633 284
943 1936
1167 1330
158 1037
66 1532
1990 1998
257 1347
588 1605
1393 696
1013 1160
764 1668
224 804
1524 998
1649 161
1084 1131
1337 1013
1987 414
916 535
1834 1230
1826 830
1517 62
1500 550
1722 722
1571 503
959 809
1962 1399
464 349
624 1113
606 1781
1710 658
240 1681
682 609
1634 1604
1534 966
462 538
294 31
1567 1484
793 1358
459 243
379 1919
1919 1833
917 1562
458 423
1450 132
1876 1771
1480 219
136 400
590 672
1241 595
222 1616
269 1810
722 1638
774 1500
833 1039
1697 340
1860 777
827 715
1090 182
755 1057
91 209
1536 431
464 1971
1681 796
136 1086
161 878
100 423
1149 1542
10 1818
678 1682
991 727
700 1883
260 1129
741 338
1224 209
1336 1639
1724 1747
1320 1935
1101 55
144 505
1453 233
1930 1901
662 1059
1991 1592
1103 1194
336 292
835 881
32 114
1706 1152
1935 1146
79 1501
529 1526
1706 1357
1304 560
1810 1132
1718 62
978 231
952 413
1870 246
621 849
721 1432
1998 1189
1714 1672
1992 1965
1035 310
575 1567
285 474
715 1779
851 237
111 599
291 408
1109 1867
255 607
274 727
1821 1084
286 213
1302 1224
556 1497
1347 1817
628 880
414 19
121 1245
1292 954
976 347
361 816
519 545
465 458
1051 1262
1163 1845
1469 44
172 454
1146 1662
1651 140
269 669
1404 1228
180 1564
905 1844
520 536
1614 139
163 1737
1931 1060
334 1065
948 183
1543 1228
1232 602
354 416
186 447
1373 489
417 1852
939 302
1871 1856
1969 553
963 931
1930 1433
496 1717
1362 1623
1728 476
420 348
400 237
1527 660
572 102
1558 398
1021 1919
459 1273
101 1901
570 72
1025 1269
942 784
45 523
47 415
16 475
427 1879
877 1583
1299 1487
1663 801
991 1650
1091 1625
1618 1407
1502 1241
395 388
145 1032
1584 641
1758 1837
757 60
715 362
703 1801
1170 1441
913 1938
1650 433
1848 922
1224 1240
473 1284
1655 1304
1942 873
1278 1422
1755 372
1915 1678
1038 1479
180 1873
1372 772
1551 1793
654 1521
501 289
961 1863
788 208
1755 1314
1654 1512
580 1362
960 162
803 1427
810 1629
515 1984
1786 1329
231 77
441 1137
1294 137
414 1473
1305 1533
1331 220
1577 1008
1607 1552
1597 1706
951 1835
173 400
1565 435
1142 1545
1269 1139
202 1896
1603 1333
1175 1605
1174 920
677 1121
1660 433
1411 420
354 1884
828 741
257 100
1510 99
95 1970
602 919
1128 673
367 1959
120 1501
1547 145
1956 221
1228 100
283 1811
1877 201
66 1735
1607 105
68 1599
74 193
316 968
1837 1595
441 960
1558 1737
456 531
591 1907
83 1637
1681 353
1663 574
1537 1840
1829 897
1334 984
950 1659
1396 343
268 1268
684 117
495 43
45 915
1503 283
169 1513
975 995
307 263
78 353
1731 1044
92 581
1963 1194
401 1196
1321 499
1597 551
699 304
27 1170
752 1691
296 1432
1362 1366
51 1071
460 957
1891 1822
492 429
1322 679
565 1080
111 438
879 613
920 435
1355 1140
728 769
723 1108
1157 1862
1080 1442
1931 1069
969 768
341 862
798 126
1167 958
351 779
371 1883
625 1182
1068 978
1079 1557
1722 1334
1426 1251
566 1056
680 64
1247 763
7 1532
1833 1375
396 1422
1214 6
620 1095
1943 132
381 70
1076 1341
1611 1257
297 1886
1116 999
1106 1457
1941 1103
346 1056
118 1097
201 177
1620 777
86 175
1114 1060
1447 372
1083 1757
1048 1284
1515 1238
1568 1708
1084 639
1867 1727
1715 1024
356 1684
1286 1000
946 1557
1746 1517
1394 806
792 1580
755 1832
1211 1459
878 238
1449 334
1344 1027
1036 1101
144 1196
1059 183
835 1260
1353 349
1911 1076
1394 689
8 1262
498 1962
1916 1258
681 528
519 110
969 2000
1119 1696
994 1761
407 1966
1305 1668
546 1127
1209 1184
27 392
1253 616
1839 1342
223 1138
1958 1726
1805 1785
1126 1518
144 209
1674 1575
5 509
249 298
1045 1753
928 113
800 491
1381 386
1247 573
634 176
111 1637
1169 111
1866 1764
1137 980
781 836
47 1786
1439 1035
1669 287
1961 1382
50 1476
900 1419
1039 1027
1461 1722
1048 488
1131 15
1359 389
908 1907
1988 1636
738 901
1251 1107
1911 619
826 1631
1957 120
617 928
294 364
1302 1530
1534 1883
93 125
81 1956
1952 142
1565 777
1282 1437
1707 1270
1724 1903
966 120
1595 402
71 146
103 1418
108 1981
368 1291
1407 1470
1032 1770
1813 1756
596 1007
729 336
1650 1710
778 154
1042 1415
421 1101
1563 429
786 1023
1052 911
154 1988
1779 870
317 1667
1718 1019
594 1153
989 765
1269 968
1273 1698
1166 1501
342 720
1094 1269
634 17
805 1513
1944 415
350 137
333 1124
195 1628
1984 159
556 497
689 1866
365 612
803 1700
29 1531
1230 1932
1974 558
375 700
734 122
1065 580
493 834
1093 663
1771 1112
980 60
311 1610
1917 1286
1430 143
1906 1513
751 1887
612 598
997 1424
957 730
1549 1719
1096 92
1769 1430
210 1319
1550 230
1075 953
99 580
228 339
206 1561
785 50
296 1304
140 1806
1075 372
2000 1572
189 793
1774 1247
1182 707
458 1375
89 433
190 131
1902 1269
1683 400
1526 1711
1935 313
1257 864
710 85
773 1300
158 1248
1158 124
305 687
435 1525
594 1372
414 1485
952 1400
1665 1633
1719 379
1391 1143
451 591
710 1970
1682 1524
132 658
1297 903
23 1238
1473 961
313 1730
1896 303
430 60
469 157
45 617
867 108
502 1058
1954 1090
639 861
1728 1975
834 1895
448 1569
1648 1089
1165 936
25 1557
318 837
1854 1769
1269 973
295 1494
1888 1205
596 1716
1192 66
1811 1722
109 1449
966 897
1875 484
1109 880
1444 155
1946 1702
410 629
656 1835
254 1380
1512 1596
1201 1534
1562 1811
1559 893
1833 1320
556 1997
762 389
38 83
729 311
445 1053
645 1871
1579 1261
1606 113
1164 1010
1465 596
1148 1534
1567 506
140 1776
219 959
1239 483
1313 1199
692 92
1449 1233
657 202
1691 1586
1346 1688
110 876
917 1501
339 391
371 314
670 1024
141 64
500 1216
1521 214
245 1034
1466 978
571 1161
441 679
403 1224
1335 433
1509 834
81 1812
360 1119
154 1077
1197 532
574 674
26 666
86 910
1485 694
1282 747
767 1768
493 992
1842 438
536 435
843 1337
968 1947
1821 73
1035 1741
1283 371
437 599
711 592
552 746
1911 915
22 1565
1500 1274
1 1693
820 8
650 803
618 1123
1416 1333
745 500
268 615
1591 1482
1640 1487
1717 449
1662 998
1652 1274
917 1710
346 479
573 768
1557 133
454 1159
435 215
333 1354
333 1790
235 922
166 213
1507 1305
258 1553
1407 721
1608 782
702 1140
935 1474
642 1067
1342 1399
160 1501
485 542
1982 481
922 1703
196 1370
1062 1226
1750 1400
1323 308
1186 1289
1194 546
1012 724
1522 1929
163 823
1285 1759
1785 1281
1358 647
932 112
578 748
511 802
1201 1920
358 1412
593 907
468 614
913 124
1864 1955
1957 762
1667 333
1892 635
1521 916
1748 296
859 442
15 1069
659 1577
1049 817
24 462
602 1198
375 741
986 923
1957 1339
1396 666
471 1540
1219 57
1846 1570
786 1168
752 664
1722 919
2000 321
1691 881
1879 254
322 38
1194 1301
483 1392
201 496
384 1704
879 1437
175 1490
797 1875
341 1881
1258 1565
604 1371
1857 312
1261 426
798 1094
185 808
245 1972
1986 1028
995 299
325 647
1713 1507
1600 1581
1167 1166
1490 283
1692 1979
1762 1269
546 1202
1348 462
684 149
1647 973
1889 1715
1089 1829
394 1895
226 155
1736 1261
848 37
1421 1548
938 603
297 719
215 1490
1380 1580
220 1996
1725 1063
1660 1580
891 1209
1058 759
996 1796
1151 799
1342 540
1208 824
328 1368
1409 1742
1022 1832
254 380
925 1815
1601 431
1929 1944
1041 1956
420 504
1395 140
1381 1623
1071 855
196 273
1477 1583
1473 1910
1764 17
732 1142
469 1641
1721 657
646 1338
1729 425
1699 1384
912 398
1168 1335
168 1320
888 1554
370 1461
1403 1208
410 1829
1305 18
1803 1245
1568 1385
1117 1133
373 48
1802 849
1922 829
156 1691
570 428
1620 224
1453 1835
376 1372
1735 1166
1895 610
1402 151
474 1463
1619 797
1953 1151
203 383
106 1850
1732 120
1524 236
1394 1294
1519 372
1594 1735
244 564
1698 239
780 1556
452 1543
880 1359
1228 1912
204 936
1837 1012
1488 306
29 1393
414 1940
1926 1507
1005 1029
1414 426
777 1819
1062 1683
615 1515
663 668
773 78
344 1333
1961 439
1538 1498
1513 154
1008 429
416 931
1083 1226
1315 446
1555 1518
1693 1157
755 1016
529 1650
848 1817
740 791
1727 127
25 315
1327 744
660 1192
218 798
576 1130
1792 1260
1282 1480
771 613
1094 1961
307 726
1588 1192
649 220
531 1935
1197 1611
772 1323
1951 476
1932 425
1978 1204
690 931
204 909
700 1869
601 1096
332 353
860 1614
1528 37
135 1196
422 1008
1792 1239
1725 1888
260 619
1164 1048
1617 1796
1390 176
1445 1117
1718 1606
1850 476
1723 133
735 699
1061 681
202 170
907 165
1058 1550
516 7
1439 831
1745 326
1248 1388
1278 818
360 1843
855 868
1975 384
880 683
113 1042
1776 54
1364 1639
81 533
1491 336
901 565
1619 964
99 914
132 919
1375 318
1293 816
1815 1096
1593 1379
1475 1054
927 198
471 685
409 251
923 1394
1387 1379
105 1263
1556 740
1259 1958
46 599
1068 650
1269 923
1817 340
1769 1934
671 1696
2 630
309 1583
133 1886
890 1767
1974 1317
1047 305
1961 1247
1016 408
215 132
1372 1293
1720 1433
19 1359
508 517
330 923
1406 1260
1979 1306
1110 1274
1804 1797
1897 1325
919 152
1759 770
1403 1900
1195 156
1012 116
1864 316
1154 1155
1924 67
1284 460
1026 65
459 123
983 1997
1879 5
1144 1628
83 919
277 1023
1050 1753
300 954
813 509
1908 1448
1645 652
1704 359
577 1875
261 916
702 197
1654 220
935 534
1657 343
40 795
1533 1894
865 500
179 1041
777 1785
744 1471
70 28
1508 1579
1585 1646
1921 153
1806 1836
940 1512
262 1109
1066 1516
319 1599
543 1296
1550 674
897 1641
987 1796
1700 154
39 995
1403 795
1909 1873
670 937
27 86
1363 1754
1288 605
566 415
170 1599
393 585
1736 441
1478 1109
977 846
1364 877
1321 1787
1392 833
411 86
1694 1630
455 583
576 1293
253 360
496 36
969 1037
1309 1807
545 153
62 1049
317 589
987 22
538 1868
1262 1710
287 939
483 1914
1256 1909
1241 1072
1463 1574
805 1265
462 1859
644 106
544 79
1947 113
1880 1578
1360 434
1205 1389
1537 205
301 164
1018 1785
1233 772
939 1889
927 994
591 1182
1605 930
1653 1271
210 1315
1366 919
238 1908
937 883
481 531
939 816
1156 461
739 1376
1125 61
1891 355
1072 1744
1444 1245
1878 908
1608 658
401 764
1838 981
465 1017
1999 250
624 671
316 1626
10 1577
1163 438
1168 943
1074 913
977 791
143 305
1350 21
1027 451
619 1606
192 1352
1549 263
538 1119
376 941
1728 1930
1883 38
1095 1987
1096 700
1326 1315
95 962
1797 626
1295 1541
477 12
397 476
690 458
1368 1710
1453 1993
852 759
1652 991
117 744
1802 178
632 1334
290 172
1930 1043
1493 773
1128 468
957 172
1774 304
1525 1631
1791 395
47 520
409 1860
1079 1269
1390 1566
1529 1768
1183 639
1081 1448
520 1372
209 1727
57 1231
504 179
762 933
770 461
575 1175
1473 1678
718 1733
651 1158
1237 686
1737 1201
1428 1933
1871 659
775 20
395 1351
1249 393
691 1588
1454 1169
1818 951
481 243
1389 1452
1877 1833
1208 1369
1533 479
1044 842
1706 484
219 1388
947 1830
1436 973
1837 579
1150 1832
1132 338
316 574
1066 1432
368 263
917 15
1956 1749
393 911
760 1859
1284 115
1064 519
1159 467
1081 868
1722 54
1594 631
688 87
1996 778
450 1706
1783 1153
1868 693
1599 1840
595 1578
1943 1956
737 861
1247 377
1752 136
402 1935
1598 1722
1137 907
681 1763
971 158
1634 1777
577 1756
1504 825
1921 1079
266 766
272 1473
1181 899
19 849
1798 1983
257 1326
68 504
1791 209
1030 206
777 280
956 906
990 1440
1419 1552
832 227
623 1112
343 32
136 896
1264 501
604 816
1781 510
1154 397
1393 1114
937 1393
1928 965
1229 1050
373 552
1974 1645
779 745
1832 529
727 1660
1053 1402
23 433
128 695
939 953
883 1440
468 11
1042 1927
1103 24
1152 1030
996 966
514 382
1269 1345
858 1366
174 1960
1449 1573
1725 419
875 1152
506 171
1426 1671
172 1127
1583 1155
202 1061
1849 244
111 1994
1856 193
1499 1537
1053 1248
1897 1827
1433 855
1026 1104
498 178
840 929
499 577
1904 607
1247 1097
615 1608
13 1423
270 308
1083 975
1133 545
32 534
1932 710
795 333
232 1359
1679 1825
539 1995
1464 1062
1267 1802
811 179
1730 1052
264 1623
67 616
1307 376
323 1365
524 1057
668 1055
1229 68
993 1421
1110 272
1141 236
524 1221
1120 1528
752 1258
1696 1
1734 641
1017 1124
797 89
1451 1606
572 1734
249 625
1144 1998
205 308
748 71
757 744
1191 428
924 1010
195 1539
92 1523
379 616
1944 777
675 541
922 968
718 169
1314 1785
16 1641
24 1741
1190 799
288 1352
94 368
618 1047
1749 996
737 450
1520 41
174 931
119 822
1520 486
1122 1656
68 205
259 131
1113 10
1443 1940
1740 29
1582 225
414 533
1381 411
1344 1460
409 994
1951 1014
1776 1151
370 1828
1422 1321
655 1510
1436 341
432 1355
1410 1803
897 1174
1960 53
329 1613
1636 1427
242 296
693 999
1145 964
64 602
1617 631
1262 707
1045 81
1412 1140
1709 1491
398 1709
554 1847
2 1555
1742 790
1658 898
88 1467
828 247
1528 1948
301 65
459 256
698 1009
1322 1963
754 727
1040 318
1639 58
457 1457
1782 1732
945 577
1325 1005
275 138
1820 1900
1620 1041
1282 1409
1854 1970
1778 134
605 1975
1674 1891
611 1495
360 1762
1545 1413
1592 601
568 894
482 1406
950 1435
679 612
341 77
911 1127
101 1791
1157 1191
1445 1358
500 466
416 720
1456 1216
90 1374
1004 207
44 588
712 871
1528 832
274 509
232 1153
1616 1848
517 1158
1203 213
1191 1694
273 213
1743 1115
949 1234
431 1514
1494 924
1039 882
1785 605
1108 1527
618 1874
834 1481
1968 869
1534 551
439 113
362 790
330 1496
1841 1069
373 1410
736 1023
283 1920
1829 1655
60 575
477 1830
1609 1275
1728 1016
338 1455
918 1207
234 16
440 1829
1410 446
1705 1148
1262 1716
287 1832
1827 1727
113 1187
628 146
310 678
1453 30
949 624
562 1773
1634 926
984 601
1863 293
1728 527
653 1085
1528 678
713 1636
1573 1574
13 1493
467 1387
1347 1241
1117 94
823 783
782 1610
1550 829
1110 312
1598 815
1469 760
1556 496
132 1478
1102 305
178 680
214 522
35 1595
1376 1592
682 1351
1041 359
1056 1055
1 2000
786 399
1079 1010
790 436
396 1281
1292 672
1666 1428
1743 465
1714 1432
1522 434
1366 1788
57 654
1918 1923
1579 113
487 1224
1644 184
364 1989
239 1529
600 1946
1389 1241
403 792
588 1890
532 1560
478 511
701 1708
1236 1257
1812 1784
1488 1008
1764 750
691 868
768 1539
778 1123
617 1550
717 540
301 1989
48 1600
34 721
529 1022
1961 466
832 177
1012 902
543 1003
1415 1731
1748 1907
1050 1650
1817 938
1375 207
1237 1346
988 129
230 579
1185 617
63 1993
1744 1083
1760 573
123 1743
1972 890
440 1821
843 1666
1473 1266
1187 690
1069 1490
1800 364
994 1644
370 1297
1398 521
1505 1180
1184 31
529 1816
152 853
144 378
89 184
1561 1256
496 1042
694 1621
826 1838
979 505
315 963
1592 292
475 1569
1472 932
1985 1584
915 802
5 658
1152 933
1845 1084
1105 945
233 1757
1357 1081
1629 1941
1421 1193
1025 1466
156 920
890 113
595 977
274 228
23 1257
1136 854
1700 1451
579 1935
389 194
1024 1386
1994 727
1881 771
1401 1545
921 710
1098 1371
1635 352
68 1028
190 888
95 992
1204 677
1154 383
1738 1768
1312 755
1544 1383
1077 1032
284 1821
1661 44
1568 1
1933 1320
854 1217
1668 1130
1654 1250
9 1531
1780 449
709 523
529 1763
899 1621
663 54
1566 1754
836 83
629 1196
1547 82
102 1846
192 405
769 1345
1692 1284
1350 1921
1155 886
1940 1304
1310 1631
807 24
516 1885
1729 321
44 1079
1371 1472
1252 959
1534 1788
1011 44
575 1790
1074 982
1439 867
358 1301
739 1565
534 1443
770 270
1806 1308
914 150
214 1577
571 1040
901 1034
1894 435
1681 1772
1648 934
1962 90
1823 1789
825 1792
240 125
257 273
784 1729
1504 1251
211 1584
826 1239
1303 1282
105 265
536 1138
1360 818
1675 318
64 1039
1577 1141
1339 160
276 688
1775 788
1231 1800
1225 440
784 715
1375 1624
1166 792
871 1789
1704 1343
1788 549
1093 524
439 1602
1750 626
1426 1689
232 252
1302 620
342 1466
539 460
1683 1252
16 20
1440 1028
1393 326
331 448
1833 496
743 1642
1910 1983
1346 74
610 1687
736 203
988 145
1843 31
1859 261
749 1407
1687 1703
152 1036
1606 852
1824 1305
374 1733
120 1798
23 658
1195 630
1198 1937
1191 957
303 1858
404 258
1181 529
1080 1237
1725 517
1971 1765
919 1014
1171 1429
134 1816
746 36
654 1
1123 333
1645 663
1573 389
618 489
1375 478
1970 1401
369 839
23 1782
1759 512
195 750
135 252
1006 1649
1839 1923
279 1680
931 1459
1982 299
1678 1646
95 261
1404 1309
862 1102
1324 909
1276 62
243 368
901 382
38 1493
1629 1581
341 94
929 61
1825 696
810 1496
1852 1956
499 1657
1236 1546
1393 1181
140 23
1666 1662
841 872
211 183
50 747
1405 1531
1726 1015
129 1640
281 1209
188 241
488 1090
539 95
1834 456
1438 1200
1373 1301
1792 494
435 1850
1717 1178
1774 225
526 715
1306 1964
1073 1143
85 872
1560 764
1326 1769
152 345
1622 116
1746 1311
490 1784
1913 1931
1999 821
1622 848
1087 1287
273 1412
1303 1253
808 331
135 639
1633 1239
313 1509
1663 1324
624 216
114 1587
64 96
583 1412
268 499
1413 1303
1415 263
457 765
781 985
357 1104
1476 1356
396 1305
1001 598
1412 904
1664 1731
1281 540
1171 1135
987 597
1116 771
286 1049
1099 1628
1292 1519
1607 250
1149 1639
1958 819
704 46
1517 767
1868 1482
1533 1987
179 1525
1776 184
198 1432
610 1112
666 1564
1358 282
1045 1233
779 1790
1277 1743
594 1367
544 1172
68 1791
1280 177
669 1007
1886 1966
69 911
1130 1283
411 1050
433 1883
1527 786
51 476
701 1184
716 1847
1821 1916
994 528
110 1346
1284 940
1097 1976
329 1695
651 281
34 326
187 504
107 351
716 1003
903 141
806 226
1955 492
201 1808
1314 1235
618 780
1972 333
580 1336
764 1691
935 576
88 810
1328 1224
542 1174
248 278
1970 1269
1962 945
1362 188
564 1248
1560 1587
427 1182
15 557
663 648
761 740
1641 934
1777 1411
1501 1930
1307 1841
553 71
1186 278
142 345
707 194
210 1494
751 419
1759 1204
697 842
1943 1673
154 147
1591 1427
1526 334
384 1655
1256 1420
275 612
1824 1366
115 789
183 1032
652 1715
1027 105
1904 713
904 317
680 179
763 1675
1128 1346
1424 847
1254 754
281 1106
432 104
1330 925
1366 1812
861 84
156 1836
1329 513
1108 1863
1956 1396
857 1860
1178 62
1353 730
1698 1996
1399 265
1996 39
1479 366
1804 1955
667 144
181 57
131 1843
284 1676
732 671
75 1634
173 1144
1517 116
466 1115
605 1271
1408 1450
1958 659
656 307
1470 1238
1284 1886
1198 1033
501 1638
205 1560
1976 936
1329 1018
705 1375
1725 706
1242 1875
1725 253
246 1657
1511 915
629 1092
968 113
1350 902
488 393
1402 165
495 667
1005 1213
439 1664
1488 778
595 843
979 1885
323 1483
969 1230
1946 951
358 137
1204 897
1421 757
1516 1242
1506 442
52 1808
1661 1933
530 1755
709 122
862 1584
281 1959
700 433
466 944
1588 1686
417 953
1438 545
202 1638
803 705
916 213
527 1092
620 1585
1465 776
1858 302
1154 1690
1454 1588
168 164
955 292
559 388
8 186
525 1351
1039 559
1293 562
1083 695
901 1409
1716 635
1752 1464
1865 1528
334 1653
551 300
719 1808
1679 332
976 1807
263 790
1260 1589
1475 1122
1827 1879
869 1100
1313 499
795 1781
968 1596
1327 636
1691 1288
335 1670
934 1364
1800 458
295 1849
400 647
813 179
1656 740
870 1129
1818 1179
1655 1256
1833 1270
700 1500
1745 1716
1627 1075
1972 320
344 721
1978 1065
1705 974
1158 488
448 424
1251 285
1482 589
1003 646
1862 911
1034 1701
375 1709
1194 734
759 539
1749 33
1525 1312
558 507
1446 1794
1478 691
1281 1105
1434 1972
1783 324
431 1085
1106 765
747 1919
829 1047
1887 759
1977 1083
725 371
466 1965
1796 417
55 1254
525 1251
1278 1465
1829 601
204 989
1867 820
1332 877
983 1395
1324 1175
1559 294
553 504
997 529
320 789
591 955
687 837
1186 8
372 296
1304 529
249 1828
1447 933
1246 1105
1717 136
987 629
779 273
410 1812
814 1614
1399 1983
199 891
444 1458
212 1546
1252 1231
1791 1304
807 514
943 1336
96 1773
1651 955
1899 1300
979 274
5 723
1331 993
1255 452
1883 1986
1679 1201
1190 604
1541 974
1822 1031
565 1989
1800 6
1498 1846
91 958
338 15
845 944
148 1146
638 1078
103 513
912 1952
800 1239
94 1147
1822 1905
721 1246
628 1676
888 171
742 1652
1982 196
1635 1958
1689 1018
237 1881
1290 1413
1502 1762
942 689
790 603
469 1592
1324 1053
171 1963
216 1076
1939 1074
1969 200
1034 1127
134 825
1282 613
1513 769
1558 1975
1824 994
1770 1160
1753 1913
1010 1725
431 506
83 1931
1974 1368
379 1762
780 1306
200 1416
1735 1153
1787 268
1397 682
1832 319
746 902
1659 1188
548 259
1256 1458
779 1862
1076 611
1960 394
1420 1293
270 289
973 113
780 1789
1071 1183
672 1295
155 1279
593 1698
489 724
632 1573
1565 1534
496 107
114 1786
660 1824
874 651
1126 826
266 335
1288 135
1382 1378
1558 266
969 467
97 1206
1633 1936
768 1494
1276 1011
876 1692
1532 1685
1194 1431
473 53
1609 1705
652 669
563 1853
1966 1165
765 1124
1139 10
6 595
1994 224
747 1977
1729 1823
1991 549
1088 1233
1540 1873
1297 1720
1521 834
1074 971
1273 634
322 1673
374 846
284 1308
1263 860
1099 1032
1436 1554
1284 973
972 885
640 249
1068 709
716 904
1346 829
1935 1250
1362 1587
1263 640
1535 1641
41 960
459 1556
223 1516
1947 571
1215 1672
138 431
1348 1733
1612 472
1366 1051
1148 1603
1776 823
723 704
891 1823
672 1462
623 1070
90 1945
451 828
1021 1464
1873 494
1463 42
24 1415
1551 183
787 544
1222 492
542 1686
1225 532
1949 695
1111 184
314 680
1266 981
444 1650
227 1834
565 1968
816 280
901 1881
373 363
256 1871
235 1223
21 30
628 1432
1842 800
1580 184
391 1087
1258 1952
1606 337
1449 597
510 1967
1937 1264
1204 1766
1425 590
495 694
798 422
366 1757
1090 1572
993 1904
532 658
200 1274
608 1935
1446 1852
761 720
598 1187
757 1521
1627 664
1441 66
394 1144
1650 22
935 666
328 38
131 431
392 934
1113 1630
14 860
1223 1020
1179 465
1210 684
1446 406
1521 618
1513 225
132 249
127 875
1671 604
866 507
433 1302
1700 1661
766 1978
1156 1826
7 1713
518 1244
1914 1560
845 1596
1801 731
945 396
703 707
1435 1059
1417 1860
1318 1309
1299 275
1397 353
1994 683
1693 539
476 1745
477 661
33 84
176 1643
992 496
708 1578
1348 173
1643 164
1660 106
279 1388
940 806
1660 264
1398 1712
453 1087
1958 195
1481 1864
990 1872
1015 489
1507 309
25 1047
1220 1061
1799 10
816 1653
1121 885
454 1350
1370 733
420 1305
518 1938
541 1210
1938 822
199 162
1667 547
1380 1018
1404 1291
1217 1171
1008 381
74 256
462 452
160 1690
601 130
1123 1814
1894 1986
1559 1596
1829 1761
1994 265
243 429
167 334
424 1045
306 1536
442 1632
103 308
902 569
314 1853
1925 1207
1925 632
1763 1724
459 231
1290 1900
530 723
1468 635
1344 1826
890 470
1838 648
11 1566
46 1297
339 900
1675 80
1845 1067
1942 1210
1605 1219
770 180
735 708
1799 1062
1283 361
55 494
1130 161
204 1482
69 1514
22 1455
832 856
182 1779
6 1415
1701 465
914 1819
1063 1439
1166 64
1558 16
1872 276
626 82
679 428
24 662
1987 1597
277 1283
937 1776
999 1180
1941 1489
568 812
1144 871
1246 754
1737 1907
632 135
145 1157
775 484
1958 750
1754 949
1380 703
767 1273
399 1599
420 287
413 1413
1764 502
861 437
1479 1731
1517 1835
739 1056
1764 1590
613 1452
1817 1960
1553 244
217 89
1244 366
1424 206
573 306
1312 875
530 68
596 737
1514 100
480 1220
224 483
1410 425
1910 764
280 1138
1266 1474
241 1287
1506 1788
1766 1560
1655 877
1751 400
1554 1680
1366 1773
1805 1860
1662 1480
1665 754
1389 3
1531 494
1015 1642
1357 1745
1497 609
1489 1384
987 1732
733 1001
951 1210
248 1850
1583 749
39 1137
412 1034
477 1284
7 796
135 474
1734 1452
97 892
1280 650
848 817
1646 532
1941 318
1183 152
584 440
849 955
831 1161
1300 229
1952 1522
889 1101
334 892
1766 391
1681 700
193 1927
927 855
1934 255
1895 1209
77 347
1702 561
496 477
560 1450
746 1004
1043 1407
908 1923
1326 1345
832 1412
702 1034
1931 821
1408 140
718 117
903 1607
1710 433
545 1615
1327 1602
1746 689
319 221
903 1468
552 405
629 696
827 1146
1855 1473
1534 1027
1433 1515
99 886
1672 1828
855 1393
1160 57
1272 1840
739 1997
965 70
804 209
99 512
954 1829
91 1317
161 1798
1735 97
1065 348
926 1289
1120 947
1734 1136
1327 753
1235 142
1686 141
1935 1058
1471 1063
1141 1979
592 951
1769 1988
717 512
1631 667
1850 139
714 599
1475 1904
51 438
44 916
677 1506
1369 94
460 1536
340 1830
830 1627
1419 1898
1823 1091
1262 252
941 1262
794 871
755 1806
1613 385
171 492
1297 1360
1492 1290
418 204
791 1939
1679 934
1610 1195
502 121
1260 1516
1652 1109
770 251
1268 621
369 1265
1007 1915
114 1395
882 787
1256 203
279 1880
1067 1349
930 1582
1082 1025
8 205
1178 909
725 748
1645 811
956 775
615 1610
790 1760
297 220
416 493
176 1219
1639 967
1086 368
467 893
885 1827
1128 1467
1603 1360
1066 1897
1572 1311
1139 1161
1151 191
1866 1118
646 1701
268 1323
1581 1200
669 303
1651 1148
3 422
1369 1365
1883 1792
1392 386
1858 415
997 251
313 473
1935 1566
1839 1071
106 1759
789 767
913 884
633 567
1886 1708
1122 950
1314 530
653 323
1775 644
923 441
1945 889
1924 1415
951 999
370 32
1633 98
611 1760
581 515
832 17
1054 329
116 1615
1592 249
1155 1033
1691 1181
1666 226
1908 93
1356 1226
1511 1577
436 164
1258 1603
1291 1505
1306 730
154 441
1746 1250
1586 180
432 1445
462 44
1951 1206
591 1813
1840 411
334 1986
516 906
582 1898
1170 1448
854 643
207 1933
1970 154
1272 346
665 1173
1979 627
477 323
1570 63
1540 68
401 59
1593 1758
819 1876
1456 1966
1547 1492
139 1474
1928 1568
1438 1444
859 1950
330 1469
282 1270
1864 726
219 455
1822 925
540 1681
1670 676
532 380
735 614
1848 1180
1106 1400
1971 85
444 1840
563 223
524 1724
1348 1521
1692 374
1185 1683
322 1323
323 122
1336 815
738 907
246 1783
365 416
408 1061
1003 617
1695 1146
1067 1243
275 426
1972 428
420 421
1078 1761
1229 1788
1336 167
249 186
1465 130
334 996
1229 469
1507 1745
1717 521
1851 10
1905 1670
1900 325
392 1028
231 1189
1731 907
1787 1243
814 1386
63 460
1321 284
381 1823
915 1188
439 795
63 713
1217 572
1767 94
956 1381
119 1178
627 1954
873 586
712 1147
1844 337
1806 1167
640 170
856 1077
121 850
972 16
1320 1701
1786 1396
1592 1845
43 908
1337 1115
697 890
1417 1950
988 565
1901 513
549 54
726 368
251 669
1377 1480
591 847
359 536
1354 1758
262 247
1029 1149
190 1733
1442 1625
453 497
1928 1403
204 757
1684 943
964 974
1957 783
709 569
47 685
602 1861
368 890
1823 1459
1370 211
637 1585
1316 1730
608 1158
1258 471
1828 1264
1064 1072
440 242
166 750
223 314
642 1969
526 1428
1921 107
1812 903
194 1332
162 1301
1470 271
681 1526
1538 1117
678 1906
697 108
36 1301
719 1942
1375 306
1601 589
1712 923
1912 561
463 172
2000 2000 2000 2000 2000 2000 2000 2000 2000 2000 2000 2000 2000 2000 2000 2000 2000 2000 2000 2000 2000 2000 2000 2000 2000 2000 2000 2000 2000 2000 2000 2000 2000 2000 2000 2000 2000 2000 2000 2000 2000 2000 2000 2000 2000 2000 2000 2000 2000 2000 2000 2000 2000 2000 2000 2000 2000 2000 2000 2000 2000 2000 2000 2000 2000 2000 2000 2000 2000 2000 2000 2000 2000 2000 2000 2000 2000 2000 2000 2000 2000 2000 2000 2000 2000 2000 2000 2000 2000 2000 2000 2000 2000 2000 2000 2000 2000 2000 2000 2000 2000 2000 2000 2000 2000 2000 2000 2000 2000 2000 2000 2000 2000 2000 2000 2000 2000 2000 2000 2000 2000 2000 2000 2000 2000 2000 2000 2000 2000 2000 2000 2000 2000 2000 2000 2000 2000 2000 2000 2000 2000 2000 2000 2000 2000 2000 2000 2000 2000 2000 2000 2000 2000 2000 2000 2000 2000 2000 2000 2000 2000 2000 2000 2000 2000 2000 2000 2000 2000 2000 2000 2000 2000 2000 2000 2000 2000 2000 2000 2000 2000 2000 2000 2000 2000 2000 2000 2000 2000 2000 2000 2000 2000 2000 2000 2000 2000 2000 2000 2000 2000 2000 2000 2000 2000 2000 2000 2000 2000 2000 2000 2000 2000 2000 2000 2000 2000 2000 2000 2000 2000 2000 2000 2000 2000 2000 2000 2000 2000 2000 2000 2000 2000 2000 2000 2000 2000 2000 2000 2000 2000 2000 2000 2000 2000 2000 2000 2000 2000 2000 2000 2000 2000 2000 2000 2000 2000 2000 2000 2000 2000 2000 2000 2000 2000 2000 2000 2000 2000 2000 2000 2000 2000 2000 2000 2000 2000 2000 2000 2000 2000 2000 2000 2000 2000 2000 2000 2000 2000 2000 2000 2000 2000 2000 2000 2000 2000 2000 2000 2000 2000 2000 2000 2000 2000 2000 2000 2000 2000 2000 2000 2000 2000 2000 2000 2000 2000 2000 2000 2000 2000 2000 2000 2000 2000 2000 2000 2000 2000 2000 2000 2000 2000 2000 2000 2000 2000 2000 2000 2000 2000 2000 2000 2000 2000 2000 2000 2000 2000 2000 2000 2000 2000 2000 2000 2000 2000 2000 2000 2000 2000 2000 2000 2000 2000 2000 2000 2000 2000 2000 2000 2000 2000 2000 2000 2000 2000 2000 2000 2000 2000 2000 2000 2000 2000 2000 2000 2000 2000 2000 2000 2000 2000 2000 2000 2000 2000 2000 2000 2000 2000 2000 2000 2000 2000 2000 2000 2000 2000 2000 2000 2000 2000 2000 2000 2000 2000 2000 2000 2000 2000 2000 2000 2000 2000 2000 2000 2000 2000 2000 2000 2000 2000 2000 2000 2000 2000 2000 2000 2000 2000 2000 2000 2000 2000 2000 2000 2000 2000 2000 2000 2000 2000 2000 2000 2000 2000 2000 2000 2000 2000 2000 2000 2000 2000 2000 2000 2000 2000 2000 2000 2000 2000 2000 2000 2000 2000 2000 2000 2000 2000 2000 2000 2000 2000 2000 2000 2000 2000 2000 2000 2000 2000 2000 2000 2000 2000 2000 2000 2000 2000 2000 2000 2000 2000 2000 2000 2000 2000 2000 2000 2000 2000 2000 2000 2000 2000 2000 2000 2000 2000 2000 2000 2000 2000 2000 2000 2000 2000 2000 2000 2000 2000 2000 2000 2000 2000 2000 2000 2000 2000 2000 2000 2000 2000 2000 2000 2000 2000 2000 2000 2000 2000 2000 2000 2000 2000 2000 2000 2000 2000 2000 2000 2000 2000 2000 2000 2000 2000 2000 2000 2000 2000 2000 2000 2000 2000 2000 2000 2000 2000 2000 2000 2000 2000 2000 2000 2000 2000 2000 2000 2000 2000 2000 2000 2000 2000 2000 2000 2000 2000 2000 2000 2000 2000 2000 2000 2000 2000 2000 2000 2000 2000 2000 2000 2000 2000 2000 2000 2000 2000 2000 2000 2000 2000 2000 2000 2000 2000 2000 2000 2000 2000 2000 2000 2000 2000 2000 2000 2000 2000 2000 2000 2000 2000 2000 2000 2000 2000 2000 2000 2000 2000 2000 2000 2000 2000 2000 2000 2000 2000 2000 2000 2000 2000 2000 2000 2000 2000 2000 2000 2000 2000 2000 2000 2000 2000 2000 2000 2000 2000 2000 2000 2000 2000 2000 2000 2000 2000 2000 2000 2000 2000 2000 2000 2000 2000 2000 2000 2000 2000 2000 2000 2000 2000 2000 2000 2000 2000 2000 2000 2000 2000 2000 2000 2000 2000 2000 2000 2000 2000 2000 2000 2000 2000 2000 2000 2000 2000 2000 2000 2000 2000 2000 2000 2000 2000 2000 2000 2000 2000 2000 2000 2000 2000 2000 2000 2000 2000 2000 2000 2000 2000 2000 2000 2000 2000 2000 2000 2000 2000 2000 2000 2000 2000 2000 2000 2000 2000 2000 2000 2000 2000 2000 2000 2000 2000 2000 2000 2000 2000 2000 2000 2000 2000 2000 2000 2000 2000 2000 2000 2000 2000 2000 2000 2000 2000 2000 2000 2000 2000 2000 2000 2000 2000 2000 2000 2000 2000 2000 2000 2000 2000 2000 2000 2000 2000 2000 2000 2000 2000 2000 2000 2000 2000 2000 2000 2000 2000 2000 2000 2000 2000 2000 2000 2000 2000 2000 2000 2000 2000 2000 2000 2000 2000 2000 2000 2000 2000 2000 2000 2000 2000 2000 2000 2000 2000 2000 2000 2000 2000 2000 2000 2000 2000 2000 2000 2000 2000 2000 2000 2000 2000 2000 2000 2000 2000 2000 2000 2000 2000 2000 2000 2000 2000 2000 2000 2000 2000 2000 2000 2000 2000 2000 2000 2000 2000 2000 2000 2000 2000 2000 2000 2000 2000 2000 2000 2000 2000 2000 2000 2000 2000 2000 2000 2000 2000 2000 2000 2000 2000 2000 2000 2000 2000 2000 2000 2000 2000 2000 2000 2000 2000 2000 2000 2000 2000 2000 2000 2000 2000 2000 2000 2000 2000 2000 2000 2000 2000 2000 2000 2000 2000 2000 2000 2000 2000 2000 2000 2000 2000 2000 2000 2000 2000 2000 2000 2000 2000 2000 2000 2000 2000 2000 2000 2000 2000 2000 2000 2000 2000 2000 2000 2000 2000 2000 2000 2000 2000 2000 2000 2000 2000 2000 2000 2000 2000 2000 2000 2000 2000 2000 2000 2000 2000 2000 2000 2000 2000 2000 2000 2000 2000 2000 2000 2000 2000 2000 2000 2000 2000 2000 2000 2000 2000 2000 2000 2000 2000 2000 2000 2000 2000 2000 2000 2000 2000 2000 2000 2000 2000 2000 2000 2000 2000 2000 2000 2000 2000 2000 2000 2000 2000 2000 2000 2000 2000 2000 2000 2000 2000 2000 2000 2000 2000 2000 2000 2000 2000 2000 2000 2000 2000 2000 2000 2000 2000 2000 2000 2000 2000 2000 2000 2000 2000 2000 2000 2000 2000 2000 2000 2000 2000 2000 2000 2000 2000 2000 2000 2000 2000 2000 2000 2000 2000 2000 2000 2000 2000 2000 2000 2000 2000 2000 2000 2000 2000 2000 2000 2000 2000 2000 2000 2000 2000 2000 2000 2000 2000 2000 2000 2000 2000 2000 2000 2000 2000 2000 2000 2000 2000 2000 2000 2000 2000 2000 2000 2000 2000 2000 2000 2000 2000 2000 2000 2000 2000 2000 2000 2000 2000 2000 2000 2000 2000 2000 2000 2000 2000 2000 2000 2000 2000 2000 2000 2000 2000 2000 2000 2000 2000 2000 2000 2000 2000 2000 2000 2000 2000 2000 2000 2000 2000 2000 2000 2000 2000 2000 2000 2000 2000 2000 2000 2000 2000 2000 2000 2000 2000 2000 2000 2000 2000 2000 2000 2000 2000 2000 2000 2000 2000 2000 2000 2000 2000 2000 2000 2000 2000 2000 2000 2000 2000 2000 2000 2000 2000 2000 2000 2000 2000 2000 2000 2000 2000 2000 2000 2000 2000 2000 2000 2000 2000 2000 2000 2000 2000 2000 2000 2000 2000 2000 2000 2000 2000 2000 2000 2000 2000 2000 2000 2000 2000 2000 2000 2000 2000 2000 2000 2000 2000 2000 2000 2000 2000 2000 2000 2000 2000 2000 2000 2000 2000 2000 2000 2000 2000 2000 2000 2000 2000 2000 2000 2000 2000 2000 2000 2000 2000 2000 2000 2000 2000 2000 2000 2000 2000 2000 2000 2000 2000 2000 2000 2000 2000 2000 2000 2000 2000 2000 2000 2000 2000 2000 2000 2000 2000 2000 2000 2000 2000 2000 2000 2000 2000 2000 2000 2000 2000 2000 2000 2000 2000 2000 2000 2000 2000 2000 2000 2000 2000 2000 2000 2000 2000 2000 2000 2000 2000 2000 2000 2000 2000 2000 2000 2000 2000 2000 2000 2000 2000 2000 2000 2000 2000 2000 2000 2000 2000 2000 2000 2000 2000 2000 2000 2000 2000 2000 2000 2000 2000 2000 2000 2000 2000 2000 2000 2000 2000 2000 2000 2000 2000 2000 2000 2000 2000 2000 2000 2000 2000 2000 2000 2000 2000 2000 2000 2000 2000 2000 2000 2000 2000 2000 2000 2000 2000 2000 2000 2000 2000 2000 2000 2000 2000 2000 2000 2000 2000 2000 2000 2000 2000 2000 2000 2000 2000 2000 2000 2000 2000 2000 2000 2000 2000 2000 2000 2000 2000 2000 2000 2000 2000 2000 2000 2000 2000 2000 2000 2000 2000 2000 2000 2000 2000 2000 2000 2000 2000 2000 2000 2000 2000 2000 2000 2000 2000 2000 2000 2000 2000 2000 2000 2000 2000 2000 2000 2000 2000 2000 2000 2000 2000 2000 2000 2000 2000 2000 2000 2000 2000 2000 2000 2000 2000 2000 2000 2000 2000 2000 2000 2000 2000 2000 2000 2000 2000 2000 2000 2000 2000 2000 2000 2000 2000 2000 2000 2000 2000 2000 2000 2000 2000 2000 2000 2000 2000 2000 2000 2000 2000 2000 2000 2000 2000 2000 2000 2000 2000 2000 2000 2000 2000 2000 2000 2000 2000 2000 2000 2000 2000 2000 2000 2000 2000 2000 2000 2000 2000 2000 2000 2000 2000 2000 2000 2000 2000 2000 2000 2000 2000 2000 2000 2000 2000 2000 2000 2000 2000 2000 2000 2000 2000 2000 2000 2000 2000 2000 2000 2000 2000 2000 2000 2000 2000 2000 2000 2000 2000 2000 2000 2000 2000 2000 2000 2000 2000 2000 2000 2000 2000 2000 2000 2000 2000 2000 2000 2000 2000 2000 2000 2000 2000 2000 2000 2000 2000 2000 2000 2000 2000 2000 2000 2000 2000 2000 2000 2000 2000 2000 2000 2000 2000 2000 2000 2000 2000 2000 2000 2000 2000 2000 2000 2000 2000 2000 2000 2000 2000 2000 2000 2000 2000 2000 2000 2000 2000 2000 2000 2000 2000 2000 2000 2000 2000 2000 2000 2000 2000 2000 2000 2000 2000 2000 2000 2000 2000 2000 2000 2000 2000 2000 2000 2000 2000 2000 2000 2000 2000 2000 2000 2000 2000 2000 2000 2000 2000 2000 2000 2000 2000 2000 2000 2000 2000 2000 2000 2000 2000 2000 2000 2000 2000 2000 2000 2000 2000 2000 2000 2000 2000 2000 2000 2000 2000 2000 2000 2000 2000 2000 2000 2000 2000 2000 2000 2000 2000 2000 2000 2000 2000 2000 2000 2000 2000 2000 2000 2000 2000 2000 2000 2000 2000 2000 2000 2000 2000 2000 2000 2000 2000 2000 2000 2000 2000 2000 2000 2000 2000 2000 2000 2000 2000 2000 2000 2000 2000 2000 2000 2000 2000 2000 2000 2000 2000 2000 2000 2000 2000 2000 2000 2000 2000 2000 2000 2000 2000 2000 2000 2000 2000 2000 2000 2000 2000 2000 2000 2000 2000 2000 2000 2000 2000 2000 2000 2000 2000 2000 2000 2000 2000 2000 2000 2000 2000 2000 2000 2000 2000 2000 2000 2000 2000 2000 2000 2000 2000 2000 2000 2000 2000 2000 2000 2000 2000 2000 2000 2000 2000 2000 2000 2000 2000 2000 2000 2000 2000 2000 2000 2000 2000 2000 2000 2000 2000 2000 2000 2000 2000 2000 2000 2000 2000 2000 2000 2000 2000 2000 2000 2000 2000 2000 2000 2000 2000 2000 2000 2000 2000 2000 2000 2000 2000 2000 2000 2000 2000 2000 2000 2000 2000 2000 2000 2000 2000 2000 2000 2000 2000 2000 2000 2000 2000 2000 2000 2000 2000 2000 2000 2000 2000 2000 2000 2000 2000 2000 2000 2000 2000 2000 2000 2000 2000 2000 2000 2000 2000 2000 2000 2000 2000 2000 2000 2000 2000 2000 2000 2000 2000 2000 2000 2000 2000 2000 2000 2000 2000 2000 2000 2000
