1999 2997
762 251
958 166
579 996
1683 1573
103 186
1591 1225
1779 1014
1147 1905
971 1186
1872 187
1640 642
552 1977
1648 500
113 191
18 1267
1333 240
1130 276
377 1240
1039 249
257 1020
485 1832
725 511
1762 110
652 593
1081 1836
250 1110
1995 1778
1143 1049
369 213
1169 1452
1768 923
1282 1816
124 308
857 335
1941 1161
1306 1449
538 1488
1384 292
1087 679
621 633
1340 751
1282 197
1374 669
1601 1008
73 1797
947 1468
503 1355
536 676
841 1764
1977 485
1607 1701
724 1497
499 1231
1179 1464
1376 750
1952 803
1349 1970
441 1695
625 1824
1123 1833
22 288
828 988
66 1382
514 814
1277 136
1798 1971
788 1617
468 1803
921 68
348 1234
449 75
531 1755
1090 483
1917 1300
93 1409
1835 615
1317 629
713 318
929 366
1649 1594
476 752
55 1877
193 1225
1534 1719
70 961
1889 1359
353 452
202 1058
233 1425
648 590
1624 1615
663 794
1745 1310
490 1124
351 1016
1441 1172
1007 1175
855 1460
1383 1387
886 1493
1193 1425
750 254
1347 759
649 385
95 1534
1596 715
1176 804
695 818
1142 1713
1977 1256
561 124
1338 1124
1928 895
18 1152
1417 1835
1450 431
343 1767
835 896
1471 364
1625 14
1866 1395
1439 184
738 1247
1653 1303
1024 1989
1575 746
1927 1018
1850 1804
842 175
507 1019
1646 749
906 1782
1380 1121
154 331
1673 789
1405 503
1165 424
327 224
174 1550
707 1135
179 1683
604 24
92 243
675 500
393 426
1450 1403
490 1126
735 1870
1987 281
1840 1148
111 1253
1937 1890
543 1346
764 1398
1834 387
1781 1554
1372 1065
506 1535
567 1080
521 1861
971 1997
976 227
1733 129
1950 761
1740 1829
524 1940
250 1557
749 1542
774 1074
1586 783
735 1713
602 871
1270 1706
1290 1083
687 824
1326 148
636 1632
486 104
1088 608
1433 428
817 784
847 1774
833 497
1739 1480
817 809
1364 432
1317 1920
1011 652
1034 1525
568 1080
721 1543
1250 1111
731 549
1319 200
1348 1424
1735 1584
1242 1100
1060 504
1881 1127
10 972
609 965
1450 300
1597 924
973 822
1514 1937
756 832
1061 205
1655 885
268 1412
673 81
643 1010
1658 1096
388 462
1640 1546
1264 455
1162 463
441 333
1494 224
814 1428
1679 167
302 5
211 1940
586 1073
1031 1999
8 1778
123 256
1536 297
1754 835
715 1103
1495 476
1347 702
700 1579
818 1782
78 1727
1687 124
289 1545
1608 1244
1598 200
1325 256
631 1701
1547 606
220 344
1015 85
1802 1618
1339 145
1335 1119
1104 1178
1414 1775
434 973
125 293
1043 813
1272 1606
1513 1176
1231 249
1976 519
1301 1426
1158 350
408 738
1724 1139
909 1737
827 189
518 1670
578 212
1092 218
583 1808
535 1808
457 23
1912 1512
472 1253
1219 1533
1453 318
1505 802
1045 1991
670 1732
1989 372
563 1223
1829 123
1502 212
1154 893
1944 1324
428 1743
1132 1912
1177 1259
838 1729
845 1292
1956 690
1503 194
617 1624
1864 1228
796 363
1565 1055
1475 178
1189 650
1341 386
485 209
623 757
1174 871
1399 1555
1268 607
175 1457
1899 167
1343 1173
104 1801
1261 1315
531 940
335 1789
1888 69
226 463
893 1286
475 131
945 722
408 1065
995 1164
1809 727
1142 1566
1226 594
565 1465
1507 1894
180 1173
940 757
1145 176
790 510
759 595
477 374
1015 56
574 443
1176 1135
1971 1565
1776 294
1605 382
978 1856
1708 258
1749 814
1547 392
762 1350
1854 1165
1511 1509
747 1928
439 1601
465 584
923 896
1245 1809
656 1470
399 1822
550 18
1508 1034
1643 549
1234 621
700 1036
47 471
311 982
1182 166
1753 1757
721 1724
1901 655
9 1202
608 1204
1842 1742
1768 932
1996 234
1 389
1637 1022
1589 998
1537 405
1518 657
17 1540
1607 130
333 924
756 518
1427 252
771 1989
231 259
1231 1039
1809 902
1163 386
1033 1742
1916 622
420 1001
1474 171
296 418
519 161
713 1721
1985 874
1931 1269
1724 1389
756 527
1089 1822
914 84
801 420
1661 1104
446 471
123 44
1022 870
1761 1079
889 137
1730 1490
1127 1056
1352 1857
1436 724
1902 900
1588 912
686 1539
1741 690
1350 251
770 1807
1634 1840
58 1868
1641 721
784 918
469 342
1973 1382
1512 1874
1159 525
1369 464
1847 1753
1850 284
1070 1606
866 1991
1208 719
665 95
1372 408
1024 1719
825 1475
356 951
733 1961
1299 542
563 883
1480 793
1982 1571
168 1188
1676 974
60 855
1586 345
405 1048
412 429
728 557
457 1754
1324 1561
1692 1407
1206 1628
817 1435
1766 1473
1430 1886
263 816
947 1519
1129 1042
1803 282
875 1593
398 473
1727 1581
931 680
211 524
1134 497
970 1037
980 1837
1390 1903
1859 391
655 1053
381 1408
754 1792
710 1943
1878 1255
481 1343
1283 1315
1392 27
74 90
727 732
150 382
1651 1433
57 1931
1024 771
1490 1229
360 639
1570 938
992 160
761 857
1067 281
1181 875
29 587
1022 217
547 1180
1524 244
909 1617
6 786
270 233
845 1068
787 1370
277 973
561 128
1685 389
1873 704
1302 317
787 982
309 699
943 1760
1171 1517
369 1922
1262 1215
1000 965
594 910
855 1887
1793 352
1680 1633
1790 654
259 1246
781 1491
1500 1461
570 1345
1829 1861
175 1838
1349 1294
1721 1697
216 1563
772 467
1494 379
1465 997
172 1010
786 1905
93 458
825 465
1072 1106
897 524
913 734
1615 1321
1536 1770
1066 1472
45 980
1811 1782
1261 1283
1610 357
208 1807
1651 711
411 1061
1361 12
633 183
1433 711
1495 1703
79 963
1757 525
1893 639
1446 113
1076 1075
1124 1126
853 722
1506 1431
929 1317
1180 171
82 1739
844 561
1318 878
33 1862
163 114
553 387
1624 1158
377 1042
94 315
1832 209
1564 631
1580 882
89 202
436 1972
673 689
529 1504
805 1046
117 723
256 1372
1650 785
1090 291
1988 18
1577 645
1182 304
1258 565
1178 423
1317 663
1751 498
1101 1680
1925 783
1750 1550
258 1323
305 1947
1231 1623
1599 239
225 548
1796 963
26 1968
1383 1157
1205 1060
1504 986
440 337
911 349
197 1587
71 1482
1400 394
689 312
1489 1112
1877 1601
1608 1881
1024 1534
561 308
1732 1288
1889 872
154 1107
494 80
752 1495
471 578
306 1652
950 654
319 630
434 1316
990 1783
1967 1593
48 640
1981 882
1578 1814
522 340
559 678
1594 837
1675 1948
1076 1086
283 1878
1718 229
688 1675
19 723
449 924
1934 975
1992 1616
1913 1062
192 385
813 1538
368 591
1864 1635
14 1105
1569 745
753 1940
1508 365
198 460
1123 1009
1629 1512
1496 1527
1867 959
1690 1454
1432 435
922 1885
977 223
313 1755
1657 1085
1023 947
267 196
668 1851
1427 59
528 502
1758 1867
1266 726
20 888
54 1440
1611 426
1298 1763
129 1744
1179 459
1214 679
668 181
1621 1528
1865 627
144 1763
1772 675
417 1054
1190 624
1620 237
1960 416
651 1657
1187 714
1230 575
1841 865
575 1896
1293 672
509 275
735 1142
1432 1180
1493 292
1380 83
1802 1815
1863 1524
172 1281
105 1447
1697 1974
403 1506
354 976
467 1201
1507 1573
1842 1033
125 197
237 1105
1846 966
1701 1564
1908 62
1363 598
1368 1012
1093 1521
734 616
795 99
1226 388
163 1871
488 1673
510 1954
185 1245
557 709
1621 1948
1923 258
565 1799
1320 967
1517 414
1697 1003
358 326
1851 987
326 922
913 576
1112 1496
527 518
1729 885
1362 545
902 1245
1116 1741
1441 131
1449 592
401 236
562 1691
643 1306
812 1879
1775 1246
1437 1330
1975 1339
394 1765
984 1826
1491 1263
1331 1398
266 1646
1729 278
1703 1852
1480 82
1413 595
1896 1230
1237 891
887 1994
1834 2
509 1708
1182 958
396 605
611 1580
630 1300
1809 732
171 547
1956 1741
1943 647
807 499
1694 191
1749 1324
1720 1901
1273 1210
1321 1199
653 1234
225 1818
1411 1455
1634 607
647 1790
1482 1559
865 151
1206 988
940 1334
1770 297
93 463
453 1064
159 1927
1388 1650
829 157
871 1073
323 1894
1460 60
494 985
1919 820
650 64
1987 1049
1825 1561
253 1051
453 33
1797 978
413 22
1351 1411
1660 1645
445 1774
1358 449
442 1667
1574 1104
1627 1340
239 1503
1196 1039
558 58
265 846
1379 465
1311 1271
1956 1131
1992 511
292 1748
1774 936
1711 377
1717 534
750 555
1069 1754
872 13
849 1969
1928 768
1348 797
1836 380
1314 359
174 39
736 1698
141 1277
1038 437
712 1381
1170 899
1205 1613
1338 1232
1808 1429
620 516
904 1781
1018 159
1904 451
224 379
1589 870
1393 437
1620 1214
1911 396
1146 554
362 1156
1035 1357
325 860
1898 186
379 980
1605 319
512 774
1323 1866
1290 909
1439 772
1295 1889
246 528
934 962
1647 457
1479 763
970 50
720 399
1828 1446
1121 83
1840 88
1560 1925
132 1761
1781 1967
676 562
1877 1008
505 1980
1701 1642
608 571
1328 894
731 179
257 1096
1536 1858
1545 946
1746 1375
1341 1163
700 1674
1362 1772
1975 1455
1539 266
310 515
1018 1184
907 1893
1183 421
473 624
474 1575
1762 879
99 1565
583 1968
912 157
40 1577
1058 883
946 289
1257 659
954 1191
1641 451
307 7
431 1403
507 1278
186 557
691 220
35 189
811 977
1691 755
1408 108
274 1843
864 1994
17 1897
508 1354
566 841
516 1344
181 1098
540 510
1801 1415
339 188
792 1116
950 1015
295 1207
316 1169
985 1149
870 998
1683 600
1441 1002
347 302
1545 160
1184 1096
356 1166
994 610
734 42
76 1302
868 115
911 499
1362 1011
1482 1669
1036 1969
1180 1410
473 867
1590 568
1605 150
500 741
670 708
701 994
122 996
1950 857
967 1985
612 188
1609 944
878 1228
666 1852
581 1899
391 1879
1885 670
1078 464
305 539
101 212
86 216
1791 760
1528 1948
1221 441
1939 662
1542 303
1116 1236
1500 52
1707 119
1340 1390
843 957
653 621
726 1813
1730 1087
1671 1264
1996 176
867 398
1233 115
795 1335
839 1878
373 1609
1848 343
1644 43
1528 446
559 374
1632 96
1958 215
935 874
1153 489
717 1401
413 288
1709 585
1553 962
7 1530
36 453
1300 1062
1006 1777
384 19
679 1730
1558 401
805 1128
269 1131
1426 1460
1354 1603
1471 949
763 229
4 1251
1740 1861
741 331
332 627
1756 1028
379 45
237 1249
881 1028
619 369
192 1491
395 1407
240 1208
1993 922
758 711
477 559
939 1560
748 1761
1115 784
712 969
1976 925
192 821
1059 717
1177 417
1411 1310
135 1372
1429 573
436 409
1862 453
1134 1311
605 1009
1025 1586
1072 1077
1492 776
587 240
1293 1693
654 1015
1073 794
1219 450
1581 1200
1319 120
1839 163
1006 1364
581 167
257 1356
1352 782
890 725
253 599
799 1149
672 1693
644 1449
1900 1315
717 775
235 493
1273 1404
1404 1210
1652 791
134 726
1843 1595
1907 1704
245 590
1091 361
310 564
1679 1590
352 884
103 1898
113 407
1016 1901
732 49
876 854
257 1572
24 1569
900 718
958 1819
1798 1169
773 1164
568 806
1265 246
1484 1609
1298 144
36 939
1165 1092
1668 159
1733 550
1731 92
1520 1539
1628 988
1269 57
1117 635
351 1684
670 1910
1854 714
816 1172
754 436
1071 1375
1159 1725
421 810
1589 477
1203 143
818 585
234 637
1570 390
1234 1830
1423 1130
646 474
669 304
1521 858
1390 1880
339 1198
567 568
316 1798
1849 736
1106 1077
143 571
438 418
1787 1125
1376 475
1896 1120
1050 900
1019 1278
1414 1246
845 309
964 1131
188 1198
1797 1481
750 1806
400 759
1064 36
1735 598
1344 730
600 1573
1222 1776
1933 908
774 144
1470 1693
306 295
1808 480
201 320
520 498
285 1097
373 1618
297 701
311 787
926 119
1332 942
1485 1620
86 1913
1620 679
1580 405
1616 1218
755 1994
1749 1428
1167 1928
1004 830
849 1289
546 1066
444 893
425 1035
158 512
1472 1665
686 266
1967 919
34 90
1706 221
537 1091
763 1130
782 1443
1336 142
1918 1804
346 999
3 425
388 1432
552 396
826 1990
1318 1228
1866 1855
1666 631
1019 1639
3 1384
443 974
716 423
844 442
1641 1904
1263 142
1365 908
261 1664
373 107
1302 664
1113 1486
368 1699
851 199
1953 1878
1451 1956
1413 411
513 1861
27 1991
33 505
756 282
1482 267
1529 658
953 1535
1714 1884
593 1359
296 438
48 1030
1491 1194
1612 390
1599 1253
588 942
1751 908
448 831
1751 1397
503 846
926 879
437 429
894 1171
1801 1399
1830 348
1465 1931
1405 510
231 1246
1958 1227
1402 867
320 1467
1978 489
1773 180
154 1013
1831 416
811 1779
1383 1235
433 1506
204 68
893 1519
1743 1949
416 1974
1187 956
698 737
1195 1783
1514 642
341 1728
1183 470
287 1596
1633 1101
660 1387
349 861
819 1167
490 871
1796 427
853 775
22 432
233 1892
818 1709
1136 164
1998 1179
850 689
163 1962
355 457
563 1058
1328 1133
1361 17
1121 496
1682 777
228 735
106 570
1103 1596
1919 1936
661 234
456 831
688 1948
681 91
1891 954
1898 1047
1515 311
1265 1709
536 1241
1668 1420
147 523
714 1165
1626 261
580 1197
1919 339
1155 1459
1393 623
667 1037
1040 353
487 1222
1074 144
1200 1727
1129 878
1476 43
802 1093
598 1350
639 983
220 412
1296 1111
1526 90
480 583
1093 1681
1516 1177
829 912
242 1243
1980 954
395 1602
1567 1464
1078 1369
1945 603
517 1824
111 1599
1429 501
1386 1983
1443 1352
663 121
910 469
1323 1923
1611 325
1858 1989
1630 931
292 886
1693 656
358 922
792 222
590 553
1466 1830
155 1975
1156 848
1742 204
1244 1678
423 183
32 684
1821 32
1157 1387
1926 939
730 516
801 1001
1353 94
781 192
1319 865
1795 255
566 1094
24 1168
1921 74
1691 1994
1877 32
465 1918
1016 1684
617 1158
526 1023
680 118
1104 1342
764 1331
314 990
1378 1223
324 1997
1059 206
1479 229
1634 88
882 611
380 1081
67 1512
1480 960
1274 1644
232 118
815 1776
43 1714
595 1957
528 1265
417 1516
1308 477
1678 1608
937 1182
1992 1418
356 842
42 1671
1253 445
1921 487
589 1370
1531 667
155 1339
1844 796
69 1248
940 1755
669 238
1590 167
193 1337
1099 1952
529 769
614 102
1213 1864
336 125
484 1549
467 1439
558 376
1331 189
939 1925
613 53
1883 426
1984 920
1244 94
757 1334
221 482
1044 459
1342 1574
127 1645
197 901
645 1097
1855 1547
1384 425
988 213
16 958
194 1330
406 1349
293 328
37 1966
371 1321
1062 1785
1650 476
1224 64
140 1265
635 1585
1306 1010
425 1357
1017 1834
1400 1999
881 207
858 284
596 1343
844 128
193 603
519 196
251 729
577 356
311 299
1779 743
1346 854
985 778
1949 1294
560 1783
1728 532
1046 1001
1842 1834
742 71
804 1513
1254 1188
1811 906
1354 823
149 164
1266 68
826 122
1321 537
703 1203
1036 1579
915 349
543 375
506 1208
997 565
524 914
247 841
104 1771
1571 1553
1536 1914
792 809
928 1465
51 451
977 337
30 812
1618 1815
808 536
1687 935
1638 1312
695 1782
143 1979
947 694
1150 274
840 966
57 1170
488 789
236 1558
1183 577
696 1260
54 329
1909 236
264 1050
1097 634
1026 195
1531 1037
636 96
1425 1892
1489 1496
981 1158
1277 930
178 1057
1689 1161
72 1486
855 931
1816 63
867 508
248 215
1458 1001
1361 1897
697 522
1610 797
1438 671
1500 1583
601 942
1742 68
955 1316
724 1377
332 1633
426 325
1686 1941
1082 1184
446 798
889 1905
264 944
938 1891
716 183
496 1935
1673 946
324 971
1569 1168
328 961
662 317
674 1242
1522 831
397 1201
1230 655
1211 328
1723 1886
1674 789
1034 182
282 468
847 445
927 1407
1667 844
1442 1838
1728 1162
783 952
1102 1838
894 203
1431 271
1828 1454
48 1780
1364 1777
1188 1690
189 1535
264 1609
1292 1068
1149 1239
242 19
1874 148
269 964
1247 408
1643 731
346 965
866 27
905 1161
1983 1044
693 287
1313 1217
1577 10
1185 274
619 1922
928 1931
1462 272
1218 1771
479 623
736 1729
116 1233
87 1529
1394 483
1800 948
1711 1685
1767 777
1765 1463
1827 1955
682 1164
1151 1814
1349 529
405 1434
1038 429
498 1750
849 1036
1478 240
260 986
860 1712
1374 1576
299 1303
1666 1656
1216 198
1216 438
868 1233
169 1791
1272 1070
1902 718
1714 1933
1752 305
1369 1328
297 994
1230 1053
1287 1241
651 1085
7 1945
1798 683
659 1882
467 397
299 1515
1511 133
1786 884
1805 1835
1304 1762
1921 190
1460 744
58 376
122 579
1688 463
851 628
65 910
251 1932
1735 478
619 1601
210 37
1111 1644
1477 420
1987 1143
1936 820
718 860
1681 802
1961 1876
1263 1336
676 100
1625 1105
645 40
1896 337
1217 1155
1839 1149
859 610
1360 946
286 184
1423 1252
1827 1562
338 969
1814 1510
1051 1532
1796 704
956 714
1224 650
1309 172
873 548
1161 1219
1925 952
1335 217
1893 360
1046 1128
1153 1978
829 1738
634 645
1710 546
1470 1810
1484 373
1159 1419
1707 1404
69 1370
244 20
989 213
62 1827
577 1166
1842 2
522 314
162 90
854 543
1343 1847
571 1979
1160 630
1251 782
804 345
1441 475
1689 1941
51 1195
391 1422
542 1549
284 1523
469 1032
1471 1021
1572 1594
15 1945
1576 669
1627 1390
365 626
1771 1616
589 787
1951 689
1903 1880
1280 1838
258 509
1078 1270
1344 1181
478 698
1257 1501
920 1700
1453 713
1502 779
404 1359
359 351
863 1610
1282 901
1229 1730
37 747
1287 54
936 1338
296 1704
1939 130
1522 705
862 1019
1476 1714
307 1371
56 85
722 775
1010 1309
107 1618
769 1504
914 897
1402 508
1021 881
1356 1096
846 1355
683 1971
151 1965
429 220
1795 582
1571 962
1933 1365
1412 1374
1396 633
1590 806
214 1788
545 1011
450 1533
1285 1958
583 26
1353 185
934 1614
1119 217
1362 766
1941 338
1106 1144
1023 1468
521 250
1440 329
1953 1868
516 1099
1610 1963
12 1568
751 1973
1376 555
41 1310
579 493
230 1840
1656 746
1794 1292
1903 920
489 1007
850 312
1995 1072
92 848
1469 54
1326 1874
236 693
574 454
173 1298
456 448
154 741
890 511
270 370
927 447
1893 1114
1825 1324
729 1932
1114 1999
1272 711
562 100
626 1427
1345 613
562 495
325 1275
590 387
1213 1228
1063 1617
460 918
823 1056
174 9
894 1133
554 281
1167 895
620 1099
1040 64
470 577
685 1521
20 1723
1985 935
1606 137
580 528
572 709
444 1291
117 19
1430 1675
1124 1232
1963 357
376 1500
1984 1700
963 427
1565 1448
87 1473
992 303
21 447
1136 599
1765 27
226 1162
245 215
109 826
1075 635
434 277
1514 1640
812 1888
1612 359
732 570
209 1006
569 268
1736 1594
538 917
1859 1879
899 57
267 1669
1477 582
1140 598
1092 424
1487 1215
1887 931
1915 925
1884 1933
451 1195
1338 1774
17 1567
435 388
1695 1663
1584 478
1043 147
205 1705
1481 73
887 501
1791 1327
1824 788
684 229
608 410
1461 352
1173 1773
954 505
1169 38
1921 533
119 1404
765 1438
114 1375
644 1546
1631 1976
1866 1547
1409 458
1172 263
1466 658
987 715
1017 387
1345 106
1130 1252
596 1847
301 649
367 1348
1117 1585
574 884
1109 938
1485 237
355 1299
1824 743
1418 511
1801 1444
1294 1743
70 328
859 994
151 1724
707 178
1108 187
1936 1399
1261 1986
1554 1538
176 1937
31 852
1434 1580
924 1137
1310 1351
843 504
468 1986
1159 1757
1497 1225
494 133
290 1129
682 773
687 172
668 1098
466 1901
1820 983
260 1860
1846 1722
1944 1749
1314 351
892 1919
815 294
862 164
1868 156
1690 168
1541 367
1067 1987
1526 34
601 588
597 1405
235 929
1108 1487
991 452
707 1057
415 632
1736 1572
913 1013
1307 709
84 1626
825 584
1252 1177
1850 1918
1080 1125
41 97
1995 8
696 1789
1699 1810
396 1009
262 53
146 1504
1818 975
705 831
71 1559
419 1856
514 1084
11 1694
99 1448
1766 1315
534 1964
1626 1664
1645 195
1598 1459
484 1800
1419 704
1209 1574
1061 1413
518 1843
481 1173
749 266
1667 780
195 641
1301 1156
1935 802
1499 588
587 999
1695 1027
1292 1311
1600 857
1367 1409
1259 1252
1487 1262
264 900
677 1293
671 765
717 206
381 1336
1680 1955
1540 1567
1005 270
767 816
521 1557
615 221
1640 1875
933 581
1581 543
1461 1793
436 1831
1000 609
680 1630
1186 158
860 1275
306 1207
1113 1844
304 238
199 187
1519 1286
911 807
183 1396
1370 1248
627 1380
1648 741
1942 501
1312 1731
394 1463
1197 455
1032 247
476 1388
968 1094
1524 1406
1524 993
757 479
848 243
1139 721
920 165
422 1034
619 439
1653 786
227 354
49 570
1138 280
1995 330
1622 75
737 478
43 1274
1702 1488
1874 1629
538 549
1863 431
1849 963
638 12
852 698
1216 1895
892 339
327 447
1826 540
1534 665
682 62
1812 132
1276 899
930 1153
349 606
1966 302
1690 1828
309 1705
219 614
291 344
916 1529
1333 1208
1190 473
1717 509
1030 1780
475 1592
1189 681
1869 1467
703 143
1145 1996
1059 1906
720 1822
1964 126
868 723
72 1113
271 1807
1958 248
1654 252
498 1550
28 1400
1635 1098
1591 1497
1839 1871
1030 591
1487 187
1121 1935
1307 572
1615 1199
908 1397
314 1783
1483 1138
1692 395
1244 739
1499 1836
486 1771
1091 957
1330 1503
50 1518
903 1023
949 1220
1672 42
797 1424
1876 885
1300 1160
1386 97
991 824
953 506
1358 75
1738 34
1280 1102
344 691
383 1462
364 1021
1486 877
1495 1852
310 1041
1814 880
407 191
551 1608
1837 1247
692 202
230 1148
696 1150
733 834
956 1289
33 1604
1744 182
925 241
607 202
322 859
74 190
719 506
1894 1193
1216 25
66 1973
1373 890
775 1401
1706 482
1322 668
1049 632
1113 796
814 1084
1514 1890
832 282
1726 1114
842 951
1697 713
1544 14
267 519
1204 268
1032 841
707 1176
120 200
1146 281
1150 1185
1746 1123
1578 903
302 733
1527 184
780 1704
1196 1552
1807 214
101 1502
1556 160
1279 1285
964 1076
959 241
1138 262
104 1444
1340 1973
271 1506
1229 1588
250 1313
1206 1409
785 66
1323 1395
1552 1462
1373 1883
703 548
1615 1122
1137 449
935 124
1099 334
758 1272
1255 1047
1585 1089
231 1561
1961 170
1950 1645
1153 1277
261 1752
1821 684
1813 1112
1483 280
1155 1313
709 1238
1993 1885
791 306
1531 1702
38 1452
875 1344
1563 75
314 340
1207 800
317 76
811 223
242 975
1617 1737
1461 1583
1453 1544
279 252
1558 1940
1930 1328
1791 63
1004 310
1946 1626
1924 815
1794 1311
969 1817
1426 744
705 145
705 1339
1885 708
85 73
459 1998
474 559
969 1498
487 1776
125 1587
53 1345
1589 1308
1249 1105
1745 41
1079 748
627 1633
99 1329
1568 312
1385 540
62 1562
1741 1236
1938 309
877 77
323 1193
582 255
911 915
1352 943
1839 799
1860 986
796 26
1364 22
1732 1366
1204 569
694 1519
1882 329
270 932
1112 726
230 882
1268 1634
1853 647
803 1775
1313 1110
724 765
1094 1916
485 1256
1963 530
629 929
1572 1020
1377 765
941 1280
397 1421
861 606
1510 1332
859 628
1284 327
114 1071
550 129
1867 546
556 949
934 91
903 526
973 10
625 788
1026 641
151 1389
434 955
1302 1237
1237 664
1426 1156
1320 1985
1146 1387
1191 1891
199 628
1456 221
1586 804
1227 1285
141 102
1868 378
50 1037
1538 1043
540 790
532 981
1656 1052
461 231
256 135
914 541
333 1221
1546 1449
811 740
354 767
1509 1285
1822 1585
1581 375
1787 1788
484 948
1561 461
1607 1642
1639 862
78 450
1953 839
1371 46
1554 61
1598 1155
593 1011
734 152
1662 1462
1766 1900
278 885
285 657
1242 974
696 335
1939 1607
573 501
415 171
1934 1818
273 483
198 1895
1164 1095
1747 1210
1215 1602
560 1195
517 743
572 612
1631 925
960 492
1619 1796
1142 967
1575 646
1702 1141
74 162
1416 431
760 710
1163 1450
1959 217
1442 175
1577 972
1088 571
139 1606
333 1597
337 1120
685 1093
245 98
490 602
651 414
1722 1845
1596 693
193 1945
1178 979
1410 1432
1682 1767
1060 1613
359 390
898 37
153 927
1784 1992
1082 1018
999 965
654 647
8 1012
366 235
887 864
1891 1109
227 697
354 816
681 934
1696 1079
641 1394
537 361
1429 535
797 863
1163 300
837 1649
1929 200
1496 184
34 829
1471 556
489 1445
932 923
1106 1947
402 224
341 1162
932 1005
1316 1845
1732 1910
161 1976
635 1076
147 1760
745 324
580 502
1219 905
1029 1473
491 746
521 513
1419 1725
1960 1974
1447 430
1938 845
73 1582
377 1129
1769 1006
261 305
233 370
661 826
1085 1548
307 46
141 614
1908 682
1852 367
624 1235
1673 1360
1912 1636
1509 1279
232 712
533 487
1004 1932
324 1569
542 484
1063 788
1282 63
1226 910
92 1312
945 260
499 1623
466 1016
347 733
1152 1267
1961 834
1758 546
416 177
1399 1415
795 1329
622 1094
1128 1276
1683 731
1325 123
13 1889
1312 1258
1748 1384
483 641
1932 830
593 404
1183 810
1538 61
1406 1863
736 838
960 298
80 133
828 213
1563 86
869 852
329 659
97 1983
1715 234
810 1420
1025 783
1316 1722
618 651
1898 1255
1280 984
1848 1767
1551 795
433 1242
1255 283
1178 1661
852 1613
1695 1366
1869 320
414 1171
1091 843
1392 1765
129 182
564 1041
836 176
1649 1391
1492 95
1952 334
967 1566
1912 67
984 1192
786 1147
1983 459
1894 1573
630 1605
1080 1787
156 1953
134 1266
1853 1943
1447 380
1706 1078
304 937
822 10
1408 382
975 1243
1660 195
840 413
20 1886
890 1883
1525 182
1658 1184
1132 1636
1100 433
28 394
595 400
298 492
1656 631
886 138
1122 1624
1326 1304
1278 1202
41 1297
1229 912
11 191
1152 1054
186 728
44 1829
615 1456
326 604
1682 1079
116 132
966 1722
582 420
146 986
720 1045
139 137
776 95
964 1086
1510 880
1537 1048
1881 1056
879 119
7 15
907 1114
974 674
1508 626
720 1991
1022 1959
919 1781
681 650
1419 1873
153 1407
1805 1759
140 1709
878 290
766 1772
977 440
658 1830
1061 1705
1062 1917
1492 218
698 869
1785 1913
254 313
1172 1002
1883 393
660 1146
1132 819
1716 633
1467 854
1532 272
722 260
31 1613
1291 702
962 1614
63 169
1245 1353
1411 1975
362 848
835 923
417 1152
1886 1675
1132 1167
1378 48
614 1257
1175 609
1820 639
1876 1655
413 966
1727 450
8 1368
846 833
1012 949
64 353
1046 1458
1831 177
188 572
1984 886
1027 441
938 390
1663 1366
1378 563
1964 1717
1240 1711
1271 1134
89 607
77 1486
330 1072
1641 1543
1671 1672
1795 1118
1420 1734
1502 872
419 1820
1964 948
1769 209
1966 5
1348 1541
1150 1260
1616 1784
158 971
1337 1225
1051 599
1400 1031
170 1876
856 82
147 943
11 1649
1090 344
1470 1823
454 884
529 406
244 888
1819 16
1698 1849
1680 1827
1632 397
352 1786
606 392
960 793
1030 368
1085 1028
1811 800
1107 1013
222 1116
1535 827
1501 659
1379 1918
254 1755
180 1111
1810 368
444 702
1856 1797
1233 132
1848 82
378 58
174 1305
789 700
843 1060
661 1715
272 1051
1972 754
1903 165
307 1530
609 1007
327 402
1281 687
199 1872
1754 23
784 1435
410 1204
35 1331
1258 1799
1422 995
219 1257
581 1048
383 1552
1914 1858
11 1391
1671 455
1823 1810
754 1290
4 782
52 376
1867 241
415 1474
1686 338
1066 1710
4 1747
1677 868
1069 835
122 109
1828 113
4 1210
649 1819
1226 462
293 1211
522 227
1509 133
658 916
1336 1408
372 1858
759 702
338 1817
671 1539
198 918
443 706
108 382
447 1284
774 158
1971 1055
1457 842
160 303
299 1653
1141 1531
1756 881
552 1212
623 437
704 1619
586 794
326 24
587 1478
1691 495
273 1090
1841 1319
779 872
86 112
1575 491
1667 1704
363 26
1436 1497
1237 1870
1385 1826
232 680
1014 743
1598 1929
9 1278
1032 342
1939 317
948 126
1405 1954
588 1836
579 235
833 1134
1417 615
798 1528
1451 1131
271 208
1578 1151
1467 876
105 1452
110 879
537 371
514 1
791 1118
548 1818
320 448
1369 1930
1638 1258
84 1946
873 703
214 770
1416 1863
71 1357
542 355
46 1293
1879 30
1603 508
833 265
21 927
25 438
232 1381
815 1759
1452 1447
315 1353
1659 1193
1833 1009
1957 1413
12 312
768 747
1354 1056
1682 1696
14 1453
1766 1029
1734 810
1835 1759
1600 335
1138 53
671 1520
1556 1545
638 1361
112 1913
657 50
1254 96
1378 640
469 65
1366 1288
597 503
1716 621
989 369
1295 1359
1977 1212
1567 1179
1595 274
353 991
1421 1632
9 39
637 1996
1578 544
677 46
1820 1856
1013 576
127 1950
1847 1757
1920 663
1926 36
1970 1294
993 244
1981 230
322 628
1647 355
1849 79
1140 1350
1644 1296
1144 1947
389 514
254 1806
1574 492
1551 1335
1376 1592
203 1171
1702 538
471 212
1637 870
85 1582
336 293
943 1857
321 385
898 1966
1052 746
520 1751
252 622
1831 409
137 1905
492 1209
350 981
917 549
673 70
1425 1659
626 59
367 666
1287 1469
1049 415
1305 1550
384 242
1726 1999
718 1712
673 1951
391 995
1943 760
1433 1743
1220 1012
1717 275
692 1058
1563 1622
1665 1066
1437 877
1772 500
433 403
55 32
551 1881
539 1947
1802 1982
1098 1864
245 648
624 1383
1819 301
279 622
836 1937
1688 93
1238 557
1552 1039
552 1911
909 1083
792 817
1192 1826
1322 1851
1250 180
899 1128
70 81
1375 1123
1327 760
446 47
1599 1503
1420 159
580 455
1915 241
1505 1935
1779 740
1650 66
1907 296
1942 887
1174 1073
856 1848
1787 214
979 423
1843 1670
84 541
1043 523
149 862
1092 1492
699 1705
1215 395
272 1662
984 941
1154 444
564 1298
1963 386
981 1728
1306 592
1207 1811
1374 268
98 215
1239 985
1427 1654
684 1718
1965 865
1812 1761
321 649
903 544
1554 904
753 1558
742 1357
1546 1875
178 825
443 1676
1363 1735
1326 1762
618 414
566 1764
747 210
1263 1194
1523 1850
1330 877
430 380
550 1988
1367 1206
1028 1548
385 821
1529 1473
991 687
1004 515
657 1097
1115 918
1007 1445
386 530
276 763
445 472
574 706
942 1510
1290 1792
96 1188
566 968
505 1604
1795 791
676 808
564 173
1984 138
1059 764
913 152
749 303
875 1967
1962 114
1870 891
999 29
693 1909
933 1048
980 1247
468 1261
1297 97
712 1498
1287 536
715 1851
1759 1924
136 141
1870 228
778 494
794 121
1974 1003
616 42
655 1720
739 94
284 1521
1677 723
956 849
448 201
1653 6
678 474
995 1095
1865 1380
1952 1775
921 1266
69 812
286 1439
661 1990
1555 1936
1802 1571
422 1508
389 1711
764 1906
599 164
207 1021
1999 1999 1999 1999 1999 1999 1999 1999 1999 1999 1999 1999 1999 1999 1999 1999 1999 1999 1999 1999 1999 1999 1999 1999 1999 1999 1999 1999 1999 1999 1999 1999 1999 1999 1999 1999 1999 1999 1999 1999 1999 1999 1999 1999 1999 1999 1999 1999 1999 1999 1999 1999 1999 1999 1999 1999 1999 1999 1999 1999 1999 1999 1999 1999 1999 1999 1999 1999 1999 1999 1999 1999 1999 1999 1999 1999 1999 1999 1999 1999 1999 1999 1999 1999 1999 1999 1999 1999 1999 1999 1999 1999 1999 1999 1999 1999 1999 1999 1999 1999 1999 1999 1999 1999 1999 1999 1999 1999 1999 1999 1999 1999 1999 1999 1999 1999 1999 1999 1999 1999 1999 1999 1999 1999 1999 1999 1999 1999 1999 1999 1999 1999 1999 1999 1999 1999 1999 1999 1999 1999 1999 1999 1999 1999 1999 1999 1999 1999 1999 1999 1999 1999 1999 1999 1999 1999 1999 1999 1999 1999 1999 1999 1999 1999 1999 1999 1999 1999 1999 1999 1999 1999 1999 1999 1999 1999 1999 1999 1999 1999 1999 1999 1999 1999 1999 1999 1999 1999 1999 1999 1999 1999 1999 1999 1999 1999 1999 1999 1999 1999 1999 1999 1999 1999 1999 1999 1999 1999 1999 1999 1999 1999 1999 1999 1999 1999 1999 1999 1999 1999 1999 1999 1999 1999 1999 1999 1999 1999 1999 1999 1999 1999 1999 1999 1999 1999 1999 1999 1999 1999 1999 1999 1999 1999 1999 1999 1999 1999 1999 1999 1999 1999 1999 1999 1999 1999 1999 1999 1999 1999 1999 1999 1999 1999 1999 1999 1999 1999 1999 1999 1999 1999 1999 1999 1999 1999 1999 1999 1999 1999 1999 1999 1999 1999 1999 1999 1999 1999 1999 1999 1999 1999 1999 1999 1999 1999 1999 1999 1999 1999 1999 1999 1999 1999 1999 1999 1999 1999 1999 1999 1999 1999 1999 1999 1999 1999 1999 1999 1999 1999 1999 1999 1999 1999 1999 1999 1999 1999 1999 1999 1999 1999 1999 1999 1999 1999 1999 1999 1999 1999 1999 1999 1999 1999 1999 1999 1999 1999 1999 1999 1999 1999 1999 1999 1999 1999 1999 1999 1999 1999 1999 1999 1999 1999 1999 1999 1999 1999 1999 1999 1999 1999 1999 1999 1999 1999 1999 1999 1999 1999 1999 1999 1999 1999 1999 1999 1999 1999 1999 1999 1999 1999 1999 1999 1999 1999 1999 1999 1999 1999 1999 1999 1999 1999 1999 1999 1999 1999 1999 1999 1999 1999 1999 1999 1999 1999 1999 1999 1999 1999 1999 1999 1999 1999 1999 1999 1999 1999 1999 1999 1999 1999 1999 1999 1999 1999 1999 1999 1999 1999 1999 1999 1999 1999 1999 1999 1999 1999 1999 1999 1999 1999 1999 1999 1999 1999 1999 1999 1999 1999 1999 1999 1999 1999 1999 1999 1999 1999 1999 1999 1999 1999 1999 1999 1999 1999 1999 1999 1999 1999 1999 1999 1999 1999 1999 1999 1999 1999 1999 1999 1999 1999 1999 1999 1999 1999 1999 1999 1999 1999 1999 1999 1999 1999 1999 1999 1999 1999 1999 1999 1999 1999 1999 1999 1999 1999 1999 1999 1999 1999 1999 1999 1999 1999 1999 1999 1999 1999 1999 1999 1999 1999 1999 1999 1999 1999 1999 1999 1999 1999 1999 1999 1999 1999 1999 1999 1999 1999 1999 1999 1999 1999 1999 1999 1999 1999 1999 1999 1999 1999 1999 1999 1999 1999 1999 1999 1999 1999 1999 1999 1999 1999 1999 1999 1999 1999 1999 1999 1999 1999 1999 1999 1999 1999 1999 1999 1999 1999 1999 1999 1999 1999 1999 1999 1999 1999 1999 1999 1999 1999 1999 1999 1999 1999 1999 1999 1999 1999 1999 1999 1999 1999 1999 1999 1999 1999 1999 1999 1999 1999 1999 1999 1999 1999 1999 1999 1999 1999 1999 1999 1999 1999 1999 1999 1999 1999 1999 1999 1999 1999 1999 1999 1999 1999 1999 1999 1999 1999 1999 1999 1999 1999 1999 1999 1999 1999 1999 1999 1999 1999 1999 1999 1999 1999 1999 1999 1999 1999 1999 1999 1999 1999 1999 1999 1999 1999 1999 1999 1999 1999 1999 1999 1999 1999 1999 1999 1999 1999 1999 1999 1999 1999 1999 1999 1999 1999 1999 1999 1999 1999 1999 1999 1999 1999 1999 1999 1999 1999 1999 1999 1999 1999 1999 1999 1999 1999 1999 1999 1999 1999 1999 1999 1999 1999 1999 1999 1999 1999 1999 1999 1999 1999 1999 1999 1999 1999 1999 1999 1999 1999 1999 1999 1999 1999 1999 1999 1999 1999 1999 1999 1999 1999 1999 1999 1999 1999 1999 1999 1999 1999 1999 1999 1999 1999 1999 1999 1999 1999 1999 1999 1999 1999 1999 1999 1999 1999 1999 1999 1999 1999 1999 1999 1999 1999 1999 1999 1999 1999 1999 1999 1999 1999 1999 1999 1999 1999 1999 1999 1999 1999 1999 1999 1999 1999 1999 1999 1999 1999 1999 1999 1999 1999 1999 1999 1999 1999 1999 1999 1999 1999 1999 1999 1999 1999 1999 1999 1999 1999 1999 1999 1999 1999 1999 1999 1999 1999 1999 1999 1999 1999 1999 1999 1999 1999 1999 1999 1999 1999 1999 1999 1999 1999 1999 1999 1999 1999 1999 1999 1999 1999 1999 1999 1999 1999 1999 1999 1999 1999 1999 1999 1999 1999 1999 1999 1999 1999 1999 1999 1999 1999 1999 1999 1999 1999 1999 1999 1999 1999 1999 1999 1999 1999 1999 1999 1999 1999 1999 1999 1999 1999 1999 1999 1999 1999 1999 1999 1999 1999 1999 1999 1999 1999 1999 1999 1999 1999 1999 1999 1999 1999 1999 1999 1999 1999 1999 1999 1999 1999 1999 1999 1999 1999 1999 1999 1999 1999 1999 1999 1999 1999 1999 1999 1999 1999 1999 1999 1999 1999 1999 1999 1999 1999 1999 1999 1999 1999 1999 1999 1999 1999 1999 1999 1999 1999 1999 1999 1999 1999 1999 1999 1999 1999 1999 1999 1999 1999 1999 1999 1999 1999 1999 1999 1999 1999 1999 1999 1999 1999 1999 1999 1999 1999 1999 1999 1999 1999 1999 1999 1999 1999 1999 1999 1999 1999 1999 1999 1999 1999 1999 1999 1999 1999 1999 1999 1999 1999 1999 1999 1999 1999 1999 1999 1999 1999 1999 1999 1999 1999 1999 1999 1999 1999 1999 1999 1999 1999 1999 1999 1999 1999 1999 1999 1999 1999 1999 1999 1999 1999 1999 1999 1999 1999 1999 1999 1999 1999 1999 1999 1999 1999 1999 1999 1999 1999 1999 1999 1999 1999 1999 1999 1999 1999 1999 1999 1999 1999 1999 1999 1999 1999 1999 1999 1999 1999 1999 1999 1999 1999 1999 1999 1999 1999 1999 1999 1999 1999 1999 1999 1999 1999 1999 1999 1999 1999 1999 1999 1999 1999 1999 1999 1999 1999 1999 1999 1999 1999 1999 1999 1999 1999 1999 1999 1999 1999 1999 1999 1999 1999 1999 1999 1999 1999 1999 1999 1999 1999 1999 1999 1999 1999 1999 1999 1999 1999 1999 1999 1999 1999 1999 1999 1999 1999 1999 1999 1999 1999 1999 1999 1999 1999 1999 1999 1999 1999 1999 1999 1999 1999 1999 1999 1999 1999 1999 1999 1999 1999 1999 1999 1999 1999 1999 1999 1999 1999 1999 1999 1999 1999 1999 1999 1999 1999 1999 1999 1999 1999 1999 1999 1999 1999 1999 1999 1999 1999 1999 1999 1999 1999 1999 1999 1999 1999 1999 1999 1999 1999 1999 1999 1999 1999 1999 1999 1999 1999 1999 1999 1999 1999 1999 1999 1999 1999 1999 1999 1999 1999 1999 1999 1999 1999 1999 1999 1999 1999 1999 1999 1999 1999 1999 1999 1999 1999 1999 1999 1999 1999 1999 1999 1999 1999 1999 1999 1999 1999 1999 1999 1999 1999 1999 1999 1999 1999 1999 1999 1999 1999 1999 1999 1999 1999 1999 1999 1999 1999 1999 1999 1999 1999 1999 1999 1999 1999 1999 1999 1999 1999 1999 1999 1999 1999 1999 1999 1999 1999 1999 1999 1999 1999 1999 1999 1999 1999 1999 1999 1999 1999 1999 1999 1999 1999 1999 1999 1999 1999 1999 1999 1999 1999 1999 1999 1999 1999 1999 1999 1999 1999 1999 1999 1999 1999 1999 1999 1999 1999 1999 1999 1999 1999 1999 1999 1999 1999 1999 1999 1999 1999 1999 1999 1999 1999 1999 1999 1999 1999 1999 1999 1999 1999 1999 1999 1999 1999 1999 1999 1999 1999 1999 1999 1999 1999 1999 1999 1999 1999 1999 1999 1999 1999 1999 1999 1999 1999 1999 1999 1999 1999 1999 1999 1999 1999 1999 1999 1999 1999 1999 1999 1999 1999 1999 1999 1999 1999 1999 1999 1999 1999 1999 1999 1999 1999 1999 1999 1999 1999 1999 1999 1999 1999 1999 1999 1999 1999 1999 1999 1999 1999 1999 1999 1999 1999 1999 1999 1999 1999 1999 1999 1999 1999 1999 1999 1999 1999 1999 1999 1999 1999 1999 1999 1999 1999 1999 1999 1999 1999 1999 1999 1999 1999 1999 1999 1999 1999 1999 1999 1999 1999 1999 1999 1999 1999 1999 1999 1999 1999 1999 1999 1999 1999 1999 1999 1999 1999 1999 1999 1999 1999 1999 1999 1999 1999 1999 1999 1999 1999 1999 1999 1999 1999 1999 1999 1999 1999 1999 1999 1999 1999 1999 1999 1999 1999 1999 1999 1999 1999 1999 1999 1999 1999 1999 1999 1999 1999 1999 1999 1999 1999 1999 1999 1999 1999 1999 1999 1999 1999 1999 1999 1999 1999 1999 1999 1999 1999 1999 1999 1999 1999 1999 1999 1999 1999 1999 1999 1999 1999 1999 1999 1999 1999 1999 1999 1999 1999 1999 1999 1999 1999 1999 1999 1999 1999 1999 1999 1999 1999 1999 1999 1999 1999 1999 1999 1999 1999 1999 1999 1999 1999 1999 1999 1999 1999 1999 1999 1999 1999 1999 1999 1999 1999 1999 1999 1999 1999 1999 1999 1999 1999 1999 1999 1999 1999 1999 1999 1999 1999 1999 1999 1999 1999 1999 1999 1999 1999 1999 1999 1999 1999 1999 1999 1999 1999 1999 1999 1999 1999 1999 1999 1999 1999 1999 1999 1999 1999 1999 1999 1999 1999 1999 1999 1999 1999 1999 1999 1999 1999 1999 1999 1999 1999 1999 1999 1999 1999 1999 1999 1999 1999 1999 1999 1999 1999 1999 1999 1999 1999 1999 1999 1999 1999 1999 1999 1999 1999 1999 1999 1999 1999 1999 1999 1999 1999 1999 1999 1999 1999 1999 1999 1999 1999 1999 1999 1999 1999 1999 1999 1999 1999 1999 1999 1999 1999 1999 1999 1999 1999 1999 1999 1999 1999 1999 1999 1999 1999 1999 1999 1999 1999 1999 1999 1999 1999 1999 1999 1999 1999 1999 1999 1999 1999 1999 1999 1999 1999 1999 1999 1999 1999 1999 1999 1999 1999 1999 1999 1999 1999 1999 1999 1999 1999 1999 1999 1999 1999 1999 1999 1999 1999 1999 1999 1999 1999 1999 1999 1999 1999 1999 1999 1999 1999 1999 1999 1999 1999 1999 1999 1999 1999 1999 1999 1999 1999 1999 1999 1999 1999 1999 1999 1999 1999 1999 1999 1999 1999 1999 1999 1999 1999 1999 1999 1999 1999 1999 1999 1999 1999 1999 1999 1999 1999 1999 1999 1999 1999 1999 1999 1999 1999 1999 1999 1999 1999 1999 1999 1999 1999 1999 1999 1999 1999 1999 1999 1999 1999 1999 1999 1999 1999 1999 1999 1999 1999 1999 1999 1999 1999 1999 1999 1999 1999 1999 1999 1999 1999 1999 1999 1999 1999 1999 1999 1999 1999 1999 1999 1999 1999 1999 1999 1999 1999 1999 1999 1999 1999 1999 1999 1999 1999 1999 1999 1999 1999 1999 1999 1999 1999 1999 1999 1999 1999 1999 1999 1999 1999 1999 1999 1999 1999 1999 1999 1999 1999 1999 1999 1999 1999 1999 1999 1999 1999 1999 1999 1999 1999 1999 1999 1999 1999 1999 1999 1999 1999 1999 1999 1999 1999 1999 1999 1999 1999 1999 1999 1999 1999 1999 1999 1999 1999 1999 1999 1999 1999 1999 1999 1999 1999 1999 1999 1999 1999 1999 1999 1999 1999 1999 1999 1999 1999 1999 1999 1999 1999 1999 1999 1999 1999 1999 1999 1999 1999 1999 1999 1999 1999 1999 1999 1999 1999 1999 1999 1999
