2000 4000
1934 1137
473 1774
1633 1849
67 606
1832 1328
758 64
1393 198
1927 1267
969 1946
1045 1994
425 1718
494 128
1024 1748
1546 1743
1246 402
721 1871
1975 1861
972 1988
18 1508
1779 1696
1199 362
1425 959
1912 1788
271 1139
1055 10
33 841
1152 1321
1502 1196
560 891
291 676
864 116
1806 33
1564 1284
891 1313
256 1443
64 331
561 1276
838 1599
66 60
484 133
927 13
448 292
814 1750
1341 936
1150 1215
1409 618
1927 1011
1968 251
1660 718
149 1154
1591 813
975 1776
1428 166
1116 1699
131 484
1255 842
723 1265
1491 961
1766 1298
1432 1268
1017 1781
1306 1078
640 984
428 1031
1552 1680
442 1920
1543 1504
723 1794
379 1183
1538 1638
1633 380
225 510
197 402
257 1237
1048 721
1474 381
827 665
1309 382
376 1555
1344 1893
1705 1815
1563 673
1977 238
1207 429
376 214
1139 1819
370 680
797 874
1719 497
1215 728
1080 1586
602 744
987 490
984 1581
224 820
1369 809
640 1460
757 1548
1614 281
913 928
974 1564
1517 875
963 872
1512 1230
297 1729
1772 1360
1548 1175
1517 1693
416 1577
1829 1166
130 1458
726 623
1251 818
510 1461
825 1590
1245 1592
614 1441
295 1076
1751 1671
1637 971
1490 527
1378 1257
736 1927
1714 1288
880 1531
1244 1675
1327 729
1559 1794
1089 709
1711 1864
151 1615
851 574
695 819
1424 520
509 257
1524 1986
1005 759
1768 1501
442 1193
145 244
322 210
1322 20
1044 1391
501 1039
1191 923
1256 1870
1293 448
1060 1350
1878 65
945 1966
1398 210
267 554
1393 1886
1948 779
408 1
685 1918
1438 579
643 1862
158 1835
50 1822
1565 462
214 794
263 900
1762 5
737 1534
223 1490
518 1911
449 347
1597 1605
902 1403
1377 311
814 407
942 1557
1356 1046
1801 99
656 1667
123 623
52 1282
1092 1828
1117 550
1112 138
11 267
130 1563
1435 797
1555 892
1680 1598
1970 1793
1521 1570
1400 44
23 1115
861 1438
1644 61
289 1181
503 1455
1728 1613
465 100
363 1320
1698 1976
169 608
1176 1540
1619 1634
32 1229
1507 1313
1758 736
949 1688
556 191
303 849
1689 773
1255 836
63 1484
101 1639
1617 1186
1327 986
1081 379
1759 300
110 1437
258 1607
811 317
147 272
1995 1475
460 1728
1293 1383
1925 675
1352 1395
159 44
504 469
111 716
249 592
1180 1386
880 526
1548 1068
489 323
1709 1354
1539 307
932 712
618 1379
1275 227
1147 906
1803 370
1211 220
299 1361
1801 845
1844 1952
319 722
154 82
1496 78
977 994
1709 1956
1378 341
138 1938
653 1310
1868 1376
53 1725
33 100
1773 493
628 448
985 814
1472 1302
1353 962
1765 924
959 751
1087 1859
448 322
1735 1357
1292 1663
1691 484
23 69
828 1297
1942 946
1764 256
790 381
68 362
1461 309
681 285
1738 1502
629 977
83 1276
544 1434
1344 1309
1094 1503
814 1011
1854 58
1568 1846
1451 1349
552 1934
813 730
1230 955
885 686
936 200
1074 1785
1377 1008
1943 116
104 37
1318 798
918 1360
887 1133
70 1771
1590 1516
1938 285
112 1097
1237 1427
1167 200
449 1210
1481 1139
618 1956
1336 1771
568 260
377 154
1367 1128
1113 169
976 1238
785 1036
1507 292
508 714
836 1416
248 609
503 864
546 1165
1125 470
1101 1718
580 1928
1060 436
819 1157
1088 802
1449 1705
361 34
1944 1040
580 904
284 357
876 1009
410 254
904 470
1843 972
63 1801
49 424
363 856
1384 412
682 734
726 220
350 1642
1337 529
210 991
1725 839
1851 182
1446 1981
523 1706
62 459
1625 294
1934 271
66 1362
244 1855
504 101
1033 991
1118 1031
1895 681
1637 591
441 768
1489 1329
1860 793
922 945
992 725
391 1200
833 1769
156 160
1683 1574
488 1839
1263 723
24 1287
958 1983
668 1609
1084 1555
731 772
1687 144
1126 1345
1614 1550
1983 931
1952 524
400 1759
1106 881
1667 1949
903 1592
809 1985
758 1315
323 538
340 1642
953 557
380 595
1582 1191
519 1804
47 1993
1138 367
557 320
102 1471
1578 127
1129 985
1751 1708
919 541
1587 1125
950 44
499 1946
1037 1104
617 1193
1858 1282
1529 1524
312 302
1628 1540
1634 98
1367 1429
1223 1217
1175 1952
1427 305
1797 1320
1973 766
799 41
1879 1308
1008 238
355 1849
869 333
1498 738
212 1127
1124 95
122 1906
1751 93
13 1497
1893 151
1889 201
706 1266
1645 1947
987 1035
128 571
78 935
1556 452
1412 1864
209 1646
1003 1289
1152 1982
598 1133
85 282
1961 117
368 1308
1510 1816
1802 242
1490 1113
1560 836
399 1605
1003 1409
1993 1024
68 1784
384 71
1112 1709
1999 713
902 1079
636 1882
117 206
414 1038
1627 1274
898 432
7 1221
1771 496
52 1831
1742 1822
1200 100
1547 772
1981 888
1767 1934
222 1826
473 288
1008 184
1342 1808
1891 247
927 924
993 1032
1719 1812
244 1239
1400 982
468 942
1692 3
1708 494
1265 400
456 1684
484 998
1727 1870
1095 1258
1883 428
6 17
172 391
62 1924
1742 1383
211 1680
762 1475
495 1118
88 1590
1391 1784
1669 1959
1483 1219
850 712
90 1730
223 1971
201 950
446 1311
1941 1441
1689 1981
153 1017
850 1219
1078 302
1405 596
718 1993
994 1458
692 215
1681 449
404 923
315 1293
1601 960
1659 1618
404 1575
247 873
520 169
1989 869
448 1968
936 1553
1919 1514
306 1995
1076 1994
239 575
1534 567
1283 346
45 1809
1576 514
1273 605
1598 1905
1211 439
1672 1032
723 737
333 732
1018 839
907 1563
1062 1852
486 1016
757 378
1951 924
348 584
1542 1731
131 1749
1087 1236
930 1379
1612 63
314 1888
744 74
1269 1199
920 1328
545 1050
817 1459
536 326
1275 421
235 46
1427 1944
1112 1952
1695 1703
1620 1599
934 1486
1759 244
1147 1509
1616 1404
1664 120
1905 1664
588 987
1842 1314
1643 299
396 1141
544 1132
804 1019
246 911
1179 240
1885 14
1104 1965
1259 1213
1063 1435
1908 723
795 1889
429 28
1800 1887
1324 1163
37 1076
1708 543
698 1806
104 408
1970 15
264 412
892 1375
982 28
1562 470
1372 1740
41 1047
14 24
855 953
496 828
52 1221
1717 1994
178 888
400 527
1018 1403
1465 1496
342 812
967 1156
972 1870
196 902
1459 531
1180 1747
247 575
1457 419
524 1680
993 1992
83 909
1137 1962
38 115
849 513
297 672
1027 658
1688 1755
1488 1060
1106 874
935 31
1805 615
1092 1286
721 1017
1275 700
1097 58
1711 1730
6 1407
54 1565
973 13
449 407
851 1764
175 952
1310 1522
31 81
61 1112
1838 1326
1830 1585
1005 1768
443 451
40 264
811 1821
216 1477
1088 132
1234 840
394 210
792 1734
1807 1693
1813 1821
1669 1508
1952 1958
229 1657
1200 1920
1139 358
449 162
977 366
600 1335
45 1438
568 424
555 1294
1527 1956
707 856
1388 539
1996 702
1558 1129
1352 233
1708 1874
1495 1537
1685 1951
623 1138
567 1943
412 406
1646 1651
1900 85
619 1557
1619 1821
469 207
672 1229
1211 1717
926 1341
1647 1728
1293 836
1426 476
1330 1806
1638 561
1706 1710
570 150
1888 868
1661 1747
1865 1314
919 1540
17 276
1282 1533
768 1328
642 996
1802 1984
1029 138
739 249
1611 1274
1104 201
1441 1708
1007 1249
765 99
168 1849
1548 913
454 19
1758 119
919 1081
688 808
842 430
103 285
1181 213
1015 851
677 1944
1648 823
1059 235
1753 1959
615 997
1990 914
807 189
1046 962
251 542
1065 127
1805 931
965 1688
1376 918
1994 1333
1579 1124
917 626
48 117
913 797
1383 1258
1432 1272
869 1379
347 1804
706 218
1947 684
1332 320
702 604
296 1163
1197 1090
900 825
64 1665
1620 557
1228 1346
1895 1819
349 814
293 358
1948 1994
443 1942
1983 416
1249 1973
1697 1248
434 1156
1326 1864
1329 318
1237 1467
1638 1655
85 1498
814 1778
328 884
1659 1558
1078 1039
1857 933
1039 735
249 1146
757 608
1926 1756
51 549
27 1863
765 1745
521 1106
1978 599
311 539
429 131
261 1274
429 282
756 1123
617 56
362 674
382 1090
801 877
128 1466
463 246
202 1350
611 385
445 934
633 1087
384 44
566 1283
874 477
1964 53
1990 1762
552 1174
59 1611
1440 44
1582 724
1207 880
1611 1147
402 1021
1968 750
1297 1017
1786 651
1134 1257
1704 1647
276 33
100 1895
917 1631
1995 1782
1251 898
620 1764
366 1775
957 1621
545 838
559 1473
103 117
190 602
1863 137
1834 154
338 617
767 1418
912 1949
1915 1346
719 400
384 45
1694 1665
1029 1648
1183 1927
559 86
17 162
1536 677
962 381
1623 447
588 1905
815 1401
516 1661
1790 789
1649 814
844 365
1344 1957
993 717
384 596
573 1206
547 623
1891 1447
1366 325
785 1403
1114 1251
570 254
438 600
321 921
1859 1086
1697 1562
1106 1261
664 478
1199 1806
1788 1606
865 1563
683 609
685 1175
446 975
1800 1776
1816 736
1298 1075
377 1833
604 1443
712 159
321 690
1624 87
458 851
56 1317
1982 981
1252 935
692 1515
839 657
905 1315
117 1803
1047 918
1773 1060
1528 1990
233 1790
1489 324
1774 210
370 60
608 347
1402 1
1991 296
1294 560
800 1094
1138 1229
1796 25
693 230
170 654
328 1708
946 811
304 59
329 318
475 1739
51 706
1915 592
803 1570
216 212
1292 446
1732 1816
26 1674
1741 1716
1648 1983
1471 1800
1040 1701
35 1615
1102 1346
573 1130
94 1427
1497 1602
106 950
1053 1984
1720 551
1490 327
102 894
568 564
1656 1413
1638 1644
568 205
1843 332
530 237
177 1979
1464 1824
237 84
1923 291
1011 358
754 1682
979 35
1867 288
1319 1822
1014 657
649 1231
1347 1676
560 1678
407 677
952 704
1383 933
531 1703
1071 518
556 593
358 1013
214 1532
34 914
7 1821
412 1036
1616 168
1287 242
493 700
1665 1830
314 998
229 1240
1908 36
478 391
1505 615
1493 64
836 744
96 1505
1526 340
1692 1577
845 1351
763 1788
1291 1598
302 1273
401 934
908 692
1766 333
1783 1562
1807 1415
687 510
1952 703
340 604
515 1711
837 1341
201 700
1376 236
1611 723
876 1417
1529 985
1448 1013
1533 1929
929 702
777 185
1847 1844
1834 1876
756 1118
1253 922
1198 257
686 1088
1981 498
478 85
1501 282
1466 935
691 646
885 1213
252 1251
372 647
1454 26
408 1877
1019 784
1553 657
1540 675
101 613
1575 714
591 1563
562 756
1657 777
430 17
329 255
752 1847
543 1015
1298 1904
269 1964
1494 1332
745 26
454 431
770 1925
254 1008
856 1132
1820 967
1548 1572
354 990
76 1120
1142 1725
801 213
36 256
1607 121
1034 1810
1087 1962
1266 1314
292 820
1009 1897
1177 186
718 1589
1440 783
1113 814
652 1363
1691 441
147 838
1526 1380
1343 1865
1938 56
1202 232
188 1675
1037 1110
1300 738
1890 981
1427 1004
449 1872
591 1179
934 123
1295 503
378 357
1172 46
213 724
68 695
1770 387
635 1100
1825 1047
512 86
956 1852
1295 29
217 867
1764 205
542 977
1948 506
241 701
1235 6
289 631
935 885
819 1332
328 1976
1592 864
1224 1694
1192 1588
1567 825
1085 233
673 1949
278 82
1454 1997
1183 1015
615 926
231 107
103 1953
1564 1143
1305 1734
1755 592
1101 1620
1651 1938
1495 992
1887 95
264 333
1607 1750
1930 1834
1016 1065
1086 1338
1076 178
563 1711
1895 937
1822 444
977 248
302 1076
1626 250
1720 1260
1719 374
6 460
813 1336
1941 146
1335 1276
791 1580
984 1702
1677 39
534 1596
939 991
1604 1820
658 1842
1783 1556
1946 533
509 970
537 618
1003 503
69 393
884 1639
1499 683
588 1670
1440 755
1150 1040
235 1865
1133 1323
653 576
856 1451
1111 1028
881 923
782 1005
813 295
879 1584
212 257
1441 1958
990 1091
476 1098
1076 1647
330 844
1832 1651
1484 1894
1266 863
1293 1565
1133 960
1757 407
1754 904
1864 388
1185 1098
179 1978
677 584
1361 354
1973 1870
1700 783
584 960
468 1105
1985 102
588 569
1424 1967
504 1414
1414 1626
1792 1508
860 1024
1606 161
380 526
1362 901
54 1771
1978 949
1752 1410
245 1964
1301 266
734 147
1603 156
283 1557
362 1499
476 1976
1783 1598
818 1259
506 1733
267 1521
872 1476
1233 683
1258 1153
898 810
820 1087
1733 1667
1905 1995
1554 578
43 1943
1254 18
585 289
304 73
676 879
1911 977
400 1984
555 1062
1072 373
426 670
1956 1644
1314 1826
1941 1574
547 1655
124 42
237 634
178 975
306 1767
459 1985
1505 181
1712 521
1255 1772
743 784
248 359
587 1549
1902 53
1113 279
817 135
753 197
235 1287
1830 641
1325 1198
474 295
1626 1933
1758 1601
777 1622
1485 1460
863 278
247 728
1242 1946
187 1371
467 17
1696 1703
1906 858
955 1387
1207 192
43 970
628 1744
3 457
1572 1533
1683 256
1558 1703
822 1000
1797 1962
996 1363
465 1830
1815 1491
1047 1845
435 428
371 729
1008 107
97 384
115 857
19 1645
1796 1448
194 1662
623 597
1972 1684
1722 261
1789 19
1032 343
1406 1293
1539 1815
114 276
1889 454
1140 414
760 1021
1183 1873
1535 1915
138 789
826 425
653 1214
1807 633
427 1221
854 1594
1423 1373
703 889
688 386
729 39
846 184
1242 1396
1909 47
768 1317
355 1768
938 1734
983 1608
1944 2
157 614
929 1461
512 678
1937 1449
1324 1586
1402 1746
242 122
869 632
417 300
1211 307
60 250
1215 905
1643 613
1673 999
1095 446
1299 1644
1423 431
1885 294
1226 392
1319 1454
1361 671
1604 862
1736 1383
1226 998
587 519
997 1192
891 1557
1560 524
1107 309
354 681
807 1554
1241 511
1366 1672
398 371
73 1048
656 918
298 1542
1660 1940
506 662
1035 1318
713 36
705 489
1022 1735
1861 1159
1460 1335
1469 214
336 330
1901 1586
631 685
1066 1261
659 1530
1762 913
900 660
486 650
1162 1438
1830 840
290 930
1423 1451
910 608
34 802
343 1743
865 1363
1652 143
1612 1012
62 874
42 483
905 1519
430 1569
400 69
686 1805
549 588
1205 922
1234 983
1059 992
1220 1708
575 1513
1326 1788
1723 513
359 40
1803 1446
1573 984
273 212
1574 1878
476 894
635 629
1208 230
13 948
1696 1368
257 1513
1705 1896
1334 1664
1997 1613
812 1262
1545 1641
130 1024
1962 1136
1011 608
603 606
1162 480
821 446
694 1261
948 1235
1757 1319
62 689
1650 197
550 248
1181 849
1299 1639
1103 1063
1921 54
97 89
530 1032
470 1840
465 1954
921 1606
1856 142
383 801
1274 1054
736 1470
491 65
1290 119
1883 77
845 512
190 1627
1172 909
1501 1777
1952 622
109 461
460 1207
957 1709
1274 471
269 113
1640 1372
1339 624
885 1680
1975 885
1885 1800
465 1495
17 1643
812 1618
545 932
1762 793
636 1747
371 1323
1035 691
723 1095
650 53
1871 386
327 735
1402 901
1000 1242
1524 1626
1055 1810
1107 1762
1914 131
1244 1664
1363 940
1460 890
709 230
2 1611
1145 844
1292 1736
905 1138
759 339
1648 488
129 1366
187 380
852 1768
600 540
1364 1646
384 1760
610 1970
174 1260
80 726
1311 1956
289 723
1172 339
442 871
1161 1761
379 704
1843 1990
535 1016
511 934
1273 1051
650 567
1630 1406
601 1386
1826 1630
515 749
686 1734
510 1762
639 763
1068 969
1166 1857
1004 2000
493 1030
466 1712
1300 737
779 512
138 1454
151 1479
75 1189
1191 1126
582 1100
835 1490
1832 1988
388 100
1703 130
792 690
17 1094
927 1479
423 1566
803 900
231 1034
182 1547
1943 859
1994 79
27 1739
286 208
1409 245
495 606
1506 60
1177 1479
1848 1035
210 327
1710 1232
1874 1852
1577 1982
1477 1896
1268 1181
142 1642
1047 1078
1026 1439
1383 582
1825 46
1932 1128
751 1573
1324 1319
1414 514
1732 7
1256 589
1861 1794
492 5
73 1600
1281 1840
337 1999
792 926
1031 1025
817 1713
1831 11
1383 1123
1624 1056
226 437
1644 621
1971 682
859 1538
1947 1607
1742 765
926 1607
1811 389
1556 1667
1346 606
148 1636
1390 470
1273 1789
1394 313
1541 556
996 292
192 743
686 1548
1603 1423
1423 1388
883 698
88 1109
187 1812
452 1134
1512 1576
256 655
1309 1721
586 471
1766 1200
1817 170
301 248
510 1970
1975 503
1935 77
1895 1939
335 1735
1784 476
1206 154
813 1664
432 1183
590 1445
1230 1638
1398 1041
259 1948
1300 111
607 1890
921 1105
1258 1645
156 1845
111 1149
1827 753
562 279
511 1806
106 697
917 1207
805 1440
1209 140
1140 797
1981 1170
1463 107
966 580
819 456
1788 577
839 62
374 524
1803 1725
1669 831
609 652
1477 893
426 1293
1205 1014
1686 1247
1815 216
812 56
669 1526
1026 52
1535 766
1620 1002
1722 848
1180 1605
1208 458
79 639
1070 1441
623 118
509 1475
854 103
151 499
1056 1060
1922 1785
772 865
34 1405
1561 1343
584 1565
1818 530
1446 729
624 1883
1190 1940
481 1350
637 288
848 1467
1307 229
1555 721
1805 1137
869 824
1262 1155
1280 1153
1551 1955
1633 990
1553 814
402 1635
1030 272
137 1568
643 1731
1367 647
1247 591
922 1627
1925 70
649 585
886 687
526 169
724 1445
112 1246
1669 1329
28 1812
1559 1468
125 672
297 1131
1070 356
364 1878
514 1798
209 1874
1630 682
411 134
1269 173
1965 16
33 725
747 1390
150 307
345 1762
155 1263
1831 1319
344 1813
1100 974
175 466
131 1378
33 869
951 1047
140 1688
1956 1426
1007 1831
855 1240
375 911
1254 525
1853 996
1806 1134
1151 51
1142 910
742 1768
1303 640
1889 1427
573 1960
1410 1972
346 1052
1265 999
1959 271
340 1697
1197 350
1987 1637
858 465
1656 395
1544 996
629 1802
50 526
1866 1446
260 190
5 1777
313 1553
346 88
1074 652
1186 984
940 1851
1801 544
1965 1804
1507 93
679 927
514 29
1440 199
1577 594
151 941
1587 449
253 1002
1511 1340
1790 616
1920 51
1109 1730
570 437
685 1870
1460 1198
1137 904
915 876
1692 352
1654 731
367 1927
746 1369
746 157
1939 1245
246 1945
343 1867
1369 1631
158 1510
816 205
188 480
580 1246
1215 978
1801 1288
846 1656
1531 266
31 874
948 461
565 1419
622 1571
1874 787
1370 1372
1812 554
1624 553
843 163
282 1880
770 834
615 1811
212 607
293 9
557 771
23 390
693 416
202 1338
1183 765
1424 1948
153 327
1218 294
1884 394
543 662
1925 649
91 553
454 1120
223 150
1978 267
988 1798
427 1910
964 199
433 1824
1900 1430
970 561
1731 855
1951 895
1006 111
1263 1954
1683 1270
1437 236
1353 1811
1262 893
207 955
1906 1168
1349 607
716 1243
1453 152
1718 1692
799 1575
212 1008
774 40
494 708
1092 307
658 1965
591 1289
604 1564
1033 1091
1405 83
1071 536
567 1320
354 661
833 342
1772 659
722 1661
848 1987
1359 1682
269 1396
791 381
189 522
1522 1472
490 1659
975 1994
62 497
1707 1025
1674 285
1071 352
472 694
1108 484
33 1852
1384 552
1676 1130
1668 344
217 1301
255 875
69 753
308 129
946 1413
900 1484
652 940
1877 1799
1954 290
1499 133
1137 25
1307 1704
1369 872
1691 458
888 140
499 1586
368 606
995 449
1270 1180
1112 186
96 1581
1210 49
1457 608
429 1401
1400 567
1346 1070
1303 1852
1648 811
451 1740
1363 1267
822 1954
1704 1978
581 1814
1497 214
1182 1161
278 353
131 1273
1142 935
1861 590
297 609
89 393
1355 284
442 1266
1106 1182
329 654
1688 1789
1980 1373
360 198
1619 1337
6 1959
1173 602
727 1740
99 1787
908 1805
850 1351
1347 1546
1100 1419
1440 1523
1512 1703
1102 90
1859 172
1535 1782
827 1736
872 1047
1925 633
718 1066
679 1549
1856 591
415 1856
625 1492
310 1403
1945 597
876 896
1174 220
1187 1614
885 1595
1724 1756
1421 1970
1603 1947
1907 1338
126 813
198 916
1352 1354
1854 978
673 463
230 1570
1566 1819
1670 1655
1158 844
255 698
599 764
1816 1786
1229 1369
779 1433
1373 1163
555 748
830 1566
649 571
414 1875
980 364
660 1322
1452 455
183 1572
1038 768
1885 1916
1486 984
1433 1501
1727 639
1893 1214
1240 1894
1046 688
1045 703
1435 1972
1365 1887
894 140
1548 1122
1008 525
269 915
1162 906
665 982
845 1520
1452 300
778 20
178 443
1755 229
432 1163
1918 1640
90 276
927 989
315 204
790 146
1833 1841
708 1589
362 65
1928 1679
867 849
1586 1985
640 1670
1365 1939
434 1539
1103 1081
630 1051
606 1348
344 1620
1354 1360
418 1291
345 617
406 611
1193 317
1214 724
731 403
415 1127
528 1127
794 1375
1623 1296
1318 1553
1174 1102
1264 1479
581 931
1942 1306
1627 627
243 1022
995 37
261 1981
56 253
1383 1117
282 1173
94 1019
208 1306
689 1548
771 1539
1552 1826
704 123
1911 115
1055 1175
778 1959
1865 564
252 537
23 1408
1451 33
1216 1598
131 519
1580 1650
846 955
51 1245
915 1839
857 760
482 1573
442 1951
749 1450
1205 385
1237 1103
1084 266
878 1372
514 1172
742 986
1831 1843
997 48
200 719
64 815
450 1504
874 415
1667 1281
1252 845
946 757
1397 335
1806 263
376 1700
1397 1586
1345 44
1848 205
1 351
640 411
837 149
1657 1293
27 343
469 1137
1560 1475
1610 1841
775 292
288 1972
1446 235
1518 921
1360 1644
1154 365
381 604
536 1603
952 642
1644 515
898 738
1937 558
1170 388
50 762
849 78
1248 1284
1643 1940
818 1416
1450 809
1227 1584
1711 854
1524 1436
1260 1239
9 1046
301 1141
1387 1610
1194 1682
830 1050
1141 1138
1583 406
1777 196
1550 1414
347 1656
134 1764
866 224
907 1064
1346 892
1912 662
181 446
1217 1531
989 1372
1817 1746
514 166
649 420
40 692
560 1285
1663 965
1811 624
378 563
659 1778
1258 1832
998 347
1190 1208
1377 1544
971 1095
874 149
173 1972
341 1513
472 1056
1628 474
617 1076
1611 1784
1349 1539
522 1875
1960 302
1548 1971
1526 261
199 856
120 1348
632 1275
904 30
1157 1466
283 1589
363 893
475 431
1898 551
1917 1933
81 1900
873 1968
868 1833
730 1270
922 939
1073 758
731 1678
1272 1212
1951 370
762 1803
925 1421
256 314
184 1959
94 798
430 897
717 344
1122 1165
1441 892
1849 313
1468 294
451 1253
1115 814
1414 879
1525 708
165 1949
1636 596
581 1299
1514 391
844 858
1556 1664
1437 1455
206 1422
665 1299
313 709
1514 105
507 1871
216 155
1505 1121
1575 1345
348 131
644 1179
760 1868
1700 51
284 1260
1725 76
665 1338
1784 11
818 1694
1644 909
462 59
927 747
328 879
882 997
1837 626
973 335
1024 474
1861 1444
771 1106
114 506
743 888
5 729
1221 1662
335 835
1006 88
307 998
246 627
1140 1564
1243 1290
1869 1187
1875 457
527 500
632 1608
970 1078
1890 1698
756 656
1845 1946
1252 1064
971 1061
33 561
494 1746
1799 964
1920 649
1613 1102
638 1861
278 898
1078 46
1407 1761
683 886
361 654
621 1423
1990 1605
94 1488
1804 1068
786 1040
1051 1764
1399 364
1965 111
694 1805
1020 1013
221 193
1538 304
1948 1915
1318 1288
1458 626
20 1132
665 1567
1403 1402
1783 545
617 995
801 1129
1138 247
188 783
1554 1686
470 1898
1546 1840
210 251
805 604
493 1084
1948 436
1150 1609
911 745
1179 650
1905 1931
1194 1145
194 563
1202 1467
1156 1169
1049 52
237 842
1858 1119
1854 1271
398 704
1973 1277
1753 106
880 443
1752 349
1295 1979
394 1781
30 780
1107 182
833 112
1134 765
97 1349
208 412
37 1744
1710 1468
920 913
1030 291
1550 1059
158 1768
841 487
544 1
1418 1208
585 509
275 1642
1020 1545
1472 1561
1503 1082
1496 1307
1677 1969
156 887
952 1646
1394 1782
510 1293
1099 1854
1301 1856
212 1930
996 950
1487 1995
1640 1639
710 1161
1872 63
1507 1142
1431 801
505 1001
943 1513
244 1314
1548 1316
1392 650
686 1553
541 1777
479 276
201 1689
95 586
332 651
405 742
1557 1434
1807 1424
731 779
1345 1333
879 1990
516 120
1747 1078
22 828
594 132
1143 235
761 28
1767 1936
1984 552
1788 429
1542 1194
400 647
909 535
1938 962
221 9
288 1611
314 1944
292 1389
284 100
870 1267
692 1065
676 4
675 1784
1947 1842
1075 733
220 382
1915 217
1124 1487
169 1465
1339 1945
149 1916
10 1853
313 850
1294 719
35 387
1100 710
815 1292
1962 1171
701 1563
1906 422
230 1030
1662 1277
390 823
1004 1418
776 599
837 1422
874 1166
1459 1143
716 1322
616 1777
1647 967
1351 1554
1091 1562
555 1976
1745 96
1806 1508
345 1427
958 145
1040 115
210 1847
789 1887
1397 923
716 258
177 1657
1637 335
428 128
1230 1668
1791 1188
166 1935
1347 1461
1605 660
6 566
1851 80
391 552
1143 1264
430 1517
488 453
917 1995
100 1412
117 745
1542 195
1919 464
798 747
1685 39
469 990
806 215
1299 1284
357 1843
1411 148
1987 226
1244 1207
1776 1341
1914 1115
1618 418
517 744
469 712
869 1645
641 708
764 637
325 1900
1157 355
779 1879
748 934
1196 1780
1153 645
1700 265
1121 971
280 641
670 200
479 1915
1326 490
1521 1553
1580 1285
1057 764
1011 1901
178 1407
1018 940
1920 1573
510 1198
885 1361
1272 1809
1118 226
1470 1160
1867 770
257 1162
1391 109
1890 1675
66 909
1466 787
1092 26
12 1040
143 1224
92 904
1696 82
388 1225
1374 1246
1642 1570
1687 848
1399 1169
619 1680
704 335
230 580
1846 1222
1399 1873
1634 1391
539 1115
1697 1404
1015 331
210 57
1202 581
1679 1309
1737 650
195 106
339 554
908 946
1610 730
445 906
989 888
324 673
1316 103
1658 703
1830 907
953 1196
1424 456
625 409
1094 969
1553 559
328 1060
670 975
572 75
539 1736
1720 816
523 1089
1243 88
1532 360
420 1282
886 203
48 443
882 1008
1319 1632
1105 843
993 685
1750 719
384 227
973 1279
653 365
970 886
1557 1925
827 392
680 957
1896 1469
165 1220
1468 1253
1926 170
1599 571
1874 1654
617 500
504 202
1807 373
1520 1813
1347 959
1816 271
1234 139
1746 158
1537 1769
433 336
1070 65
1602 1714
1262 1502
49 826
501 1306
646 1779
1441 1833
757 1429
348 338
748 1587
330 1900
1805 829
465 831
1420 827
1091 1795
1254 1951
23 1251
948 697
1132 226
1355 334
1885 1328
1894 791
1905 1299
1379 1181
756 126
291 1205
1162 741
1596 867
1010 1971
1610 1907
1616 967
1709 501
1073 115
1263 716
1949 540
1879 1022
1894 1558
72 497
1773 977
1383 819
769 1823
24 39
575 691
239 468
1776 1302
399 1739
93 1305
1778 1947
886 1426
1374 1113
106 532
216 1119
506 1880
231 986
105 1978
158 42
1314 947
1797 1997
742 1979
113 751
592 322
1606 990
655 322
1357 833
1917 1504
669 667
842 861
1052 1412
1016 1278
934 155
1461 1944
781 726
1889 1115
475 1399
1281 1963
1150 1214
1456 679
1801 1810
990 1856
449 42
1562 834
195 1528
956 1764
853 491
1463 567
1523 831
1167 1530
607 1625
1221 1727
1800 1409
1880 1317
165 608
1636 1330
1641 343
278 332
664 537
330 1385
417 972
151 1226
1488 1721
384 1727
55 867
566 26
1149 915
1663 772
53 862
1206 1844
994 1875
355 140
1166 1223
393 170
1314 1563
633 1731
223 943
115 1477
363 339
1753 438
53 1207
239 1778
165 142
864 243
846 1636
1635 1164
603 1289
1393 257
1397 1656
940 1859
942 1905
255 908
1600 1027
102 606
1167 1540
1819 853
1635 643
397 1328
1892 1345
403 1010
1953 930
1554 361
508 1695
1593 599
519 522
2 1119
325 1874
227 674
1083 1711
1016 531
459 721
136 1736
148 1496
731 119
1450 17
1414 866
789 1853
1792 549
1563 422
1025 1777
1864 1128
770 661
381 1205
1635 80
1228 586
1178 251
1630 638
1237 1562
1940 513
1681 1097
1996 788
132 108
328 812
325 1808
1982 1295
248 1375
1302 196
480 248
1414 1968
394 1635
1251 1807
1940 674
102 1490
919 1677
748 1394
1751 767
1689 1059
1161 1567
372 890
1315 1065
461 1178
828 194
461 1056
1343 384
1884 785
337 1666
634 142
1928 988
253 1176
463 144
763 669
150 464
534 1478
1600 1195
484 1161
1519 919
641 552
1503 951
21 1436
957 555
290 738
791 169
707 622
292 1927
1238 936
332 262
1372 11
1353 768
274 1166
1784 1074
1591 808
977 1952
672 1693
690 993
1551 1851
46 1920
1414 1522
1319 806
1094 991
1978 451
197 1373
906 1404
1207 1823
1642 308
466 1662
1183 1133
1720 1077
873 1902
1255 1232
1738 1919
1147 90
1223 1688
1501 853
156 445
1860 296
1611 564
1265 757
1188 933
1721 935
295 1944
1278 456
1058 1115
1803 740
1147 537
1324 1612
794 1833
979 339
1245 1075
1413 565
1558 105
1374 1752
689 1346
1747 799
862 667
256 605
156 1824
1419 794
109 1828
21 274
165 1782
1387 690
1861 1515
176 1249
1477 1017
1689 1912
447 167
1558 1999
1779 453
1346 1196
634 130
100 156
1442 369
1664 479
287 1729
792 419
406 328
736 1395
1004 1724
1661 473
998 577
89 1990
191 762
1702 1077
1960 8
796 699
648 1935
969 1724
845 1539
223 510
1375 1837
1003 1648
493 654
120 1359
919 1225
967 874
89 1177
498 699
724 329
951 285
572 1558
583 86
1188 215
909 1138
1916 941
968 1503
1369 823
685 889
422 1310
1831 1223
51 1018
1162 1036
438 1751
547 1105
85 1587
1438 333
89 462
434 400
851 500
107 1121
1611 936
886 1453
1744 1853
1216 759
944 294
1005 872
942 761
725 97
1526 52
1555 290
630 1167
912 997
1042 216
104 957
1281 295
1906 1713
859 1277
761 1350
1111 370
224 989
1586 360
1038 1512
301 1639
906 96
1699 990
597 1381
1184 292
1397 565
899 750
1720 823
629 834
1553 33
247 1313
124 9
926 1401
1129 132
1775 1722
593 1920
1820 249
636 190
1116 1561
993 929
397 495
769 635
1263 784
1599 1439
1192 1951
58 1369
615 518
1439 720
582 978
1657 1582
667 257
1937 1824
534 1976
113 535
1355 1582
58 1877
1791 1347
6 559
939 43
21 1318
520 511
557 230
1798 817
1993 131
351 243
664 1047
1788 470
149 1002
117 1423
1448 1221
1446 1074
1636 1370
1553 1425
1525 108
933 1553
40 416
55 1398
1495 620
686 1611
1827 1841
1203 1776
682 495
1291 1655
932 1187
769 588
1338 84
1617 1389
1513 153
260 961
686 1606
453 1791
192 823
1512 727
1141 440
1718 1560
642 1650
192 1472
1555 1237
536 1953
1442 1881
1199 90
703 426
1612 616
1124 832
1622 1
1527 1515
1425 1438
1260 1619
1101 968
399 925
858 87
1644 231
1091 1130
543 32
803 144
1962 1283
457 179
1169 1977
1830 683
218 1123
1314 343
1197 1799
1232 187
82 385
877 1195
1508 506
1999 1929
268 652
404 1838
348 474
969 1011
953 699
288 1272
188 1146
626 1496
1917 582
1041 1934
1549 1795
1609 1631
224 682
710 1674
1645 1532
1704 1282
718 1380
633 276
817 990
285 409
1414 1087
1597 1237
1462 722
1102 1091
822 1813
1187 1409
1401 1261
925 148
1751 1057
1551 1871
726 492
1780 1297
1781 1175
1219 644
1223 934
1847 1063
588 126
199 685
1504 999
1915 469
1250 1007
983 1857
606 1052
1059 1771
157 1976
1310 1249
1777 1634
876 315
767 1292
875 1859
894 719
1801 623
1326 764
1501 1172
454 468
487 350
1778 1559
1827 1469
1799 533
1791 1043
400 646
590 1674
34 922
1848 784
939 69
1500 863
1105 847
23 501
721 664
726 1326
1141 1819
1634 1916
812 665
1289 325
753 401
318 1734
1707 979
1854 1404
343 1703
727 1077
1195 340
140 1142
1099 260
1185 573
333 1519
67 464
21 1728
103 1530
1911 306
623 532
952 250
599 1022
55 819
1441 1548
953 775
163 1616
931 667
434 1011
1611 1000
969 1884
1181 1493
528 118
713 1787
144 1925
1373 1918
505 526
1671 1002
1745 1636
1583 269
358 1961
1655 496
346 280
458 1684
617 1537
335 168
1870 1898
1858 1427
1193 980
1189 115
1022 1305
1731 901
144 1073
1471 100
317 767
552 1093
1359 1280
711 1868
414 690
84 1281
1518 623
1690 385
529 515
1405 1050
907 29
733 328
942 1034
1176 1889
1441 865
1714 1282
1442 793
1912 793
1130 1954
542 1262
954 1002
792 202
286 1277
1434 268
517 693
1390 394
676 1155
1018 277
969 804
612 597
1638 911
906 1492
545 725
1803 296
1981 1938
1981 479
1623 482
550 1420
1558 1546
210 1978
1718 1291
1299 1660
475 705
1856 1888
1553 1839
122 1366
259 40
1888 1607
176 1263
1381 1688
1888 1082
1107 1506
452 664
1671 1740
276 277
695 797
8 959
1848 903
452 1580
1139 1511
1999 1715
1413 950
1051 321
637 623
1913 1924
8 392
757 1904
462 1039
1992 1367
1195 1568
1104 340
1440 1515
1432 1459
1888 246
1637 1763
698 1296
1974 1804
475 1911
619 1272
70 1110
1943 539
189 814
328 1814
814 1118
54 222
72 1471
851 86
636 925
804 140
1782 1024
1107 582
138 234
1594 1708
1566 31
154 1442
1968 1376
193 802
281 1144
1099 1288
641 1884
451 83
1138 1249
1150 894
165 590
877 1856
1798 247
1779 971
291 1084
1923 1503
1356 973
1830 212
426 1220
713 852
625 1055
631 1155
715 131
1479 1541
1205 780
1158 633
1849 1388
977 1686
726 136
1762 1179
1898 546
84 495
1830 1310
1834 906
1041 763
1001 1403
1134 979
617 864
261 1331
1268 1974
1571 542
1597 1356
417 1511
372 879
607 638
1632 1045
1209 319
1790 1980
1566 1558
59 1186
174 401
1266 1687
1672 452
1386 1815
1893 1469
337 712
583 1764
1907 120
1076 1411
636 431
558 976
171 479
1465 1478
259 1656
1654 105
1080 1827
1720 1148
1711 1995
1929 1241
499 1212
1804 1602
1482 279
1336 252
743 471
1778 116
188 819
1358 621
1615 1437
1647 332
1660 1685
442 995
1868 755
200 1674
1852 386
306 1018
760 1715
754 1314
1485 737
1984 474
1522 291
1141 348
1623 1708
1650 1264
1098 1387
1107 430
1790 1251
1314 1138
967 1409
1593 306
22 665
1503 972
562 498
1772 414
1013 1157
106 1695
793 255
103 614
806 413
688 1915
1826 1174
697 1240
33 952
872 1311
1474 454
1149 650
1017 1054
173 1540
1795 1446
1699 1411
730 870
1884 1927
1464 46
80 1241
991 533
1308 775
1520 1575
680 345
508 1450
1661 1401
1811 15
1569 41
1231 1071
1590 997
1413 832
80 1148
471 297
707 1771
560 586
1958 638
1010 35
1296 1259
1082 1744
75 340
468 1588
953 502
1322 426
1790 614
689 807
747 1943
1146 1836
1086 1786
485 502
444 1167
1467 1436
265 1063
755 57
1594 240
1685 1110
1453 1087
154 1359
1064 1640
1742 1087
697 977
1191 183
472 391
1748 1510
382 835
1358 1819
1945 369
30 1385
594 1282
1915 1847
511 1016
121 380
1997 1991
632 1382
985 822
1034 513
66 164
59 1024
824 731
428 1151
1134 939
265 600
191 1071
958 366
1428 596
494 665
998 74
1695 1585
1768 228
1721 1102
487 1468
97 1038
326 1648
266 1311
1508 451
1856 1410
596 441
180 1424
356 1534
1291 1205
626 112
1764 1139
706 262
1599 1085
529 1465
1238 1962
996 272
828 1581
1559 1643
281 1620
1954 150
1195 1346
715 585
1662 548
818 892
1781 429
181 384
248 910
911 861
1998 1281
1267 6
1599 738
702 625
1440 494
1950 1813
513 814
321 1181
1940 373
546 1567
1314 1090
208 1037
1690 562
759 371
607 1066
1023 1487
1231 1021
143 1303
407 799
291 719
1251 154
1628 1005
224 1927
1786 532
211 181
197 1814
24 1834
1472 549
225 563
1630 1380
1491 276
625 1313
133 1066
369 1613
1925 587
1075 1278
1118 1566
399 870
208 904
885 1553
1871 312
131 1600
1576 410
715 1398
1746 168
1504 1661
1460 569
1888 254
1518 294
1905 282
1757 512
433 909
1615 1985
115 766
927 1032
1433 1122
1048 1969
436 1389
1669 335
153 1626
1634 697
1743 1394
1000 485
603 1724
1401 1586
1627 1147
750 1674
104 477
1247 1916
1349 740
215 972
1011 746
1833 270
1542 1160
1034 649
1406 296
1726 1505
694 82
1905 738
1207 1476
1910 624
969 936
718 611
1995 1018
757 407
1664 112
1817 1069
1803 743
1251 1371
1020 1102
285 1830
1204 809
1177 575
1310 1666
1312 280
1300 528
1302 1440
1191 37
1345 1997
185 1135
1921 378
1998 1770
1021 1990
165 1623
648 1038
231 827
611 647
724 1233
769 186
1600 1344
932 316
795 374
1698 468
1855 1923
874 1118
1063 1079
1314 1887
942 615
1504 1198
1636 499
151 987
1313 978
518 1312
1273 337
1712 263
547 1211
748 1257
1954 693
1393 739
580 340
1251 33
1146 707
849 1206
971 1854
1143 1218
1570 299
1955 1880
1425 918
226 1503
324 792
575 489
108 1926
652 810
1774 1426
1629 1383
1075 1735
284 1340
308 476
672 1671
649 1943
1143 1008
1437 546
1616 1728
185 1830
1207 568
1261 1244
721 679
1283 633
347 1063
910 41
891 1973
1979 397
1189 1476
1527 1193
1528 535
1010 1166
1472 1402
1730 210
1646 1839
368 566
18 301
936 1816
969 956
1688 1431
1343 79
1351 501
1754 1519
333 1230
878 1695
275 1737
1796 905
408 1138
1800 1687
1301 81
533 1603
76 1981
1608 953
627 1065
1802 329
1087 228
1348 507
619 1132
1600 1618
395 922
1066 385
299 16
53 1343
130 1628
1205 1346
431 1372
85 949
1930 1340
1057 1356
756 1736
1201 1801
896 90
718 792
1693 234
92 1861
609 1525
1502 240
1872 843
486 1670
1332 1045
1137 1903
1034 558
356 799
1007 464
1640 259
697 642
657 1664
1959 552
219 17
1197 1358
780 1113
1407 462
696 1358
739 689
1672 1346
449 383
1516 1204
341 352
797 132
1869 301
439 342
379 712
1673 922
1393 1256
1708 858
992 718
1497 1279
1099 405
757 665
663 1009
299 284
1547 1276
1758 1909
281 1512
1469 1819
526 606
1019 399
1333 473
1602 1199
1331 396
897 1945
1040 1667
1966 319
654 756
1146 141
1898 1304
188 576
1838 966
1801 799
929 1644
1050 1090
185 1332
337 796
1579 814
37 1062
928 486
138 1503
899 1316
459 635
1611 1527
195 363
1106 924
910 563
1912 1734
1730 214
729 1964
1723 905
767 40
665 1482
696 1445
1404 832
34 1675
963 666
870 1100
945 911
1223 451
184 971
1441 1205
1747 1609
931 1652
1598 1995
262 744
953 692
1578 69
1684 376
1074 666
228 92
533 898
1131 775
1986 166
599 331
1575 1460
304 1086
154 1444
1539 578
1115 889
1756 300
473 1668
1002 918
868 592
696 754
594 1093
673 1779
269 1175
124 1547
1556 1992
554 842
900 397
488 832
1826 1040
252 672
1932 336
197 1994
539 151
263 1097
1729 482
338 280
1017 394
1963 786
1039 439
950 454
1483 1070
1586 1553
1361 308
1716 436
965 869
1830 1685
1813 1137
1066 946
1400 91
948 246
792 572
1205 275
421 929
1835 1074
221 1444
1497 724
674 1989
486 1132
1614 1182
1503 280
1969 1766
375 1807
112 100
1164 7
35 796
1752 1632
1099 1497
1122 937
1718 1091
1537 327
936 1863
655 702
685 1490
1685 310
259 1099
542 643
994 755
520 1049
1061 652
744 459
1794 1502
842 1379
338 1973
118 1151
1981 890
1290 1805
1687 893
1105 1858
763 481
1792 1938
1779 51
1128 1227
695 276
296 24
560 1708
1614 664
1031 1866
1465 1089
538 1432
70 562
1957 1696
844 1073
1975 491
398 1281
1266 486
1642 791
897 488
87 140
92 202
1002 1321
1542 1321
1882 1917
730 640
353 436
1263 1224
233 1848
1278 1102
1165 17
752 1533
199 195
769 1062
961 133
466 794
1594 1380
73 653
1097 1439
976 529
1671 1772
1485 1738
33 137
1263 946
1248 927
1526 1216
1505 198
1611 1653
1558 867
1747 1899
1960 1708
1886 1282
638 1613
862 1994
1891 913
91 1941
1681 1420
1932 413
731 1783
1456 1544
118 1318
1763 511
473 1867
1894 121
1904 909
2 1198
1182 829
1233 49
1937 90
774 732
340 207
974 1722
1284 37
1099 1708
130 177
1551 10
305 1087
1170 887
1569 1519
1368 1759
1686 1205
1394 1363
1702 1637
1100 455
204 642
1785 62
45 635
1879 661
1237 193
1536 845
1480 960
704 1194
144 1356
259 736
1305 924
1124 1248
256 1128
1462 1320
1685 1046
1374 223
1948 256
1585 964
1381 1494
765 1132
58 91
1237 1729
569 161
1826 68
1159 1223
1260 1258
646 1309
1331 566
685 1091
1154 949
1472 70
1769 510
973 1459
1936 614
1465 1708
1163 1807
991 1116
848 1807
1728 911
1741 1942
1041 693
1634 1935
826 1077
1661 1148
74 331
261 1652
123 866
1406 1812
1517 1003
1432 20
410 1850
1400 1206
1041 1518
1425 1067
1940 88
1846 659
598 856
161 1405
1156 1240
1659 1290
1488 769
436 1048
270 586
324 1785
1585 254
1938 727
1352 1969
848 1909
592 1311
927 1096
1615 1545
1541 1019
68 688
1453 1367
1522 940
1400 526
1276 1261
176 1289
989 1510
72 1023
964 891
460 425
1428 857
53 369
1859 1606
1212 179
456 724
1941 710
276 507
1415 238
659 791
836 1829
1424 1403
1210 1441
1352 531
55 1978
1517 738
125 1716
1720 1083
400 1414
775 200
624 1115
599 698
1730 1472
874 1995
543 865
871 1093
1626 1626 1626 1627 1626 1626 1626 1626 1626 1626 1626 1627 1626 1627 1626 1626 1626 1626 1626 1626 1626 1626 1626 1626 1626 1626 1626 1626 1626 1626 1626 1626 1626 1626 1626 1631 1626 1627 1626 1626 1626 1626 1626 1626 1626 1626 1626 1626 1626 1626 1626 1626 1626 1628 1626 1626 1626 1626 1626 1626 1627 1626 1630 1626 1626 1628 1626 1626 1626 1626 1627 1626 1627 1626 1626 1626 1626 1626 1626 1626 1626 1626 1626 1626 1626 1626 1626 1626 1626 1626 1626 1626 1626 1626 1626 1626 1626 1627 1626 1626 1626 1626 1626 1626 1626 1626 1626 1626 1626 1627 1626 1626 1626 1626 1626 1627 1626 1626 1629 1629 1626 1626 1626 1626 1626 1626 1627 1626 1627 1626 1626 1626 1626 1628 1627 1626 1626 1626 1629 1626 1627 1626 1628 1626 1626 1626 1626 1626 1626 1626 1626 1628 1626 1626 1626 1626 1627 1626 1626 1627 1626 1626 1626 1629 1626 1626 1628 1626 1626 1626 1627 1627 1626 1627 1627 1626 1626 1626 1626 1627 1626 1626 1627 1626 1627 1626 1626 1626 1626 1626 1626 1626 1626 1626 1626 1627 1626 1626 1626 1626 1626 1626 1627 1627 1626 1627 1626 1626 1627 1626 1626 1626 1626 1626 1626 1626 1627 1626 1627 1626 1626 1629 1626 1626 1626 1626 1629 1626 1626 1626 1626 1627 1626 1626 1626 1627 1627 1626 1626 1626 1628 1626 1627 1626 1626 1626 1626 1626 1626 1626 1626 1626 1626 1626 1626 1626 1626 1626 1626 1626 1626 1626 1626 1626 1630 1626 1626 1626 1626 1627 1626 1626 1627 1626 1626 1626 1626 1626 1627 1626 1626 1626 1627 1626 1626 1627 1627 1626 1626 1626 1626 1626 1627 1626 1626 1626 1626 1627 1626 1626 1626 1626 1627 1628 1626 1626 1626 1626 1627 1626 1627 1626 1626 1626 1626 1628 1626 1626 1628 1626 1626 1626 1626 1626 1626 1627 1626 1626 1626 1626 1626 1627 1626 1627 1626 1626 1626 1626 1626 1626 1626 1626 1626 1626 1626 1626 1626 1626 1627 1626 1628 1626 1627 1626 1626 1626 1626 1628 1626 1626 1626 1626 1626 1626 1626 1626 1627 1626 1626 1626 1626 1627 1626 1626 1626 1626 1626 1626 1626 1626 1626 1626 1627 1626 1626 1626 1626 1626 1627 1626 1626 1626 1627 1626 1627 1628 1626 1626 1626 1626 1626 1626 1626 1626 1626 1626 1626 1626 1626 1627 1627 1626 1626 1626 1626 1626 1631 1626 1626 1626 1626 1626 1627 1626 1626 1627 1626 1626 1626 1626 1626 1626 1626 1626 1627 1626 1627 1627 1626 1628 1626 1626 1626 1626 1626 1627 1627 1626 1626 1627 1626 1626 1627 1626 1627 1626 1626 1626 1626 1626 1626 1626 1626 1626 1626 1628 1627 1626 1626 1626 1626 1626 1626 1626 1626 1626 1627 1626 1626 1626 1626 1626 1627 1626 1628 1626 1626 1626 1626 1626 1626 1626 1626 1626 1626 1626 1626 1626 1626 1626 1626 1627 1626 1626 1626 1626 1626 1626 1626 1626 1626 1626 1626 1626 1626 1627 1626 1626 1626 1626 1626 1626 1626 1626 1626 1626 1626 1627 1626 1628 1626 1626 1626 1626 1626 1628 1627 1626 1626 1627 1626 1626 1626 1626 1626 1626 1626 1630 1626 1626 1626 1626 1626 1626 1626 1626 1626 1626 1626 1627 1626 1626 1626 1626 1626 1626 1626 1626 1626 1626 1626 1626 1626 1627 1626 1626 1626 1626 1627 1626 1626 1626 1626 1626 1628 1630 1626 1626 1628 1626 1626 1626 1627 1626 1627 1626 1626 1626 1626 1629 1627 1626 1626 1626 1626 1626 1626 1626 1626 1627 1626 1627 1626 1626 1626 1627 1626 1626 1626 1626 1627 1626 1626 1626 1626 1626 1626 1626 1626 1626 1626 1626 1626 1626 1626 1628 1626 1626 1626 1626 1626 1626 1626 1626 1628 1626 1626 1626 1626 1626 1628 1626 1626 1626 1626 1626 1626 1627 1626 1626 1626 1627 1628 1626 1626 1626 1626 1627 1626 1626 1627 1626 1626 1628 1626 1626 1626 1627 1626 1626 1626 1626 1626 1627 1626 1626 1626 1626 1626 1628 1626 1626 1626 1626 1626 1626 1626 1626 1626 1627 1627 1626 1626 1626 1626 1626 1626 1626 1626 1626 1627 1626 1629 1627 1627 1626 1628 1626 1626 1627 1626 1626 1626 1626 1626 1626 1626 1627 1626 1626 1626 1626 1626 1627 1627 1632 1626 1626 1626 1626 1627 1626 1626 1626 1626 1626 1626 1626 1626 1626 1627 1626 1626 1626 1626 1626 1626 1628 1626 1626 1626 1626 1626 1626 1626 1626 1626 1626 1626 1626 1626 1626 1627 1626 1626 1627 1626 1626 1626 1626 1627 1627 1626 1626 1626 1626 1626 1628 1626 1626 1627 1626 1626 1626 1626 1626 1626 1626 1626 1627 1626 1626 1626 1626 1626 1626 1626 1626 1626 1626 1626 1626 1626 1626 1626 1626 1626 1626 1626 1626 1628 1626 1626 1626 1626 1626 1626 1626 1626 1626 1626 1626 1626 1626 1626 1626 1627 1626 1626 1627 1626 1626 1626 1626 1626 1626 1627 1626 1626 1626 1626 1627 1626 1626 1626 1626 1626 1626 1626 1627 1626 1626 1627 1626 1626 1626 1626 1626 1626 1627 1626 1626 1626 1626 1626 1626 1626 1627 1626 1626 1626 1626 1627 1627 1626 1626 1626 1626 1626 1626 1626 1626 1626 1626 1627 1626 1626 1626 1626 1626 1626 1626 1626 1626 1626 1626 1626 1626 1626 1626 1626 1626 1626 1627 1626 1627 1626 1626 1626 1626 1626 1626 1626 1626 1630 1626 1626 1626 1626 1626 1626 1627 1626 1626 1626 1626 1627 1627 1626 1626 1626 1626 1626 1627 1626 1626 1627 1626 1626 1626 1626 1626 1626 1627 1626 1627 1626 1626 1626 1626 1626 1626 1626 1626 1626 1626 1626 1626 1626 1626 1626 1626 1626 1626 1626 1626 1626 1626 1626 1626 1626 1626 1626 1626 1626 1628 1626 1626 1626 1626 1626 1626 1627 1626 1626 1626 1626 1626 1626 1626 1626 1626 1626 1627 1626 1627 1626 1626 1627 1626 1626 1629 1630 1626 1626 1626 1626 1626 1626 1627 1626 1626 1626 1626 1626 1626 1628 1628 1626 1626 1626 1630 1627 1626 1626 1626 1627 1626 1626 1626 1626 1627 1627 1627 1626 1626 1626 1626 1627 1626 1626 1626 1627 1626 1626 1626 1626 1627 1626 1626 1626 1626 1626 1627 1626 1626 1627 1626 1627 1626 1626 1627 1626 1626 1626 1626 1626 1626 1626 1626 1626 1626 1626 1627 1626 1626 1626 1626 1626 1626 1626 1626 1626 1626 1626 1627 1626 1626 1626 1626 1626 1626 1626 1626 1626 1626 1626 1627 1626 1626 1627 1628 1626 1627 1626 1626 1626 1626 1626 1626 1626 1628 1626 1626 1626 1626 1626 1626 1626 1626 1626 1626 1626 1626 1628 1627 1626 1626 1629 1626 1627 1626 1626 1627 1626 1626 1626 1627 1626 1626 1626 1626 1627 1626 1626 1626 1626 1626 1626 1627 1626 1626 1626 1626 1626 1626 1626 1627 1626 1626 1627 1626 1627 1626 1626 1626 1626 1626 1626 1626 1626 1626 1626 1627 1626 1626 1626 1626 1626 1626 1626 1628 1626 1626 1626 1626 1626 1626 1626 1626 1627 1626 1627 1626 1626 1627 1626 1626 1629 1626 1626 1626 1627 1626 1626 1626 1628 1626 1626 1626 1626 1628 1626 1627 1626 1626 1628 1627 1626 1626 1626 1626 1626 1628 1626 1627 1626 1626 1627 1626 1627 1628 1626 1626 1628 1626 1626 1626 1626 1627 1626 1626 1626 1626 1626 1627 1627 1626 1628 1626 1626 1626 1626 1626 1626 1626 1626 1626 1627 1626 1627 1626 1626 1626 1626 1626 1626 1626 1626 1628 1626 1626 1626 1626 1630 1627 1626 1626 1626 1626 1626 1626 1626 1628 1626 1626 1626 1626 1626 1626 1626 1626 1631 1627 1626 1626 1626 1626 1626 1626 1626 1626 1626 1626 1627 1626 1626 1626 1626 1626 1626 1626 1626 1626 1627 1626 1627 1626 1626 1626 1626 1626 1626 1627 1630 1626 1626 1626 1626 1626 1626 1628 1626 1626 1626 1626 1626 1627 1626 1626 1627 1626 1626 1626 1626 1626 1628 1626 1626 1626 1626 1627 1626 1627 1628 1626 1626 1626 1626 1626 1626 1626 1626 1626 1626 1626 1626 1626 1626 1626 1626 1627 1626 1626 1626 1626 1626 1626 1626 1626 1626 1627 1626 1626 1627 1627 1626 1626 1628 1626 1626 1626 1626 1626 1626 1626 1626 1627 1626 1626 1626 1626 1626 1626 1627 1626 1627 1626 1627 1626 1627 1629 1626 1626 1626 1626 1626 1626 1626 1627 1626 1626 1626 1626 1626 1626 1626 1626 1626 1626 1626 1626 1626 1626 1626 1626 1627 1631 1626 1626 1626 1628 1627 1626 1626 1626 1626 1626 1626 1626 1626 1626 1627 1626 1626 1626 1626 1626 1626 1628 1626 1626 1627 1626 1626 1626 1626 1626 1626 1627 1630 1628 1626 1627 1627 1627 1626 1626 1626 1626 1626 1626 1626 1626 1626 1626 1626 1626 1626 1628 1626 1629 1626 1626 1626 1627 1626 1626 1627 1626 1630 1626 1626 1626 1626 1626 1626 1626 1626 1626 1626 1626 1626 1629 1626 1626 1626 1626 1627 1626 1627 1626 1626 1627 1627 1626 1626 1626 1626 1626 1626 1626 1627 1626 1626 1626 1626 1626 1626 1626 1626 1626 1626 1626 1626 1626 1626 1626 1626 1626 1626 1626 1626 1626 1626 1626 1626 1628 1626 1626 1626 1626 1626 1626 1626 1626 1626 1628 1626 1628 1626 1626 1626 1627 1627 1626 1626 1627 1628 1626 1626 1626 1626 1626 1627 1626 1626 1626 1626 1626 1627 1626 1626 1626 1626 1626 1626 1626 1626 1626 1626 1628 1626 1626 1626 1626 1627 1626 1626 1626 1627 1626 1626 1626 1626 1626 1626 1626 1627 1626 1626 1626 1626 1626 1626 1626 1626 1626 1626 1626 1626 1626 1626 1626 1626 1626 1628 1626 1627 1626 1626 1626 1627 1626 1626 1626 1626 1627 1626 1626 1626 1629 1626 1626 1626 1626 1626 1626 1626 1626 1626 1626 1626 1626 1626 1626 1626 1628 1626 1626 1626 1626 1626 1626 1626 1626 1626 1626 1626 1626 1626 1626 1626 1628 1626 1626 1626 1627 1626 1626 1627 1626 1626 1626 1626 1626 1627 1626 1626 1626 1626 1626 1627 1626 1626 1626 1626 1626 1626 1626 1626 1626 1626 1628 1626 1627 1626 1626 1626 1626 1626 1626 1626 1626 1627 1626 1626 1628 1626 1626 1626 1626 1626 1626 1626 1626 1626 1626 1627 1627 1626 1626 1628 1626 1626 1626 1626 1628 1626 1627 1626 1626 1626 1626 1627 1626 1626 1626 1627 1626 1626 1626 1627 1626 1626 1626 1626 1626 1626 1627 1626 1626 1626 1626 1626 1626 1627 1626 1626 1626 1626 1626 1627 1626 1626 1626 1626 1626 1626 1626 1626 1626 1626 1626 1626 1626 1626 1627 1626 1626 1626 1626 1626 1626 1626 1626 1626 1629 1626 1626 1626 1626 1626 1626 1626 1626 1626 1626 1626 1626 1626 1628 1626 1626 1626 1627 1626 1626 1626 1626 1626 1626 1626 1626 1626 1627 1626 1626 1626 1628 1626 1628 1626 1626 1626 1626 1626 1626 1626 1626 1626 1627 1626 1626 1627 1627 1626 1626 1626 1626 1626 1626 1627 1626 1626 1627 1627 1626 1626 1626 1627 1627 1626 1626 1626 1627 1626 1626 1626 1626 1626 1627 1626 1626 1626 1626 1628 1626 1627 1626 1626 1627 1627 1626 1626 1626 1626 1627 1626 1626 1626 1626 1628 1626 1626 1626 1626 1626 1626 1626 1627 1627 1626 1627 1626 1626 1626 1626 1626 1626 1627 1626 1627 1626 1626 1627 1626 1626 1627 1626 1626 1626 1626 1626 1626 1626 1626 1626 1626 1627 1626 1626 1626 1626 1626 1626 1627 1626 1626 1626 1629 1626 1626 1626 1626 1627 1627 1626 1626 1626 1626 1626 1626 1626 1626 1626 1626 1626 1626 1626 1626 1626 1626 1626 1626 1627 1626 1627 1627 1626 1626 1628 1626 1626 1626 1627 1626 1626 1626 1628
