2000 4000
1785 1659
1747 68
595 943
681 439
1942 1997
231 1428
438 806
288 364
1308 1568
764 811
4 328
371 738
1972 1900
1514 490
1205 962
1606 1203
813 939
1845 692
1396 432
877 1721
1756 1686
669 1681
352 1265
923 1746
841 1695
1903 534
622 1058
226 992
1393 1253
1311 880
933 1498
893 1197
1442 1865
1346 254
984 1204
492 1482
1282 1019
368 305
1152 1492
279 1715
1904 246
1941 1108
991 1644
70 56
868 1504
698 1996
1955 1969
804 1260
659 636
1777 1463
1747 466
896 83
1646 985
1522 559
1297 417
1659 196
1272 971
1537 326
1489 1907
1040 458
5 1334
916 262
1675 537
1878 51
265 576
434 496
1888 726
455 1271
1589 656
1880 1997
1748 1456
1926 514
1852 619
54 1740
1258 875
1331 1142
766 1755
1399 762
479 58
1205 580
1173 336
1691 495
1358 814
1027 820
612 14
664 378
652 1858
1215 800
1340 597
206 1852
570 124
1140 1473
525 1430
205 1786
97 1958
221 1951
879 1565
1462 755
772 1606
1990 1561
660 366
859 1466
1888 783
1650 333
750 1110
933 35
1591 1772
764 245
942 565
1627 498
334 1680
851 1425
949 841
729 1008
87 514
733 1641
1766 1675
640 1572
722 390
1593 969
1613 181
228 1953
661 1253
433 1372
1178 1247
955 55
642 1880
350 1870
1067 731
1782 366
1835 1670
518 1940
179 354
214 1728
1286 961
1797 674
1044 1600
902 1953
1404 1087
344 742
825 1916
412 368
386 824
1819 238
1654 1378
1575 190
69 1964
1511 1445
1137 1211
257 1331
1181 23
1495 1678
676 718
323 390
1536 26
79 296
1676 1235
1646 76
1053 1273
1517 1978
1444 1067
1661 1098
536 1285
1027 590
404 1278
1774 412
1495 1091
1597 2
1745 1516
1762 1231
1772 1736
631 173
974 1935
1167 533
356 812
150 1680
1426 1792
1979 803
1265 1546
531 984
932 1873
1718 1210
1928 1481
1354 662
1916 212
1379 1957
1832 357
1147 1328
896 1229
960 107
1836 1604
1278 1830
1802 211
1395 824
1783 105
361 335
940 702
118 1469
695 1720
1787 1801
1464 483
376 1162
49 1098
1546 1479
612 1776
602 1706
698 1644
633 1962
457 1855
595 576
510 87
1635 1348
1720 193
127 499
908 1191
1177 1009
1553 1906
1917 209
1981 1280
1089 1767
1788 1905
163 1952
839 151
540 1994
851 166
899 198
529 217
748 175
1353 1624
396 1902
1172 1825
125 1056
110 916
1706 1192
1717 1293
395 1586
525 1975
1103 1447
1021 1025
588 1460
1232 430
1773 84
233 903
594 411
1673 815
1055 262
1225 390
501 1616
196 1949
1661 477
1560 376
149 889
1187 120
1562 231
1890 872
1401 756
1256 1736
629 299
1453 1705
976 327
794 1109
1640 635
1190 1927
1277 1787
1048 619
135 1533
84 1068
1593 220
574 1540
885 1141
726 1323
1309 578
628 726
367 1177
1362 328
717 1132
1185 987
769 560
1194 488
337 1778
1559 657
1724 186
1352 1225
542 1590
722 279
749 1450
882 1935
1748 1652
634 1252
1122 505
864 902
1251 547
409 1708
1084 1503
219 1884
45 48
797 1252
901 283
1128 454
1020 967
248 137
423 649
335 948
300 84
1699 1708
1590 13
1965 169
1795 899
580 681
430 844
528 362
1030 516
147 551
1424 1853
1123 30
999 1168
593 1574
225 1919
1916 1645
1266 1562
1518 1955
1015 1810
1434 402
1382 1550
1982 676
959 1694
1515 1946
945 766
1118 430
1443 1783
310 1216
60 678
637 702
1660 247
1397 1238
1364 366
1312 1839
50 1635
1878 353
1047 1548
1270 1708
52 188
1895 799
451 503
888 260
1961 365
1498 135
951 1869
1316 1607
85 1869
1705 335
897 45
1246 669
1702 506
14 532
589 1773
781 572
331 530
1768 623
595 895
776 1201
1618 237
275 842
1334 1992
112 327
627 1658
1323 1078
1165 442
1523 1296
642 484
128 355
1102 1431
229 1539
1437 258
583 1743
1110 138
152 1059
1377 1677
1392 908
290 896
102 1821
275 189
1399 225
653 149
1729 763
1143 1095
1539 383
335 825
937 23
842 1201
1052 309
1015 1326
1216 1089
1625 1759
82 1978
1499 126
1899 1759
903 857
882 217
984 407
820 997
1750 1503
772 550
439 806
1450 671
291 1081
1575 673
850 1426
1289 1472
1479 1307
1924 1840
1039 240
1063 1345
1582 195
1914 1311
44 946
1265 1444
16 149
389 542
46 141
185 196
321 954
1889 384
1397 733
1880 1108
1144 1050
164 803
1868 1149
1139 914
824 1242
301 521
1127 1926
628 1323
1868 559
608 349
347 1330
1628 192
965 1974
1655 1195
1473 106
1250 209
1323 1164
1520 604
1218 591
1833 643
688 1622
1852 1251
1926 567
749 244
1599 626
898 719
11 1747
454 1262
1615 1373
1496 636
375 661
879 71
1050 736
632 28
519 1000
1948 762
752 300
818 491
224 1712
1208 701
545 1867
806 366
1486 1244
1395 566
772 1584
791 800
1027 991
534 1980
1650 1333
915 982
1072 580
1886 200
1943 1270
1405 1486
1206 1015
1831 1986
1675 595
1046 1287
929 1124
253 779
1479 894
326 942
1519 484
562 218
215 1215
1525 1623
988 689
193 1752
938 408
433 865
649 417
209 1048
1301 415
659 134
229 1843
1140 1919
1264 857
1536 1952
1032 986
1990 1930
905 477
823 276
199 1683
1932 890
1206 666
269 1066
221 1891
679 122
1097 766
38 881
895 1404
1390 885
1367 43
1039 1674
1079 1876
606 398
682 1517
1187 409
1953 679
1529 147
1243 1633
1091 1829
651 114
631 633
3 1972
1689 1263
1286 1735
950 788
1155 639
649 1619
1849 139
689 66
41 1427
321 346
1809 784
1069 696
1656 112
97 539
1183 162
1471 227
1018 1888
768 310
1944 67
98 943
1481 1827
1955 963
251 703
388 1956
1812 1016
1674 54
103 1655
1690 346
836 59
1464 1430
181 1663
1619 23
540 1144
1927 1496
689 1554
1258 1799
84 937
1284 1874
821 817
457 1092
1081 1692
1849 1114
1008 1386
1939 1187
787 1166
1598 1033
330 425
345 1922
1160 1657
204 1627
1755 65
934 1180
825 1321
1496 466
1859 909
83 218
353 640
1992 1922
319 1189
212 986
444 107
1743 1842
810 1795
687 1372
1685 502
956 1521
143 1408
972 982
1926 1885
1731 1262
939 1652
1735 372
338 926
1143 1988
456 1494
1582 1625
1561 1304
1053 1113
1510 200
1714 1378
1292 1194
126 658
1920 711
432 1132
1182 1556
1816 81
395 854
859 1602
1580 742
400 1433
1652 1873
1036 1564
1469 1648
1354 1529
120 161
1943 1921
674 683
1229 338
675 373
765 1466
1201 913
1685 301
952 664
39 836
237 630
1414 280
1804 1665
450 1321
881 837
1576 1358
841 503
1459 725
1669 697
1533 899
1551 993
694 826
619 466
686 1003
1065 1362
847 1176
1653 1267
1445 127
1496 337
1051 1584
745 1355
675 1731
142 287
1179 640
458 1290
1075 1059
922 1781
1425 1703
1514 1130
1860 1286
759 88
701 424
894 1432
1615 586
686 1052
898 371
545 1230
497 1319
512 117
1554 409
767 1542
1709 1678
502 1787
1503 1224
666 950
1665 957
191 101
1168 1213
1814 511
1861 1714
360 180
701 210
201 1172
1403 707
992 1368
144 506
402 1672
1385 33
1564 1245
598 1931
302 1081
1990 1411
747 23
1086 1672
970 1887
1485 1195
1265 1220
1475 931
1569 1595
329 152
1375 1249
1264 1106
1874 1021
1193 1456
1953 1416
666 138
1703 1374
482 207
742 141
1455 716
1118 1306
258 1871
1190 115
1083 681
481 1473
8 1965
14 680
538 1333
500 1061
992 869
1783 1057
927 1467
720 781
1189 770
612 260
910 1990
373 274
1388 494
1862 1066
1491 55
1287 749
95 1257
828 1358
1034 76
1046 1712
713 567
625 1476
710 1528
638 1626
193 1305
1415 1826
31 125
1159 20
330 1649
418 1105
1084 738
299 1945
1644 1579
1254 186
1279 234
1971 448
1448 488
1684 165
370 1724
1387 39
82 716
1921 964
193 1338
849 554
1824 1643
1962 1748
464 936
715 65
1111 1500
425 316
1016 148
431 537
131 1764
1169 680
223 1172
1277 1120
1702 1245
826 1888
1462 1717
1470 196
1271 973
1831 1866
933 777
1165 1044
426 608
474 849
389 1998
1275 1040
756 979
206 1991
751 1532
289 882
1698 263
1955 740
1003 767
1305 870
1981 1916
53 125
429 761
105 1925
909 194
298 1307
315 1149
1904 1854
1714 1150
140 1590
14 244
706 1296
207 1947
1400 108
445 514
1572 1815
522 1138
332 1884
1301 33
649 43
1764 1691
231 1851
1628 423
617 235
1740 333
1794 472
1603 592
945 1145
126 1081
12 5
1844 39
1239 985
619 1906
1804 287
1283 1340
992 1404
1213 1897
759 373
995 438
479 1692
1816 495
877 708
1075 1410
614 349
1122 1219
415 163
1397 533
402 1308
1137 789
1032 54
553 1771
681 1073
333 1183
616 1614
1791 656
1318 839
1672 1338
387 95
1585 1069
50 1872
288 1827
516 370
1164 713
1757 1907
2 499
1052 1141
1266 396
1203 698
174 1514
1946 1668
1913 1349
1498 311
709 1407
625 1892
1939 1262
1141 1739
1941 818
1430 1975
1403 1388
185 1115
67 1339
1824 1785
1214 1093
255 1977
857 940
339 428
780 1468
217 1711
573 948
1543 1859
1603 1976
373 1934
1571 930
278 255
1513 671
623 1063
1249 558
1627 637
1796 508
156 1822
930 252
739 1183
1200 29
1031 276
961 1931
1041 773
1834 1951
1554 1837
1669 274
1899 1181
1358 979
81 541
1373 1152
929 1153
1273 824
587 1050
520 967
938 1102
1342 455
1175 271
896 1734
784 1073
739 396
1877 1845
1364 537
1636 386
1291 1678
1193 1155
1733 117
718 1815
32 603
1605 1728
1066 1402
1961 1633
1034 1070
810 121
1327 1062
859 606
1252 1967
1735 77
1757 165
267 1024
1523 162
952 1100
482 97
1529 1101
1488 1208
860 1970
185 1259
1799 973
562 1915
1328 346
917 285
979 584
1666 741
132 1987
425 478
493 444
432 1628
1201 595
184 1191
1232 184
1400 1251
1274 1937
142 225
346 1563
1223 543
1084 1658
1503 1539
1049 1749
1263 5
1919 31
1670 851
1655 633
325 1211
1390 1854
1198 319
544 632
1455 1516
143 429
207 398
1457 1697
1969 177
121 532
1350 1001
130 1265
499 1090
1571 108
1864 1882
1824 1048
437 14
500 180
276 1929
418 1109
314 72
337 424
628 667
1798 1510
1887 176
1888 1811
317 936
653 422
930 384
482 1958
184 1548
870 731
525 1368
415 1113
537 312
1142 1178
157 237
988 26
836 829
498 1455
819 213
269 999
1432 421
435 213
581 1201
1018 1924
1096 1138
513 591
294 1458
719 587
156 71
1846 1133
1234 1356
1132 1262
1520 1085
858 1610
260 1661
1828 1243
629 1657
1496 396
773 50
1091 1240
709 225
1957 236
1157 1673
1609 1379
113 1548
1618 1238
1194 971
1364 90
307 1952
1157 1562
1452 1857
897 643
726 1078
309 1993
1132 501
1074 1818
912 1540
706 793
1622 238
972 1128
730 1068
843 305
383 1428
677 1511
1083 847
496 1135
292 1045
1288 473
1626 671
349 1382
1144 425
144 109
257 183
1444 631
379 1463
462 1441
507 1362
1457 1292
160 583
1938 831
509 1829
528 214
173 67
1707 1383
953 900
1422 680
188 1488
100 78
1443 375
1040 1746
93 646
14 1726
1607 1862
551 32
1205 164
80 1793
187 1545
178 1983
479 1827
1976 588
1959 862
81 131
86 802
1557 1898
126 54
1161 1697
540 888
486 584
994 1575
866 467
1602 1929
978 617
1711 1610
641 847
863 1386
122 1739
1913 27
381 278
1434 1474
597 1300
302 964
394 1867
1928 909
196 775
1998 1102
1594 683
1525 1771
129 629
1589 690
1469 1373
1765 1439
1521 1981
70 902
1865 1237
723 19
208 1435
246 548
636 1689
2000 712
783 1318
404 311
1893 416
1459 1544
1351 1360
173 977
998 1249
1512 1255
9 727
1663 34
528 1437
1146 273
521 829
11 1407
1145 1738
974 1637
1470 565
250 1385
71 809
576 455
1778 1014
1162 1025
1491 243
1156 1399
1026 1655
1559 448
1813 753
1434 228
1022 385
97 365
7 201
977 67
886 80
447 916
774 618
323 915
733 940
1740 404
289 1185
485 735
193 349
1408 959
1430 1179
1066 1529
1460 1639
1241 1472
1556 1063
774 1111
301 1146
964 1123
393 598
1861 1984
1716 1921
1542 1976
967 1843
498 470
776 1546
1827 1915
386 1029
1359 996
692 253
624 1173
1616 173
555 1134
887 512
3 1931
1939 150
827 1325
1989 77
1487 19
1413 1257
903 795
1973 163
1919 1156
1397 1880
253 1290
148 1210
784 1476
262 447
1465 440
864 1076
1294 478
511 1615
478 686
932 62
1723 266
1013 1252
752 1829
287 682
586 949
1333 1653
907 1101
1896 1082
1925 1627
325 782
1158 1634
1323 1220
702 1252
451 239
1740 538
1226 1184
1100 270
639 875
1891 887
921 575
1236 960
514 354
737 1096
907 1004
1873 489
564 1097
474 1382
671 599
1762 4
1266 563
544 1608
1827 1043
1249 863
1900 1780
537 1038
35 472
1738 1042
1673 1786
1588 163
1438 183
131 801
1894 411
1234 557
1304 1383
267 1376
1746 1726
292 1981
25 178
1031 1602
1634 1098
237 1616
875 408
1476 1971
1631 1535
1586 735
84 348
597 997
1577 27
1573 228
957 1606
757 588
1196 1555
781 1365
1007 1656
1732 460
207 1866
1410 404
458 1949
663 293
1504 1060
1221 1536
1341 993
2 252
1739 1037
708 1514
1233 1118
699 234
684 441
1159 116
1152 693
605 1702
1501 455
250 1801
939 676
1985 1627
1912 282
1419 942
456 1538
819 1933
1511 499
1925 1564
681 1114
796 306
677 1710
1975 1179
1438 1506
657 1651
548 1176
260 1466
1900 606
861 1862
436 332
1448 884
1946 1614
1243 382
644 732
855 1920
1735 610
1449 728
1626 179
782 1802
1902 98
448 801
247 951
208 829
1097 1755
356 981
1069 921
877 1358
1708 1626
350 1448
727 1054
1199 928
1653 337
792 480
1983 107
264 146
668 31
203 1569
322 223
569 478
1334 1376
1304 807
654 1861
774 1318
1113 744
1793 694
487 1379
1174 474
1658 1799
119 432
405 833
980 1833
1581 557
902 611
454 1924
601 2
1417 808
517 1422
1842 1033
1900 1898
879 1544
65 422
1646 1747
1421 501
1829 749
361 721
337 626
811 1963
1621 1414
1688 1689
1964 1419
339 1989
766 370
50 1068
748 630
1733 548
685 1693
1570 1179
531 1586
1750 1658
1503 276
1499 1067
1982 370
1239 1102
1111 1318
35 787
1187 1817
421 729
1264 388
1580 344
696 1217
409 334
352 273
907 1721
122 899
1545 1788
1363 496
1314 1439
215 452
1155 1396
1198 1531
150 506
1370 1467
1136 1852
1077 1693
1460 110
1820 16
880 497
926 1228
707 342
329 1221
910 1308
492 1329
632 689
824 1661
1641 1736
888 824
1147 1054
988 343
924 454
651 1422
663 1771
1789 1344
1752 949
883 722
1150 659
1746 131
69 214
1889 404
699 737
384 1449
533 215
1344 1165
957 1104
1300 492
1625 1484
1360 18
869 750
1279 858
1675 1286
494 933
1997 160
1725 1853
1622 1624
1443 1260
1954 907
1726 1527
826 250
929 1173
1466 1490
607 925
759 1934
971 980
1151 44
313 1549
1875 754
224 1643
339 166
50 1855
142 1804
1507 774
1473 1506
1649 558
928 1561
1461 83
8 405
540 635
581 842
578 599
1377 998
243 1502
381 171
1813 1469
1154 1686
641 111
774 281
1758 1996
1918 545
610 1177
1825 158
125 1850
856 1038
1695 524
1411 596
12 659
1613 1565
1683 1453
285 915
207 1249
1797 282
194 1511
921 614
1959 1722
1047 1078
1567 1352
1917 1211
899 1402
1579 172
1646 557
989 188
325 1802
1694 1241
1145 1153
206 177
6 509
797 1330
611 1687
1777 1754
1974 1449
119 1584
786 1267
113 1782
1954 665
315 170
941 1175
1399 1969
977 903
1040 1740
34 380
690 1625
1667 1760
1382 1632
324 1029
717 914
119 1655
111 1497
1428 286
837 1289
1013 822
906 76
1589 548
558 12
1159 783
1719 214
1809 956
642 798
1727 664
1120 1580
1013 1330
359 1568
1663 1279
430 1405
13 1137
1526 747
574 1357
1962 1619
1935 1010
1630 542
1110 573
1707 1436
1652 738
1848 452
658 54
1849 386
365 482
1226 273
1083 264
904 751
81 350
778 325
400 1777
1377 683
250 151
769 1869
429 830
1693 1232
1769 36
1995 1274
1894 475
684 1773
1016 988
1220 578
75 1884
856 1162
230 754
512 891
165 1045
1583 1406
782 1250
1572 1715
1007 327
1280 356
1248 1147
1526 227
439 1322
244 60
832 1963
488 918
713 667
840 1538
214 102
1453 1651
747 890
182 1176
1984 244
678 1764
1283 210
1096 1993
1884 781
1672 1780
1099 320
1323 113
420 401
1745 29
108 948
703 803
1701 1282
1426 308
1494 1438
1241 1483
272 1641
1393 1595
1237 235
216 1859
260 49
79 1872
362 102
1467 380
1625 1397
668 696
582 1040
645 1880
1391 463
295 1682
1581 1051
474 94
134 744
1936 1087
1057 403
175 880
675 151
1972 1689
1978 1098
604 862
1716 838
464 684
7 1567
311 249
852 1306
334 1063
652 1848
672 945
1705 1892
178 93
486 725
1867 1267
1337 517
269 1766
1701 528
453 1495
1988 300
1267 1627
665 1004
139 1196
1007 1155
1829 28
138 1072
1382 269
907 1529
527 259
848 973
982 961
1594 1433
657 1596
1665 1591
114 1632
69 1912
1209 15
611 1251
905 488
37 1881
1568 637
1163 141
1847 979
979 1641
74 521
974 1010
1885 1887
1261 514
1668 1515
1055 865
426 1335
1319 1011
966 4
1560 1162
1623 1879
1211 1802
1320 1618
548 1027
55 254
1850 1631
329 283
48 1966
1478 1266
1244 1542
1213 968
1441 546
1059 58
249 1566
1923 1409
283 42
704 224
999 544
662 272
1376 885
1782 140
10 419
1696 1601
1383 1299
891 1293
1790 1829
1229 1491
1500 867
1271 1435
545 911
1578 343
347 892
74 117
1710 375
825 158
775 819
948 1254
778 1601
439 1949
634 975
1445 601
1351 898
1502 123
1091 28
1403 1476
196 1827
1595 661
296 50
459 410
1228 1936
245 743
1745 89
586 1089
1438 1538
222 371
1282 1821
226 761
459 1706
591 15
234 605
529 605
504 903
897 1548
1915 1612
1224 517
1130 158
1719 258
1775 394
222 524
304 1574
839 719
1484 1550
1311 876
757 1639
884 711
1218 753
1731 1178
405 1909
454 571
80 1744
591 1083
51 659
1952 1221
624 1994
1602 1327
376 521
1001 1082
1144 141
853 1052
1725 22
303 1620
1917 1727
1796 1704
568 1251
995 1647
1956 1935
640 525
709 775
1180 1357
1261 1856
769 1319
1321 1173
1085 747
1273 13
1104 1548
1170 707
1704 1105
405 663
1879 572
797 892
1898 1965
1829 1456
409 829
1585 1217
340 557
1632 1517
1809 79
250 1369
1325 697
1031 735
1866 935
1146 1220
573 387
1654 706
871 1020
163 1481
1981 1688
756 1160
1475 357
439 1114
1265 96
1823 549
1694 1122
759 561
1578 620
1549 963
524 1544
185 531
1733 1134
1338 1370
1874 1025
1805 108
1720 1192
1156 684
460 1354
964 52
1408 1005
1288 32
1050 454
724 1589
732 1945
905 990
1216 55
1716 1788
583 868
1097 1553
1882 923
104 502
210 1488
130 1114
575 861
716 1281
1807 641
1919 1367
685 947
1660 1148
1513 1074
271 164
737 504
548 724
873 1374
1872 450
358 1961
1849 1076
1011 1659
620 1680
1552 1308
925 365
1613 1025
471 760
1283 955
815 286
1028 323
543 1432
1534 1037
1278 1931
1117 1329
536 1315
431 1825
873 620
1968 117
243 92
1448 159
245 1091
654 1762
283 132
717 423
1888 1409
1596 596
187 55
1715 1973
1128 1276
801 720
1641 1445
1076 129
182 883
1997 1106
324 948
109 1810
638 1723
1135 1451
1269 451
734 1410
1438 456
1246 895
1898 888
1746 1732
549 1810
82 1553
1992 720
379 1777
259 1405
573 843
1403 1971
168 1942
385 1513
1695 1339
633 110
1780 654
1990 1299
1531 770
1498 1049
1772 1880
129 505
1182 1976
853 504
1459 714
1924 895
1640 999
69 1442
589 1192
1691 131
1094 1526
1765 1335
1118 1244
1799 650
171 461
441 96
1808 1792
1718 339
620 644
1792 443
1811 131
1003 1182
1460 834
1223 1609
1193 1733
1206 648
330 686
1226 1026
1582 1185
1205 746
877 1514
264 611
1817 649
1369 1435
1906 457
566 608
1807 279
1807 698
47 1788
1711 1702
1099 1833
1232 829
90 431
1852 707
726 713
1566 33
1101 1059
33 391
1363 835
562 247
782 547
64 1387
1022 1505
636 6
343 26
1089 114
1482 695
1909 435
410 647
1794 630
233 1923
110 1590
981 1275
1768 1959
1289 1200
1184 1265
1453 1121
1848 589
1315 1498
1019 1303
1057 1260
779 1838
271 418
1676 1185
284 220
1500 1507
1353 291
1519 1863
917 1772
281 767
746 1290
544 1940
731 1865
1388 455
1611 1983
950 1819
107 81
1738 104
830 1936
310 1645
609 966
175 497
1720 919
1220 966
291 654
308 1278
493 821
1115 407
863 1365
666 788
1145 917
1784 610
768 1202
889 1856
1593 376
132 553
1463 913
794 1864
653 1336
1734 80
157 195
1910 1850
1151 1675
4 1265
489 1058
1495 1137
1316 989
1021 1346
1460 757
1841 1336
1012 1016
370 855
1112 1684
1973 1368
697 1520
261 1100
1750 161
94 1843
401 1415
1200 1947
1986 1002
1052 1011
1587 1290
1896 568
634 1743
1573 1441
1155 1213
1124 450
1392 1232
262 1655
1732 1813
1572 619
805 736
392 838
481 643
1371 348
575 731
1938 1786
422 149
1507 867
560 1840
171 1378
505 959
858 1533
873 1835
245 562
1930 1542
1969 488
1057 1347
378 265
1808 10
1429 410
1744 1570
1064 1563
1860 1536
777 1344
674 219
1322 1680
1436 1599
1214 1960
1930 751
1047 1429
275 845
484 6
1297 1056
647 1879
1963 813
193 1906
1025 386
1984 483
1294 190
1852 1911
736 282
181 1284
1178 1369
1062 1929
1107 1597
1572 845
158 1264
1037 1502
1431 639
252 283
1336 422
1684 667
251 1732
30 1318
1035 1644
923 1449
773 1835
1451 1195
747 1858
1068 1889
1919 1294
148 115
136 1342
1391 443
587 1331
883 218
119 1077
1835 166
997 771
1181 1760
587 839
585 507
1357 1040
1706 1978
967 1862
509 702
1307 1789
503 207
1372 224
37 1315
694 95
729 308
1325 1328
849 539
588 1639
995 1981
1250 1802
732 1160
1576 1635
1178 151
529 1315
1636 746
320 481
1572 718
387 914
1347 105
475 512
406 1848
1318 281
483 411
1588 288
1986 1677
116 368
534 294
853 546
84 1108
2000 727
1684 1257
1340 1320
1416 677
298 1556
1405 1244
1989 1869
852 1316
1195 976
1352 390
1541 1077
71 1202
863 613
822 892
1311 1011
402 734
1763 1911
910 796
814 976
1598 1060
854 1484
322 152
684 617
992 895
1524 618
15 513
1477 1853
557 221
616 230
223 156
739 1133
1198 647
169 1722
1928 216
715 177
73 1016
1395 106
655 310
1448 462
8 547
538 1782
1427 1937
1107 452
1543 228
1384 1387
700 1617
832 773
36 692
1303 1089
1492 693
1512 418
612 270
776 581
191 1509
812 553
1883 1350
444 1236
1039 5
1647 355
1531 1716
1406 905
1560 1697
159 488
852 1079
92 962
670 926
876 360
1565 380
1204 1259
191 1188
55 317
1973 288
1131 1478
23 200
1881 1518
1880 1665
1193 389
387 700
1709 886
912 1309
602 162
711 389
284 1171
1135 103
255 381
596 1299
1585 962
1862 1797
1139 1421
1112 1265
836 168
947 69
1416 403
1384 787
1935 1796
1699 1674
737 1138
1161 39
834 1043
1123 857
1212 1657
1854 1525
412 478
7 21
649 1828
285 1189
1750 377
878 1893
1629 817
336 1244
1175 137
988 1258
1499 212
470 1515
393 1719
1753 1769
1523 1631
1465 1899
1345 443
668 1156
310 1300
842 1617
1085 1852
1065 27
274 1009
1992 415
1900 385
26 1258
1081 1450
1564 606
1172 1692
1390 1653
1113 1379
630 1145
1226 1762
1413 993
771 820
254 1420
1304 3
470 1321
1678 1891
1251 1136
1031 1062
384 1233
643 106
1947 405
383 1702
398 1810
845 25
489 622
1798 1886
1506 643
243 1543
619 1368
1790 239
343 1836
164 1925
203 1253
1810 1974
1812 1210
1439 1421
19 1609
1794 969
147 665
1382 1472
532 1523
924 1276
235 1002
432 683
1357 934
1341 785
406 1483
879 486
1394 1841
995 66
630 804
577 1471
331 1767
1065 385
591 768
687 154
780 1346
360 500
533 573
566 885
784 642
589 1020
1504 1871
1298 988
529 576
1731 1385
1754 1017
540 1587
1194 213
1871 481
970 68
1169 1726
814 1240
1764 1703
1758 331
1809 1327
1944 1102
1623 635
823 1846
123 1455
1456 559
891 270
805 1428
556 1800
950 1116
248 1367
1121 1874
189 718
1326 144
1944 743
958 256
305 153
353 666
1183 526
181 48
188 1316
661 1393
1963 1296
1636 609
457 498
1702 1358
1476 1073
383 699
393 1396
802 511
573 592
1071 946
1977 1897
435 1127
1832 449
19 236
1214 1052
1932 790
1490 1549
147 974
1989 769
990 1583
316 558
1620 221
1282 362
637 1275
682 1076
1357 1651
854 349
680 923
748 876
1183 125
150 688
1056 739
613 374
114 450
251 1454
1908 344
1805 1571
1640 269
927 1550
1890 1713
664 1122
58 1792
568 307
1745 1359
685 184
199 768
832 1085
46 267
884 579
606 54
807 1744
1876 47
509 1870
3 1424
547 403
1035 652
367 15
677 1440
812 901
1320 669
252 1805
1638 1228
239 1449
382 845
978 1629
1596 1186
1398 114
1406 159
631 1769
1687 864
1904 1838
627 1015
1800 577
1826 1009
1298 1008
912 98
431 1233
1081 1712
793 1729
219 1886
1017 1979
780 1490
1192 1241
1500 1421
1588 1043
17 1671
986 1030
475 340
1567 1285
176 970
555 1269
1456 459
42 1740
1077 550
1381 1855
520 1539
1336 321
1417 1271
1227 1642
1528 682
596 1383
1194 1534
1576 1348
570 68
679 546
1286 535
241 1775
1511 1427
1200 996
1126 1255
904 1026
1598 1544
1034 360
253 36
922 1142
337 375
1568 1040
516 722
1976 1832
1317 236
397 818
616 351
75 634
758 1737
527 254
1053 791
1976 543
147 1727
1532 1411
378 1151
38 1289
990 918
1980 1869
522 931
855 377
222 1662
246 1054
943 1838
1877 953
564 1478
759 1833
461 1958
1210 1190
218 1532
1870 1966
803 251
839 675
688 1230
485 1586
1721 174
38 1937
1065 1188
561 1909
1879 346
723 1609
364 1481
695 147
1748 1399
1742 1938
1969 22
123 230
73 1012
1915 218
297 1794
1682 382
1368 621
929 1238
168 1979
1306 1405
923 14
755 835
1533 198
1839 1065
1738 712
1857 133
1285 1106
1414 615
1448 1898
52 1856
99 501
1419 1125
1886 1513
202 1970
1922 1286
672 1501
928 687
1730 2000
1727 1250
567 1127
1310 1170
595 799
1829 451
1266 1713
1605 809
1277 502
1173 716
1662 1512
880 1679
1303 1767
589 1613
731 821
1713 1045
1492 896
797 794
1927 1612
1258 1836
608 1439
765 1672
12 1961
649 1403
1917 1752
1263 1161
1803 905
874 1923
200 1404
1577 101
595 137
113 937
192 505
42 389
1328 1669
1381 185
893 1700
1446 213
624 9
1804 1736
1878 1231
1364 526
395 1960
1781 62
729 1808
1140 1447
790 1079
879 1592
1363 1728
415 1324
48 1748
1166 563
390 43
1742 1384
1133 1942
1330 248
1121 591
936 1433
636 502
300 1790
413 557
1261 1308
1922 469
221 1435
884 1592
1206 1810
168 1402
1363 133
1263 1867
139 129
1801 1606
80 1709
1976 449
220 1171
504 1890
844 852
1614 1293
1245 933
609 1072
1444 1962
56 453
1216 1410
464 441
1552 1257
182 1313
1236 355
1410 1860
182 394
1853 636
650 1594
889 525
1707 1014
1662 810
1797 736
1822 1844
1040 359
398 1546
42 582
1662 1368
1809 1522
341 103
1623 1770
1442 1895
1245 1752
1071 567
393 1632
412 813
1067 1811
498 1995
1977 381
658 1499
1049 672
242 985
834 588
186 1737
804 1501
1319 876
1415 420
24 1180
1004 1101
1991 1394
218 87
333 94
965 1202
1679 936
370 1944
516 1380
1273 194
1671 1979
1246 1936
592 678
1068 1468
552 330
161 1225
433 790
1911 1136
593 1202
443 774
1358 1857
178 880
108 252
536 1283
733 662
1963 807
1587 904
447 772
1968 221
1530 477
1910 35
1142 1557
913 806
883 1462
1431 1700
48 1089
1255 1080
1005 84
1173 501
82 1849
1612 5
290 1491
1524 1856
915 322
101 1349
1474 1441
176 154
1683 939
385 968
1871 1519
1322 1578
1371 1122
427 1307
955 655
1341 849
401 1270
206 1911
1604 1298
985 132
1501 1457
343 1475
1205 512
1396 395
140 1446
28 503
1436 1140
263 1779
673 1495
1558 556
1616 423
308 363
493 1983
660 1233
1034 857
1597 1241
913 452
1827 1042
1878 12
1709 1793
876 1136
259 1948
1913 1188
1045 1640
805 1964
1839 1029
461 1276
1007 958
634 1589
1055 1932
595 1151
1837 971
558 569
16 1156
834 1639
67 1695
1790 28
121 1855
681 399
1826 22
1316 430
1914 606
1968 829
757 1650
1461 1591
721 259
1592 1662
132 121
501 914
320 106
908 1141
1086 859
476 548
1704 1129
145 279
65 420
1630 677
1380 161
1710 1739
1985 1981
1881 158
1010 508
273 1112
587 895
995 1461
846 1825
1518 1997
482 849
1675 576
636 647
86 1373
345 133
933 1566
416 607
153 446
462 243
453 1687
1871 1508
8 561
1148 77
612 1100
945 1153
263 756
355 379
420 1826
477 1969
515 615
723 236
560 1485
1611 960
1145 1707
747 1713
1553 870
1964 1973
775 1863
64 35
413 118
1055 890
1925 1347
1123 618
443 391
284 895
1495 190
155 1786
1147 1669
120 200
221 1221
1022 224
1218 513
1209 1971
869 550
1150 134
560 816
1361 284
1109 1013
293 833
311 1235
1067 341
329 1525
431 1613
1869 77
1981 434
655 1688
276 1602
339 63
1778 819
564 917
1195 60
1088 1847
846 312
1825 1233
492 1366
183 715
1123 176
974 508
327 1485
748 1064
1698 775
786 1390
785 7
1933 232
143 691
1843 1607
208 117
1909 8
24 215
126 1803
1694 947
1598 1743
161 1921
1239 1150
456 167
1523 1056
1338 35
1567 152
1846 1988
779 1753
282 459
248 1103
1440 313
552 40
1694 331
742 1120
1754 1651
111 1771
1040 1547
137 1498
1328 344
1212 1452
1698 1809
985 1455
1541 1051
1285 926
210 1881
822 1109
1525 241
1213 171
1127 68
1186 932
441 413
976 1024
199 655
1288 882
707 98
743 85
476 634
1495 1294
112 962
1331 719
899 1942
467 882
1022 1643
1270 1039
1727 227
1097 1830
1911 1518
941 536
1228 896
646 506
1085 1226
1513 622
133 1004
1854 317
1502 877
401 1549
1317 442
271 37
710 82
402 1830
1398 921
698 21
193 457
531 1196
45 615
847 651
91 741
461 924
1791 1529
59 465
935 356
1803 523
1002 731
257 392
1045 709
1619 1700
94 782
1251 619
150 1046
1667 911
1048 625
83 1491
869 853
1185 1090
1108 397
833 1655
1637 254
1846 299
944 1876
39 1321
1047 791
1634 1108
1465 921
261 79
1976 293
615 229
104 1616
734 982
1964 1758
445 1241
1828 1971
1575 62
1779 1637
842 886
346 1064
1555 407
886 1570
106 847
1355 652
1744 863
1889 494
1982 1724
1485 1656
1682 920
1718 1670
1575 1466
863 1376
1168 1882
647 780
391 1301
1831 54
1301 1222
678 1791
1239 1197
1658 1433
627 1810
760 280
1708 52
1743 39
559 1732
1641 940
838 1773
1940 904
170 530
895 1681
1817 886
721 1302
198 741
716 682
1290 72
53 232
724 690
1328 604
336 335
435 1194
1386 419
1061 316
1273 800
403 1260
309 1138
1010 388
148 1318
1578 1081
1910 1031
174 383
862 1265
943 137
571 1128
1227 1454
257 1247
768 1688
18 140
421 1479
465 111
1381 1124
949 977
758 537
146 695
1498 546
185 1204
149 954
828 629
923 1728
191 27
1244 1791
606 1201
1180 552
540 314
1976 298
538 1644
1310 396
1148 1980
62 1075
1547 1280
627 1206
1839 324
1421 914
724 1971
59 156
926 323
788 238
281 20
1130 1440
1932 944
136 1889
1558 1595
476 128
339 1425
1271 1442
188 86
1980 1903
957 6
863 572
529 453
1789 1044
929 945
1957 723
1666 771
1728 1746
1516 984
1603 594
672 1153
1543 462
524 1512
273 1184
121 1645
1834 760
1632 927
143 1784
906 1951
1072 1656
1941 1612
980 1506
1535 1026
76 980
1560 1653
1563 119
16 1623
1162 885
925 33
855 1219
480 1006
369 877
1000 1822
1348 828
1389 899
329 241
1061 425
1438 958
519 1761
1636 112
667 726
630 917
455 29
958 1851
1031 476
1284 818
130 399
1157 231
291 1741
630 324
1805 1017
1491 1170
971 706
1129 1288
1133 1066
1449 304
558 1061
594 922
1959 1556
1876 1410
612 261
1722 1898
1847 499
1243 224
457 831
1169 923
1685 436
889 510
920 463
120 1708
1955 983
1624 454
730 1346
1760 1759
220 1465
1662 879
949 1378
1774 354
1234 99
1882 1726
1844 59
1276 972
1741 763
138 642
1039 1231
735 1746
1802 1752
904 709
1744 1033
1023 1824
1782 1619
1274 38
1964 282
379 66
391 1808
367 847
1032 523
1398 517
1876 1064
1780 1690
472 579
1446 435
1910 859
274 1415
57 445
625 56
526 417
1008 1426
1312 202
1233 544
1417 987
287 1103
1910 205
543 300
1623 1431
192 1883
43 1313
1387 1338
460 61
164 677
599 1818
561 833
198 1666
963 740
1412 1222
328 183
1073 1608
1838 577
700 1828
1169 476
1168 825
1285 160
587 91
572 374
1639 60
294 951
63 1991
1923 742
1152 511
1275 538
2 1296
1384 1786
373 474
685 302
1842 897
1055 790
921 1630
685 509
1006 1366
1767 530
1362 840
1198 1877
947 1800
1954 1529
1957 1316
236 1751
912 902
1593 432
1544 80
176 1385
1981 1185
1420 901
701 1881
446 826
1759 728
1800 142
340 1207
912 578
1516 1076
555 1435
1538 328
1480 900
861 1706
1104 6
809 1169
1778 1876
1090 1536
396 98
1457 1696
490 313
1736 792
268 492
94 1974
1822 1664
1914 1343
666 1819
77 294
947 1614
367 1821
1023 785
1758 766
1071 124
1247 91
827 1464
1057 105
1795 714
1982 1545
1803 1939
438 1928
138 609
1800 1477
315 1019
816 15
465 1497
1 1941
442 1344
1628 1086
1993 522
468 187
1602 823
1423 1787
1038 472
318 1725
414 1412
1160 828
404 598
1855 1553
1325 1147
1295 755
1192 1891
1068 426
618 1470
268 466
816 874
856 855
773 465
676 1815
1533 991
1399 1472
1503 674
1418 554
1886 30
1414 515
1059 552
1439 1853
1901 6
1158 1
504 1409
11 1969
880 110
789 1245
78 89
530 851
1905 1757
1570 1709
1173 1048
986 199
1174 1914
979 1212
1473 303
1433 848
1891 834
421 807
1654 1495
547 211
1458 77
1871 484
1026 1616
252 264
1195 1007
645 1969
256 351
1648 1877
1820 1948
720 495
1331 1531
1227 780
232 1519
865 1356
1979 1400
1734 1229
1571 1367
798 566
1236 107
1150 240
1497 145
199 762
1507 857
301 1036
638 354
1685 1879
1209 1251
805 1797
207 1055
1755 1999
576 952
1398 1422
1 1927
1350 1221
471 613
1094 1454
515 1296
1841 93
1859 601
1608 649
564 766
621 364
1823 1469
848 1679
441 1506
414 1254
719 1477
1467 155
1454 1121
1317 1609
207 1027
554 1343
1165 1600
1195 1135
1905 1489
1499 54
1480 549
590 1533
1302 1642
1888 795
1867 100
494 423
1174 1343
1535 1770
1863 1508
1561 1362
1894 452
1320 55
777 1044
1324 1966
1334 1436
477 1242
169 255
1955 1755
433 1055
1756 1725
1262 1837
151 1369
108 1671
736 1996
1339 1957
871 94
1678 922
1272 1446
1134 74
277 285
859 1343
1664 1761
655 1566
330 569
53 1395
1825 1784
1268 551
75 436
1951 76
1432 1963
773 971
1649 1061
1759 228
1652 284
1269 738
1366 1154
85 1903
799 137
352 1762
1843 614
314 1523
737 1757
537 319
369 1514
1263 881
132 1771
814 904
624 1806
368 638
863 1976
1937 1941
140 718
1051 1801
500 1070
1054 31
832 104
90 1938
834 757
1796 1800
1749 1126
1837 571
603 1268
1978 1528
332 1110
1000 1521
196 1825
432 192
1854 1052
1722 1557
650 454
242 210
1906 1092
1150 5
1789 1600
377 1799
164 1347
826 1991
756 676
1466 1416
277 1059
935 1375
1256 645
419 812
322 1509
1743 1125
1278 1853
1643 928
122 1434
584 1401
1682 1944
1435 829
722 743
656 1055
1083 1121
1908 742
193 323
1117 1361
256 1875
1038 855
778 1457
1427 1289
1429 1548
1817 1793
196 197
1327 1929
1381 727
357 1096
1389 299
450 79
685 1900
1034 173
297 284
147 1954
950 238
1207 1119
154 1199
811 1982
1156 1367
749 772
372 691
1255 919
1792 363
1234 869
1999 564
922 1626
1326 1810
1430 517
654 317
1332 306
464 118
437 1449
358 1391
46 1163
1995 361
1770 21
235 131
1071 1432
1248 841
745 146
652 376
967 1607
1230 1254
1982 137
960 1983
635 141
936 973
600 400
565 1125
1729 903
509 752
1262 1615
237 1238
1194 786
41 1274
1617 305
1395 232
764 543
1095 732
1423 1730
816 233
926 1229
448 1585
1105 32
1628 1883
1779 496
1750 1103
30 300
1864 251
162 526
40 541
765 1663
606 1780
946 1127
1359 100
1282 1115
1175 267
1299 316
1435 1970
128 975
1259 735
437 803
321 653
958 1614
568 1001
1344 1044
666 1621
541 750
414 878
1536 568
1149 1974
141 1535
1882 92
546 1330
1799 1565
1374 428
1534 1462
1018 1570
763 537
1749 1889
255 1213
1215 1167
1119 298
797 1967
692 1904
1470 87
678 656
1599 466
1064 1986
1876 890
947 1094
1355 56
1279 1948
657 1873
1459 1021
474 954
438 1463
1487 1317
939 10
550 759
1849 1202
1071 1885
558 385
1181 728
823 1327
1668 263
58 1767
818 1772
1867 778
1418 88
1907 1699
395 614
1505 704
643 76
1113 1231
853 685
1815 845
276 1114
1085 1041
94 1862
1484 1081
96 224
1461 670
188 1405
1596 731
1590 665
801 331
1176 1221
116 1774
630 672
1185 958
288 1481
1309 750
247 478
728 1570
946 1493
295 382
1028 1915
709 1240
1497 97
305 1604
825 361
1388 1348
1736 287
199 1688
997 1462
1858 1101
494 1784
86 91
289 1248
208 1134
309 1386
1203 471
496 204
963 652
915 7
702 61
1050 197
1291 1075
1574 1402
1519 1779
1790 715
994 922
808 1090
398 1858
1708 103
1271 137
290 1461
380 1021
647 231
1864 753
1388 72
988 1836
1579 1035
1918 440
1116 788
1099 1407
487 543
1097 1999
490 174
1933 75
802 1492
1205 869
1041 832
1901 1104
773 1675
850 1386
741 991
1921 1798
622 968
1349 1577
188 863
962 122
859 983
1394 1998
462 1037
653 954
80 941
599 1058
1419 326
468 811
1462 213
865 1876
1551 1659
1850 681
1303 586
1763 1136
63 506
1811 103
1413 1341
1723 116
30 1059
122 700
1537 179
1064 710
1177 1784
417 1758
241 196
554 1934
21 1715
985 424
1530 1571
41 992
1545 764
268 1376
647 1477
31 1472
256 123
1606 93
989 1426
453 1748
224 1199
948 860
1845 1620
1163 754
935 117
1507 140
505 1694
1048 327
567 1281
1278 1650
1724 811
503 738
1168 269
320 1407
414 416
44 952
1959 1003
1012 148
1235 866
363 10
1880 1807
1353 758
1916 1765
1447 1820
1750 1679
1062 823
336 1321
421 427
872 874
1905 1878
318 792
1958 539
219 1093
860 1481
1356 1119
1295 469
1345 449
131 1542
711 796
157 1238
1950 269
1751 1957
1754 600
491 1927
1951 481
374 257
997 135
1952 1201
1126 1482
842 398
411 656
1559 1209
1176 724
204 798
563 1653
1635 92
271 1315
504 233
826 95
1527 923
947 577
1405 1118
1389 732
1543 896
443 1426
100 593
870 1938
49 644
281 1724
1771 69
1054 1806
1950 1766
710 682
1994 705
1976 1360
25 1841
104 1042
548 1515
1422 1317
720 200
1454 1558
1834 1296
102 1605
1984 475
1965 1509
99 1616
788 1621
208 1891
1026 558
167 585
880 876
1611 54
342 98
842 700
1164 1014
1921 722
1509 447
409 273
172 292
13 542
302 1337
1080 1361
540 793
580 270
103 916
1899 545
191 1577
598 982
1717 1776
1493 1281
266 368
1707 1496
510 514
771 652
1082 1350
435 1390
1254 633
42 359
637 1547
39 71
696 1472
96 1773
900 303
1527 431
1993 1930
1248 67
1537 266
304 1522
169 1581
435 1292
961 535
1384 1131
856 1920
1837 1276
1942 732
987 1676
418 473
433 1876
857 1510
1960 386
246 705
229 832
813 1626
1398 651
1046 302
518 334
1030 120
1781 1294
371 1630
1851 123
602 1224
387 1431
120 1499
1608 784
1521 434
353 827
47 1203
1986 1947
384 17
654 19
441 118
1092 1742
1420 1987
182 649
1065 1509
1701 258
1015 648
1146 862
357 1421
1402 1988
57 889
603 473
1314 532
53 1508
51 1612
959 348
303 1340
1865 817
1663 1192
1293 612
1537 683
132 450
813 103
64 1384
211 924
644 1337
327 1135
959 1219
660 1029
1562 919
57 1444
394 1628
573 1949
412 1537
681 1422
1401 997
1088 1358
1332 1674
980 1407
1539 829
1531 1311
1465 1355
1985 1637
509 738
384 252
1883 317
1202 304
1221 662
1141 68
256 1614
1814 693
1671 930
1445 1928
1118 844
1856 1632
24 1273
129 716
1998 1193
96 1472
537 1936
255 834
1107 589
888 1530
68 176
623 93 619 1311 783 975 1167 775 676 1718 1024 783 1013 71 487 608 82 1013 1635 1643 582 631 810 617 1313 1537 1527 971 279 1381 552 20 1734 41 31 513 380 109 121 1179 109 447 1183 410 805 1008 1579 805 781 283 783 1381 593 1282 472 11 1581 1167 121 1366 226 1153 1313 31 631 630 1345 1759 483 11 121 1224 1717 1228 815 1024 1382 279 283 865 1201 668 60 586 1382 733 1581 1195 279 1007 1441 48 1313 745 1135 1031 1409 98 1017 279 1527 10 1513 1380 295 1024 1557 82 1133 1513 582 1093 810 690 1717 1555 1228 1031 1696 1282 293 48 65 1759 323 1282 93 593 668 844 1201 301 79 783 355 246 410 815 668 1013 1008 408 253 1133 582 11 182 1717 1614 1245 1441 1167 1135 1778 31 121 540 380 948 380 1183 323 1366 295 1470 1457 1204 146 1198 713 1424 311 1345 10 1587 1759 631 1313 1555 1029 41 1183 1204 981 90 1016 1218 1608 1375 1153 1527 642 304 93 540 1224 1224 355 472 1381 1167 594 6 246 31 533 1684 1228 759 479 759 1282 398 10 617 93 234 1183 815 124 1228 327 1167 1778 608 539 121 48 745 65 7 593 1233 234 1533 1635 540 1095 971 783 642 479 48 1366 1218 676 1382 608 246 1441 89 82 513 374 1424 65 1579 10 374 781 96 1513 246 11 410 1555 1008 753 477 96 380 226 1311 631 1375 7 1167 1424 582 1031 1643 483 301 124 1167 7 408 1366 131 60 1112 311 775 1382 1818 283 124 1826 146 971 1178 1245 483 163 1135 1470 737 1718 1479 472 246 1007 10 1224 713 1334 642 38 1172 1024 1614 1167 1183 594 759 1586 1093 1204 642 1334 713 815 447 1506 586 586 753 60 1457 1696 1513 98 1537 1415 79 1178 10 586 325 1201 65 1311 1131 1555 630 447 1479 1818 447 1029 586 10 1718 1366 1409 1007 487 1555 10 1218 1013 253 1195 1579 295 346 919 410 630 41 1424 1818 234 82 1226 815 1135 287 1085 1183 1718 1579 325 642 325 98 623 923 844 630 631 602 295 602 775 561 90 1085 1506 805 1366 1555 1031 1734 1201 1734 323 20 1718 631 1745 1614 1017 479 1334 293 1745 1457 539 1608 1007 642 1638 246 398 815 71 630 844 90 1031 253 1718 1557 1581 1135 1513 516 1826 283 971 561 11 1386 246 1204 304 1224 805 226 1386 48 1818 1031 582 753 131 1218 79 586 1579 940 20 1195 1366 593 781 1334 1167 38 1024 1409 1366 593 90 327 1635 948 1226 10 623 29 1557 246 1201 246 1587 586 93 1029 1017 1380 971 1233 586 1313 1204 287 971 1581 733 1228 487 1581 1031 1183 690 1506 121 745 1228 1479 1282 327 1131 323 374 10 234 713 90 293 617 1382 602 380 1007 447 1409 1224 1179 1013 1635 1506 90 48 759 593 483 1696 20 1179 301 1195 1228 121 1696 1334 163 1233 775 1183 31 330 1586 593 1759 737 1334 1759 1386 1579 1135 1179 690 410 121 1179 940 815 923 447 858 182 1204 713 1441 1233 561 355 487 1366 163 1366 410 1193 472 602 1226 630 93 690 20 1212 234 1178 1734 293 815 253 11 96 1579 325 1031 65 1533 1581 533 1245 1366 1226 1826 676 586 753 1133 1766 182 17 1513 1506 1513 593 1008 619 447 1555 1085 1131 582 593 1024 1245 408 1313 619 1133 516 919 690 311 1614 1112 472 1366 1262 1282 783 1007 6 226 775 410 182 1095 1766 552 539 60 1226 17 1153 919 1441 1375 295 1366 48 71 844 668 919 1031 981 1334 1778 1016 1506 593 253 513 733 1135 29 552 1212 582 234 1135 479 226 89 1778 676 1112 98 10 1008 668 940 1380 1766 327 631 668 1017 1375 1441 1201 374 1183 1635 593 327 1766 676 90 1718 374 1533 146 226 602 90 483 1479 971 323 62 355 1415 1218 783 11 815 311 1587 1245 1179 1193 971 89 65 79 182 1233 1016 1195 1031 539 608 1112 1218 62 330 1826 472 1382 1172 355 1696 768 1643 593 923 253 8 513 374 1579 759 1643 516 1832 346 31 1095 759 1638 617 38 1112 10 1233 1470 10 593 410 617 1201 733 89 17 483 630 1745 131 71 327 1218 301 1555 1008 7 1233 1533 623 593 355 1533 10 7 781 586 1135 1131 182 1228 539 304 768 775 1233 79 121 109 1579 1441 1204 1345 923 1135 1608 1375 1007 487 919 1409 1718 1457 1608 981 325 940 940 1381 234 62 594 690 1311 1579 11 1638 131 1643 858 1696 304 745 1233 1457 1233 1085 1587 10 1734 327 1587 109 131 1183 940 346 865 1228 781 1581 1638 96 10 1085 1745 539 60 805 1013 146 483 301 11 1233 1008 948 1024 182 981 93 1470 90 1179 630 1017 1167 1513 17 948 29 1818 690 1153 71 1386 1734 60 325 1778 17 82 1479 1262 246 1179 1684 919 810 1085 1262 226 380 1586 410 1638 17 1759 121 594 1345 1095 1382 410 483 1614 472 246 975 65 586 1557 602 48 62 1381 163 1311 745 1226 124 1759 398 1386 919 287 593 1008 1345 1533 182 1024 447 602 62 90 479 1282 131 1537 1608 948 355 539 1832 1153 630 279 355 1684 477 121 737 1533 1826 182 586 38 1093 1718 631 287 1587 1717 10 753 1133 1717 82 1233 713 745 41 1778 1832 1008 41 1008 355 1183 594 1282 7 1282 858 1029 311 1178 48 940 783 447 768 1380 1366 253 311 1245 805 586 246 1224 1696 981 617 676 1638 323 295 1226 1167 858 1334 7 1826 1178 1527 146 1513 374 552 1029 1759 815 516 1226 1153 668 1696 1766 1638 29 1245 737 487 919 768 62 539 182 713 131 971 304 815 121 146 1479 330 781 1024 96 182 1085 608 975 20 380 561 623 10 815 1643 1311 783 844 90 1095 29 1608 1696 1415 487 586 1381 283 1586 29 1759 1386 20 10 31 1017 146 1228 1093 533 759 1479 1017 608 981 1441 146 1224 17 1311 1212 1382 163 783 410 733 17 38 1085 608 7 623 1643 182 8 346 1008 1766 253 31 617 477 71 98 124 1167 586 1195 380 593 253 1441 1131 1179 90 1826 323 1311 131 1262 1282 1527 1172 1717 981 561 1085 398 1093 90 1085 1172 1778 279 923 163 1579 90 815 1133 1696 479 516 1717 759 182 1424 815 617 472 552 487 586 1311 737 1734 1635 690 1183 1311 374 60 60 1016 783 981 1007 1696 131 1557 1533 540 1085 1008 561 781 1818 1608 759 539 1441 1345 1684 759 533 10 6 1016 29 408 1470 1537 90 295 1581 1386 8 380 1311 31 346 20 971 1381 410 398 617 109 447 1386 1380 602 234 447 1759 10 472 41 380 602 1245 20 109 1224 1153 398 96 1153 79 1031 323 1537 1193 472 1734 374 713 1193 304 1608 1745 1470 1179 98 1587 594 1183 293 380 1608 1635 1643 1587 472 586 1245 1766 1201 1212 1133 7 1212 29 10 1441 1470 447 753 293 1614 1245 31 1345 472 1832 246 1195 253 1826 374 295 182 1527 737 1013 1183 1016 226 11 1696 1179 182 279 1013 29 1204 79 1007 1579 38 608 1366 1441 31 586 1778 733 1457 1684 753 1684 1112 1635 1183 283 325 1193 31 1441 1718 31 246 146 346 1818 981 6 1313 593 325 540 690 608 82 182 146 516 539 1608 948 1024 586 1233 602 1193 1734 1832 1031 631 295 131 1195 1586 301 1017 690 1380 619 1457 1718 109 7 805 1131 1085 1745 919 48 1228 753 10 1204 293 10 48 410 295 1513 93 398 608 948 71 1245 1093 182 1262 121 668 805 8 1382 327 1233 60 398 630 1131 90 62 31 374 483 1581 121 552 1024 48 1479 516 619 31 1745 483 1366 29 561 325 1093 1608 1635 479 1470 62 60 733 1759 1204 1153 753 582 246 1282 1643 17 48 919 858 1778 1024 1643 593 1527 1381 93 327 1226 10 68 668 668 380 593 1212 246 163 323 1581 642 121 71 668 182 781 1172 1193 355 398 1008 737 1555 1204 745 1179 1696 1826 48 327 1218 923 447 805 62 325 1832 1470 304 1506 90 1826 1198 121 516 346 1193 7 1178 1178 41 246 1167 447 6 865 82 1375 48 163 1153 182 1527 1245 311 1415 1696 540 948 1696 552 90 1224 1366 593 1013 408 327 124 919 6 1262 561 858 753 253 8 7 1366 1537 71 1696 745 516 1635 234 1557 783 41 65 733 1017 1135 540 810 483 1095 1016 1008 1016 540 1555 246 642 1533 1013 323 325 1818 623 182 815 246 1 1233 477 226 374 1778 311 293 1024 630 483 1334 447 1262 1262 346 1112 1513 1093 182 919 1832 1382 781 327 41 121 408 355 90 68 1212 1457 82 62 7 1470 410 131 1684 1153 919 1245 539 1818 1262 1470 1178 38 11 472 619 1178 1201 1167 981 586 1345 8 8 246 1470 1085 10 234 1457 20 586 690 753 1381 865 295 234 1245 311 1112 582 1579 96 1457 10 29 10 1198 1555 1218 38 71 759 71 1112 1380 1441 89 1228 60 253 408 1016 1380 48 447 1112 304 858 865 279 71 1024 805 246 919 1635 759 513 630 330 38 1470 483 90 90 121 1311 533 1201 293 477 713 1826 513 1008 301 408 1031 1555 642 96 630 753 246 1178 1153 810 295 253 1832 31 1380 1579 253 971 1366 1718 865 124 327 287 483 1381 919 121 1696 759 1282 408 82 676 582 1718 246 1133 1513 1717 89 733 1375 1201 865 1226 1095 608 10 121 483 1832 1007 631 1366 516 971 602 1684 1826 1024 1031 1457 1537 1386 513 594 1233 1313 858 745 121 483 146 182 561 668 323 65 533 619 642 283 1581 182 311 93 602 1112 745 593 89 1533 1684 8 163 1382 1201 593 283 1262 41 65 1638 483 783 1178 408 380 71 642 815 1759 1381 1759 1233 246 1233 1228 586 1734 1366 410 737 1424 1198 90 1178 975 98 1382 513 1470 304 1470 1415 775 31 533 483 1527 1195 1183 293 759 90 608 940 1381 79 1233 1233 295 1759 623 93 7 1193 602 1638 593 1195 287 539 109 304 1282 1506 623 146 1381 1218 146 68 1684 608 1224 477 1024 737 48 182 62 287 1635 1409 1826 815 1818 1513 1745 483 1198 1201 10 1228 631 594 516 619 1366 163 1131 1826 1424 668 82 1382 246 1218 1557 1366 246 1684 301 146 1382 1193 1313 1201 1479 676 586 483 380 1085 330 1380
