2000 4000
1319 1105
733 1076
1858 1288
1715 105
1344 1562
1369 815
1900 635
1143 119
1788 24
776 965
1147 1098
12 1341
31 1281
743 1202
374 176
394 519
577 1033
1324 1743
1208 116
1485 160
861 1964
1887 1040
1481 423
167 230
837 1989
1689 320
373 417
865 1214
1034 1221
1619 146
1906 1052
1763 744
1403 1200
94 1252
107 1532
709 1505
39 1169
102 1005
1617 98
263 693
245 538
597 247
580 781
448 1513
1228 1131
1065 1607
804 425
1224 241
208 1870
1595 1538
1913 1947
56 753
46 373
1862 1864
1612 1017
667 98
225 1898
1468 146
1945 427
1210 1357
1174 1059
813 584
1061 440
222 906
1615 1805
126 1244
241 1579
1633 2000
811 8
128 1015
34 962
1734 1775
259 1999
1503 1909
1194 843
1443 1926
1073 85
40 1655
32 1934
402 963
474 1395
995 826
251 1726
1565 1950
1524 1230
683 1097
761 1516
1564 1900
43 630
793 294
1691 831
1809 1957
1128 860
1669 920
419 1928
1426 1053
689 1300
848 1223
1086 1394
64 1870
1276 911
1011 1711
628 932
1836 1121
542 1910
1935 1895
486 1348
297 313
874 1324
1425 802
1769 1477
1501 1027
717 176
1458 171
1075 841
51 1803
199 948
1588 1359
960 277
1232 469
54 22
1166 807
715 1941
1573 1685
227 1763
1679 1510
1236 1112
1205 515
1004 1648
265 1462
874 1743
1220 886
61 1007
387 1382
852 659
1883 739
977 1555
349 1581
107 701
1974 1364
237 1092
1756 483
295 1803
541 916
1650 1016
1082 710
1900 1998
641 517
962 1902
1061 1193
202 964
1178 501
1074 1814
1534 1700
633 1704
1659 679
1741 849
145 1558
685 491
1656 224
480 195
1442 887
1354 636
946 722
1634 627
782 358
1212 1168
674 1568
1884 63
1256 1880
371 1587
832 1498
1516 1958
1044 936
828 1987
1610 1537
1996 1465
661 523
86 1459
1772 356
1740 719
153 680
655 1713
1238 1472
634 23
81 789
1027 1183
960 1289
541 1268
347 835
1596 894
396 1603
1119 917
240 1464
386 268
195 670
1323 1009
1091 1350
913 49
476 1104
1979 1244
1990 191
1409 1848
1840 149
408 1820
845 222
1601 1195
1344 18
420 1216
748 961
1815 116
1878 1806
79 1950
1381 1436
771 1820
1378 245
1050 1118
414 1652
946 1357
1934 93
628 712
1965 1876
694 981
993 1147
1609 728
365 272
627 840
945 1719
437 446
1575 210
1787 1491
455 1364
1721 315
301 1957
184 1474
366 1140
309 1797
6 436
532 779
1343 1461
1235 86
59 1685
200 818
1614 537
1574 396
52 166
99 21
74 1120
344 1296
1424 1413
1538 950
1869 1924
1079 341
254 1186
1899 1525
1286 1531
1231 199
1758 1363
383 1365
273 1537
48 173
621 1901
300 1877
415 1690
238 60
1309 999
862 127
1996 975
1842 964
246 1825
1467 97
1417 386
1738 925
1992 1643
836 119
1490 516
391 1706
1672 846
664 1433
992 986
1122 1542
298 560
526 676
1798 626
1007 899
1816 1384
513 1513
1296 1863
736 939
369 997
391 1656
667 255
750 353
1211 1809
286 703
1203 804
1257 265
350 1682
142 1313
760 129
1730 81
679 1324
758 1053
549 307
1072 1663
849 260
57 720
1403 1025
33 1253
1769 1730
871 264
1048 813
815 1876
769 1500
784 879
1735 1976
703 202
1776 46
652 233
1439 416
1040 1759
1330 1243
1415 635
1892 1617
1509 761
777 685
629 154
841 746
1298 1047
554 1428
1467 770
859 1085
534 194
612 1703
379 377
854 1568
1679 1683
1555 1627
560 716
108 808
540 1463
1164 38
1791 698
1897 1786
148 1518
115 1387
899 1478
582 453
1971 1270
1092 1542
419 1853
462 479
1637 363
495 249
1920 101
1735 315
849 206
1212 988
1389 1307
1607 1031
1428 484
1873 749
1756 348
816 418
1375 1883
989 380
985 847
1577 1854
1377 476
1011 797
1890 930
208 606
675 181
923 621
1583 972
1361 1500
330 645
876 1857
1245 1039
8 885
1327 314
297 1758
785 177
587 1640
568 644
165 599
923 829
1532 1097
1140 1550
1662 1664
242 27
1613 122
595 109
1537 696
1335 1132
2 89
526 1857
925 488
598 378
1262 1122
1142 321
1709 842
1078 1693
598 362
947 431
1652 187
1885 1342
583 1388
471 567
1028 1573
530 1847
35 759
1548 1345
101 430
999 1714
467 808
1115 591
1496 1296
47 712
1593 1192
110 1267
717 444
362 445
1482 1059
979 1722
1284 1826
707 637
128 567
1642 863
1400 1226
936 1529
94 1527
499 1470
1011 1352
1998 635
687 1295
1367 145
317 1333
1811 1687
1119 1173
339 1745
1222 935
152 1014
9 1418
955 780
858 138
1768 1060
820 1665
1350 1849
910 1141
919 829
258 1001
759 1675
265 484
1392 1130
1487 1914
1449 218
1143 1427
539 1322
1585 854
1430 1423
1108 809
1807 234
1234 1950
827 1790
613 1022
1541 1414
106 1981
1450 168
360 568
1160 830
1811 1975
1929 829
1843 1211
1447 235
1608 865
1744 1964
1746 316
848 1741
273 696
1745 1622
334 1250
1936 1765
1329 1702
185 1506
1361 769
1881 722
405 1590
1032 521
904 259
1830 1196
810 1233
111 534
1999 294
1970 1367
1909 1473
1303 1561
867 586
1332 1937
280 1072
608 1594
1631 978
1881 946
278 1052
453 400
336 1681
1255 1335
1182 966
1976 1270
1663 795
13 113
1917 483
179 204
1041 1840
725 1916
507 1032
1237 104
1337 1306
1945 1045
1187 40
1724 130
1070 1347
721 390
859 218
1694 877
508 1803
249 1204
380 878
461 170
188 1685
1160 1283
282 709
1935 1605
549 1368
1227 632
1665 806
1465 605
49 68
723 1904
553 882
1434 1150
1220 726
801 505
1149 429
1479 1820
34 796
1915 414
1411 1081
1764 1747
1553 1358
1385 1108
1041 149
137 129
1625 1748
288 1313
1646 1994
1072 795
1970 641
93 531
1217 207
884 1660
1948 1475
1819 1572
1003 512
305 1399
1971 1023
310 805
93 32
610 258
1125 1784
1135 808
41 292
1178 623
1161 338
1116 897
602 732
1000 1635
1984 1795
1192 1755
1151 583
1077 1153
268 1417
734 82
1913 88
1058 748
1529 390
1044 1288
548 1819
1382 1326
1142 1850
1136 239
979 263
747 133
1801 121
70 1420
362 378
1904 1080
839 822
1028 1685
1290 409
1681 1172
895 172
1787 602
1154 1030
146 13
1165 1308
1356 1765
634 2
331 1618
1652 1737
385 1845
1040 981
819 1354
1872 341
569 1869
1085 45
845 821
1678 1586
824 971
941 351
60 1366
468 574
436 855
728 100
553 708
1171 572
493 872
403 1462
266 1016
1646 1148
395 204
1829 1723
278 1906
1321 613
1250 1226
336 801
535 466
818 556
733 1584
18 827
983 1591
367 1010
60 1322
1286 906
1134 1457
927 640
1886 161
187 1890
108 751
1988 852
609 503
1500 897
1827 890
764 864
1611 817
783 1400
148 1430
1983 1837
1949 1073
1655 791
254 519
911 1207
1843 177
442 1763
44 38
1492 672
1478 1007
1029 835
1979 1429
1190 885
67 1064
696 33
155 332
1110 1072
1380 1691
1317 1029
382 433
1108 303
1176 1877
1334 1891
1528 909
1767 1440
688 820
1705 1989
1878 102
81 1769
1806 38
1859 1940
632 1846
1209 1402
1595 1312
1159 1114
1192 713
557 227
1228 944
1917 1965
1398 842
393 988
1107 1104
741 1545
415 767
1707 914
824 454
533 893
275 893
873 1782
1263 1091
853 595
1462 484
802 390
336 990
1645 1408
479 1530
472 574
1635 440
1836 1251
1284 1171
1593 565
792 1272
1925 1819
1095 1163
1905 1622
1181 1525
734 1537
1502 545
838 1734
552 183
375 1676
777 974
680 863
1683 279
429 37
434 730
1452 1275
934 754
1940 226
1533 1031
694 1184
800 1907
1264 1895
318 1222
670 480
372 452
1511 942
703 1295
742 188
1550 1778
1118 1662
1580 224
1802 1774
1465 975
1914 599
1139 1240
611 905
449 264
411 1659
1397 1402
167 1104
1596 1164
1318 1229
12 267
828 1174
300 1583
1528 1292
1791 423
1785 1922
591 1380
323 433
1278 852
1856 1353
160 1581
1033 369
541 898
737 124
1333 773
273 82
1161 569
191 778
127 398
1633 934
383 809
1717 1255
1722 263
324 1037
41 1770
551 1381
1360 770
1436 551
615 1012
1417 201
1941 543
943 353
1865 823
1064 1637
510 367
738 1965
639 1688
899 766
1267 1952
322 1825
1864 1968
1466 460
330 1906
10 1570
409 1198
999 1316
1759 718
1030 1911
1853 797
872 161
1976 1805
219 1855
329 1292
1701 1326
662 742
1370 1992
1835 511
677 1002
1304 1493
1389 1742
720 90
923 1901
1541 1242
1821 1024
653 952
288 1345
161 1712
199 982
1643 986
1449 181
929 1517
1180 87
215 687
1899 1181
1322 1103
702 5
91 1947
1024 1199
1714 1477
976 1485
66 789
987 1315
1560 1594
87 1469
1859 698
1177 421
1167 10
1107 133
752 537
524 348
1935 30
1698 472
700 1517
47 1099
1814 21
1045 427
1752 481
326 1766
1845 1877
548 1571
1448 490
606 550
559 714
1111 858
613 495
1216 606
282 350
1579 1022
203 370
1571 1572
1450 634
1328 329
1381 40
362 1182
1939 1299
1300 1533
366 485
139 764
249 1927
1692 1108
1232 513
889 1516
1457 1341
1090 119
1747 1466
260 1158
321 1833
333 1824
1186 1632
648 1476
1375 739
1641 125
59 1028
2000 1144
667 1723
1551 1196
1362 55
1868 326
51 295
1293 980
576 1146
277 1691
992 1632
1536 1112
1825 573
748 1418
430 662
754 43
673 53
1892 1770
1454 1451
158 198
189 46
378 445
1835 1903
1673 1189
1938 999
1039 969
1175 489
297 437
823 1638
699 1934
285 1578
470 740
153 633
1975 1105
1664 352
736 422
1069 180
1408 361
1274 1900
968 530
172 871
1724 5
1629 209
1745 945
83 496
1746 834
346 1436
1742 1780
558 1511
5 1557
9 1509
508 51
337 1759
1830 211
1407 1619
57 1126
1334 1793
252 1949
938 1711
1590 1045
1849 1091
1283 918
1931 784
614 289
488 970
86 1038
1687 1273
1569 1421
1927 1204
639 1106
947 676
1690 1968
1425 42
1902 796
384 177
761 889
565 810
488 1710
346 1301
520 1529
1495 1597
1687 1797
1673 31
170 355
1449 1085
879 1736
1771 1379
256 39
1694 901
352 1662
1612 566
934 630
1010 290
1090 911
1618 298
1281 1588
555 563
639 1958
1136 1035
587 508
919 1929
644 360
1977 626
915 1071
1659 1089
650 1613
78 217
433 1285
1314 1844
19 1556
231 1974
454 930
49 1977
1698 574
760 412
586 1966
125 1942
162 888
718 337
1543 1479
460 1678
1347 1271
1609 100
1888 386
706 900
326 1175
888 1223
1065 1300
418 1829
1733 29
1713 1434
1258 776
942 558
1176 1845
1614 4
1190 8
746 103
1603 1574
570 1874
726 886
1666 1514
819 924
1923 247
216 408
1440 891
1289 1476
482 1969
983 159
617 225
931 1104
515 1956
1077 740
257 1115
1514 710
1281 1359
219 465
359 1981
1696 261
1158 1767
1828 959
1230 1453
1587 1484
1518 318
1463 1545
1951 1043
1117 1628
984 176
638 827
883 1779
1055 1839
649 1407
1713 507
1372 597
789 335
392 1003
1810 675
71 1354
130 643
1572 1353
1715 1113
990 801
252 719
845 1531
192 1823
229 728
691 1526
705 605
987 1037
1704 1876
1699 73
542 368
660 1212
721 1425
555 469
1575 439
26 646
599 77
50 700
300 1176
1973 1327
897 1399
521 1482
1447 312
622 1073
995 869
1234 387
1739 486
903 1930
1301 1436
1490 547
397 369
1545 1693
1744 861
1789 1761
1173 1272
196 868
607 995
767 403
571 1831
379 661
507 1150
741 1306
910 616
916 1995
159 651
1879 1405
1751 1306
812 1264
1374 258
122 650
925 1710
597 1933
1185 1832
401 1117
311 857
856 1193
1200 746
1460 1919
1221 618
1414 1242
1998 724
1796 1916
187 1915
369 1020
1523 272
1724 1552
450 232
735 1472
800 691
879 1931
160 370
1576 1505
860 299
1853 1352
1639 795
1636 1576
1606 1666
593 1373
935 949
1460 669
229 100
612 1196
62 137
1128 299
651 983
594 1906
1096 254
1519 833
423 1502
454 1018
1606 1082
1395 846
175 794
904 1598
697 557
700 929
1507 1308
1824 1434
1112 512
283 151
520 936
78 1089
20 1772
1902 486
803 447
1488 1155
615 638
1039 1325
393 492
350 788
98 1892
922 1863
1706 1006
1753 121
421 807
650 773
1839 1026
1057 1496
1476 960
269 37
581 1582
182 859
1958 761
1334 399
752 174
470 1168
1629 465
1017 919
1746 890
1408 1866
1671 243
224 1115
1274 1415
1808 864
1188 164
1172 762
39 131
863 153
16 134
316 1098
581 593
1775 1654
1340 197
914 616
312 749
316 834
953 1158
434 522
1194 1831
1996 1159
1963 1450
875 384
1189 1359
104 589
1284 365
229 193
1187 1655
377 1984
1313 1548
132 1080
590 1206
332 1986
927 558
1946 1341
1102 1697
79 1261
248 1458
669 1919
1945 1546
470 1727
1363 1056
1709 1926
741 1337
1305 1221
730 522
474 955
195 402
860 569
1271 389
1818 1394
1963 89
1823 1149
895 410
31 1189
1656 1580
1250 900
1911 1066
1292 1328
1521 527
809 1692
713 1755
321 1912
816 255
1824 880
1106 1516
870 794
587 1803
247 1933
1886 1712
451 1474
1584 1995
684 189
1335 1705
666 1029
1589 750
1716 1201
852 242
1264 896
1638 1865
1943 610
1625 457
853 109
1166 421
546 912
1664 1535
330 1052
94 996
285 784
1248 1852
1823 151
1650 1762
164 1512
1021 1219
1969 1251
718 674
1633 754
1784 1882
1894 1851
1899 175
1270 1023
836 1090
631 739
669 1495
1896 491
56 1144
251 1893
230 1107
1844 1524
552 1782
1250 706
1630 752
433 1515
446 893
22 626
1738 434
1014 1009
1249 157
115 1567
822 1959
441 607
243 1708
749 304
264 314
1258 144
206 1223
1487 867
909 659
1058 1412
1698 468
473 232
334 689
621 1170
1386 1904
69 971
50 702
1942 1641
807 112
1783 1294
1437 293
103 1103
1676 1749
89 458
527 309
1508 499
1405 1438
1946 115
1001 84
1069 1062
1884 1266
642 308
1523 1221
1227 1165
1973 944
367 290
1252 1527
21 1076
1548 786
1087 545
584 675
1070 1271
1878 38
308 1722
74 135
887 26
1910 1473
323 382
637 529
703 1842
1016 237
725 1673
1146 1317
550 1953
1042 1021
1815 1154
1252 1840
261 1651
1964 1008
1709 354
1457 1936
397 148
1780 310
287 205
536 952
1462 415
952 1163
389 1070
1242 1828
1975 1362
1795 377
997 1020
959 642
1887 1600
134 883
1469 1180
1429 1244
817 114
729 1857
759 954
1225 938
1353 618
837 1705
666 1317
440 1644
1367 580
858 392
296 1260
905 1563
108 1675
1904 774
875 883
624 115
1301 1310
618 1856
1241 623
479 1074
583 444
692 672
447 1605
383 1837
970 1740
682 973
1298 143
1597 1613
34 651
196 229
1965 815
1172 281
1126 1184
1781 351
1922 435
1204 707
1229 1661
64 711
1130 629
1134 991
562 556
1740 488
1455 1931
1418 1058
692 1167
1197 351
1018 930
1114 975
1087 39
1698 1202
1452 307
1271 1599
1903 1405
1832 1578
981 1600
331 715
1480 758
304 235
1286 222
866 1397
1974 329
673 72
1101 110
277 1380
158 1851
1046 1389
288 1932
487 566
1379 1398
1726 1079
1910 1909
1121 739
1639 1663
567 4
854 674
1132 1717
1329 837
481 1345
1311 586
1723 816
894 1657
1464 356
502 1493
1665 1137
1260 227
528 580
451 753
450 887
1486 641
933 402
526 1674
968 1258
682 846
1129 1102
1618 994
949 1206
437 1294
1471 543
655 521
1001 1621
704 1818
244 906
1204 637
1747 460
1527 1840
977 1627
1540 170
302 1243
290 939
892 1396
1329 1609
1373 1905
1994 1923
1762 266
1511 1483
1172 41
1199 1821
1556 287
652 340
904 294
654 1384
795 199
88 124
1316 1714
86 398
822 225
1756 1369
503 1414
330 594
525 1804
1510 1531
993 1357
1273 309
200 1
245 1453
311 1440
1372 1215
1313 1345
500 1598
188 59
743 1653
284 416
1094 459
201 1793
886 1020
697 296
1295 286
839 1026
1442 547
1544 565
917 805
1813 996
1048 1810
1357 722
848 888
671 1240
1213 182
1057 1285
1279 1562
833 1921
310 917
134 106
898 389
840 504
1668 316
1942 592
1967 1674
1501 756
241 1148
1875 508
1013 1056
1441 1520
656 372
170 459
1255 1132
473 198
982 948
1860 911
1602 25
1684 648
1011 1109
813 928
853 1415
1690 767
636 978
43 1792
821 1531
811 1521
1994 564
940 772
830 1611
882 366
1908 804
403 415
478 1686
337 1040
1155 1841
1401 1071
1649 1715
1484 737
126 1737
302 1330
186 1623
588 1222
124 559
223 1517
1273 1797
360 1993
1824 136
723 774
1323 1014
1106 1958
819 283
753 1499
322 246
1789 1309
136 406
1385 1692
270 1254
1507 1602
192 283
1515 1796
907 1554
1941 1471
1640 1875
190 663
930 824
1006 977
266 237
1552 1254
699 32
1969 1249
1141 1635
352 1961
646 887
1721 1735
371 1484
1973 150
1102 1411
1181 175
1218 1121
839 1959
711 1870
1394 1265
302 372
1755 653
1647 681
11 724
1911 295
1168 1727
1523 1034
549 422
1368 1452
1086 424
65 1734
77 663
1420 432
803 1467
590 949
892 1528
253 556
1780 1848
1036 1227
620 899
228 1288
1470 756
953 260
963 818
984 717
945 1622
555 1232
1165 1507
448 1241
1148 1994
1400 334
601 146
1111 1003
1554 685
1784 319
782 1297
1346 341
490 1716
1615 1270
964 270
1806 1164
1001 1374
1441 23
480 933
1626 455
156 1982
57 1592
1671 1524
771 1479
1446 317
1077 1229
625 278
1089 217
363 1371
1220 328
534 1754
573 833
663 203
1340 407
1180 1541
431 863
850 1343
318 1423
485 553
1004 580
1720 1779
1729 617
599 663
1227 1507
1128 1472
1724 643
1407 82
43 934
1247 1889
1874 1764
1323 1304
1276 836
114 1802
562 253
1206 588
533 1667
517 1486
1689 1889
380 1871
1012 638
809 303
466 1208
1948 1944
1217 533
163 915
738 1876
1630 174
516 547
1938 544
864 395
721 1529
879 1455
901 274
765 494
1850 261
1617 292
652 1761
1280 1485
1787 937
782 1943
1582 668
1808 764
366 1778
1424 1342
572 1725
1159 975
832 612
359 1688
1860 325
850 1461
202 1842
968 1847
113 385
1771 1370
533 1435
980 521
1187 791
109 191
491 907
276 1435
1384 1785
998 1788
1929 1083
1847 1348
1760 1037
53 262
572 747
844 1740
42 164
239 1035
1277 498
1552 270
165 1914
322 965
775 1151
584 1810
1755 1544
1241 1178
476 167
1261 1060
458 866
144 776
1137 251
1379 1370
1642 633
1774 114
681 1626
696 1610
1076 1814
99 1814
645 594
1924 1183
1490 457
1131 1973
1750 358
139 763
297 1783
76 531
1422 1052
594 15
1897 1264
1304 75
1481 226
1571 1819
333 1898
1896 777
779 1228
104 381
17 1931
357 1336
1439 320
1218 631
575 1195
511 259
1997 305
1653 1202
832 1855
1460 1597
44 102
953 206
532 129
1993 644
873 1002
514 240
197 967
972 787
819 71
1203 173
1157 420
509 215
1664 1351
1299 1315
1008 1960
683 701
1677 1393
1704 738
1786 657
1118 1961
91 1913
1580 391
624 1035
963 933
704 1699
1582 1766
886 997
1116 1191
264 150
1815 1088
343 1885
1149 269
826 574
769 772
1890 1915
757 1062
1404 223
154 755
1570 1492
974 1864
242 1988
1432 971
1343 443
945 339
423 545
90 1162
1625 325
416 1889
1106 359
850 735
1256 388
1348 530
1062 1846
501 1241
1851 1696
792 1421
1564 1416
284 1346
1640 435
1573 1551
768 1080
1856 1572
354 1926
1827 834
27 659
209 1213
184 1612
1868 1494
1184 1162
926 1347
61 766
1145 1251
111 1754
1882 1539
1771 1992
1520 74
821 1510
467 108
1934 469
755 1413
122 1597
565 1233
559 737
1960 1744
1684 1577
786 926
266 1650
867 1914
1648 781
1128 338
1933 564
850 271
314 150
1148 1224
19 1332
694 1600
70 1812
1595 1047
1163 1266
7 1067
1403 1075
1926 493
1800 489
83 1155
1628 1205
1127 592
1733 978
1856 1571
1643 992
173 425
1 818
1991 28
947 680
1289 648
1156 1821
48 1214
455 681
189 1776
391 1799
561 974
1421 1401
463 572
1093 718
1602 1308
1083 923
1720 785
1412 1275
1047 143
868 856
1211 1957
1885 857
1837 303
684 1776
1050 1719
218 181
532 760
1428 1257
963 1
1951 1269
307 1275
157 1391
1004 781
429 269
1272 1119
1055 375
1049 1773
1731 742
212 1995
1051 497
1326 1124
991 1765
1923 1933
905 1538
1568 1585
313 1758
244 937
1768 475
422 939
343 857
118 1362
732 1433
682 1395
392 138
1205 1117
897 769
808 1675
1799 977
1777 1027
1351 1535
276 1113
1963 2
1133 527
1637 1641
1670 1398
133 463
1699 253
762 1681
408 112
793 904
1700 1278
1586 1466
1674 1857
846 1955
1918 1752
1979 126
478 840
256 131
1349 1451
544 652
1136 1387
1331 1603
1917 815
1319 1797
185 1419
778 1990
779 36
1743 262
404 287
1209 625
1304 1014
1573 1830
1074 99
1601 582
954 1349
1482 980
35 1451
647 101
1422 278
1185 1954
1535 352
1618 715
96 1277
951 1530
1015 865
1505 282
178 1438
857 1342
1515 1916
250 335
364 394
1812 683
48 477
62 197
1999 1867
1139 671
518 1101
1431 236
1833 1912
1183 1777
1312 143
986 1771
1287 1437
529 351
195 522
1032 655
1980 1428
675 1449
924 1354
298 994
27 909
1338 74
1457 12
70 432
120 828
475 1123
1809 301
298 716
660 1168
1454 823
1274 635
937 147
64 1391
1224 1579
827 1344
1898 617
1681 990
748 9
990 762
213 888
754 2000
248 117
1160 817
853 191
1712 279
1170 239
1719 339
1366 539
1002 1100
442 744
331 1559
955 1647
845 1286
552 677
1438 1903
328 1019
20 504
1240 664
1707 616
708 1985
1633 1499
1798 1985
543 1884
1475 1944
93 76
450 1616
1147 1489
772 1361
1632 254
190 349
401 291
593 1905
203 349
768 132
1509 961
653 1095
831 277
63 1266
1852 1156
578 756
1267 1101
1700 1125
665 183
37 117
1349 799
538 1179
1752 926
243 110
1239 138
1918 1070
1482 1032
274 1822
1591 34
877 901
317 1881
1376 1497
1426 1535
1225 1711
578 1470
447 1467
1337 1751
1219 1588
1142 1912
982 1231
169 1605
63 1471
212 1076
238 998
1834 358
1208 535
36 1131
1623 1866
1587 737
1656 1115
1377 1299
678 490
909 892
472 1202
687 286
1218 482
1542 585
1145 1249
179 1539
646 1616
1038 1235
1753 1235
399 1891
429 117
271 1461
1603 765
1231 795
1749 1055
1340 691
1333 3
213 162
1506 1287
1817 1478
600 92
757 1846
383 303
906 147
1850 1651
1872 1893
723 1554
1437 775
571 1269
163 1649
998 1366
1364 231
1238 271
1972 1930
796 1591
396 716
1109 797
943 750
1947 88
699 1232
374 984
1593 1544
1623 1408
1701 535
1017 487
625 1422
145 528
1822 287
1741 1223
1508 540
1093 854
1246 1772
1722 693
1689 665
16 883
1114 684
1627 1006
1615 1971
1737 1549
908 1086
436 697
894 1164
1762 462
1197 1807
799 1451
614 505
1991 1336
609 1828
1474 566
726 328
479 951
969 1325
1924 1777
90 1126
1300 783
931 1377
1897 812
855 697
67 363
1672 1395
1413 1342
275 1294
207 1113
1385 464
1459 127
1758 1013
118 1975
825 1493
1050 339
190 77
1872 1079
1518 577
821 1679
766 1007
168 1441
678 554
1437 1151
1901 1410
1658 163
473 158
981 1887
446 1294
948 1231
1970 145
747 230
465 209
1263 1849
338 569
925 970
1689 1247
835 843
121 1972
342 1873
1750 589
1813 1110
471 1015
1048 1624
1483 640
1199 107
1702 728
1137 806
385 1877
1818 1265
1894 261
291 1117
474 1672
1619 649
13 601
212 21
208 1953
1520 1338
1396 329
1701 1382
365 1826
524 1866
56 1474
1983 1365
308 693
320 416
640 590
746 1075
1732 1102
1683 1510
171 248
142 957
1581 370
1069 1444
308 959
28 1648
292 1892
1630 537
1290 1198
590 927
1343 1473
595 1274
724 1416
159 1152
972 1176
496 820
1234 1382
1761 544
179 319
1298 1716
656 1330
487 1612
422 58
1399 1500
87 1009
1311 1372
116 1088
1469 1541
1593 810
1219 1281
992 1186
624 1387
92 575
409 627
506 492
678 1282
689 783
417 46
705 1177
372 1330
1841 1488
733 1995
644 673
1790 615
1289 831
1565 79
262 80
708 882
1486 1558
1858 936
349 370
1036 757
1901 1083
560 994
61 1042
1952 1101
1960 1964
77 165
1078 1337
1098 1489
847 1248
1352 419
1331 716
232 198
765 24
1711 1109
1880 1246
1414 1180
1275 1058
1683 1712
1930 1801
1173 805
1280 345
1567 1387
1728 870
631 1375
293 775
1970 1558
614 1982
1961 1662
1067 1841
744 531
1880 240
610 1303
475 1060
1105 1811
1215 1311
979 920
1704 1642
364 1774
668 326
564 1646
1666 712
1821 1852
620 1525
1018 187
1356 475
1800 1056
1635 1061
498 1393
838 1200
221 1939
747 463
1434 880
1703 1498
306 125
956 92
515 903
144 965
1056 489
1416 11
1680 1944
1639 948
1307 1848
1936 1134
1156 1248
820 123
1559 715
1622 593
1378 1453
1517 1404
711 208
1936 991
1239 166
1941 1559
1967 676
1182 598
1977 68
603 1346
1879 353
1578 1954
1492 502
714 124
1079 1893
958 388
1427 1562
1385 658
1805 315
373 321
1399 1116
607 869
1365 729
1064 1942
28 1336
1123 1765
616 1141
1608 477
576 666
1141 1000
698 226
1514 1928
64 157
485 1778
355 223
1631 360
1734 1025
1956 1930
1272 1063
693 642
546 1555
1610 156
1285 1496
1790 18
1290 1634
299 1472
702 1718
1350 1620
501 1513
835 1194
412 532
563 1513
414 1549
787 375
935 588
1562 1143
1966 1487
943 1879
289 336
1208 1088
1626 780
891 1978
112 216
1247 665
1855 1962
664 327
1545 1078
69 1445
1533 783
1800 1494
695 467
1561 1943
1127 215
670 522
47 932
562 1699
1307 1046
1355 104
1990 1179
1547 654
787 1676
1822 404
790 1584
1831 843
439 210
1832 1037
1276 1090
1135 467
52 1997
1201 143
449 895
1519 342
1594 1178
668 1766
1637 67
998 60
1237 381
571 1951
450 646
1447 654
175 870
452 1458
1806 894
1792 388
1748 325
1838 861
2000 1499
426 1301
957 1560
1611 114
722 1446
1268 898
29 1993
304 1873
1435 1217
65 1775
1677 96
1000 440
141 571
1335 1989
1868 668
733 212
289 505
1847 1258
1649 105
1321 902
1012 695
1756 186
1813 94
426 346
987 1939
385 601
645 15
942 851
770 803
1379 1670
1230 1844
1844 1453
1757 804
691 407
514 388
736 1368
1430 1518
1808 204
1768 1123
405 427
1554 491
1621 174
162 848
1085 218
692 1570
1697 851
1265 1086
1514 1082
710 419
573 246
1566 531
151 192
872 354
410 405
1316 1309
1191 305
677 873
622 1949
1763 1260
597 1215
1397 458
1796 725
918 579
1962 1629
561 777
1502 1169
768 1386
504 1772
259 294
633 738
1266 536
1538 1312
1985 553
477 1214
1790 638
35 1349
502 825
57 90
1661 1318
1925 922
457 1748
438 983
1459 398
1687 1319
1986 1694
247 1372
538 1990
1445 1432
1211 177
742 430
851 1081
201 1891
160 976
1316 1477
566 184
1731 647
271 735
907 723
1982 1253
838 1403
1355 1834
1225 1109
989 1320
1907 1263
796 962
1269 401
1042 881
1667 893
1760 987
209 182
1355 1237
1671 1314
1601 400
306 1127
1574 765
1331 560
344 1863
1087 131
393 506
33 1610
528 1004
196 856
701 1532
1129 1732
800 407
1138 654
83 1841
1935 169
1566 744
1578 1185
1203 425
1326 1234
1371 1512
1615 1976
1760 1315
185 510
1392 1695
903 1956
1583 787
6 855
518 1318
516 1442
649 1468
381 1375
1911 1154
967 62
1670 1370
1655 1381
1455 340
1551 1830
1137 123
968 144
636 71
230 133
228 885
969 1358
1924 1161
619 1555
461 459
233 17
1213 465
1068 506
496 123
520 390
1732 376
178 1903
226 1859
1149 1259
966 1861
1980 1282
898 1599
1817 1899
755 1424
1536 1111
1783 437
214 603
1154 1088
859 45
792 1063
1501 1183
1798 54
749 1604
26 1442
1188 1371
1677 377
1682 788
1789 544
1298 1201
13 1468
444 1388
705 421
1894 1696
1224 220
519 1096
1539 319
1838 1944
109 778
1114 189
140 1488
1356 991
1865 799
1329 1705
257 224
1686 20
529 1781
217 453
97 770
253 200
356 20
1367 528
1795 661
1401 1658
1170 1410
1051 900
1918 1347
188 662
1363 1013
1450 23
1888 1046
516 26
585 1092
1983 876
311 891
648 1854
1210 1147
483 1369
1293 1059
1236 1568
1338 1991
536 63
1650 462
1684 1476
1024 1532
940 1456
686 1002
1723 255
1129 376
1948 1053
656 1458
359 639
293 1287
141 1951
986 1992
180 1444
1686 840
1240 1262
1297 1943
1853 1928
1802 1611
1626 1647
962 1739
78 1659
1948 758
826 607
1132 579
1424 1885
1919 647
50 1339
117 171
1528 1396
1506 510
1785 435
518 1952
1743 80
471 865
1291 1290
418 1479
870 1638
1177 1166
1668 1098
858 1003
113 601
1248 985
1279 1143
1938 1309
989 690
1033 397
1095 713
511 1867
1801 1972
921 964
1997 1191
376 1280
1327 944
1946 1567
940 1361
1779 16
1411 1697
387 1565
313 1783
1444 374
1292 1396
1544 1192
1546 441
1796 1673
951 462
1508 798
922 344
699 469
823 1728
1393 1984
132 1360
1169 545
282 788
612 211
313 1363
1742 1848
1563 611
220 1022
573 1921
1534 1125
272 1826
393 1068
1961 1050
596 1809
902 613
813 1810
1373 1582
1237 1883
6 1987
928 1048
1556 1332
368 1503
1431 1908
233 340
1310 1306
868 1193
1017 1929
441 869
1808 139
213 1786
161 493
1523 1826
1919 1920
1807 941
938 1187
928 1624
317 3
839 1084
688 1155
361 1645
432 1653
355 1404
1287 185
622 920
790 1268
455 231
1318 1952
1954 1736
966 1577
182 45
1773 335
364 519
1574 24
780 474
878 1320
11 102
1388 984
1953 606
228 1044
1753 1972
69 413
1199 1156
1152 1859
875 1779
128 4
917 1173
523 745
1583 375
1491 732
1374 1303
95 1100
1891 1233
509 687
281 762
828 731
337 1093
1383 1864
814 914
1956 1801
1257 1980
1657 1913
1946 267
263 1669
1860 1276
468 826
814 1707
1139 327
810 399
30 812
480 402
217 400
194 111
1563 950
417 1833
496 688
245 1179
711 1953
816 1829
1325 420
66 250
1585 1236
503 1242
1607 210
1083 829
1291 1198
1748 1490
912 7
884 1045
314 449
1389 1888
1410 239
1209 458
85 844
1560 623
591 1691
642 609
1273 527
1188 363
80 874
1634 478
1464 1246
1167 629
1190 1288
517 445
615 695
1804 973
428 1645
589 1355
1464 1880
1794 428
1438 1879
343 891
1005 44
1718 1557
122 1495
1927 637
575 956
1861 1854
194 1960
284 1439
382 1515
1410 621
459 1540
1519 1921
643 5
576 890
1589 139
1391 1145
1492 825
1741 206
342 1921
1816 1922
956 1376
1466 1678
276 207
311 343
1777 1869
1139 664
1716 1448
1110 996
1443 1398
1394 704
404 1556
244 1491
793 1598
1111 512
1504 111
1063 1421
301 1023
456 1197
274 877
1175 1494
1728 1638
1489 1668
1026 1959
679 411
1391 1249
1146 890
640 949
1339 700
168 135
463 1171
371 1576
1928 710
882 485
720 1592
1253 614
1536 1236
1210 1489
248 37
395 1539
771 408
1402 1422
596 1023
80 1302
1374 84
619 7
1671 1708
235 1138
1068 1051
140 7
323 1057
214 341
896 657
1849 1907
1834 1750
563 513
444 1151
166 1997
167 1107
1140 1586
1505 1636
540 798
205 877
497 1068
1282 554
1871 1429
1815 1030
284 603
1127 509
1546 884
1100 686
602 327
361 1794
1678 1550
1988 1700
647 1920
555 513
1557 702
156 1253
1245 1358
1493 75
1123 1356
61 881
719 85
1604 342
1962 219
1609 1702
1121 631
1153 1229
1133 309
11 1005
1804 913
875 1720
546 619
1871 690
1027 578
1296 1057
1781 707
860 338
65 1025
523 379
412 779
1431 1456
1091 1620
598 966
141 1831
1620 1291
201 1334
120 1987
1858 1044
1261 1565
1039 1358
932 1049
542 1909
1862 767
915 1522
142 288
921 1254
1566 76
1548 481
661 745
1634 409
461 355
1666 1082
1774 394
454 1432
1454 799
1866 1645
591 257
1096 1186
1850 1894
980 1059
33 156
1043 1269
758 1475
1693 540
500 1320
1757 1456
1377 221
1331 396
456 1807
1217 276
283 924
1105 1362
121 1235
931 221
1366 1322
249 1321
1890 1018
1321 495
1254 130
443 1473
425 1908
1120 1338
1446 1881
140 1067
1644 1061
1863 1496
25 745
476 931
128 14
424 1265
1427 836
620 1817
969 1157
216 1820
1404 929
384 1720
1854 1684
88 714
1262 1542
3 650
345 376
1648 357
183 1247
1480 1426
1984 1677
627 478
786 481
868 1644
1445 413
1521 1133
900 497
1412 1418
289 801
1087 1169
1195 582
534 1008
27 892
507 655
957 608
632 757
961 9
1311 1966
502 672
692 10
1243 95
1013 1800
1188 67
1738 1710
1386 1080
694 1162
1010 1419
1092 1122
938 791
706 1226
1094 1497
1051 706
241 1646
993 1210
705 1465
514 1256
1008 194
1798 22
1380 257
1066 1030
665 552
1302 262
1628 515
682 1955
976 1581
1364 681
985 1592
604 84
1481 698
1725 1171
1932 957
1557 643
1197 941
105 207
41 281
604 174
784 1736
1940 1152
965 246
933 1
551 346
270 921
1344 1279
500 878
345 1732
743 432
73 562
8 1054
822 1729
862 1459
1757 1431
1038 1753
1987 731
582 575
384 785
576 1317
659 242
323 1285
1376 600
1527 149
394 1096
1390 413
1657 1596
1384 1547
1703 832
1550 1586
1503 1504
1873 1604
1968 1383
1328 231
588 1423
1569 1401
604 752
468 995
324 1185
1621 604
1695 1413
1308 25
1773 250
686 95
1631 1993
1660 869
1475 1680
183 1782
461 223
851 1411
1277 1041
78 679
629 1392
1769 1714
172 405
1341 267
411 874
658 464
946 993
550 420
202 921
1908 1757
112 1166
123 1665
318 1430
29 1631
252 1073
1594 623
426 1310
96 498
1219 1042
1547 1138
954 35
15 464
772 236
180 1846
581 1373
690 1244
1836 1218
732 1787
1036 1165
789 250
406 333
908 424
1351 1426
871 449
780 1647
98 255
1827 1746
1767 1978
1660 441
166 727
719 844
1323 75
1122 671
442 1566
1695 154
1461 443
1522 163
1328 1974
1584 916
932 1099
1483 927
1955 973
1470 798
1749 1839
1912 1651
1886 872
632 1036
1179 1378
548 1925
1559 543
1420 683
1325 1157
1595 950
978 29
1845 113
345 1485
586 1215
1799 1706
442 227
347 1029
1501 578
1937 55
1302 72
1226 334
414 1737
1715 1522
72 568
52 1191
976 1280
1262 671
222 147
1133 811
1163 536
130 1552
1305 1034
164 1371
36 412
1580 1706
1012 1135
399 1233
570 1624
371 1636
91 1596
1730 1477
1812 1097
1303 258
1543 418
1966 867
958 514
272 1034
1640 1922
1279 18
781 357
236 1456
1257 484
1761 233
1103 539
1390 69
1333 1446
1534 1882
75 825
1651 1142
452 171
16 106
490 1201
751 954
951 1762
1752 786
1320 380
608 1932
1283 579
1231 1639
1494 489
53 1302
54 708
1252 1813
431 676
190 203
996 280
1553 315
1817 1525
1454 1865
862 424
103 841
756 499
1423 1222
1498 1855
193 100
361 428
1805 1735
1725 1284
374 1069
1406 1094
1193 1644
1277 149
1667 1435
1842 286
1054 811
1463 1508
220 902
1498 1962
1607 1575
1895 812
1967 526
483 348
1590 427
958 1792
368 1754
1822 205
1654 611
630 1792
1190 228
1124 535
669 1920
285 1736
847 720
589 1834
126 1549
1194 347
1624 1874
1332 55
1713 1150
494 24
1939 1315
1214 1608
1016 585
152 1469
741 1078
628 47
1006 1799
14 1614
726 1019
734 1407
725 1189
234 814
501 448
1721 1553
1860 1207
524 186
773 1613
1125 1278
1827 1146
802 42
525 973
25 523
1543 1829
273 734
503 1828
148 577
1259 192
136 333
1135 695
31 1359
1378 1230
750 763
1564 1998
1243 686
107 1024
873 1100
1588 1021
1672 955
1031 1065
1751 426
592 306
193 196
1619 1468
1499 1144
558 1483
1728 794
410 172
568 673
1116 305
1256 240
55 118
791 1225
1916 382
456 814
204 864
1350 1291
525 913
320 1889
140 912
740 1727
178 1835
880 1150
577 397
1503 542
1730 66
1504 1754
1980 554
751 1675
1520 135
1094 1540
395 179
236 940
1415 595
142 1932
1089 400
1299 221
387 1950
1327 150
59 662
198 1851
1047 1312
1324 411
162 657
1726 806
525 1955
1103 841
1663 280
1636 1484
451 184
470 1077
1563 1654
238 494
1409 1780
1460 1495
492 1212
727 392
1443 1709
1875 435
1530 1074
42 1512
689 1400
87 152
1927 495
473 1616
1768 1261
1836 482
1365 1837
285 1954
605 1996
902 1022
1245 1553
831 960
1749 1084
1567 267
709 350
82 649
324 1760
1963 634
561 1383
96 1393
1788 238
1653 70
1981 1688
876 729
83 688
1511 1081
497 506
1216 550
168 23
1181 794
180 1062
729 1983
736 549
1938 1789
58 290
1447 1138
584 181
994 331
500 793
1383 974
291 1205
1884 1471
466 1124
1161 1869
1811 1319
265 403
348 186
774 907
155 901
1589 764
802 721
28 357
205 274
788 1019
1918 926
1502 1791
751 759
1540 1497
1937 19
660 988
1095 952
884 1945
1239 727
768 1360
165 1487
1463 1693
244 147
1432 824
1719 1118
68 626
1658 1071
295 1066
903 1628
1314 243
312 235
169 30
1009 152
1519 1604
943 1405
1804 49
1160 918
1259 1823
1488 1067
1159 684
1452 1412
967 1526
1775 611
279 1679
1843 1957
539 103
730 1738
252 85
763 353
680 431
1110 280
1937 118
17 340
451 56
1207 1625
65 1654
1915 1652
1907 407
1497 1406
291 1043
790 916
310 1409
1977 22
406 617
755 1695
625 1402
1692 658
1406 600
838 1025
881 766
842 1443
1641 1064
713 653
1245 1721
1710 434
1397 1209
1770 281
712 1606
1688 106
193 856
1336 1120
127 908
324 1832
773 3
1140 1778
92 1195
1882 319
1639 199
1112 1585
358 1297
1888 268
1145 1969
603 1439
1989 1255
1657 91
608 1560
1577 1861
76 32
460 1764
1981 134
677 1782
1561 1297
1802 364
269 1259
1744 1838
849 953
730 670
6 120
1530 99
556 200
1126 1162
1676 1055
1021 881
1979 1549
1862 1968
1134 12
1776 417
885 1054
66 81
1617 667
68 913
1124 1701
1419 510
1674 876
1239 52
1592 847
1661 518
1031 1575
1444 176
1718 50
1521 1054
620 1478
547 457
492 988
1033 997
1353 1305
1526 1340
1660 1546
619 912
942 1081
937 1491
413 256
89 866
95 302
745 1602
1216 1157
1601 453
159 438
1764 570
293 1506
129 62
487 919
1346 214
1153 1661
466 116
356 1246
1020 1220
1093 674
1041 498
155 1986
1627 546
1200 1075
880 136
1268 1599
871 895
296 855
1795 379
169 447
529 707
438 1940
51 1066
727 138
837 1702
1733 71
1852 985
1238 299
1524 1314
1569 1063
1600 1184
1167 1130
1448 1282
651 1591
622 1669
1742 1307
1576 709
628 1606
1000 910
583 775
44 1878
1861 1182
1509 889
524 1623
158 1696
1669 979
1839 1084
1874 1747
151 924
1136 624
1174 1293
1731 430
1838 1680
1794 439
1198 1620
1558 641
1893 1726
477 173
596 301
1717 1283
1867 178
472 743
548 922
1015 567
1825 833
806 251
1388 717
1985 54
967 137
958 630
344 1925
561 1896
493 354
1587 559
1046 386
1988 1278
1049 1099
1590 410
225 1729
1871 989
645 464
471 1608
1843 785
1781 941
585 237
84 1621
1947 714
211 1196
782 1750
306 215
1561 610
30 1895
862 908
456 234
1896 685
1867 1835
15 658
1480 1351
1010 58
771 1543
563 448
58 939
1295 509
389 1599
1360 97
1791 1481
292 1770
1512 1425
1917 1369
214 1872
1773 1099
101 1731
609 959
1978 1440
1293 731
1420 1812
587 1875
564 1923
1886 279
307 1368
275 446
1794 210
486 530
1144 753
1564 724
581 1766
889 961
378 517
803 1605
1682 1019
1049 335
1228 36
438 1152
1260 557
1445 971
1175 1868
4 14
1153 740
328 1682
135 1441
443 1910
1642 153
365 1725
896 1897
1680 861
53 72
915 1658
1629 219
275 1667
1727 660
232 1616
155 1694
131 1390
137 760
570 928
213 657
1708 1267
701 1097
790 541
579 1717
1598 878
557 296
800 1263
1213 45
830 817
956 600
79 1060
929 1339
1786 896
778 538
520 1858
1409 805
1504 368
1967 947
97 132
10 1130
304 312
505 1982
1536 512
944 1131
1978 1158
1113 105
1043 401
798 499
1339 1718
1038 398
1170 1035
1708 110
1643 1632
1352 797
494 1788
268 1793
1862 1690
1751 1310
322 776
731 1174
154 1392
844 970
910 1707
678 1448
504 1686
1949 920
428 439
1816 1785
19 404
605 1177
618 1305
1065 1533
1649 1522
73 1818
1427 119
1419 367
157 1870
1816 1547
905 950
690 1429
300 972
1028 1551
807 216
1959 1729
1203 48
1455 17
197 1526
1026 1084
1902 1739
1433 327
672 1570
830 918
1207 325
1784 1534
1348 1739
1406 1376
211 1703
256 1390
1614 1630
774 1386
1733 636
1759 1887
1697 1129
551 40
1433 602
792 1119
1417 1793
1053 1480
834 1668
234 914
73 704
445 1486
1991 1120
842 1670
763 1589
1971 596
452 656
406 1898
1238 735
120 436
1005 1416
1745 1905
511 1999
935 1206
141 843
260 1767
1569 1071
1251 482
1883 381
125 592
373 1833
14 537
1579 220
666 347
2 866
1309 254 1377 1831 77 661 192 32 1924 1255 379 1639 707 1832 269 1910 916 808 13 1687 602 1447 250 1141 1970 787 1478 240 126 1218 852 646 719 1565 823 1718 142 384 1547 961 733 46 1674 382 1415 766 940 1822 1451 81 1607 1801 118 1445 16 1666 1771 1937 1395 1146 844 1711 1123 1872 1160 932 52 1450 1542 1753 130 119 1316 245 1263 648 456 108 1627 115 931 713 186 1840 1291 1328 1269 393 255 1772 390 99 647 1988 153 1980 1210 738 600 514 1389 381 1151 1855 1074 1912 1760 818 368 352 1012 751 705 533 1644 1615 143 17 802 662 1332 1381 182 395 57 1527 1325 1830 1713 74 1546 1208 890 1911 247 680 1712 1797 1497 191 1348 627 1171 1576 232 708 572 420 1984 1724 135 1268 292 1250 3 720 1871 779 1561 449 559 1227 1078 48 458 1800 893 249 1216 90 145 1730 1821 1837 834 1955 1903 1507 1491 1959 1420 1414 161 1663 1943 305 1533 1394 764 454 367 136 512 1014 1304 511 1709 780 1997 1311 1105 68 453 1493 8 1232 1072 1875 1412 315 1402 604 1226 172 61 750 106 1418 1409 478 898 570 87 205 685 1556 654 35 513 891 1469 782 918 496 1592 1813 590 1144 1649 1681 475 1480 354 573 362 1580 468 144 484 934 178 1290 1313 540 740 1545 207 1843 1512 1235 775 116 1283 1726 1184 592 1641 1102 140 71 999 881 715 7 1065 1071 211 263 562 1992 732 405 134 169 910 65 10 626 725 1938 1342 735 1946 1513 1608 657 1060 1133 995 700 1898 151 276 1590 1804 59 1931 1280 26 1092 1241 1591 1059 1725 1889 1363 1375 423 1489 166 770 1579 861 905 795 1049 580 410 1472 266 1130 1 681 325 935 727 1782 992 1038 917 173 1586 1242 867 445 965 1353 304 452 406 491 1032 1501 556 88 1685 239 1850 1915 123 311 224 51 536 883 1439 1940 1009 416 451 400 149 768 1956 696 444 1976 225 1974 1520 1857 859 277 1905 704 1101 1624 1678 614 42 202 1796 334 537 1492 1137 418 1327 1108 105 1343 1306 1186 11 1732 682 1705 749 1694 1731 111 1716 1543 1530 1187 167 767 744 949 1880 754 1935 1552 1322 1819 967 1734 312 141 1391 289 1752 860 1300 1601 660 1062 1560 314 505 1740 652 1003 1951 226 1064 1214 637 1727 784 1665 147 104 1537 1467 495 792 257 91 1432 89 595 888 270 1411 1617 816 1745 643 341 1827 1748 781 1461 1631 895 1823 1691 597 1305 622 1865 302 1183 1440 1570 1660 1296 1053 1175 1199 335 557 1142 483 184 331 1981 980 1517 636 1260 1275 1688 724 333 674 1605 62 1942 1510 1792 640 1679 1338 789 227 348 538 40 671 1302 1972 306 1454 285 27 234 489 1572 649 1715 1068 1013 1618 1121 1834 364 1149 977 610 1007 1126 921 1550 195 790 870 1933 1878 963 160 1442 1179 641 1312 656 434 396 1134 1195 1314 639 471 1111 1662 1829 121 991 1428 1347 887 1582 1746 100 1357 419 983 526 235 1045 102 1950 1422 589 463 1604 426 1853 430 208 58 1043 267 370 1897 467 223 457 97 706 578 170 1838 757 1877 1742 630 1277 1845 1163 1403 481 723 812 500 684 876 194 839 1652 1287 633 1646 261 1448 1692 941 1252 1675 1861 1963 294 252 373 129 487 811 1916 431 229 1279 76 122 268 785 1388 216 711 1379 1563 919 1117 1595 673 148 1225 271 1479 338 1973 1393 455 581 162 1355 739 1048 1385 1303 584 1258 120 1785 1421 287 158 1177 110 290 1466 1457 1756 763 1198 154 63 185 323 1523 1706 1256 1281 1776 814 717 658 1555 644 83 1758 79 66 1317 756 328 488 1443 404 947 1874 942 1116 394 1129 1135 1953 1783 1292 1770 43 1372 1202 377 855 411 1798 515 281 1301 665 577 605 714 998 1934 397 296 1860 342 972 1392 1750 651 1971 1153 889 1925 1589 1500 820 1836 1667 1672 1248 982 1962 1025 821 1714 1920 730 1499 1496 1140 843 1188 1207 1809 1211 747 1811 1378 1203 1948 1577 1196 366 1717 1463 237 1849 322 912 1904 621 697 407 933 609 958 1086 1515 833 1995 1566 952 979 826 1704 726 44 1213 1818 1091 179 752 817 275 1110 30 1220 1424 497 299 742 531 1310 132 183 566 687 829 1538 1261 1744 809 664 1656 530 212 1405 1583 1362 1352 801 519 1157 689 1690 1152 552 1350 1293 568 1458 1768 1229 1233 1000 438 1481 369 1786 659 510 1243 1795 1416 993 1019 1324 291 1494 1826 256 461 509 1741 832 1728 558 157 113 1907 282 6 1518 913 678 845 1441 1909 1737 33 413 786 1228 1921 1359 1240 1476 1066 387 1729 1223 1807 612 841 329 5 480 1337 1514 1165 571 1201 1323 1477 501 798 193 1452 498 1079 608 1090 528 1658 1286 70 868 1654 133 1297 619 432 1426 84 1536 896 939 1307 1673 427 39 574 957 1936 1812 492 436 1502 1721 1039 1371 288 1999 429 1166 596 1119 1234 822 1462 98 629 1677 1278 213 1923 1567 1308 69 1578 221 1710 1574 1883 1295 1540 699 1455 1194 760 448 198 127 1284 669 1778 2000 1562 1954 1767 545 902 336 1521 728 1635 543 1369 1132 1743 1990 415 1145 925 503 1841 156 1794 236 380 199 842 1015 1267 1939 953 813 1056 1266 1828 591 1659 1535 409 414 847 479 1896 1761 1158 690 985 1397 1354 1611 318 672 417 879 1648 1964 904 1329 1884 1780 1983 846 1344 37 1735 1099 1170 1425 937 1036 330 264 1026 31 694 1055 863 1927 668 1629 506 1960 1085 54 319 1609 190 332 1958 616 1081 1993 1289 599 1154 603 343 973 175 1206 437 945 1655 691 1417 1321 1548 1614 107 800 1700 588 1784 93 1118 539 1757 1365 938 155 350 441 1150 894 20 1917 892 274 954 1991 1793 1790 1073 762 206 1805 1341 1035 1088 243 1862 586 1632 1619 1485 1773 60 994 442 1253 1720 524 28 1637 815 1647 180 1594 582 1437 502 772 804 1668 1868 1358 1367 474 139 676 1949 1559 344 1612 187 1764 1881 1236 761 529 990 1774 1120 386 1966 753 1254 339 1549 1650 886 731 1089 666 1051 701 755 634 363 1271 835 222 986 1775 907 541 959 50 853 34 1803 1114 508 1351 101 1401 493 1696 1762 1155 1173 1749 1820 486 1340 428 796 1616 259 1368 1901 337 1413 1824 465 1879 1070 1863 848 412 878 425 1230 476 956 326 1965 1719 345 359 1998 642 1109 1623 1330 1789 1856 997 1799 583 635 1274 152 1525 1886 1684 163 1766 1869 327 1866 1987 721 72 523 1680 1182 1575 138 655 1628 585 1702 1221 1320 1122 351 611 1345 1894 615 1087 25 372 1929 799 1982 1483 806 446 850 1178 527 884 862 569 1945 36 214 1695 1697 1473 667 1063 64 865 1848 1172 899 321 966 117 1844 1264 877 970 1097 1968 924 968 464 1169 625 356 901 926 1356 347 22 1519 482 1148 1265 112 1882 1621 1723 1471 518 150 1136 14 1376 1106 522 241 971 244 82 1707 1640 1245 1002 807 624 171 617 1571 824 1699 1029 951 875 131 1854 1633 1370 1885 851 1209 1810 18 1057 1468 279 1147 233 1932 301 548 49 466 1044 1842 1859 96 897 361 549 209 962 1622 1193 1597 272 1205 1645 1952 1098 1544 1870 1251 1979 1319 1459 1474 258 551 1806 324 1082 260 1156 86 1504 95 712 309 1093 1651 439 1928 1247 1273 371 378 1103 1926 1941 1754 1084 262 424 1246 45 1028 803 1181 1524 422 1815 1539 579 677 1069 964 1947 1505 168 1239 248 788 553 1957 1541 1374 1593 1176 1419 251 825 1930 360 827 915 1814 1638 146 1326 1384 1001 1185 976 1683 758 1433 1212 709 1270 981 1125 996 1004 1664 1023 215 928 840 746 1027 1554 670 433 399 447 228 460 189 1366 791 575 1259 1262 1052 1383 864 94 1406 1669 1808 984 1551 1008 1010 403 1944 1967 978 1922 565 435 47 638 946 858 1919 85 421 1585 246 29 1077 880 357 837 1708 1986 1475 41 598 567 1759 320 1486 1030 1791 716 1167 1490 92 1272 587 745 1113 974 1738 1596 623 1528 1436 1399 73 1887 1200 196 12 78 230 1128 631 1846 805 1164 376 1626 650 1643 1787 1083 1257 872 873 1398 1139 316 402 219 908 477 203 450 1046 698 607 1788 1435 398 849 1498 1733 1564 1769 1112 632 1168 388 1382 1516 613 1777 103 1969 1138 1587 1215 943 317 1825 516 718 532 1661 1380 1833 1893 783 737 1131 710 1698 1839 1041 307 1427 794 1465 197 1339 1410 1835 125 542 1671 1693 504 401 53 830 1996 1602 55 293 544 507 310 473 1464 238 1076 593 773 1531 1751 1162 960 204 389 1080 109 1739 346 1033 1994 1031 181 944 1067 1364 1285 550 355 1460 854 284 819 695 1978 1434 564 1021 729 408 563 217 1396 1689 23 1914 164 1189 210 273 975 4 1249 777 440 1747 1315 1484 1620 517 1404 295 520 201 499 353 554 1298 955 561 675 927 1075 1174 525 80 1037 1906 1888 1282 741 75 885 177 340 831 686 930 1390 443 128 1159 1890 911 1529 1299 1569 1294 1231 1096 114 1018 1040 1361 1431 793 693 1851 969 620 1331 1011 1115 303 1816 1058 1781 903 920 594 653 1430 1634 1047 1237 1630 929 734 547 1686 936 535 1161 765 987 1438 1908 1094 490 159 1061 1487 1599 1224 576 1143 922 810 1553 1676 1104 313 1975 856 24 1446 200 1054 1334 534 1606 1453 1891 385 494 1495 1899 1423 21 1755 1989 601 1613 1598 838 1318 871 748 1763 9 137 679 1581 882 1360 1276 743 1400 1349 906 769 1852 1508 1864 278 1020 692 1985 188 67 1902 358 703 1961 1573 1095 1701 774 778 1765 950 218 1407 874 283 38 1557 797 220 1190 866 1192 828 308 1509 1050 989 1873 1522 174 1588 1429 1603 297 702 383 1503 1682 1373 1488 1858 1124 1244 560 1779 1100 165 1534 1107 736 176 776 1219 1197 1222 683 836 374 1653 1568 1506 1204 1042 265 1703 1817 1006 1005 1610 771 391 459 1532 857 300 618 1386 1387 1584 1600 470 988 869 555 485 948 1657 1335 914 628 469 645 1217 1636 15 923 900 1558 1127 56 1847 1022 1736 1642 392 1024 1288 1625 1346 349 1876 909 1456 1336 1900 1918 688 1016 1034 1408 253 1017 298 462 286 1191 1867 231 1895 1333 1722 1470 19 1892 1449 1238 1526 1180 1913 722 280 1977 1444 2 663 1482 521 365 242 546 124 472 606 759 1802 375 1511 1670
