2000 1953
1482 334
1272 1574
1185 646
856 535
837 500
1531 524
1408 1671
389 1191
1531 891
1522 623
621 1419
1491 535
475 942
1854 69
891 1772
1668 1458
1079 1765
942 1154
1482 623
1965 649
1482 1678
1408 1522
987 1522
1671 389
1272 1183
1678 758
550 1391
1772 159
11 1272
1678 1264
500 987
1185 649
929 1482
856 159
550 1191
11 649
929 389
919 1079
299 69
332 891
500 116
1473 1668
1328 1473
11 524
299 1198
11 891
649 1576
1076 535
1772 1531
1531 332
1522 159
69 919
987 1718
1272 1522
1891 1938
550 942
1191 2000
856 1328
1574 623
1531 929
479 1473
1473 1079
159 389
1891 1473
11 1185
891 2000
891 524
1198 987
159 1718
1328 1576
1772 475
649 1328
1854 623
479 649
500 1272
1272 479
524 500
1576 1891
1772 1328
1076 1891
1183 332
899 479
159 899
1718 340
1765 1207
621 550
856 1718
1391 535
159 942
1191 1198
1491 891
1183 899
1482 837
1391 1183
1408 69
1256 1576
340 1668
1891 1854
535 299
1765 1191
1938 332
1076 891
1522 1076
1482 535
500 1938
1079 1185
1079 1191
1264 1256
535 1938
919 299
1207 11
1154 1891
1668 837
1938 69
1264 1458
1183 1574
1076 1256
1191 856
299 758
1668 621
1671 159
1854 1668
1198 389
550 1522
389 1473
1891 1965
1671 1198
942 1408
837 299
891 1328
1191 1328
524 1576
1678 475
1185 899
1718 1272
500 1671
299 891
942 1765
1491 1272
1765 2000
116 1076
116 475
1482 1576
1154 649
389 987
891 758
332 334
646 1183
1574 1207
159 646
899 646
524 1938
929 1183
479 1458
334 2000
389 1668
1079 856
856 1458
1458 1207
11 1473
1765 1419
332 11
1079 1574
1671 535
69 1391
919 1473
621 1574
1765 1576
1079 116
1491 1772
1668 500
1671 1154
1491 1419
1522 942
299 1938
1765 389
1671 1938
1076 1574
1403 891
1891 11
1576 623
891 1272
1891 987
758 1891
116 299
2000 299
475 1408
1522 758
116 649
1185 1576
1482 919
1574 1522
1191 1531
1183 1076
334 1198
479 535
1272 646
1473 524
1264 1076
475 1531
1854 1403
1403 649
535 159
69 1891
389 334
987 1458
942 11
535 899
899 758
1328 899
535 623
1256 1938
1938 1198
1671 1183
1678 919
1419 524
1965 1391
389 479
159 1154
1772 837
1079 649
1965 1198
1198 929
332 1256
1891 942
334 646
856 929
535 1772
1191 332
389 1328
1854 1765
116 1391
500 891
1079 1419
1678 1576
1183 1458
1531 1079
1076 1678
649 646
69 929
1185 1419
1574 116
500 1185
1668 646
1718 2000
1185 2000
623 649
1718 334
550 837
159 987
987 1419
1531 1482
942 649
159 2000
1207 646
1264 1079
2000 649
389 1938
1198 69
1264 856
334 1191
1191 1671
899 1854
1765 621
1328 1678
535 1765
1678 1419
1576 116
299 1076
942 1419
2000 1272
1191 1522
1522 1531
389 758
159 475
1458 1938
1191 919
1264 1408
891 1154
1574 1891
1403 524
1264 929
340 1678
1403 1079
11 1491
535 1207
1264 11
1076 758
1574 1965
837 856
1576 332
1854 1491
1574 1408
1531 1718
1671 340
332 299
159 1185
1207 623
1473 1154
1185 1938
334 1076
899 1965
1391 11
1574 1458
1207 1272
116 942
929 1772
1522 1458
649 1938
500 2000
1668 1965
1891 837
1765 1272
1185 334
1491 837
1482 649
646 919
891 837
116 1482
389 1482
1198 1522
758 942
1772 2000
299 621
299 646
69 1522
899 1191
1408 758
479 550
942 1076
1403 389
1482 550
389 332
1154 69
1256 1854
646 758
856 623
1965 1272
332 524
758 1531
1154 1419
1256 919
942 1491
899 299
1473 299
1482 1079
899 1272
1473 1207
1854 1198
891 1891
891 159
1154 987
1522 1419
623 299
1576 1207
929 1965
479 646
500 919
1482 1668
2000 1671
1198 1668
332 1408
987 899
1408 1531
550 1531
1154 758
1718 1328
1576 929
623 1154
500 758
334 340
69 1264
1403 535
1718 1938
623 1473
11 1419
1458 621
1491 159
1079 942
856 1154
1531 1473
550 929
1491 389
1328 1079
524 1482
1473 837
1328 1403
11 987
1938 1154
1671 524
479 524
1403 856
1718 1482
2000 646
524 1183
1391 1491
621 1522
535 1256
1183 623
1772 1891
919 1272
1854 116
1482 758
1938 1772
891 856
1079 299
758 1854
1718 1403
2000 929
475 1491
340 837
837 1576
1403 1482
500 1419
1854 1576
856 11
340 1272
649 524
1938 475
942 1264
1938 1264
69 987
1678 942
1938 1403
623 479
1574 987
1718 69
929 524
479 1671
1256 11
479 758
758 1272
1458 389
334 1531
332 340
1076 1482
69 340
758 856
929 1473
389 1154
942 929
550 500
942 899
500 649
1482 942
1458 500
929 649
1264 159
899 1491
1671 1328
856 1965
1678 1671
2000 837
646 524
621 1272
929 623
1256 1458
1668 1207
1191 524
1765 987
535 646
1328 1272
1198 1207
621 1772
1671 1574
159 929
475 2000
1391 1185
1965 1079
856 1256
1403 550
334 1522
340 1191
69 1458
524 1854
1076 159
1076 929
11 1765
621 649
899 2000
1191 929
1765 1473
550 758
987 550
1198 1491
837 334
1938 1522
1458 1576
649 332
899 837
758 1419
1718 1671
1391 1207
919 837
1154 1272
524 1772
942 856
500 1256
1965 550
1264 550
1264 1574
758 475
1408 479
1256 69
1079 535
987 1671
159 332
1256 116
500 1522
340 479
116 1522
758 1491
899 1522
919 1671
646 116
919 1076
1718 1772
1854 1772
2000 479
1678 1891
919 891
1391 524
1671 332
69 1531
1491 1671
1473 987
919 1408
1531 942
837 332
1328 1668
475 1256
1264 1185
1076 11
69 1668
1482 1891
116 1938
646 1403
646 1419
646 1854
1207 1079
389 1678
1076 1576
856 332
1668 475
524 1198
1391 891
758 987
1207 475
1198 1419
500 1191
1531 1264
1891 919
1765 299
475 479
11 1482
1491 1576
1473 1198
1522 1678
856 475
500 1718
332 1154
1185 1328
1718 1965
1403 69
1473 159
332 1772
646 550
1678 1574
1328 475
623 11
621 1198
1191 1256
500 389
1473 475
340 942
1076 479
1076 1191
649 1198
1419 334
116 389
623 987
1891 1522
1576 1391
1079 550
550 1772
1272 1482
942 500
987 837
987 299
1531 1678
942 299
837 1403
116 891
550 340
1391 1154
929 332
1272 1576
1938 942
1185 919
1718 1574
891 929
340 2000
1264 1419
332 1491
2000 11
524 837
535 340
987 334
1473 1256
1328 1391
1938 1574
1938 1678
621 11
1419 340
332 1185
856 524
1256 1154
1718 649
1576 942
1891 929
1854 891
1458 1408
942 1574
1408 1938
11 1772
856 1272
389 524
1191 758
1198 1079
919 475
1891 1403
942 1718
1408 1473
621 1491
1765 1391
837 1938
1272 1938
116 1718
1403 1185
535 332
1531 1183
1668 1391
475 1891
1718 623
524 535
1765 649
1391 1079
1965 389
116 1419
1854 1965
550 1718
1718 475
1154 1678
899 1076
899 524
1408 1183
1965 1191
1891 1491
334 1854
479 332
389 1574
1482 1965
1198 1678
1482 1185
1191 1668
1574 550
1668 649
1772 389
500 1576
159 1328
389 1522
649 475
1678 987
621 1938
479 116
758 929
929 1207
1678 116
1403 1668
550 1154
1891 159
891 942
2000 1854
334 524
891 1191
987 479
550 1671
550 332
389 1419
159 1574
1272 1191
1772 1183
623 332
649 1522
332 1522
1965 1264
1765 856
1419 69
116 1191
1183 1854
1458 623
621 1965
1185 1458
159 1183
1671 1772
929 340
646 1671
1419 1965
987 1191
1264 1198
1482 1522
1183 1678
1668 535
340 11
535 1965
1154 1668
1854 1718
1183 1765
535 1191
1191 1473
1183 500
919 1491
1576 891
116 11
856 1891
1458 899
550 1473
1256 987
621 1183
1482 621
332 1718
621 69
1458 535
1076 1718
649 1772
623 1938
1391 1191
1718 479
1765 837
1482 1183
116 159
1678 1854
69 1574
1154 2000
340 1328
332 1419
1183 891
479 1264
856 1076
1576 1574
1473 621
1938 1765
69 891
1482 1491
1076 475
646 1531
987 1185
1491 1076
919 1458
500 69
1207 340
1183 334
649 1854
550 1458
550 334
646 1198
1185 621
1207 69
535 389
1272 929
1328 69
479 159
11 479
1256 479
1531 621
1938 899
1207 1191
856 1207
1419 1076
1482 2000
524 1207
1891 621
1458 334
1419 1191
1183 1264
1185 340
1198 1183
69 1183
340 1482
299 1576
535 334
1076 340
1965 524
1328 1076
1473 1491
2000 1668
1668 919
479 1965
1408 1965
1522 475
891 1671
1264 758
1854 1272
1965 1256
1891 479
856 2000
1256 837
1272 1391
623 1531
1574 891
1079 524
919 524
1191 1403
475 500
475 332
1264 116
1531 535
1256 1718
942 524
1458 340
475 1391
987 1531
1458 1391
1765 1718
1185 1671
891 1765
1574 479
623 500
1491 1531
623 1772
389 1264
2000 1076
116 1207
1419 623
500 1491
1256 1391
69 837
1772 1576
1154 1482
1574 837
500 332
159 550
475 929
1765 1965
332 1854
1183 1938
1403 159
479 1668
1207 1403
1183 1154
1765 550
1079 1272
899 332
524 69
621 159
535 500
535 987
475 1154
1531 1185
1576 1938
621 837
758 116
1678 1256
1678 1207
1191 1576
1403 1522
535 69
1678 1668
899 1079
837 623
758 524
389 856
159 1678
1391 646
1482 299
891 340
1531 340
1718 1473
899 623
1403 1419
758 649
1207 2000
621 623
479 1079
837 159
899 340
1264 1718
919 479
1076 621
1419 159
1522 646
1671 1256
837 1678
1765 623
621 524
1154 1574
340 1154
1183 856
1079 500
1772 1965
2000 1403
299 1522
837 535
1272 1531
856 1482
11 475
899 649
550 535
1207 479
1482 1671
1408 1891
1458 1419
1891 1765
1522 1183
1391 1772
758 837
1207 332
1256 550
500 1965
524 1522
299 11
891 1718
1079 1256
1256 524
987 475
479 1522
856 116
1576 1473
1185 535
1678 1403
899 1718
2000 69
1391 942
1328 500
1772 1678
1668 1574
1854 1531
1772 1154
1574 1191
1531 1198
1183 1079
891 1482
1678 891
116 1965
1531 919
942 1772
1191 1482
1183 340
535 1891
1264 1772
899 1574
1264 646
891 535
1772 299
159 1458
1531 2000
1772 987
837 116
159 1198
1965 299
1473 1938
1264 332
758 1391
1576 1408
479 929
1272 623
623 1678
116 1198
1678 11
1419 1207
929 1938
1419 649
1328 1408
550 1419
1207 1772
621 2000
929 621
1198 1185
500 899
1531 1391
929 500
1191 69
1191 1183
389 1256
69 159
69 479
1272 1264
1419 891
2000 942
1891 899
69 1482
1403 1531
919 1772
1154 500
69 758
1207 649
856 1408
1965 1183
1491 1522
475 837
500 159
758 159
1185 1765
479 1419
1272 1473
649 1183
159 1191
1854 479
1891 1668
1264 1576
1256 899
1482 500
1391 1473
837 1154
535 475
1473 899
891 899
1403 299
116 1328
1671 758
159 334
1574 1391
1328 11
621 479
1576 1183
758 1328
1765 159
621 1671
1765 1408
332 1391
524 159
1198 837
1531 1076
1154 334
479 891
1264 1482
1207 919
116 1473
623 340
1408 621
299 856
1079 621
1391 1482
11 646
758 1574
1198 1891
987 1668
116 1458
1207 1264
1671 623
1772 1668
1458 929
856 646
69 1473
1473 1965
1183 1256
1191 1185
500 334
1765 1328
1671 1207
899 1264
535 1576
1403 334
1272 1671
1576 550
1938 1328
1772 1482
899 11
550 899
1718 758
116 919
942 1183
646 1458
1854 1671
1891 1671
987 621
1079 1668
942 1198
2000 1938
856 340
1419 1668
1671 1531
891 1473
1408 524
1718 299
899 475
2000 987
942 1458
332 1482
919 332
11 758
535 116
1765 1403
1891 1718
1403 1264
891 621
929 1185
1185 1965
340 1522
524 299
623 1328
1522 1854
116 1671
1079 69
1854 299
475 389
1207 1154
1772 646
1076 1668
1473 500
758 621
550 1668
11 1154
1765 1531
11 1191
1668 524
1458 1772
2000 1965
1891 646
116 1491
1391 899
891 1458
1531 1965
649 919
1198 1574
116 334
1185 942
1965 1576
1458 758
899 856
334 1574
1965 1154
1079 389
646 621
1419 1408
1272 535
1264 1854
891 389
837 1185
856 1185
1408 389
524 1574
1482 1198
1207 1256
942 1965
1264 1328
1772 856
1256 1185
1403 1198
1256 1491
621 332
1765 1671
1403 1458
1772 1419
1185 1772
389 299
987 1079
332 1403
646 623
1574 649
479 500
1678 621
1198 1718
116 332
1403 623
1574 1531
1678 479
1198 1154
1328 1183
299 1391
919 535
837 1965
1482 1328
299 929
919 334
340 1765
475 340
1522 1256
929 1854
1938 334
1671 1391
1076 332
1668 899
1076 1965
2000 1678
1391 623
942 621
1198 758
524 1264
475 1183
1185 1854
837 11
550 1854
1522 929
524 623
1198 332
389 942
649 1408
1531 1207
1408 1191
475 891
1458 11
116 340
1938 1419
1668 159
919 2000
1272 332
929 1403
1473 332
1531 1891
1891 623
524 1185
1854 1191
1491 1765
1765 69
929 116
623 1408
159 1482
2000 1408
1391 1938
621 856
1272 1185
116 1772
1391 621
1482 1574
1965 1403
334 1668
1256 758
299 1154
1938 11
646 1576
1256 1668
159 1207
1256 1272
1185 299
500 340
1408 1668
623 1264
649 69
2000 1576
1473 1522
1272 1408
1531 1458
1328 1854
1574 929
1154 1522
1256 1765
1482 987
1854 475
332 646
11 1854
1522 891
919 1419
299 1891
11 1576
1207 837
1198 340
942 535
1671 69
1079 623
479 1531
11 1965
550 1938
535 1473
1671 1403
550 1678
1408 1198
1772 1079
1718 919
1264 987
1154 1185
899 1419
1076 623
1391 649
500 1408
1854 159
524 1458
1458 475
1154 1403
475 1403
1198 11
1272 550
899 389
758 1965
299 1408
1482 1854
1183 479
475 1482
1668 758
891 1079
1183 1207
1522 1576
1576 1198
299 1272
646 1678
758 1765
479 1482
1419 2000
621 500
1678 535
1272 524
758 1938
1256 340
1419 1391
389 1576
929 11
1076 1391
1079 332
159 1256
332 1891
1391 919
856 1678
1965 1458
919 1328
929 987
475 623
1191 475
1256 1408
475 550
919 899
1207 1482
899 69
1671 899
1574 1772
1671 1668
2000 1391
1522 1328
1079 1671
11 1718
1482 1473
1891 1272
1272 159
1938 1668
1154 1718
334 69
1419 1718
1076 1154
646 475
1531 500
1256 891
623 1185
1576 1718
1207 299
919 1154
1678 1185
1264 475
646 1491
1256 1772
1891 550
1408 550
1965 919
919 11
1403 1256
2000 1574
1198 919
987 1272
646 389
987 1491
332 758
332 1458
1458 1765
475 621
891 987
159 1576
332 1668
2000 1328
1772 899
1272 1668
299 1256
1891 389
1678 1458
1522 2000
1938 1531
1183 550
500 1678
116 1765
1256 1198
1458 1198
837 389
475 1576
1191 646
856 1473
1079 1891
1408 1854
1491 1938
334 1891
919 942
1408 1718
1154 1491
1183 389
1772 334
1854 340
1207 891
1891 524
1264 1765
389 1207
649 1076
475 1574
1458 2000
1965 1328
623 942
758 1403
1718 929
758 1185
1256 623
1965 1491
479 1491
1668 942
334 479
929 919
1671 299
1765 332
1765 479
1671 649
1531 1328
919 389
1668 929
1491 1079
758 340
389 69
1576 856
1185 116
1531 1154
1718 1183
1765 899
1482 1938
1854 919
1458 1191
623 389
1191 299
1198 1328
856 334
646 837
332 1328
1574 500
1403 1391
1207 1891
1256 2000
500 1391
1491 623
535 1574
856 1198
11 1408
1419 475
1272 649
334 1079
1668 1576
1522 837
1391 1264
524 475
987 1408
334 1671
1574 919
1772 1473
500 1772
758 623
1671 11
1668 856
1718 389
856 1522
621 535
891 646
1965 1678
389 1854
1854 1938
1891 500
1491 1678
1965 475
1183 1891
891 623
837 1191
1772 69
1473 646
1668 299
1403 1772
500 1207
69 475
621 1328
1207 1854
1574 332
1408 334
856 987
929 1765
1531 649
623 1668
1419 1891
159 1531
1264 1891
1458 649
1207 1965
1854 1079
646 1076
11 334
899 116
1772 758
1938 919
942 987
1191 1772
1183 1419
856 69
524 1718
837 1328
1391 1854
69 1185
1198 1391
1328 479
1531 1419
1772 1272
987 524
524 550
1473 1183
535 1408
1391 1718
1473 1854
11 535
942 1207
837 1272
646 1408
1718 621
1938 1079
891 1185
623 1965
1576 758
1403 1574
1574 1765
621 1854
1765 919
535 1198
550 1198
1079 1154
1256 1482
929 899
1482 1765
1185 1408
2000 332
1522 919
1938 340
524 1678
1272 1458
1718 837
500 299
919 159
2000 524
340 1264
1154 899
1207 1408
69 1272
1391 479
1264 500
987 1391
1185 475
1264 1522
919 987
1328 1491
1765 1522
1272 1678
621 1256
11 1079
987 332
334 942
942 69
1576 340
535 1854
1473 1458
1272 1403
646 1154
1854 1419
1419 929
1328 550
1185 1718
646 1574
334 1207
1891 1185
389 340
1328 524
856 1531
334 758
1718 1191
1403 942
69 1678
1154 1854
116 1154
1408 1772
334 929
1854 1574
1256 649
2000 623
621 1191
1482 1458
2000 758
1574 1185
535 758
535 1718
649 1191
550 1207
1391 856
1668 1522
340 1491
1576 987
340 1079
1264 891
1185 1076
69 646
340 299
116 623
1965 340
1079 1522
1574 1328
649 550
475 1272
479 1191
649 535
1207 899
1207 1938
891 334
646 1256
1264 1154
1185 1473
1458 837
1403 340
299 1458
1965 1671
1772 1198
159 1408
500 11
1671 1458
649 159
116 1668
1079 1076
1183 299
299 159
1678 1473
299 1328
1473 340
1482 1408
1328 1891
837 1408
1264 919
1154 524
1191 1264
1473 1076
340 1772
1765 1668
389 2000
1272 389
524 1076
1207 987
1531 11
1183 2000
1718 1668
2000 1491
856 500
1198 475
1491 1183
1403 1473
856 919
524 1765
856 649
1191 1678
475 1671
649 837
837 1076
479 942
919 1403
1458 1491
1256 1328
116 1272
1256 942
1965 1938
649 340
340 621
69 550
1198 479
1403 1076
340 524
1772 1765
159 1079
1574 11
1391 159
2000 1079
1256 334
987 646
389 1185
1191 1491
1207 621
334 1264
1891 2000
1256 1419
299 1491
1531 1256
116 550
837 1183
1403 1491
1458 1891
1854 987
758 1473
334 623
1264 1491
1198 1076
299 550
929 646
1491 929
1076 389
1668 1531
1678 649
929 837
1576 1403
837 942
535 1419
1576 919
340 1391
942 1191
1391 1522
1473 2000
389 1391
500 1854
334 1491
1765 475
1191 1938
837 1671
1183 1403
332 942
987 1965
1191 1154
1408 116
479 837
623 69
646 340
1198 1272
535 1264
1264 649
1938 646
1531 1576
649 987
1765 1076
1678 1765
1891 649
1718 646
299 649
1522 1185
899 1531
1772 1522
1473 1574
1458 1154
856 1854
334 621
1408 1391
1491 1207
1678 1718
1419 1272
1531 389
1473 1419
649 334
550 2000
1965 332
479 1938
1678 334
1531 116
1328 1154
837 1419
891 1965
1854 1458
942 1854
1765 334
1185 479
1419 1574
550 891
1391 1891
550 623
299 1419
856 1938
1408 1491
1678 1079
1076 1772
1522 535
649 389
1891 1256
1183 535
1076 69
116 524
11 550
987 1403
1154 621
929 1408
899 1408
649 1473
929 1391
899 334
1458 1328
646 1965
340 159
299 1264
116 987
340 1574
1965 334
1185 1207
758 1079
2000 116
1403 899
1473 334
929 1154
929 1328
1207 758
1854 837
621 1576
479 1403
1671 1264
987 1938
159 623
1198 500
758 1183
535 929
389 621
646 1079
1668 1264
479 1154
334 1272
1965 69
535 1328
621 919
1482 899
1576 69
116 1183
1765 1198
340 987
1458 1076
159 1938
856 1671
1264 621
299 334
69 332
1076 1854
891 649
1185 550
1079 475
891 1938
1408 1079
1198 2000
1678 1391
1522 1207
116 621
1154 1576
11 159
11 389
1491 649
1574 1491
1668 11
332 1678
1328 334
646 1482
1522 11
1419 1328
1668 1491
919 1183
1574 856
1482 1419
1965 159
1668 1185
1207 1718
1576 899
1718 1491
1671 1419
837 1264
535 1154
1671 1473
1491 69
1198 623
479 1576
1574 1256
856 1491
837 1391
1328 987
1185 1183
1076 987
1574 299
929 1678
1408 1076
1678 1408
340 919
389 550
1391 334
1576 334
623 919
550 856
1965 1522
475 299
340 1891
1671 942
2000 535
1678 899
500 1765
1079 1718
1328 942
1576 1671
856 1419
1408 891
621 899
1891 116
1718 1522
929 1671
1576 1419
69 116
1076 1207
1531 837
11 1183
1671 1076
1473 942
1408 340
550 1491
1079 1458
1668 891
116 1403
1403 11
1765 1154
479 1772
500 646
929 1079
899 1198
479 299
69 11
1191 623
1079 837
1076 500
1491 1185
1183 1668
919 550
1576 1079
1491 524
550 1076
1256 929
987 1183
1264 1473
1408 1154
1678 299
500 1403
646 1765
919 758
1328 646
1272 942
334 475
1264 2000
1207 1328
1198 891
856 479
1076 1938
646 942
1671 1522
1403 1408
1272 1076
1718 1458
1531 299
621 1403
1891 1191
1 1 1 1 1 1 1 1 1 1 63 1 1 1 1 1 1 1 1 1 1 1 1 1 1 1 1 1 1 1 1 1 1 1 1 1 1 1 1 1 1 1 1 1 1 1 1 1 1 1 1 1 1 1 1 1 1 1 1 1 1 1 1 1 1 1 1 1 63 1 1 1 1 1 1 1 1 1 1 1 1 1 1 1 1 1 1 1 1 1 1 1 1 1 1 1 1 1 1 1 1 1 1 1 1 1 1 1 1 1 1 1 1 1 1 63 1 1 1 1 1 1 1 1 1 1 1 1 1 1 1 1 1 1 1 1 1 1 1 1 1 1 1 1 1 1 1 1 1 1 1 1 1 1 1 1 1 1 63 1 1 1 1 1 1 1 1 1 1 1 1 1 1 1 1 1 1 1 1 1 1 1 1 1 1 1 1 1 1 1 1 1 1 1 1 1 1 1 1 1 1 1 1 1 1 1 1 1 1 1 1 1 1 1 1 1 1 1 1 1 1 1 1 1 1 1 1 1 1 1 1 1 1 1 1 1 1 1 1 1 1 1 1 1 1 1 1 1 1 1 1 1 1 1 1 1 1 1 1 1 1 1 1 1 1 1 1 1 1 1 1 1 1 1 1 1 1 1 1 1 1 1 1 1 1 1 1 1 1 1 1 1 1 1 1 1 1 1 63 1 1 1 1 1 1 1 1 1 1 1 1 1 1 1 1 1 1 1 1 1 1 1 1 1 1 1 1 1 1 1 1 63 1 63 1 1 1 1 1 63 1 1 1 1 1 1 1 1 1 1 1 1 1 1 1 1 1 1 1 1 1 1 1 1 1 1 1 1 1 1 1 1 1 1 1 1 1 1 1 1 1 1 1 1 1 1 1 1 63 1 1 1 1 1 1 1 1 1 1 1 1 1 1 1 1 1 1 1 1 1 1 1 1 1 1 1 1 1 1 1 1 1 1 1 1 1 1 1 1 1 1 1 1 1 1 1 1 1 1 1 1 1 1 1 1 1 1 1 1 1 1 1 1 1 1 1 1 1 1 1 1 1 1 1 1 1 1 1 1 1 1 1 1 1 63 1 1 1 63 1 1 1 1 1 1 1 1 1 1 1 1 1 1 1 1 1 1 1 1 63 1 1 1 1 1 1 1 1 1 1 1 1 1 1 1 1 1 1 1 1 1 1 1 63 1 1 1 1 1 1 1 1 1 1 63 1 1 1 1 1 1 1 1 1 1 1 1 1 1 63 1 1 1 1 1 1 1 1 1 1 1 1 1 1 1 1 1 1 1 1 1 1 1 1 1 1 1 1 1 1 1 1 1 1 1 1 1 1 1 1 1 1 1 1 1 1 1 1 1 1 1 1 1 1 1 1 1 1 1 1 1 1 1 1 1 1 1 1 1 1 63 1 63 1 1 1 1 1 1 1 1 1 1 1 1 1 1 1 1 1 1 1 1 1 1 63 1 1 63 1 1 1 1 1 1 1 1 1 1 1 1 1 1 1 1 1 1 1 1 1 1 1 1 1 1 1 1 1 1 1 1 1 1 1 1 1 1 1 1 1 1 1 1 1 1 1 1 1 1 1 1 1 1 1 1 1 1 1 1 1 1 1 1 1 1 1 1 1 1 1 1 1 1 1 1 1 1 1 1 1 1 1 1 1 1 1 1 1 1 1 1 1 1 1 1 1 1 1 1 1 1 1 1 1 1 1 1 63 1 1 1 1 1 1 1 1 1 1 1 1 1 1 1 1 1 1 1 1 1 1 1 1 1 1 1 1 1 1 1 1 1 1 1 1 1 1 1 1 1 1 1 1 1 1 1 1 1 1 1 1 1 1 1 1 1 1 1 1 1 1 1 1 1 1 1 1 1 1 1 1 1 1 1 1 1 1 63 1 1 1 1 1 1 1 1 1 1 1 1 1 1 1 1 1 1 63 1 1 1 1 1 1 1 1 1 1 1 1 1 1 1 1 1 1 1 1 1 1 1 1 1 1 1 1 1 1 1 1 1 1 63 1 1 1 1 1 1 1 63 1 1 1 1 1 1 1 1 1 1 1 1 1 1 1 1 1 1 1 63 1 1 1 1 1 1 1 1 1 63 1 1 1 1 1 1 1 1 1 1 1 1 63 1 1 1 1 1 1 1 1 1 1 1 1 1 1 1 1 1 1 1 1 1 1 1 1 1 1 1 1 1 1 1 1 1 1 1 1 1 1 1 1 1 1 1 1 63 1 1 1 1 1 1 1 1 1 1 1 1 1 1 1 1 1 1 1 1 1 1 1 1 1 1 1 1 1 1 1 1 1 1 1 1 1 1 1 1 1 1 1 1 1 1 1 1 1 1 1 1 1 1 1 1 1 1 1 1 1 1 1 1 1 1 1 1 1 1 1 1 1 1 1 1 1 1 1 1 1 1 1 1 1 1 1 1 63 1 1 63 1 1 1 1 1 1 1 1 1 1 1 1 1 1 1 1 1 1 1 1 1 1 1 1 1 1 1 1 1 1 1 1 1 1 1 1 1 1 1 1 1 1 1 1 1 1 1 1 1 1 1 1 1 1 1 1 1 1 1 1 1 1 1 1 1 1 1 1 1 1 1 1 1 1 63 1 1 1 1 1 1 1 1 1 1 1 1 1 1 1 1 1 1 1 1 1 1 1 1 1 1 1 1 63 1 63 1 1 1 1 1 63 1 1 1 1 1 1 63 1 1 1 1 1 1 1 1 63 1 1 1 1 1 1 1 1 1 1 1 1 1 1 1 1 1 1 1 1 1 1 1 1 1 1 1 1 1 1 1 1 1 1 1 1 1 1 1 1 1 1 1 1 1 1 1 1 63 1 1 1 1 1 1 1 63 1 1 1 1 1 1 1 63 1 1 1 1 1 1 1 1 1 1 1 1 1 1 1 1 1 1 1 1 1 1 1 1 1 1 1 1 1 1 1 1 1 1 1 1 1 1 1 1 1 1 1 1 1 1 1 1 1 1 1 1 1 1 1 63 1 1 1 1 1 1 1 1 1 1 1 1 1 1 1 1 1 1 1 1 1 1 1 1 1 1 1 1 1 1 1 1 1 1 1 1 1 1 1 1 1 1 1 1 1 1 1 1 1 1 1 1 1 1 1 1 1 1 1 1 1 1 63 1 1 1 1 1 1 1 1 1 1 1 63 1 1 1 1 63 1 1 1 1 1 1 1 1 1 1 63 1 1 1 1 1 1 1 1 1 1 1 1 1 1 1 1 1 1 1 1 1 1 1 1 1 1 1 1 1 1 1 1 1 1 1 1 1 1 63 1 1 1 1 1 1 1 1 1 1 1 1 1 1 63 1 1 1 1 1 1 1 1 63 1 1 1 1 1 1 1 1 63 1 1 1 1 1 1 1 1 1 1 1 1 1 1 1 1 1 1 1 1 1 1 1 1 1 1 1 1 1 1 63 1 1 1 1 1 1 1 1 63 1 1 1 1 1 1 1 1 1 1 1 1 1 1 1 1 1 1 1 1 1 1 1 1 1 1 1 1 1 1 1 1 1 1 1 1 1 1 1 1 1 1 63 1 63 1 1 1 1 1 1 1 1 1 1 1 1 1 1 1 1 1 1 1 1 1 1 1 1 1 1 1 1 1 1 1 1 1 1 1 1 1 1 1 1 1 1 1 1 1 1 1 1 1 1 1 1 1 1 1 1 1 1 1 1 1 1 1 1 1 1 1 1 1 1 1 1 1 1 1 1 1 1 1 1 1 1 1 1 1 1 1 1 1 1 1 63 1 1 63 1 1 1 1 1 1 63 1 1 1 1 1 1 1 1 1 1 1 1 1 1 1 1 1 1 1 1 1 1 1 1 1 1 1 1 1 1 1 1 1 1 1 1 1 1 1 63 1 1 1 1 1 1 1 1 1 1 1 1 1 1 1 1 1 1 1 1 1 1 1 1 1 1 1 1 1 1 1 1 1 1 1 1 1 1 1 1 1 1 1 1 1 1 63 1 1 1 1 1 1 63 1 1 1 1 1 1 1 1 1 1 1 1 1 1 1 1 1 1 1 1 1 1 1 1 1 1 1 1 1 1 1 1 1 1 1 1 1 1 1 1 1 1 1 1 1 1 1 1 1 1 1 1 1 1 1 1 1 1 1 1 1 1 1 1 1 1 1 1 1 1 1 1 1 1 1 1 1 1 1 1 1 63 1 1 1 1 1 1 1 1 1 1 1 1 1 1 1 1 1 1 1 1 1 1 1 1 1 1 1 1 1 1 1 1 1 1 1 1 63 1 1 1 1 1 1 1 1 1 1 1 1 1 1 1 1 1 1 1 1 1 1 1 1 1 1 1 1 1 1 1 1 1 1 1 1 1 1 1 1 1 1 1 1 1 1 63 1 1 1 1 1 1 1 1 1 1 1 1 1 1 1 1 1 1 1 1 1 1 1 1 1 1 63 1 1 1 1 1 1 1 1 1 1 1 1 1 1 1 1 1 1 1 1 1 1 1 1 1 1 1 1 1 1 1 1 1 1 63
