1 1647
1647 494
494 1664
1664 61
61 1989
1989 448
448 1444
1444 1025
1025 66
66 815
815 440
440 1878
1878 639
639 309
309 146
146 1284
1284 1959
1959 1541
1541 1723
1723 906
906 49
49 1197
1197 1886
1886 49
1886 1541
1197 726
726 1284
726 1541
726 1826
1826 146
1826 1197
1826 755
755 146
755 906
906 1541
1723 1284
146 1414
1414 1164
1164 1361
1361 1414
1361 1776
1776 1399
1399 643
643 1781
1781 1164
1781 307
307 666
666 1414
307 1414
307 1164
307 1788
1788 1399
1399 1164
1776 1512
1512 102
102 1414
1414 478
478 440
478 237
237 1702
1702 677
677 1698
1698 478
1698 1702
677 999
999 697
697 478
999 237
999 17
17 1380
1380 1370
1370 237
1380 677
17 237
677 478
237 1624
1624 1674
1674 706
706 196
196 33
33 918
918 1884
1884 1363
1363 1245
1245 1884
1245 1623
1623 33
1245 918
1363 196
1363 918
1884 706
918 196
918 1674
33 1674
196 1674
1674 1746
1746 1246
1246 670
670 1364
1364 1624
670 1746
1246 1145
1145 596
596 1246
596 1746
1145 271
271 787
787 1246
787 1746
1624 478
478 146
478 91
91 1414
309 282
282 457
457 1263
1263 867
867 920
920 1905
1905 1263
920 282
867 304
304 1408
1408 309
1408 867
304 309
867 282
1263 282
1878 1943
1943 216
216 778
778 1095
1095 846
846 860
860 1516
1516 573
573 305
305 978
978 887
887 150
150 1332
1332 305
1332 887
1332 1592
1592 150
1592 305
1592 114
114 429
429 978
429 887
429 150
429 1592
114 150
114 887
114 1332
887 305
305 1118
1118 779
779 655
655 767
767 330
330 655
330 1049
1049 239
239 1118
239 655
239 754
754 767
754 1118
754 1049
754 330
754 1864
1864 655
1864 1118
1864 767
1864 1049
1864 779
239 1724
1724 1102
1102 841
841 833
833 87
87 1973
1973 1620
1620 1024
1024 549
549 458
458 1429
1429 1257
1257 239
1024 1973
1024 235
235 1724
235 833
1024 833
1973 357
357 1930
1930 585
585 947
947 1879
1879 287
287 1930
287 822
822 1973
822 357
1879 403
403 1070
1070 1973
947 357
585 1019
1019 1973
87 239
833 1724
1049 1118
767 1118
655 1118
1118 442
442 1494
1494 820
820 1809
1809 105
105 37
37 1413
1413 736
736 1852
1852 1413
1852 628
628 1052
1052 368
368 992
992 1048
1048 1729
1729 101
101 461
461 1771
1771 565
565 919
919 844
844 1596
1596 1168
1168 1319
1319 1479
1479 1321
1321 310
310 761
761 1421
1421 1596
1421 1732
1732 844
310 919
1479 1795
1795 844
1795 1501
1501 844
1501 1168
1319 919
919 1052
919 159
159 581
581 368
581 1048
565 1729
1052 659
659 1413
659 1852
659 944
944 736
944 1852
944 1936
1936 280
280 1009
1009 1067
1067 554
554 883
883 1583
1583 1111
1111 1125
1125 1009
1125 806
806 837
837 1936
837 1583
883 1009
1009 944
280 944
1052 367
367 736
367 37
367 251
251 1276
1276 736
251 628
251 1852
628 736
736 253
253 37
736 37
37 1554
1554 1159
1159 105
1159 1302
1302 1331
1331 495
495 105
495 1064
1064 1690
1690 105
1690 1123
1123 105
1123 1554
1123 1331
1123 37
1064 37
495 1159
1302 37
1159 37
105 587
587 1465
1465 1809
1465 1493
1493 51
51 1700
1700 1494
1700 1809
51 1467
1467 1927
1927 1932
1932 763
763 925
925 1494
925 105
763 1493
763 1467
1493 1538
1538 508
508 1383
1383 1538
1383 569
569 916
916 1802
1802 1538
1802 1431
1431 1800
1800 569
1800 916
1800 1383
1800 508
1800 1167
1167 184
184 277
277 375
375 688
688 36
36 885
885 1800
885 329
329 1297
1297 688
1297 1167
1297 207
207 277
1297 1800
329 1521
1521 688
1521 375
329 1800
329 277
885 688
36 1367
1367 1167
36 1167
277 1167
277 1800
1800 1493
1802 508
1802 1383
916 1493
916 508
569 508
1383 1493
1494 1299
1299 1859
1859 1955
1955 187
187 340
340 1741
1741 1251
1251 1859
1741 1859
1741 1469
1469 187
1469 1602
1602 1223
1223 28
28 1545
1545 1839
1839 1378
1378 177
177 345
345 1839
345 1223
345 28
177 747
747 1853
1853 1601
1601 1713
1713 1265
1265 234
234 608
608 382
382 1694
1694 1713
1694 608
1694 1853
1694 1265
382 1045
1045 1565
1565 382
1565 1556
1556 382
1556 1570
1570 313
313 1066
1066 546
546 1619
1619 1369
1369 1020
1020 468
468 1066
546 1957
1957 1303
1303 313
1957 249
249 313
249 1570
1957 1066
1066 1570
1570 1476
1476 1043
1043 1548
1548 1152
1152 704
704 1548
704 1477
1477 74
74 804
804 704
804 1873
1873 1476
804 1935
1935 1476
1935 74
1935 1043
74 31
31 1678
1678 532
532 1347
1347 197
197 1678
197 532
197 1366
1366 1347
1366 1149
1149 694
694 1056
1056 1128
1128 517
517 1149
1128 197
1056 1678
1056 532
1056 1000
1000 1450
1450 1366
1450 1678
1000 1939
1939 405
405 1678
405 532
1939 532
694 1366
694 197
1149 1678
1366 532
1678 1476
1678 704
31 1008
1008 1477
1008 74
74 803
803 419
419 776
776 479
479 1862
1862 1163
1163 1096
1096 728
728 1754
1754 366
366 1096
366 776
1754 74
728 479
1096 803
704 1476
1152 1956
1956 420
420 641
641 1006
1006 529
529 626
626 1224
1224 30
30 626
30 741
741 1006
741 1084
1084 1342
1342 420
1342 1152
1342 1956
1084 1224
1084 1006
1224 1152
626 420
641 1152
420 1400
1400 695
695 1152
420 1152
1476 1556
1570 382
1570 1558
1558 199
199 1335
1335 1558
1335 734
734 520
520 1910
1910 1558
1910 1672
1672 1229
1229 520
1910 1570
734 914
914 1558
199 9
9 550
550 629
629 1558
1570 1565
1570 1682
1682 1206
1206 1565
1682 888
888 1556
1682 382
1682 1045
382 234
382 747
382 1601
382 1265
608 1601
608 1853
608 1265
234 56
56 1920
1920 1968
1968 1559
1559 337
337 1924
1924 1920
337 1684
1684 590
590 212
212 1920
590 56
1559 1518
1518 234
1518 1923
1923 56
1923 234
1968 1190
1190 234
234 1601
234 1853
234 747
1713 747
1713 1853
1601 747
747 28
747 988
988 229
229 1253
1253 1378
229 1545
988 28
747 933
933 97
97 1770
1770 1136
1136 425
425 1474
1474 1584
1584 1165
1165 1207
1207 933
1207 62
62 1584
62 933
62 707
707 933
707 1165
1165 1051
1051 1584
1051 425
1584 1770
1584 1136
425 1770
425 933
425 97
933 117
117 177
1223 340
1223 1859
1602 927
927 187
927 1955
927 1859
1469 1502
1502 1859
1502 297
297 1741
297 1859
297 1955
1741 187
1741 1955
1859 1026
1026 1313
1313 848
848 1299
848 331
331 1299
331 771
771 637
637 1506
1506 202
202 449
449 1514
1514 771
1514 417
417 1447
1447 812
812 202
1447 661
661 1514
661 1506
417 263
263 455
455 1897
1897 1590
1590 1324
1324 1282
1282 631
631 1053
1053 1590
1053 1324
1053 856
856 605
605 1324
605 631
605 667
667 1282
667 1324
856 1391
1391 1282
856 1590
856 631
631 1590
1282 1590
1590 455
1897 1898
1898 1262
1262 417
1262 1946
1946 1337
1337 1277
1277 417
1337 691
691 1774
1774 911
911 252
252 263
911 417
1774 98
98 455
1946 263
1946 1898
1898 731
731 570
570 1607
1607 969
969 1233
1233 185
185 1531
1531 731
1531 1607
185 959
959 900
900 1942
1942 1564
1564 1667
1667 969
1564 1898
969 446
446 731
1898 417
417 771
202 935
935 110
110 1438
1438 1576
1576 1676
1676 135
135 433
433 1641
1641 422
422 877
877 433
877 1676
877 135
877 799
799 135
799 773
773 161
161 135
161 877
773 135
877 1641
422 433
1676 1652
1652 1803
1803 1148
1148 760
760 379
379 1960
1960 1098
1098 589
589 1255
1255 760
1255 1803
589 1960
1098 75
75 1576
75 760
1960 1676
1576 1218
1218 1892
1892 1576
1892 1875
1875 1093
1093 1218
1875 1438
1875 793
793 935
793 1218
1875 1218
1892 935
1218 110
1218 935
1576 935
935 771
771 1232
1232 1299
1232 1264
1264 903
903 712
712 1110
1110 195
195 617
617 294
294 299
299 1693
1693 195
1693 1110
299 638
638 712
638 617
638 265
265 404
404 1004
1004 684
684 863
863 195
863 404
863 712
404 444
444 294
265 712
265 299
265 1110
294 880
880 443
443 1671
1671 648
648 1540
1540 434
434 1396
1396 880
1540 1671
648 240
240 880
648 294
443 908
908 1442
1442 492
492 186
186 294
712 1176
1176 1316
1316 1987
1987 609
609 447
447 227
227 609
609 395
395 824
824 1293
1293 1769
1769 683
683 395
683 1119
1119 593
593 350
350 1293
350 601
601 1119
601 395
350 571
571 395
571 1293
571 1119
571 1204
1204 1769
593 1769
593 395
683 1293
1293 395
395 1306
1306 1591
1591 1699
1699 696
696 1710
1710 1872
1872 1825
1825 1209
1209 1001
1001 544
544 894
894 1230
1230 1790
1790 1178
1178 943
943 40
40 439
439 1825
1825 1987
696 1112
1112 1987
1987 10
10 1488
1488 1205
1205 111
111 1488
111 1714
1714 1050
1050 259
259 525
525 1714
525 322
322 259
322 954
954 1604
1604 1581
1581 99
99 259
99 525
1581 525
1581 1969
1969 1714
1969 525
1581 1714
1581 322
1604 259
954 1714
525 1739
1739 1714
1739 259
1714 1132
1132 1644
1644 1205
1644 1316
1644 1286
1286 792
792 1132
792 1316
1286 1488
1132 1316
1132 10
1714 1316
1714 1205
1316 1256
1256 460
460 453
453 1170
1170 1557
1557 1176
1557 386
386 453
1170 469
469 923
923 1176
469 453
1256 1837
1837 365
365 1238
1238 1176
365 1176
1176 122
122 903
122 580
580 903
580 1697
1697 48
48 1401
1401 1856
1856 397
397 903
397 1325
1325 903
1325 1343
1343 1818
1818 636
636 686
686 1434
1434 180
180 1351
1351 686
1351 424
424 636
424 686
424 1434
424 180
1351 1434
1351 636
180 636
180 686
1434 636
636 344
344 1325
636 122
1818 732
732 1071
1071 1818
1071 907
907 1735
1735 1057
1057 972
972 1832
1832 1580
1580 414
414 1832
414 130
130 1533
1533 246
246 1422
1422 414
246 130
1533 972
1533 1832
130 1580
130 1834
1834 1420
1420 1407
1407 1832
1420 1580
1834 414
1834 1416
1416 1895
1895 972
1895 1832
414 972
972 839
839 843
843 274
274 898
898 1626
1626 1484
1484 1037
1037 898
1037 843
1037 1626
1037 274
1037 839
1484 839
1484 843
1484 898
1484 274
1626 839
1626 843
1626 274
898 843
898 839
274 839
839 1899
1899 1728
1728 1365
1365 808
808 1735
808 1057
1365 1855
1855 1984
1984 1735
1855 1057
1728 1385
1385 1970
1970 1807
1807 1985
1985 990
990 1336
1336 1544
1544 1970
1544 693
693 1499
1499 1336
1499 1385
1544 990
1544 236
236 1385
236 1970
1336 1137
1137 521
521 1985
1985 1970
1985 1385
1385 972
1728 1057
1899 972
839 1735
1735 1712
1712 1737
1737 1071
1712 1818
1735 254
254 907
254 732
254 1071
1735 1504
1504 1144
1144 1761
1761 1877
1877 1504
1877 613
613 1449
1449 1761
1449 78
78 317
317 613
317 1504
78 952
952 1761
952 656
656 298
298 1877
656 1761
952 1877
952 1449
952 613
952 800
800 613
613 1504
613 1761
1504 1818
1504 1071
907 1818
1818 48
1343 903
1343 519
519 712
519 1697
1343 580
1343 712
1343 1134
1134 580
1134 1856
1134 712
1856 1235
1235 712
48 1075
1075 547
547 1035
1035 1418
1418 862
862 1871
1871 674
674 1419
1419 862
1419 1871
674 1915
1915 719
719 862
719 1738
1738 674
1738 1871
1738 862
1738 1915
719 674
1915 862
674 862
862 244
244 970
970 597
597 183
183 789
789 1963
1963 1901
1901 1727
1727 1582
1582 650
650 1470
1470 1715
1715 1727
1715 669
669 1656
1656 1582
669 1831
1831 1174
1174 708
708 1470
708 1727
1727 244
1727 1711
1711 1901
1711 899
899 244
899 255
255 57
57 1418
57 1963
255 183
255 1901
1711 1418
1901 1249
1249 1963
1901 244
1418 1147
1147 676
676 383
383 1848
1848 1035
1848 547
1848 48
383 48
383 1418
383 1035
676 1075
676 1035
676 39
39 48
39 1075
39 547
1147 1075
1147 1035
1418 1075
1418 48
1035 1075
903 1356
1356 1797
1797 1358
1358 1278
1278 1666
1666 1358
1666 284
284 1822
1822 1611
1611 1666
1611 41
41 1908
1908 1926
1926 15
15 1722
1722 1425
1425 1908
1425 15
1425 399
399 1722
399 640
640 1091
1091 1519
1519 1926
1091 399
1091 1977
1977 1926
1977 1722
1977 155
155 1926
155 41
1091 1926
640 1926
640 41
15 1908
1926 41
41 624
624 488
488 1460
1460 1633
1633 163
163 1334
1334 679
679 998
998 1633
998 1460
679 891
891 488
679 1633
1334 1384
1384 488
1334 1460
163 488
163 1460
488 1666
488 1822
624 958
958 1707
1707 624
1707 986
986 1666
986 723
723 1666
723 1822
723 1707
723 1611
986 1611
1707 41
958 1666
624 1666
41 1822
1822 1666
284 1154
1154 1500
1500 1237
1237 1991
1991 1154
1991 55
55 192
192 1154
192 654
654 652
652 1600
1600 1237
1600 55
1600 1991
1600 1500
1600 284
652 284
652 1237
652 55
652 1154
654 1237
654 1154
654 284
192 1991
55 284
1991 284
1991 1500
1500 284
1666 1947
1947 1358
1947 869
869 1278
869 1358
869 1666
1947 1278
1358 1967
1967 94
94 262
262 1797
262 1755
1755 1797
1755 493
493 94
493 1797
493 1358
1755 94
262 2
2 94
94 1849
1849 1967
1849 1797
1967 1797
1797 1377
1377 1730
1730 1221
1221 1896
1896 1797
1896 1655
1655 965
965 12
12 1221
965 625
625 1797
625 1730
625 1377
965 811
811 1797
811 1655
811 400
400 965
400 1377
1655 1653
1653 1221
1653 1797
1221 1797
1797 361
361 278
278 813
813 45
45 151
151 813
151 1356
45 1797
813 1797
278 1615
1615 361
1615 1356
278 1356
1356 1934
1934 1922
1922 321
321 1417
1417 1866
1866 531
531 929
929 20
20 1156
1156 1191
1191 1287
1287 1550
1550 1606
1606 1156
1606 394
394 358
358 607
607 758
758 394
758 984
984 1949
1949 6
6 1156
984 1156
984 1550
984 358
984 1817
1817 1292
1292 1663
1663 1191
1817 394
984 1191
607 1550
394 1191
1156 1866
1156 1417
531 1290
1290 1356
531 1934
531 1291
1291 1922
1291 1709
1709 1866
1709 464
464 1934
464 1922
464 1417
1417 1922
1356 24
24 1603
1603 886
886 1289
1289 957
957 551
551 1298
1298 471
471 1122
1122 765
765 1661
1661 551
1661 1353
1353 1734
1734 997
997 84
84 1734
84 606
606 1353
606 1744
1744 1906
1906 940
940 1122
940 1734
940 675
675 551
675 1734
675 765
675 957
940 1298
1906 957
1734 957
957 903
957 82
82 1289
82 1819
1819 1686
1686 364
364 1603
364 1309
1309 724
724 946
946 849
849 721
721 946
721 924
924 849
924 1309
721 1294
1294 1309
1294 849
849 1309
849 724
946 1309
1309 1468
1468 991
991 1573
1573 795
795 1925
1925 339
339 1234
1234 1468
1234 1925
1234 795
1234 996
996 1799
1799 1539
1539 43
43 572
572 470
470 191
191 646
646 226
226 1127
1127 1665
1665 373
373 4
4 1127
4 1665
4 191
4 646
373 646
373 226
373 1127
373 832
832 878
878 191
832 191
832 1127
832 1665
832 646
373 452
452 191
452 1665
373 191
1665 226
191 1402
1402 874
874 1789
1789 1635
1635 1402
874 133
133 1410
1410 1086
1086 43
1410 43
133 496
496 807
807 1360
1360 768
768 968
968 268
268 133
268 1281
1281 133
1281 88
88 1100
1100 496
88 1560
1560 968
1560 1281
88 1360
1281 807
1281 1659
1659 268
1281 768
968 133
768 133
807 1381
1381 411
411 8
8 739
739 502
502 411
411 807
411 1919
1919 973
973 909
909 302
302 1116
1116 1105
1105 1090
1090 1381
1090 861
861 1813
1813 1021
1021 149
149 148
148 1578
1578 681
681 1021
681 1090
1578 149
1021 871
871 709
709 125
125 871
125 1021
125 1813
1813 951
951 1090
1813 22
22 1090
1090 1638
1638 1445
1445 663
663 168
168 1175
1175 1448
1448 1016
1016 1629
1629 1200
1200 1427
1427 1005
1005 1213
1213 462
462 168
462 1016
1213 1175
1213 1448
1005 1175
1427 1629
1016 168
168 385
385 1090
385 1854
1854 476
476 663
476 342
342 663
476 1090
476 1572
1572 1445
1854 1032
1032 1445
1032 1090
1032 663
1919 807
133 1491
1491 169
169 1752
1752 1480
1480 267
267 63
63 942
942 267
942 1993
1993 1480
1993 63
1993 1374
1374 574
574 775
775 1272
1272 1480
1272 1374
1272 63
1272 1752
775 1752
574 63
574 267
574 1752
1374 1480
1374 942
1374 1752
1374 63
63 1480
63 1752
1752 1085
1085 139
139 1752
139 169
139 95
95 500
500 54
54 1491
54 1085
54 963
963 1491
963 86
86 772
772 1115
1115 416
416 845
845 107
107 1344
1344 1372
1372 1681
1681 123
123 1042
1042 224
224 1551
1551 1372
1551 884
884 1042
884 224
884 1372
884 786
786 1681
786 1372
786 1042
786 107
224 1344
224 107
1042 107
1042 1372
1042 1681
1681 107
1372 107
107 1785
1785 1115
1785 963
1785 530
530 3
3 1610
1610 530
1610 715
715 485
485 1610
485 293
293 1522
1522 1928
1928 917
917 530
917 740
740 715
740 1275
1275 530
1275 715
1275 1928
917 1522
1522 530
1522 3
293 530
293 715
293 1610
530 859
859 772
859 845
530 1231
1231 1047
1047 86
1047 1115
1047 530
1047 963
1231 1115
1231 86
1231 845
530 86
530 963
416 772
416 86
1115 963
963 1752
963 95
500 1085
500 139
500 1752
500 1491
95 169
95 1491
139 1491
1491 191
43 1669
1669 774
774 1571
1571 270
270 507
507 1357
1357 1081
1081 1430
1430 1555
1555 1958
1958 507
1958 1357
1958 872
872 1252
1252 1430
1555 1482
1482 1357
1482 507
1482 1475
1475 1126
1126 507
1126 1113
1113 922
922 902
902 1810
1810 13
13 527
527 1161
1161 840
840 1535
1535 1745
1745 528
528 902
528 13
840 527
527 220
220 1138
1138 1804
1804 1219
1219 1089
1089 23
23 1721
1721 956
956 359
359 1721
359 1219
956 23
1721 974
974 406
406 1138
406 1804
974 314
314 1339
1339 1212
1212 109
109 616
616 931
931 678
678 491
491 931
678 314
678 109
678 1212
678 398
398 314
398 109
678 616
931 1212
931 1827
1827 1743
1743 487
487 181
181 374
374 1933
1933 931
1933 44
44 137
137 181
137 374
374 1743
374 931
931 109
931 1339
616 314
109 314
1212 486
486 1824
1824 1083
1083 538
538 351
351 1824
351 438
438 743
743 1065
1065 1212
743 1517
1517 1162
1162 157
157 1517
1517 1824
1517 486
1517 1751
1751 1203
1203 351
1203 486
1517 538
438 1083
351 1212
538 1212
538 1824
1824 1212
1212 314
314 220
974 1089
23 1219
1089 220
220 1810
220 1113
902 1113
1113 1430
1113 1081
1126 1357
507 1023
1023 504
504 600
600 687
687 558
558 1141
1141 26
26 1023
26 1561
1561 132
132 475
475 1561
475 976
976 1996
1996 555
555 1561
555 132
555 976
555 475
555 1195
1195 1561
1195 132
1195 976
1195 475
1996 1561
132 756
756 1561
1561 1962
1962 936
936 410
410 687
410 504
410 600
410 558
936 504
936 586
586 687
586 558
586 1561
1962 558
1962 1141
1962 504
1561 1141
26 703
703 174
174 53
53 1106
1106 1814
1814 1595
1595 955
955 26
955 217
217 360
360 26
360 955
360 1814
360 703
217 1595
217 26
1595 703
1595 53
1106 26
53 703
558 1023
687 1023
600 1023
1023 774
1023 1359
1359 1887
1887 281
281 1101
1101 106
106 1691
1691 1757
1757 129
129 484
484 966
966 1784
1784 484
966 1691
484 140
140 1614
1614 119
119 556
556 1614
556 1692
1692 1397
1397 413
413 119
413 1404
1404 751
751 1692
751 1397
751 119
751 1269
1269 1916
1916 1397
1916 1074
1074 119
1074 1397
1074 1692
1916 413
1916 119
1269 1614
1269 1692
1269 119
1269 1397
1269 556
1269 413
1404 1614
1404 1397
1404 119
413 1614
413 1692
413 556
1397 119
1397 1614
1692 1614
1692 119
1614 1691
1614 1757
1614 484
484 1691
484 1757
129 1691
1691 336
336 1868
1868 1101
1868 327
327 315
315 336
315 1705
1705 445
445 327
445 1101
1705 106
1705 1101
1705 1691
1705 281
315 1691
315 106
327 1101
327 106
1868 106
336 106
336 1101
106 1323
1323 79
79 1017
1017 106
1017 1323
79 106
281 1394
1394 1242
1242 1542
1542 270
1542 524
524 1951
1951 16
16 42
42 1951
1951 270
1951 774
524 1887
1394 1887
281 270
1887 774
1359 774
270 774
774 1914
1914 996
1914 1799
774 996
774 1539
1669 1234
43 1799
1539 1234
1799 1234
1234 1847
1847 1736
1736 627
627 283
283 1736
1736 1150
1150 1863
1863 1883
1883 369
369 1829
1829 1151
1151 1505
1505 1863
1505 1150
1505 369
1505 1736
1505 392
392 1829
392 1150
392 1863
392 1736
1151 1150
1829 1150
369 1736
369 1150
1883 1150
1736 1228
1228 1248
1248 866
866 1241
1241 642
642 1029
1029 866
1241 700
700 1847
1241 290
290 1695
1695 1865
1865 1874
1874 441
441 205
205 272
272 303
303 441
303 319
319 205
319 272
319 1725
1725 1874
1725 441
303 205
303 1874
272 1874
272 441
205 1874
1874 1869
1869 1069
1069 1346
1346 154
154 335
335 83
83 1631
1631 750
750 1069
750 1869
750 154
750 25
25 59
59 1885
1885 1631
59 83
25 753
753 714
714 1227
1227 873
873 1793
1793 1903
1903 25
1793 1995
1995 144
144 349
349 753
1793 25
714 25
25 176
176 67
67 69
69 584
584 1087
1087 716
716 1779
1779 1087
716 333
333 67
584 533
533 69
533 176
584 362
362 1041
1041 781
781 5
5 362
5 816
816 1683
1683 242
242 1945
1945 1806
1806 1791
1791 781
1791 362
1806 816
1806 781
1806 1683
1945 584
242 362
1683 1668
1668 1285
1285 362
1285 584
1668 584
1683 362
816 1041
69 21
21 905
905 1177
1177 67
1177 176
176 1069
176 1869
176 1346
1869 1861
1861 857
857 561
561 421
421 423
423 826
826 1921
1921 1534
1534 1461
1461 1921
1461 1267
1267 1622
1622 1039
1039 1173
1173 1921
1173 854
854 1267
1173 1322
1322 1014
1014 1534
1622 35
35 1921
1267 1921
1921 1044
1044 142
142 1511
1511 826
1511 1435
1435 323
323 1944
1944 167
167 1965
1965 523
523 423
523 1044
523 1944
523 1435
1944 142
1944 857
323 1861
1511 1040
1040 1198
1198 34
34 1398
1398 1194
1194 796
796 1508
1508 1198
1508 1398
796 430
430 1198
796 1481
1481 34
1481 1040
1481 1198
1194 1040
1194 1198
1398 1198
1040 423
1511 423
1921 857
1921 561
423 857
1861 1228
1869 1865
1869 1389
1389 1847
1389 1248
1389 290
1389 1736
1874 1038
1038 290
1241 1994
1994 1605
1605 537
537 1160
1160 518
518 829
829 938
938 658
658 80
80 518
80 266
266 1011
1011 1918
1918 578
578 266
1011 1189
1189 1823
1823 1552
1552 1455
1455 1211
1211 346
346 156
156 757
757 1186
1186 1455
1186 752
752 592
592 198
198 348
348 1971
1971 431
431 941
941 198
941 864
864 346
864 198
431 156
431 757
1971 757
1971 156
1971 1455
1971 346
198 1211
592 346
1455 1577
1577 1216
1216 1055
1055 1104
1104 1820
1820 408
408 1577
408 1104
408 1189
408 1823
1820 1455
1055 1455
1216 1189
1577 1823
1577 1552
1577 1189
1455 1189
1189 1328
1328 518
1328 537
1328 332
332 797
797 473
473 785
785 1783
1783 890
890 332
1783 1261
1261 193
193 1585
1585 473
1585 1567
1567 482
482 473
1261 473
785 332
332 518
332 266
332 1189
332 1241
266 518
266 1241
829 1241
1847 991
1847 1925
1847 339
1847 852
852 991
852 1468
339 1573
1925 1468
1925 1573
795 548
548 913
913 179
179 534
534 1340
1340 328
328 1750
1750 1271
1271 276
276 967
967 188
188 1617
1617 231
231 208
208 1059
1059 710
710 975
975 810
810 1617
810 560
560 1059
560 165
165 188
165 975
165 231
810 1059
1059 1513
1513 188
1513 1495
1495 208
1495 231
188 497
497 1574
1574 1088
1088 967
1088 1097
1097 1124
1124 1305
1305 497
1124 1135
1135 402
402 967
402 276
402 1124
1135 1574
1124 162
162 497
162 276
1124 276
1574 1486
1486 276
276 722
722 1639
1639 827
827 103
103 722
103 432
432 1643
1643 1131
1131 1616
1616 376
376 1131
376 1193
1193 1616
1193 1131
1193 432
1193 1643
376 432
376 1643
1616 1643
1616 432
1131 432
432 562
562 1764
1764 387
387 1010
1010 432
1010 1764
387 722
387 320
320 1639
320 722
722 913
722 1931
1931 1271
1931 1362
1362 1271
1362 795
1362 276
1362 913
276 795
276 653
653 1998
1998 759
759 985
985 228
228 1405
1405 985
1405 1446
1446 1816
1816 985
1816 228
1816 759
1816 153
153 759
153 985
153 228
153 1446
153 1405
1816 1405
1446 759
1446 985
1446 228
1405 759
228 759
759 1750
1998 548
1340 548
913 795
795 1468
1573 1468
1573 619
619 258
258 1315
1315 1828
1828 1273
1273 301
301 1961
1961 1573
1961 1315
301 619
301 1573
1273 47
47 660
660 1828
1828 1573
258 577
577 619
1468 1686
1309 903
1309 1264
1309 126
126 1239
1239 981
981 1819
1239 1819
1289 24
1264 1313
1264 1299
1232 1716
1716 1313
771 1299
331 1259
1259 233
233 672
672 1609
1609 233
1609 1259
1609 1310
1310 1259
1310 233
1310 672
672 1259
1259 1532
1532 543
543 1594
1594 1172
1172 603
603 1612
1612 1247
1247 1974
1974 526
526 603
526 1496
1496 1704
1704 1247
1704 1830
1830 782
782 603
782 1247
782 116
116 576
576 454
454 490
490 557
557 576
557 116
490 116
454 116
454 341
341 116
341 576
116 1496
116 730
730 791
791 1974
791 1247
791 116
730 1210
1210 647
647 1179
1179 730
647 247
247 1166
1166 730
1166 680
680 1835
1835 647
1835 1210
1835 247
680 1210
680 730
1166 647
1166 559
559 1210
247 835
835 1210
116 1830
782 749
749 1496
1830 526
1830 1496
1704 513
513 1247
1496 1612
603 1594
603 1007
1007 1099
1099 381
381 727
727 1196
1196 1260
1260 823
823 396
396 735
735 19
19 1373
1373 649
649 381
19 1092
1092 1890
1890 1054
1054 1076
1076 296
296 1092
296 1982
1982 692
692 1092
692 1054
692 1184
1184 1890
1184 1092
1982 1092
1054 1092
1890 1510
1510 1092
1092 612
612 727
612 401
401 1092
1092 1260
1092 823
735 1268
1268 108
108 1503
1503 579
579 1274
1274 1953
1953 1456
1456 762
762 1268
762 1274
762 735
1456 1503
1456 735
1456 1274
1456 108
1953 701
701 1586
1586 1268
701 70
70 1688
1688 1015
1015 1296
1296 1913
1913 459
459 794
794 1950
1950 1296
1950 483
483 1912
1912 1215
1215 1296
1215 621
621 1441
1441 1679
1679 1015
1679 483
1679 459
621 1015
1215 1329
1329 1912
1015 1953
1688 788
788 393
393 579
393 1403
1403 735
1403 108
393 1268
788 1274
788 1268
1688 1953
70 1274
1953 1268
735 727
1196 381
381 1072
1072 568
568 127
127 1072
127 545
545 1687
1687 932
932 1840
1840 1687
1840 1937
1937 1433
1433 545
1433 932
1433 1840
1937 932
932 1843
1843 545
1843 1687
1843 842
842 1546
1546 545
1546 1687
842 932
842 545
932 545
545 568
545 1349
1349 1990
1990 1812
1812 1703
1703 1072
1703 568
1812 312
312 853
853 1954
1954 1142
1142 921
921 635
635 1812
635 853
635 1142
635 1954
921 1812
921 312
921 166
166 853
166 1812
166 312
1142 1812
1142 853
1954 312
1954 1812
1990 1685
1685 545
1685 568
1685 325
325 568
325 1072
568 1980
1980 1808
1808 1983
1983 671
671 1068
1068 138
138 1808
1068 1180
1180 671
1180 566
566 1762
1762 1371
1371 1980
1371 1180
1371 222
222 1068
222 566
222 1808
222 671
566 289
289 1046
1046 1980
566 1068
566 1980
671 568
1072 1120
1120 1466
1466 306
306 1187
1187 215
215 306
215 1466
215 512
512 598
598 1187
598 175
175 1466
175 1850
1850 306
1850 1466
175 512
175 215
598 306
512 306
512 1187
1187 1466
1466 1938
1938 93
93 343
343 90
90 1072
90 1099
90 1485
1485 1072
1485 1466
90 93
343 1466
93 1099
1938 1798
1798 1072
1798 418
418 1528
1528 553
553 1099
1528 1072
1528 1120
1528 1099
418 1072
418 1466
1466 1099
1072 1099
1099 1463
1463 896
896 698
698 892
892 189
189 194
194 682
682 1657
1657 610
610 1891
1891 1634
1634 1192
1192 1657
1192 682
1634 1657
1634 1201
1201 1940
1940 610
1940 1129
1129 682
1129 384
384 1657
384 1891
384 194
384 189
384 1940
1129 1350
1350 1657
1350 1060
1060 1201
1060 194
1350 1940
1350 1634
1129 1201
1129 1657
1891 189
1657 194
189 1007
189 1463
189 698
892 1007
892 896
892 1677
1677 1911
1911 1236
1236 219
219 1509
1509 895
895 993
993 219
993 1760
1760 1327
1327 1236
1327 993
1327 1894
1894 1236
1894 809
809 463
463 1894
463 1509
809 219
1894 52
52 993
52 219
1894 895
1327 219
895 1236
895 219
1509 1842
1842 219
1236 834
834 456
456 1911
834 1677
1236 1677
1236 32
32 1432
1432 1677
32 630
630 378
378 1587
1587 830
830 288
288 499
499 1308
1308 1317
1317 1270
1270 1587
1270 830
1317 32
1308 1028
1028 1587
1587 1780
1780 60
60 334
334 1155
1155 746
746 11
11 1143
1143 1598
1598 1515
1515 92
92 11
92 1003
1003 1143
1003 745
745 269
269 855
855 1598
855 780
780 983
983 855
983 1515
983 269
983 745
780 11
780 1515
780 1003
855 11
269 1003
269 1143
1003 11
1003 1515
92 1598
11 60
1155 876
876 60
876 121
121 77
77 1587
334 1649
1649 1593
1593 850
850 945
945 60
334 1780
32 1677
32 1911
1677 698
1677 1007
892 1463
698 72
72 1007
72 1099
72 1530
1530 1007
1530 1099
72 201
201 1099
201 1463
698 1463
1463 1406
1406 1489
1489 847
847 868
868 632
632 594
594 64
64 1489
632 1487
1487 1787
1787 46
46 737
737 1406
1406 1082
1082 948
948 831
831 1217
1217 1388
1388 1326
1326 1217
1326 1030
1030 1673
1673 203
203 1773
1773 1543
1543 76
76 564
564 705
705 1569
1569 76
705 1893
1893 465
465 1673
465 618
618 76
618 1030
1893 1326
1893 203
1893 882
882 1773
76 203
1388 948
1217 1094
1094 645
645 937
937 1355
1355 480
480 668
668 962
962 831
937 1301
1301 1463
645 1082
1007 147
147 602
602 1594
602 1654
1654 543
1654 1172
602 509
509 1588
1588 1594
1588 1172
1588 1018
1018 509
1018 1172
602 1007
1007 1594
603 543
1172 1146
1146 1594
543 1658
1658 1452
1452 543
1452 1575
1575 477
477 979
979 1731
1731 1575
1731 1658
979 1618
1618 1740
1740 1169
1169 211
211 355
355 14
14 1618
14 285
285 211
285 1740
355 1618
355 979
979 725
725 1658
979 1354
1354 543
1354 477
1354 200
200 979
1354 1575
477 1658
477 543
1575 245
245 1254
1254 1986
1986 1454
1454 1107
1107 353
353 1333
1333 1439
1439 1870
1870 1188
1188 1208
1208 1471
1471 1904
1904 1188
1904 1333
1208 563
563 1107
563 353
1208 1063
1063 633
633 38
38 371
371 353
633 1188
1063 1188
1188 814
814 634
634 1107
634 1333
1107 204
204 1575
204 1986
204 245
204 1454
1107 1575
1107 245
1454 1575
1986 245
1986 651
651 1254
651 1575
543 1882
1882 1428
1428 223
223 1307
1307 784
784 164
164 331
223 904
904 1199
1199 930
930 73
73 1909
1909 1279
1279 536
536 1589
1589 498
498 1660
1660 536
1660 1279
498 536
498 514
514 326
326 292
292 614
614 1909
614 1589
292 1589
326 1279
1589 1909
536 1280
1280 389
389 1440
1440 836
836 699
699 1440
699 145
145 836
145 541
541 1280
541 893
893 389
893 221
221 1537
1537 506
506 225
225 536
1537 738
738 536
221 389
221 1280
893 1280
893 699
389 536
1909 733
733 1266
1266 1199
1266 1900
1900 1805
1805 1182
1182 1520
1520 1747
1747 1375
1375 1763
1763 1182
1375 1805
1747 764
764 1182
1747 124
124 1805
1520 27
27 1805
1182 1266
733 1199
733 1220
1220 1199
1220 858
858 1199
858 595
595 961
961 112
112 1108
1108 503
503 702
702 1108
503 238
238 1379
1379 881
881 1733
1733 1845
1845 112
1845 503
1733 1858
1858 435
435 1243
1243 1811
1811 1858
1811 190
190 1833
1833 1222
1222 1858
1222 435
1833 435
1833 391
391 1838
1838 190
1838 1243
391 435
391 1811
1833 1811
1811 435
1858 1524
1524 238
1524 1379
1858 503
1733 1108
881 112
1379 1108
1379 112
238 1108
503 112
112 858
961 1199
961 733
595 930
733 223
733 73
1199 223
223 1640
1640 1621
1621 1670
1670 1642
1642 1412
1412 1393
1393 437
437 223
1393 1648
1648 1670
1648 1451
1451 1640
1451 1393
1451 1670
1393 1670
1412 1621
1642 223
1640 901
901 516
516 588
588 152
152 1121
1121 838
838 901
838 152
1121 1881
1881 1312
1312 1748
1748 1640
1748 1121
1748 152
1748 1972
1972 291
291 901
291 1640
291 588
1972 1525
1525 588
1312 1979
1979 588
588 901
331 1859
1299 1756
1756 1708
1708 1772
1772 1742
1742 1498
1498 805
805 1338
1338 1498
1338 1411
1411 1130
1130 1498
1130 805
1411 1498
1411 18
18 1382
1382 295
295 1498
295 18
1382 805
1382 1498
18 964
964 29
29 1498
29 1411
964 1498
964 1338
18 805
1498 409
409 1772
1498 442
1742 720
720 644
644 1975
1975 338
338 620
620 720
620 644
338 1386
1386 1846
1846 481
481 178
178 718
718 1386
718 1226
1226 172
172 1077
1077 178
1077 1749
1749 713
713 582
582 1749
582 1386
713 1226
713 718
713 1386
1749 1426
1426 257
257 1851
1851 1579
1579 1566
1566 1851
1566 1902
1902 926
926 210
210 1749
210 1566
1902 1579
1579 1749
1579 257
1749 1386
1077 481
172 1846
1226 1386
1226 1846
1226 170
170 718
178 1386
1386 720
1386 1975
1386 214
214 987
987 1395
1395 214
1395 748
748 657
657 1314
1314 113
113 657
657 115
115 214
115 889
889 1157
1157 214
1157 748
889 1395
115 540
540 657
540 214
540 748
657 1395
748 214
214 720
720 1299
720 1708
1742 1299
1772 1756
1772 1494
1772 442
1772 1299
1756 442
442 583
583 1516
583 305
442 860
442 305
442 1516
305 860
305 1181
1181 860
1181 1516
305 1516
860 1943
860 428
428 1497
1497 1529
1529 1031
1031 1436
1436 426
426 1857
1857 1185
1185 472
472 1348
1348 1490
1490 1765
1765 1632
1632 1348
1632 1917
1917 711
711 472
711 1492
1492 1185
1492 1765
711 1490
1917 1765
1917 1031
1765 1031
1765 1436
1490 472
426 1031
1031 428
1031 143
143 1464
1464 865
865 611
611 428
611 1464
865 428
865 143
1464 428
1464 1497
143 1768
1768 182
182 1103
1103 825
825 1689
1689 1258
1258 182
1258 1158
1158 1103
1158 1599
1599 1689
1158 182
1258 825
1689 1103
825 143
825 1768
1103 1768
143 1497
1031 1497
1529 428
1497 505
505 428
428 412
412 744
744 428
412 1726
1726 216
1726 875
875 1424
1424 412
1726 1036
1036 1027
1027 1095
1027 860
1036 1943
1036 428
412 216
846 216
1095 450
450 1952
1952 230
230 1907
1907 1646
1646 1778
1778 230
1778 1907
1778 1952
1778 1527
1527 1646
1527 1952
1527 230
1527 1907
1646 1952
1646 230
1907 1952
1952 206
206 1625
1625 790
790 1952
1625 1794
1794 206
1794 977
977 971
971 489
489 206
489 1462
1462 1625
489 273
273 450
273 1625
273 1117
1117 535
535 953
953 372
372 1458
1458 1766
1766 1472
1472 436
436 363
363 261
261 591
591 1706
1706 1472
1706 372
1706 1766
1706 1458
1706 363
1706 261
591 1458
591 363
591 1675
1675 261
1675 1472
1675 1458
1675 372
1675 390
390 1472
390 372
436 372
372 1171
1171 949
949 96
96 407
407 575
575 1718
1718 1368
1368 1563
1563 1880
1880 1718
1880 575
1880 427
427 1796
1796 575
1796 622
622 1523
1523 209
209 575
209 1225
1225 1563
1225 1523
1225 1368
1225 622
209 1368
209 1718
1523 1563
622 1718
427 100
100 1608
1608 427
1608 318
318 1888
1888 542
542 1114
1114 427
1114 318
318 427
318 552
552 451
451 1022
1022 427
1022 1608
451 427
552 427
318 100
1563 575
1368 575
1718 1483
1483 575
575 953
575 241
241 311
311 96
311 575
311 1171
311 407
407 535
407 1507
1507 1117
407 7
7 953
7 96
96 953
96 1171
1171 535
1171 953
953 1117
1117 1409
1409 1782
1782 273
1782 1117
1782 501
501 1988
1988 273
1988 1117
501 1409
501 273
501 522
522 1409
522 273
522 1117
501 1117
273 1952
971 206
977 1625
977 206
1625 450
450 662
662 1637
1637 1002
1002 673
673 1423
1423 539
539 1288
1288 673
1288 1387
1387 248
248 173
173 673
173 1628
1628 510
510 1214
1214 1568
1568 665
665 1295
1295 316
316 1628
1295 510
1628 1034
1034 248
248 539
248 1133
1133 1183
1183 1387
1133 673
673 1095
673 85
85 1002
673 279
279 1637
279 1352
1352 1283
1283 1244
1244 1478
1478 1948
1948 218
218 1352
218 1662
1662 1478
1662 1283
1948 1352
1948 1058
1058 1478
1058 58
58 1478
58 1352
1478 1352
1478 1202
1202 1244
1244 1352
1352 1095
1352 1637
1002 1966
1966 1627
1627 1318
1318 1630
1630 1002
1318 567
567 1786
1786 915
915 1836
1836 770
770 1981
1981 1836
1981 128
128 1836
128 770
1836 1318
1836 1002
1836 567
1836 1627
915 1318
915 567
915 1002
1786 1318
1786 1627
1786 1002
1786 1966
567 1966
1318 1002
1627 1002
1002 1792
1792 1821
1821 71
71 1437
1437 1841
1841 370
370 798
798 1889
1889 879
879 256
256 604
604 615
615 1889
615 1792
604 134
134 769
769 798
134 71
604 1304
1304 474
474 1613
1613 821
821 120
120 1547
1547 1553
1553 1300
1300 821
1300 1777
1777 1613
1777 664
664 1553
664 380
380 1553
380 377
377 1680
1680 1547
1680 1777
1680 1613
664 821
664 819
819 474
819 1547
1777 821
1777 1547
1300 474
1553 821
1547 474
1547 821
120 474
821 474
474 71
1304 1437
256 136
136 1392
1392 1453
1453 851
851 347
347 136
347 742
742 1392
742 1549
1549 136
1549 1392
1549 347
742 851
742 717
717 1012
1012 136
1012 1392
717 1597
1597 89
89 136
1597 851
1597 1078
1078 136
717 136
742 1453
742 136
851 136
136 1459
1459 1792
879 370
1889 71
71 1792
1792 928
928 1443
1443 467
467 928
467 1330
1330 354
354 802
802 1753
1753 388
388 1876
1876 1080
1080 354
1080 1720
1720 354
1080 1753
1080 802
1080 388
1876 1473
1473 354
1473 1753
1473 802
1876 354
1876 1753
388 354
1753 286
286 354
286 802
1753 354
354 1443
354 171
171 81
81 980
980 131
131 65
65 1701
1701 171
1701 1992
1992 131
65 989
989 171
65 1719
1719 171
1719 1153
1153 81
980 1801
1801 300
300 950
950 729
729 250
250 2000
2000 910
910 118
118 1376
1376 950
1376 729
118 1645
1645 939
939 250
939 910
939 729
939 2000
1645 950
1645 250
1645 729
118 950
118 1526
1526 982
982 104
104 1390
1390 352
352 1526
352 104
352 1636
1636 104
1636 689
689 260
260 623
623 689
623 1636
623 141
141 1139
1139 1964
1964 308
308 777
777 994
994 50
50 1867
1867 623
994 1964
994 1311
1311 690
690 308
690 1139
690 994
1311 1964
308 1139
1964 623
623 1062
1062 1457
1457 689
1457 1759
1759 1636
1759 689
1759 260
1759 1033
1033 1250
1250 689
1250 1062
1033 1636
1033 689
1457 260
1062 1636
1636 982
1636 1390
1636 934
934 1526
934 1390
934 104
934 982
934 1562
1562 1526
1562 104
1562 982
1562 1636
1562 1390
1562 352
934 352
1636 1526
352 982
1390 982
1390 1526
104 1526
1526 910
1526 729
2000 729
950 1696
1696 1013
1013 783
783 685
685 158
158 1140
1140 1997
1997 515
515 466
466 783
466 950
1997 685
1140 232
232 1696
232 685
232 950
158 950
950 324
324 818
818 897
897 324
897 950
897 1999
1999 1815
1815 415
415 818
415 1999
415 300
415 1860
1860 950
1860 324
415 828
828 818
828 324
828 213
213 300
213 897
1815 324
1815 818
1999 950
1999 300
818 300
300 171
980 171
171 912
912 1767
1767 766
766 1240
1240 356
356 1767
356 912
356 1320
1320 766
1320 912
1320 1767
1320 1240
356 766
1240 912
1240 1767
766 912
912 1717
1717 1978
1978 1443
1978 912
1978 354
1717 354
1717 1792
1717 1443
912 1651
1651 960
960 995
995 1073
1073 1844
1844 1651
1844 1941
1941 1079
1079 995
1941 1536
1536 870
870 1415
1415 599
599 1061
1061 1976
1976 1345
1345 243
243 264
264 870
264 599
264 1976
1345 599
1345 870
1415 1929
1929 1758
1758 68
68 870
870 1073
1536 995
1941 1775
1775 1651
1775 995
1844 960
995 1651
1651 928
912 928
912 1792
912 1443
171 1443
354 1792
1330 928
1443 275
275 1792
1792 1095
1792 1637
1637 1095
662 1095
1943 815
815 1444
815 1025
815 817
817 511
511 1444
817 160
160 1444
160 1025
66 1444
66 1109
1109 1025
1444 1341
1341 1650
1650 1444
1341 1647
1444 61
1444 801
801 1647
801 61
1444 494
448 61
494 1
