2000 4000
1505 1782
1811 687
734 1482
1651 434
1325 774
179 1889
48 1021
794 1898
182 1588
863 1552
1438 1429
493 861
1191 869
1133 1832
375 1557
898 1938
359 1639
629 1132
1420 31
355 1913
374 1997
298 613
812 978
1351 583
668 695
1795 590
1620 329
753 1687
1951 412
486 72
1677 213
1653 1000
738 1773
460 1502
1452 598
1670 1694
1284 1028
1216 477
1432 1300
287 1103
1983 471
1336 907
236 1920
1460 928
218 79
592 323
1438 1485
1410 1368
1404 1021
1806 84
619 1368
750 1761
613 683
860 1433
840 1496
1292 1544
1323 1973
1257 1300
1822 669
1766 922
360 141
814 1627
1043 700
296 330
1532 1659
1850 901
1324 410
308 1618
121 439
1058 1721
934 247
1071 1698
1272 757
1070 1507
1519 1687
1751 1988
921 14
1708 1329
1093 1361
341 118
1634 1671
1153 1237
1565 1293
1125 1628
1741 1374
1729 1863
1379 287
1864 886
1064 510
1873 1534
1945 925
163 1937
532 1808
1761 698
1894 1947
1014 1994
788 862
1107 533
1527 1363
1342 1108
1623 504
1552 725
1038 416
162 775
1037 1785
367 735
1804 791
920 938
113 1325
1937 1645
735 860
1119 98
1242 1708
1141 1768
1566 242
599 231
1286 1792
1098 1994
1518 1338
1206 1939
535 1977
1954 1312
1026 77
1536 257
1127 1892
403 1835
1317 978
570 590
1616 342
109 1225
217 881
1144 1017
301 635
221 7
1921 194
963 859
1317 1945
210 1280
1951 521
1284 809
1782 1362
392 1959
334 1488
1304 1253
1298 1698
1354 935
1424 1304
312 1125
767 1076
593 1535
659 165
1487 357
171 345
194 1607
451 499
338 239
1177 317
1515 1531
499 521
1295 718
438 171
1230 485
152 1175
1325 1653
543 1343
1552 925
439 412
731 1200
1382 1137
1767 1473
971 631
220 483
1450 94
743 367
1733 1002
1339 644
1541 1379
925 1822
747 1655
1658 1792
684 882
1080 961
1891 1540
52 829
1452 1122
643 1075
457 265
117 1271
633 681
406 335
1420 195
1446 304
786 817
954 1717
510 977
1434 239
1584 1198
136 1210
1687 1259
1595 1503
665 1132
35 1861
549 1442
849 1153
1643 671
1523 264
664 1308
1139 1453
1752 416
211 548
1415 847
1890 575
399 998
1679 651
1720 175
1948 1670
7 1237
946 1577
665 484
998 875
1414 1860
745 166
649 570
997 558
961 676
1653 540
1699 877
695 380
1487 1105
817 1113
1664 1802
1035 1878
72 1596
671 432
872 1205
1508 1409
265 1001
137 395
1906 1751
98 44
104 257
1186 1822
32 636
1528 800
293 1043
1569 722
1547 1000
999 1090
424 627
1076 1922
1049 1609
499 595
1203 597
386 115
147 463
246 1441
1078 1942
1867 95
139 1622
473 1599
430 1821
342 1099
1369 569
735 592
369 1578
573 1724
175 1605
555 1154
838 1591
718 817
1000 364
904 1329
678 1460
560 1465
671 1200
1335 1973
1201 336
25 1834
1460 74
15 169
724 1870
300 772
182 227
760 250
353 271
1036 1460
851 1755
176 999
95 1605
1708 965
1608 432
1379 483
704 566
1410 1967
1440 645
1066 10
720 28
712 119
1959 1493
1187 1941
918 1767
955 876
1415 275
1362 541
702 1078
986 1425
375 648
1319 1894
1084 1049
1950 1349
1619 742
393 884
1085 283
1383 896
921 705
145 1360
1298 1000
714 353
555 1050
1598 164
838 54
1485 830
859 628
967 430
468 1156
704 1654
775 349
1021 998
1262 1121
207 513
1127 259
1786 381
1584 124
614 1667
419 354
1073 1156
1529 199
1239 1469
1313 423
109 1619
1221 908
1529 339
105 456
819 590
1576 1272
1771 1544
632 492
230 921
1304 932
1408 383
1893 1246
1136 1118
1118 709
1896 1698
268 1367
1112 805
207 1769
448 452
1767 272
206 1603
1936 913
8 1814
891 1908
1063 222
836 370
1607 454
1187 590
1866 1444
1053 596
224 247
787 1559
966 937
1213 271
781 443
1254 1672
162 1547
10 223
908 670
1183 22
1142 1364
164 1459
631 1906
1081 163
1406 865
6 167
1403 1807
50 1470
1103 280
1505 1608
1718 958
440 834
1016 849
616 1769
748 1955
1851 314
311 867
148 80
1646 586
498 967
1689 354
1048 1763
1964 9
409 1097
285 283
1573 1427
1448 1811
787 1660
864 1923
1397 532
1335 1869
771 1787
165 294
1337 1902
57 250
1894 246
656 1195
372 318
808 1203
1632 1381
158 535
948 1803
1719 67
1183 322
1335 55
240 40
16 1431
1965 1715
203 1361
754 1133
827 866
1927 537
1895 1311
1172 1885
36 1778
1980 726
85 1448
1281 63
1041 510
805 1236
1278 276
251 226
1035 205
1674 1772
1122 1258
1867 1869
1363 572
873 1246
607 916
1053 1735
264 1663
1818 1059
791 1613
20 1448
922 394
1282 1002
854 1711
363 1562
1989 138
988 415
1887 1649
1491 544
1243 1519
1935 1208
1092 1049
99 1247
1819 1473
1516 1459
1790 696
317 683
101 873
359 394
118 190
320 764
1779 820
1934 1173
963 1907
1652 1085
1096 1054
822 378
29 10
721 1990
1689 1942
178 1283
13 1670
1480 1786
581 889
252 1793
1082 1781
904 1114
1265 740
767 1375
1293 1656
1893 1796
566 218
570 214
1781 826
1486 1429
1634 1727
932 726
1719 1018
682 1345
1471 1310
1930 873
915 1056
276 392
98 1309
1851 1304
416 821
889 816
752 1376
1320 316
929 1890
1329 1244
852 1305
235 1803
56 1951
533 499
1854 521
1986 1002
265 926
926 894
340 1416
964 1123
2 1133
1990 1713
1405 1283
1574 1886
1535 1432
303 1595
38 314
1847 604
1174 1982
1376 1120
1676 1827
1218 1363
934 1770
1427 18
798 1112
982 1171
1898 694
693 811
1165 1334
710 1418
1750 38
1095 814
1967 1404
38 1217
1664 854
978 1279
800 1725
1 1603
237 1443
1307 1526
83 881
1666 1629
1477 1865
1197 1097
550 887
344 912
1562 872
1644 72
1030 312
1404 117
1718 359
1976 343
1561 528
1000 374
1595 613
1764 598
1412 902
1408 336
793 368
855 1879
1508 894
1711 982
1994 1445
191 1830
1183 623
296 585
982 1064
1743 1877
368 775
67 96
942 1688
1283 644
1805 648
1706 1916
1238 1586
1783 1681
1703 1732
1914 1659
1082 1433
1128 686
625 1668
604 1834
994 162
665 1445
1053 392
250 662
1365 1608
596 1902
1359 326
1296 1208
1349 1848
19 156
1507 1648
1162 404
1738 1125
784 806
701 908
153 816
763 1609
1703 1173
1640 955
1757 332
26 451
660 1656
1112 510
485 758
248 1194
1951 250
1045 1245
1157 197
753 574
1366 1140
1709 1280
1636 1363
916 757
522 704
1782 79
1480 1365
899 1961
412 137
1303 739
1115 589
554 507
698 643
1316 1517
1678 1122
969 669
206 1046
1065 439
64 1896
283 1639
533 456
1993 1725
1174 1024
296 660
1300 1561
1031 739
1053 669
983 57
1708 651
495 1059
714 1297
380 436
809 537
1560 194
1897 82
1467 898
45 1655
535 1332
1685 1279
1929 1874
931 631
952 99
170 596
626 329
329 898
1256 1999
1184 221
226 1258
421 1813
1743 1490
574 1369
1401 913
1931 1710
212 902
1228 162
1738 533
114 544
719 1942
1119 125
828 1876
1577 1253
416 1138
1351 499
889 768
263 731
382 672
1712 1059
752 1646
270 589
959 1428
1880 810
224 71
640 1725
1023 1929
808 1213
645 815
1479 1364
1711 243
1450 1972
1928 741
336 917
1255 970
628 1933
393 672
275 1219
1405 1711
493 459
12 98
103 493
448 94
24 1490
974 1762
1177 411
507 1878
1362 318
1937 1006
1059 236
1240 490
99 1749
232 564
1705 1595
1089 721
550 1335
1545 263
207 500
225 586
1163 260
833 808
88 807
1974 1324
231 1903
1769 841
1314 1308
102 1558
658 1116
311 33
191 108
803 922
922 1335
1611 1340
52 210
323 1262
1278 49
1295 1015
1367 1578
1715 1441
856 1563
1828 268
850 274
1365 51
1399 1798
851 213
1705 599
121 536
704 1240
1668 1068
1039 345
203 626
1342 564
7 947
33 1383
1476 1924
1120 626
1742 225
1541 1250
1944 614
1375 1886
1244 1390
394 1558
1096 801
525 573
1402 468
837 1356
433 674
1520 247
1457 1785
281 1061
165 749
1080 982
1564 1458
994 9
234 1855
1067 1155
1554 1604
119 494
1242 1533
1060 883
564 312
428 883
1433 1377
1779 1094
422 209
1345 23
1890 155
1042 681
910 1690
841 1191
800 72
1397 116
493 1286
586 1792
1345 1121
723 1509
1027 1503
1145 1254
1371 714
1863 1071
1755 1306
741 1688
103 1097
987 1559
542 12
1253 104
1508 759
187 1945
1239 239
897 1951
49 668
862 1676
778 946
1509 217
611 1649
1279 619
1755 566
170 1281
1677 1582
1075 1814
1836 142
1156 267
1104 84
177 959
1574 461
1515 937
1721 501
1036 30
1136 711
1891 276
1304 1076
847 1517
1988 808
546 787
1917 1706
677 343
1629 676
772 1933
571 49
875 218
1749 911
1818 870
911 144
158 1032
1968 1577
1207 286
1302 216
1304 1039
19 1942
740 469
1991 1711
464 489
40 455
1668 1297
1014 411
1611 482
1340 1962
173 1710
472 187
593 1799
592 1587
1275 891
470 566
1553 1045
324 816
399 1437
849 599
530 679
58 466
212 222
1540 1932
131 1097
1667 1054
994 1090
588 1490
780 1263
480 1107
790 357
346 942
927 1564
166 470
295 219
700 1393
816 18
1450 322
1357 143
1059 493
918 1720
1622 921
1295 30
291 1619
762 1425
1397 1992
1192 1304
1749 1177
124 1897
670 921
175 1852
313 463
615 504
698 563
1855 902
1390 779
1159 1869
1323 1346
1167 1133
1196 396
1467 1668
603 1631
822 1823
1704 78
123 32
684 1088
907 1833
1328 1243
78 374
1906 187
179 1473
1835 1536
664 1197
691 749
1756 644
966 389
849 134
432 197
1181 254
1849 590
581 31
1606 25
959 457
369 1991
1317 1891
1191 1756
5 55
955 113
484 1363
1538 1607
418 1363
388 664
531 18
1749 1520
272 948
1816 107
1288 1982
722 1389
96 481
743 7
1144 159
738 373
347 247
481 422
300 1404
526 155
1573 593
1953 838
1831 1225
679 1159
666 1129
998 1289
1449 462
768 1391
1548 700
424 1246
895 1818
456 658
1346 1063
1848 858
1795 1945
504 1780
1912 1505
1310 1941
1485 780
628 74
738 1987
1661 515
1864 1734
1678 1542
1154 1635
1201 189
1337 570
759 1206
1298 1040
115 933
553 1481
1219 618
352 437
567 72
1870 1071
467 834
1940 1669
665 220
585 1276
286 1252
331 1021
128 860
1650 308
1898 1512
461 1138
90 923
1342 682
852 985
1160 846
1361 954
1258 1657
1813 811
1727 1023
1335 260
154 142
1199 76
1612 1956
330 1997
598 938
1689 258
1376 509
125 1094
1400 658
1913 1429
1287 1567
1225 1489
1073 1736
305 723
1515 298
1471 1157
387 277
280 405
356 659
1848 1870
1470 1198
529 683
1639 1383
809 1306
1297 428
317 515
1911 564
531 1367
399 870
1958 334
1410 1773
1484 399
576 1422
184 1002
1476 1257
26 798
773 1531
620 916
1814 181
1689 313
1345 1839
1071 957
1856 960
1079 520
1355 1302
1921 790
250 1366
1324 339
645 140
1275 1939
226 1843
1323 828
773 1230
1655 719
467 611
1721 1500
22 1945
1262 820
1125 1918
317 448
310 73
54 79
21 478
203 417
1262 1570
172 148
1145 1843
209 1850
1257 1875
1202 323
955 1214
742 1977
1609 386
1058 19
1319 1505
1667 1392
1533 440
233 963
717 571
1263 568
172 1770
1657 78
701 1585
223 558
1579 1345
1358 1735
1799 770
1582 121
1874 1860
486 145
769 1404
901 1439
1519 176
1550 91
1304 75
1549 1102
345 1359
2 1902
1509 1105
477 1700
1617 1970
900 1202
1226 498
425 1371
1872 638
1278 126
1741 120
861 1745
130 377
1019 1112
755 1444
437 983
1904 849
999 1294
1026 407
207 792
850 1356
1139 1838
513 1710
671 784
946 1920
693 170
76 1425
1929 1564
1196 1526
881 1437
1250 1248
35 1492
411 447
1383 364
1128 269
339 1920
677 115
1809 1955
482 578
507 1437
1708 822
410 1533
1319 517
1928 1395
737 1234
1967 1421
1879 564
677 463
1172 1284
1567 1447
727 1371
199 1962
161 1895
1487 1862
135 713
179 767
1227 1212
560 1643
985 309
37 854
469 53
518 1813
561 1817
1536 918
1117 1538
293 1568
353 1303
1371 320
1003 1513
1087 42
1831 1634
833 1423
1150 210
1058 131
618 748
1307 908
344 1012
1569 1959
1355 2000
883 78
106 1723
250 1170
1008 647
24 1479
316 1183
1614 69
1376 58
1783 808
1025 1355
1349 511
1699 619
569 1568
888 1192
1067 293
1296 1053
333 1580
1763 651
4 1045
1396 193
864 270
198 452
87 1398
1108 858
1768 1136
1510 1166
621 1830
673 851
1950 1794
1579 506
677 41
1941 196
1944 449
2 1877
1049 1422
1531 870
1214 600
1968 1678
1596 1027
1574 190
1268 465
275 508
732 31
864 806
35 1389
1866 93
1364 1442
1909 1633
457 1332
464 687
776 1963
1342 179
1368 291
1267 908
1854 319
398 1424
1549 1704
1385 406
1356 1455
644 674
1592 67
1143 1368
439 426
737 1380
1568 1768
1131 862
1847 1766
1319 940
524 985
1355 1784
1930 41
1578 1355
1383 384
1970 1782
1877 1470
1744 258
1453 581
1855 946
1084 1689
512 20
1248 158
1181 1336
1435 706
1545 1903
1687 254
815 87
693 380
710 1524
169 1929
988 1817
384 1703
513 1893
1138 1047
446 1245
1255 1931
421 1616
354 138
893 257
1243 1313
124 1861
215 492
854 650
1712 25
191 29
1416 1692
378 1488
315 246
360 1957
641 1880
584 229
1203 1729
876 842
708 1978
1182 1745
1202 1168
634 988
6 1038
1751 549
1855 1578
975 1319
101 151
571 585
136 1265
1373 336
348 1174
1514 1413
858 792
42 1
209 1118
450 1973
318 454
1099 233
1231 1594
981 1843
1981 1394
1692 1843
979 1413
810 385
10 1836
1911 1889
91 1710
858 1999
1003 569
1499 1723
560 1701
980 338
593 3
684 1332
1751 1008
1940 861
40 348
523 1178
1765 1847
1496 236
1669 588
1414 1696
1437 564
336 103
1504 736
1685 988
806 1518
1484 1722
227 415
1573 347
934 1658
1998 276
1243 1114
532 247
813 468
1161 1577
1018 793
364 1045
131 1188
524 874
1027 1883
1170 1305
1336 1105
1597 814
1383 1589
1266 1700
299 1158
876 1456
1776 642
1605 377
554 1995
1982 378
466 662
1849 1402
668 426
523 1378
647 955
53 1902
1545 1990
1593 1497
1266 28
1627 1414
286 1385
1263 943
144 936
565 472
1580 1851
492 1857
1531 1717
1666 1980
190 326
1519 1529
1963 232
528 810
394 636
563 1208
821 1203
394 45
1839 544
608 1542
456 772
71 1966
10 174
1804 1709
1213 943
1471 1397
2000 699
690 266
205 640
314 166
1978 1418
395 158
1793 69
1909 1374
739 771
1274 1978
557 1100
232 1938
1379 1376
949 1080
891 1174
829 410
1843 1120
295 1262
1002 24
174 970
731 786
1967 492
600 1540
1945 1336
1452 1409
1082 1740
1899 20
344 1091
387 1433
976 274
869 1616
3 1894
819 814
907 108
1441 885
1725 784
1838 833
1649 1677
74 1077
1295 1571
1881 1956
1826 815
1833 422
450 1243
495 729
161 1468
1625 25
1305 1919
1164 1917
606 342
527 237
1748 1915
630 1584
631 42
1263 179
1278 299
542 1611
988 504
1997 1548
1269 344
1231 1247
1344 128
1476 745
1429 856
1591 757
323 1479
83 663
1664 1303
1945 1560
1500 183
1560 731
416 1465
1977 1053
1383 1216
508 590
454 249
229 1907
899 902
183 390
1945 795
75 1146
1733 446
1800 322
785 411
978 408
904 194
1997 1987
612 496
1429 1516
1749 1014
1375 1847
1078 1405
781 1612
1732 685
1532 453
1155 299
226 247
24 445
1703 468
900 1165
356 1745
118 1521
1687 575
323 1112
1060 399
901 1274
1288 743
1548 1443
1707 158
1753 1448
104 164
122 1957
2 1494
1700 1015
812 232
1907 1450
1571 1109
1062 1979
1511 558
1220 1390
1959 527
1673 372
1282 126
91 1512
1942 1322
641 1616
674 133
1403 1894
1766 1334
340 683
1425 978
1893 1904
96 913
1612 153
752 547
739 512
140 504
1483 1265
573 1999
27 1913
180 1119
709 1419
305 1965
1327 998
1976 1145
449 1834
1796 219
1947 1553
721 1410
1864 971
205 1014
200 949
934 452
1450 1092
607 1914
1006 911
730 717
1595 79
197 892
736 1496
1411 883
174 872
1111 42
1766 24
297 1328
1843 483
640 1669
402 1871
997 1563
398 988
770 190
401 1469
1020 741
1716 663
225 185
1207 1211
1843 808
1742 689
488 1030
1271 917
1847 151
1382 922
1342 234
670 128
1040 470
1147 1018
512 862
48 415
639 148
1611 954
1383 524
163 335
189 1950
221 533
586 1832
779 1417
1101 1278
1069 618
1502 323
648 1472
571 1163
448 860
1430 213
1884 1291
1725 1102
119 1345
989 379
1379 967
1189 294
381 876
1025 1909
1594 1809
970 1594
1816 716
787 1157
552 74
1511 1624
1769 875
1876 483
1404 1240
32 1280
896 265
392 1163
1449 965
674 637
78 1982
1860 1455
1354 112
400 652
178 381
765 621
775 1821
1030 254
1085 1705
93 725
503 185
1102 388
638 968
913 1354
1542 502
1200 1831
870 251
1127 1004
1829 1333
1132 1413
1971 1970
1974 947
452 740
1516 1390
309 1289
271 842
1109 306
986 413
592 1617
1206 753
921 1098
277 1167
387 63
762 1821
833 1950
1214 623
238 543
471 1237
1215 92
1621 151
399 1191
1389 370
1741 1034
1306 999
1634 140
1391 1523
779 1878
717 856
1560 992
1957 532
1636 824
946 403
1012 1006
1431 1735
1715 261
1656 672
1188 1278
318 466
34 860
1009 1669
1218 128
1988 1841
1821 60
794 815
476 1498
943 1665
1638 1633
463 1720
907 527
378 1448
1445 420
813 618
511 436
252 1445
36 1214
1373 452
1466 224
1978 562
1871 1188
1145 470
767 1791
1292 100
1602 703
1043 835
349 1084
1152 1067
1776 985
553 1993
1566 1441
612 823
476 1343
392 1781
868 1510
592 55
1269 1337
838 971
524 1915
1780 1616
1724 1346
1033 1249
268 1006
1533 877
1482 19
465 1455
1424 1898
995 1828
1369 1419
278 998
1701 1314
1778 1276
1746 502
1710 1706
1888 846
993 1302
1318 1464
1277 1149
1624 800
1806 915
895 1528
1655 1796
1670 1744
87 21
764 318
245 445
1391 352
1290 876
479 897
1765 733
692 1183
364 27
1303 602
1613 386
1488 1006
513 210
1898 1069
1355 495
438 1072
141 1669
1034 992
1001 91
111 16
1130 643
1802 1551
266 1924
764 1030
1567 394
1632 943
1063 399
1266 443
1636 1201
1770 1648
1900 1966
1194 1426
153 1078
767 1868
1774 515
250 1305
390 780
1255 1485
1401 884
852 871
525 97
797 1192
131 1456
1091 1722
878 1387
321 471
1841 998
644 1714
472 896
788 977
652 593
1340 278
1517 938
104 1022
1250 53
124 840
1939 112
1456 95
438 165
1408 1835
493 386
652 576
459 1918
1563 1344
1631 1671
1331 368
1168 270
1280 1903
102 1433
471 1376
1621 846
500 1145
186 219
1363 636
791 1464
1272 1498
1409 385
1277 1633
816 244
1183 1240
617 1843
907 265
590 526
171 452
1049 1260
303 1070
1191 1646
134 725
1252 29
690 794
1276 705
1432 1286
1593 479
346 586
657 721
1155 1048
292 1321
64 1030
885 1658
1689 1333
1312 1860
322 1504
1265 1778
1505 263
1500 165
532 1603
1508 542
1708 1755
997 982
1099 219
272 1380
25 467
647 512
1167 844
1055 1819
1008 1816
1512 1606
1105 331
1665 466
84 1795
71 914
853 1023
86 69
574 739
1282 1131
1606 1708
1079 1454
361 876
1375 1868
1305 193
1335 194
386 142
938 1637
1655 152
395 1955
1341 1968
416 926
1305 52
1429 457
1409 1193
1285 1176
127 1373
1754 1257
1618 29
1421 1426
1616 1185
1018 505
492 1862
554 1937
1364 1905
827 378
803 872
151 615
229 973
1092 1555
409 1931
683 161
902 310
1269 679
748 1785
952 988
309 705
737 933
1600 996
944 1536
935 412
475 841
1252 1798
595 1657
869 468
944 1330
1432 598
10 1231
1369 1929
1599 1994
1348 997
292 930
1141 1608
1041 789
1585 742
1364 717
657 17
610 596
1737 598
74 1906
1756 554
1534 1393
499 1963
1065 704
1130 1158
1089 733
546 1444
1718 979
316 1759
1672 443
661 4
287 1682
1627 303
973 864
442 947
836 813
684 1888
1658 1208
466 1654
285 806
1199 500
1050 731
324 231
1605 1034
869 267
1289 853
1574 921
1240 115
1926 658
195 1745
1302 1958
1755 907
781 1343
1652 995
543 1216
1056 1691
1306 1046
930 864
1833 1566
512 1535
814 1894
1364 1056
1563 1399
1606 1196
1675 1067
920 580
598 904
1697 817
1530 119
989 118
160 126
379 1071
784 748
936 1038
1501 1080
477 1189
361 70
1492 732
1468 1324
1482 1712
929 874
54 1083
947 1734
636 1666
423 353
332 1135
649 807
848 1685
562 757
187 1623
1607 1660
660 341
483 723
380 1048
205 281
1450 1929
1186 1591
1502 675
1183 1121
1978 250
1088 62
1719 22
922 920
1213 752
1286 982
926 41
1751 1604
661 232
1407 1740
1249 766
1998 1607
692 1041
1034 1472
1892 1666
794 1749
561 1673
1305 568
632 1644
1864 1104
1550 941
251 1553
369 1092
317 607
1619 175
1631 921
1899 737
367 1660
1051 251
808 1577
564 1374
421 1547
860 171
145 1661
261 1546
831 89
1926 956
193 676
1105 88
310 1190
1904 293
562 1017
314 586
510 1733
1766 1095
1894 1489
687 1886
1878 1711
196 478
1732 1151
578 1656
505 1562
1357 583
712 76
1691 1137
98 798
576 752
933 866
330 752
248 1007
219 1535
91 111
1250 357
1854 388
1617 1256
1268 1236
1773 277
1668 7
592 847
1467 774
1576 1262
976 1567
1880 962
421 459
1054 432
709 110
845 1673
520 707
213 343
9 919
888 652
327 928
1368 770
1396 745
1824 855
1074 1541
325 1320
1157 1831
1058 610
1309 1114
191 175
1870 1377
1497 1435
1364 605
1029 1499
820 527
1135 17
75 1331
1936 1722
874 1457
967 1767
1919 1764
1204 756
729 1978
417 79
1563 1086
845 1796
503 1390
1002 340
1185 1360
1485 1433
1306 1421
1336 1526
840 377
940 928
175 971
283 758
1831 154
1419 750
827 826
948 244
1669 525
1035 1879
1543 1657
1815 1448
1064 1753
549 1706
94 295
1310 1615
1478 1223
1757 247
845 308
1791 727
1956 1771
165 1475
1279 1611
67 99
621 767
1870 648
985 554
1270 960
1044 971
908 210
1761 855
1199 977
765 587
1991 1327
320 1910
1197 1342
1865 788
989 302
1380 84
1491 1590
1262 1254
1721 1482
295 1366
1737 1162
879 1742
917 1796
660 830
1393 679
624 948
1907 1359
1135 1110
338 1003
482 1800
577 435
235 1963
801 1463
1714 1385
1227 1084
1637 122
637 214
1207 1263
830 951
262 1082
472 776
1390 1921
1484 1997
1409 633
575 1631
1934 195
577 973
1105 1567
1953 841
617 522
1975 85
334 614
491 1047
1236 1352
30 1029
633 1081
1434 1318
720 976
1623 1859
1801 1112
465 21
1249 418
959 22
852 323
526 1653
1765 849
774 387
1861 957
364 1711
1064 1344
398 1182
657 919
1602 420
732 1770
326 1792
949 409
773 482
1830 1491
1776 740
1674 1828
654 816
1067 134
1134 1525
1962 740
1715 955
1287 1689
1770 1378
621 695
344 8
849 508
1627 569
91 585
1964 1919
729 250
1241 1464
1485 1229
265 505
495 218
593 1258
1793 1328
564 1640
912 1744
1894 1409
1819 417
1875 665
1332 121
1653 907
1815 550
642 185
1016 1917
704 311
86 1435
517 443
946 246
1601 7
1127 1647
1830 1229
741 1480
757 18
1410 632
1872 333
510 183
33 1283
1712 994
1932 449
1422 563
1725 490
1691 1289
1265 618
1449 1911
1508 1400
215 1959
1609 1474
1123 817
398 54
1505 1744
1006 1888
1452 783
1826 846
818 554
940 1530
1545 530
929 151
1111 750
828 301
1353 1689
369 1799
1976 286
582 187
1771 1132
1583 1737
1616 540
1714 1806
1375 391
646 1899
643 1511
1950 917
1452 98
730 1203
403 336
498 1101
805 1848
226 1617
1498 875
1767 1089
1897 1865
1770 1576
554 550
1579 1386
1044 1711
308 1077
1951 80
1366 920
637 157
125 617
1037 1847
205 1228
983 570
1734 943
107 1446
219 1968
1075 100
781 742
318 1216
1879 1802
321 737
1774 507
708 1451
1275 1836
1049 267
1088 616
642 1083
1267 1107
1272 274
1608 1770
1094 1356
191 80
633 59
1020 1847
1703 578
1314 1546
458 708
997 843
1471 1325
761 1160
1402 1398
1173 1091
548 1961
1991 1370
87 656
1825 1630
636 1705
313 685
1830 980
1152 1114
1784 113
167 11
203 258
264 920
830 1089
462 1811
429 1057
176 325
1459 220
1629 1126
627 1906
572 768
729 1645
1937 470
902 1271
401 233
736 44
2 579
625 1313
1393 748
420 642
915 518
1535 741
1654 1779
800 1967
719 1979
669 1899
836 1477
1905 233
185 226
1518 60
1403 787
915 81
1459 489
1055 1003
870 539
136 1505
1382 954
434 511
1811 668
1703 44
27 1259
679 1088
966 1168
586 1335
403 359
717 1380
718 446
748 935
973 613
1708 574
1204 1877
766 454
776 611
706 635
29 144
1827 1248
35 167
1156 1991
267 913
1468 1614
783 1396
904 1096
798 1606
294 711
172 1452
572 921
561 1958
1713 1830
109 1883
621 812
758 670
482 117
1766 1835
13 647
1812 1590
92 1926
217 566
2000 1304
1173 1131
1234 717
658 1865
955 1933
583 434
1666 1913
1831 1269
1143 1100
1526 1741
1785 1145
1497 1694
338 195
1001 628
1419 1196
657 1323
1297 183
237 702
1011 1397
170 304
910 1793
527 813
1098 1835
1034 614
1679 759
745 1292
795 426
1329 597
1040 246
518 1924
8 1417
542 1492
407 1384
845 1448
1430 495
1196 1026
1188 1029
70 1826
1778 1900
407 510
835 1225
762 1930
1959 1431
510 554
288 248
1006 549
1626 593
1260 1139
1951 1060
936 1782
519 1836
1697 1511
780 1795
1346 494
631 1467
1850 916
752 1958
737 459
1417 1285
1556 758
996 713
1504 1006
697 1378
884 351
675 640
1174 858
1658 1695
1039 1350
1244 496
1420 397
53 426
1847 270
1312 1457
88 1843
1490 1895
354 340
1476 524
1913 596
158 518
864 952
559 107
1689 935
1620 1657
1729 467
730 10
1610 1730
352 1569
1228 700
1975 491
844 451
311 1306
1495 325
1948 412
1166 551
1204 1478
329 115
1998 1363
415 416
1125 1990
55 1104
36 1508
564 179
1267 361
1606 65
685 1046
1748 510
1878 764
861 1900
1740 1441
897 1542
623 226
75 1528
1624 1029
1232 976
906 67
1838 189
839 1482
1169 444
496 1367
1824 1331
588 123
1670 656
977 1870
1332 1587
320 716
922 795
1275 1760
554 21
79 308
1413 1927
405 1070
1618 522
1077 41
715 73
473 590
635 1361
887 40
1481 1371
509 119
760 1459
1935 452
1621 486
1115 1686
1495 1534
1861 1083
22 598
1966 1095
1515 1337
995 1162
775 1524
1772 4
1992 1713
582 1957
925 1496
37 1871
754 1494
594 1128
1592 1268
320 192
836 173
1455 1137
31 1138
352 834
787 1364
859 732
941 344
1713 359
1571 1172
736 1408
1405 1816
1541 878
1522 653
193 1828
1676 601
1127 243
475 365
1774 226
1719 131
1066 814
1896 1661
1756 997
165 1783
860 105
422 1480
73 1450
1302 1723
346 1032
508 301
1060 614
1463 74
1345 1451
1484 1110
1042 1025
1922 1731
221 314
395 86
1328 1656
873 1915
1719 748
717 410
1525 164
1260 912
1677 977
1082 407
662 1284
1482 893
1249 1288
1253 1708
1373 958
1000 427
30 1100
889 1547
207 1356
160 475
1755 1789
149 943
1213 219
1631 638
1128 1414
655 519
1998 398
1729 237
1667 1333
811 1713
1156 744
741 1228
432 1203
867 1829
1815 1159
879 1921
187 782
528 804
997 1648
244 796
791 316
1146 127
524 1865
276 1015
1865 1542
42 828
407 308
1887 414
197 600
1523 1991
1494 175
1461 183
468 1835
1859 883
1106 1602
1939 1341
196 1852
1750 683
1465 1956
815 1077
1288 1621
1324 608
1699 945
250 1140
933 1570
1434 819
1820 1843
1610 384
787 755
1021 1168
957 1389
1796 1191
1565 475
1258 160
421 1187
1885 748
1545 339
559 306
1981 1051
193 980
24 1156
1122 1468
1221 1754
1738 403
1726 250
1536 786
1896 371
1828 1319
1276 854
438 1477
1180 832
1715 1250
126 207
1111 1405
325 549
1726 226
1876 484
1482 726
630 53
73 1168
383 1672
1799 429
1069 524
1414 1937
443 1324
1335 764
1687 1451
18 265
1548 906
186 935
200 1433
509 936
63 174
1252 1643
1879 817
942 29
1744 1757
1536 1668
93 1833
1073 731
1159 1686
1515 1491
482 1450
1916 1310
317 644
1114 1904
792 1562
1618 791
40 1198
621 1815
1801 437
1204 1536
395 53
863 1113
838 488
1856 1183
326 1914
78 212
755 1361
869 8
1313 703
1447 1288
1324 1969
1002 476
469 423
742 1752
1554 732
239 1355
1037 516
1045 1971
1999 1394
1926 1864
359 1607
1854 540
219 1244
1743 782
82 1080
1586 732
1039 1948
387 772
1025 1410
820 71
755 860
12 1474
1597 1630
402 1759
1810 721
106 613
1186 239
942 1453
323 1188
874 1508
1128 830
842 971
474 652
1558 341
88 326
1721 1664
1261 885
1712 683
1197 1198
815 1902
1483 1442
1874 1665
7 973
1215 790
395 1963
433 1120
1575 386
1495 1198
1918 1283
87 1051
1090 657
66 32
802 875
1098 763
1536 574
221 33
289 1024
1170 1500
172 583
1599 228
848 482
1224 963
1569 861
883 839
1592 1870
1530 1553
582 1400
1308 1450
898 1070
1729 394
183 752
892 1960
187 1845
1088 1698
384 991
456 1128
1392 1766
907 1115
1131 833
384 1196
1305 270
287 1558
902 654
455 1343
1123 1865
726 348
1551 286
1995 142
1674 1028
1999 187
484 985
19 1612
1168 1262
496 1479
1070 40
1170 1141
220 1139
543 1520
337 547
1781 258
1400 1057
1643 326
490 1762
1969 344
1133 1995
936 1068
1399 592
983 289
1901 173
1437 1304
1641 1835
133 1334
846 1918
1622 376
714 1715
897 81
1996 489
1804 746
1827 274
1927 1013
1933 1502
1531 233
759 502
1615 375
607 1389
815 98
1182 755
1445 1238
1623 422
1388 917
1673 1650
792 1361
1894 1745
247 1572
192 1223
581 326
1483 429
1196 696
596 1987
616 990
1057 1177
705 1485
1306 1284
1161 406
1181 267
1292 1790
422 1491
800 1231
984 574
1392 825
1790 1924
1237 462
1944 1357
103 644
1104 416
1300 1929
1158 307
1393 847
901 159
220 1581
1935 1044
1118 1918
133 113
1094 1808
1716 581
575 1976
1307 685
1929 1895
1086 1181
553 1005
1106 1782
1224 1863
1376 1224
271 199
1818 173
233 1580
27 1298
1195 1057
1029 1072
41 1875
567 1941
838 822
483 357
1662 1319
1548 35
640 585
1677 1436
1068 419
799 1683
1386 946
1157 686
399 1988
298 1168
583 142
400 709
996 1797
1871 939
561 382
544 424
1903 55
863 943
1454 1037
1566 1381
687 1337
1086 1678
2 1049
1948 846
437 1910
314 284
1641 998
1335 774
393 1868
1808 1088
393 137
1013 1518
1469 1429
1619 693
1057 1512
1135 1656
1114 1571
1758 736
733 1014
136 472
1082 1164
1711 81
1231 320
640 9
1158 1864
1473 1376
1358 1530
1964 1630
1629 1525
65 202
595 904
1252 1944
852 1605
1059 388
89 209
385 1140
1518 1651
1342 1410
1656 964
110 884
649 1558
576 1968
1456 1568
768 157
1511 1186
1975 1310
1295 246
902 557
296 1860
349 1228
652 958
1883 775
1066 520
765 369
791 277
1274 1846
625 1336
946 236
1313 306
1899 766
1411 1426
1671 826
158 1101
1676 1091
1739 781
618 628
467 695
690 976
28 1444
414 3
608 673
364 759
857 1673
406 841
377 1126
1876 1926
493 864
1893 678
952 1188
1636 1626
1521 742
445 867
1021 321
1544 622
444 231
1214 1554
993 920
809 1858
1742 1619
443 1490
1842 759
764 1530
1468 1231
983 1073
17 1653
664 519
213 1002
1740 1745
1088 1747
1944 1047
1041 71
1627 57
1983 478
393 896
759 1323
161 1565
1489 407
1844 979
723 934
1585 947
318 81
1008 1222
1718 1148
717 24
1189 1155
767 1489
1292 537
1034 535
131 551
1309 925
861 203
1743 1435
95 106
1675 1599
956 384
1230 1908
459 1730
1028 1485
815 764
540 855
1545 1998
1916 624
506 1795
238 278
797 273
1140 933
1382 1822
1503 740
421 1169
116 1107
1823 1212
1324 1865
1203 1968
1798 1590
362 127
88 1251
1224 926
74 854
368 1597
518 1824
721 128
257 1142
748 1087
1579 217
438 1724
1589 1739
1075 1186
198 303
507 1063
1965 1692
1220 509
951 463
1 1103
413 86
605 1593
591 1020
644 1863
1683 193
165 698
1617 294
1489 943
976 273
1919 572
790 1207
1116 1221
1232 163
133 1678
1107 1018
227 1190
655 719
339 22
987 229
689 190
590 1753
1105 1411
1252 1535
143 1784
1621 1196
1612 1475
1303 39
925 416
492 1086
978 1611
107 54
494 1929
879 122
825 982
1492 1862
652 566
160 1560
368 620
316 519
977 931
1511 670
805 904
1079 1427
1335 914
1311 1
1679 489
1857 1490
1228 1294
1408 469
478 1658
295 919
1786 171
1141 1517
877 1917
1444 426
1191 1110
1475 1541
1768 755
1944 937
1083 554
919 1795
820 1599
1831 896
375 1162
1649 1611
1591 1700
1909 1221
537 425
41 1928
1162 1428
971 113
1956 979
1315 658
786 189
795 764
755 1416
1078 832
758 337
1443 1164
786 56
1980 1919
366 985
1941 1122
912 1375
264 1798
1914 1489
1198 58
200 372
1337 487
456 1274
1199 1519
1870 632
119 1514
1264 572
512 1331
68 763
1379 1829
997 1806
977 1464
763 118
1987 1122
190 487
578 1921
1778 1254
515 567
144 302
1494 1701
300 159
1990 290
344 24
21 1073
332 1673
1125 1609
1872 570
799 886
835 456
1900 1571
1461 1632
149 284
1341 1700
1647 1250
411 1485
564 962
117 1044
39 1351
1423 1078
1181 1002
36 392
908 1025
1050 891
1404 1851
136 1682
1546 122
98 612
602 1129
1476 1078
720 776
592 1405
1696 323
746 1201
1475 1903
1816 1550
553 1495
1074 1617
971 140
602 1193
403 1531
1650 1509
1557 1510
345 1981
1320 1794
743 1678
985 1677
1349 1851
1412 1746
1132 1626
1077 1840
1818 242
1944 1492
1775 461
387 21
535 1281
702 1557
80 691
1814 1173
1397 1171
946 1226
1110 1903
1310 33
920 220
776 560
702 1271
572 983
615 374
1307 1072
665 304
1319 710
1990 1618
1157 328
964 1399
1261 461
1030 1668
614 1294
741 889
1292 651
624 1980
485 1412
382 1173
507 277
1625 728
1806 1586
924 533
369 1451
370 287
1794 470
1365 813
1289 1373
167 1557
915 488
38 566
837 1227
232 1096
692 190
953 1845
370 747
159 1610
1111 275
1393 1430
406 372
688 1281
1452 663
198 1162
1753 10
441 774
750 1477
10 1768
76 429
580 1595
108 1119
573 962
1184 1555
565 603
1424 1484
322 1362
289 13
383 395
1696 1927
74 458
1805 84
330 1333
1212 587
822 877
1143 685
1782 1449
992 221
871 624
1060 1136
332 650
1095 1800
1300 340
459 1690
936 1800
860 927
1407 1060
1497 1027
478 1709
485 1871
604 1153
1341 1375
1576 1700
878 1216
567 56
1210 1293
580 1756
1211 1025
301 1980
1997 1211
201 1018
1450 1846
643 90
891 1933
578 494
1179 37
1147 1276
1602 966
1769 305
1313 279
808 1889
624 860
600 1812
1691 1374
918 1180
344 1807
1120 1018
187 383
1524 1437
510 2
948 1899
659 682
1926 1664
1066 565
1281 778
1060 1534
862 426
394 975
1273 1150
1726 1557
752 1015
883 1790
1017 792
1849 1225
795 791
1284 1722
237 759
1371 929
446 1656
396 1450
189 1204
1201 267
535 369
1904 1616
1399 1353
641 1670
113 618
325 1426
1090 206
718 1271
465 288
618 1103
101 1959
187 1979
1423 1901
1963 1570
997 624
880 663
438 1189
1220 984
730 110
223 1511
1439 1704
1784 19
1413 433
615 814
1129 1387
173 829
628 160
122 503
514 1436
1625 1809
774 1636
201 756
1247 881
692 1056
1669 406
1408 686
1243 1485
309 316
736 1783
1294 1459
595 1274
94 1069
173 1582
1226 1148
1014 369
1286 918
816 1116
250 1347
914 1381
1220 440
402 936
255 1700
1013 1424
743 685
651 1370
180 734
510 1651
1315 1252
234 1002
822 457
1542 197
1710 1316
102 444
688 395
1947 950
515 291
1929 882
132 888
1662 1320
337 539
186 223
738 752
34 804
1217 69
1983 282
1079 1382
165 1491
223 1600
25 536
45 905
1433 347
593 969
1914 1036
1700 1330
916 141
28 175
1966 1842
1620 207
256 807
576 1335
1378 469
1249 1831
368 765
1470 1000
440 369
1899 1857
186 436
353 872
552 1185
25 859
279 647
1053 405
257 1964
579 342
133 841
1390 797
267 1437
1521 1866
1745 1969
1612 1968
210 118
1801 979
1951 1119
295 1692
1498 196
781 190
260 1826
1589 1248
1552 830
202 580
1424 1893
1909 1834
262 1529
808 1788
319 185
1452 1996
725 914
1154 388
1697 875
1895 1557
951 527
1247 686
77 741
1005 682
1730 323
861 1043
568 631
1574 1560
354 1404
1123 1520
434 578
902 137
1674 1864
311 127
845 729
1914 715
1896 39
1903 1270
1694 756
169 1292
564 2000
1423 1653
1522 1155
1346 1187
491 410
1158 1276
1664 1584
71 1548
868 200
1192 501
316 746
265 849
261 875
707 1190
1757 91
1691 135
1950 416
467 1588
1852 1924
1722 1297
467 1537
269 1141
706 1012
694 1310
1737 1876
544 1939
1377 637
652 767
373 1014
49 585
1998 10
615 482
1829 1168
763 275
764 1514
958 1780
73 1460
907 1174
1362 1123
621 1095
1729 1807
571 890
1926 1049
1937 785
688 309
1945 1940
1909 1132
1227 875
1205 1938
1380 33
1796 733
1813 891
1045 1984
1680 88
1315 1649
714 692
1378 1036
1927 1514
224 760
1496 1171
650 1441
248 1201
1062 588
1899 1847
1037 1229
656 1533
884 788
905 821
1724 1958
1656 248
1910 352
1965 42
1545 915
835 1100
966 759
1939 397
108 1067
1715 919
1627 1390
975 1788
1514 629
209 1082
1035 281
1344 1294
1282 127
342 414
1617 1060
390 781
412 486
1999 1903
1664 376
1480 947
1426 639
113 752
919 1658
1815 1805
201 1796
1775 990
1424 63
1444 1924
1687 846
70 259
1087 825
704 344
111 1372
1863 697
959 151
1744 981
1168 403
584 1946
272 1203
1422 1589
357 1877
40 1028
1729 366
970 1694
1715 1647
1801 934
646 386
1909 891
1932 1610
1796 960
1772 409
1466 615
1839 1902
1865 1907
1254 276
65 1624
1449 1355
1829 29
724 1684
1982 1051
1053 963
938 1667
1504 413
1972 1340
452 613
1679 1707
59 1099
709 1176
1090 1653
1304 1854
1698 333
470 1939
1788 1340
763 22
1587 1619
1789 735
1711 1943
1177 1868
1719 1910
1296 1613
753 1123
1044 751
1713 1903
364 675
1220 282
1819 766
1697 579
1933 1764
165 1085
229 1829
824 755
6 873
682 1618
696 1552
1124 443
1317 1926
779 1626
1746 374
611 1731
670 414
1024 933
1627 1221
781 1543
1698 1107
70 1972
718 1205
1963 570
1158 798
1249 1169
1961 1413
990 970
1714 232
709 1604
1979 354
1061 345
29 402
1016 927
405 377
1120 1826
49 1100
111 408
829 1413
1992 957
1107 1105
1696 581
1386 1928
1417 210
221 468
1990 390
466 170
496 848
225 675
793 320
650 1693
700 1105
588 1301
1757 1784
1935 1043
358 1597
36 1664
1547 76
1562 415
50 976
1222 1311
1520 1362
856 81
403 584
1137 396
1756 1635
1705 314
1558 1794
763 1373
1943 1822
898 393
1755 1580
1148 873
646 739
977 1245
1578 1251
389 766
1611 1843
1483 1113
1287 1625
1289 335
627 1756
1975 1537
920 870
1535 55
170 695
900 948
1639 355
136 240
1062 1854
1546 429
883 1530
719 325
502 464
31 1342
1850 751
1610 1386
1799 1380
74 294
1252 1035
1818 1354
1290 692
1887 121
1507 142
863 1573
1918 788
212 728
310 1088
234 1828
1494 1287
1258 256
556 435
1239 468
108 161
1370 1050
1771 1367
1719 952
1526 771
700 985
1128 1455
1177 241
1307 1593
1729 163
767 402
846 79
1903 457
360 390
1869 832
295 119
1635 511
162 543
1495 464
572 334
115 200
37 1412
160 89
1937 630
509 443
645 576
977 657
1672 119
447 750
593 1704
1747 329
1905 185
503 677
1282 808
1197 1406
760 1867
847 1102
1563 1300
906 461
695 612
598 77
1748 1145
1462 500
1589 653
1900 682
262 1362
1003 1136
1329 348
1885 348
1524 1173
1345 836
932 1000
729 1165
832 276
605 1168
295 12
1297 1071
1245 833
1975 1078
1489 1770
463 1869
1361 1174
1602 531
1389 685
1507 1683
1401 732
1789 333
517 1021
1559 852
1617 1364
726 1331
1330 1202
1268 290
1176 1079
1193 418
800 1697
837 1579
1517 494
539 227
1366 1041
1288 384
616 106
526 55
66 1167
1200 1841
155 1416
816 534
820 226
1499 1787
1607 466
1172 89
296 1271
1044 199
361 285
1371 770
167 1660
373 431
198 1132
421 1573
1161 1459
335 759
1460 376
1427 1025
1821 1877
1636 1222
645 255
1180 1464
21 1023
1940 1071
269 1947
859 773
936 46
1078 922
1413 1831
1507 913
987 924
1651 1452
1233 1692
1467 1390
1471 1620
1930 1259
951 173
1271 341
1766 1234
1856 702
136 753
820 316
1529 1019
1995 1412
44 4 43 151 1 1 121 1 25 4 1 59 17 13 2 1 20 119 15 29 20 47 191 122 3 1 1 1 27 33 169 6 194 1 1 78 115 12 5 13 51 164 1 1 11 8 1 94 113 5 1 2 1 7 3 40 82 1 1 1 1 1 31 5 1 1 2 1 3 19 4 2 113 228 3 34 214 293 42 2 28 3 4 67 1 1 10 97 16 32 89 157 32 104 4 11 2 20 7 14 1 111 3 2 339 42 2 2 1 87 92 1 15 13 50 1 1 1 78 1 6 13 3 1 2 100 1 6 1 1 10 1 42 13 3 5 86 60 1 32 6 5 1 3 1 1 1 4 2 1 20 1 115 1 19 1 88 20 115 51 41 29 16 7 227 3 7 1 1 13 341 6 8 7 11 15 1 212 1 2 1 2 208 95 53 26 7 1 22 124 16 2 107 156 6 20 20 213 82 156 5 2 352 1 88 6 27 1 37 8 4 140 130 1 1 1 7 8 206 6 70 31 2 6 288 44 219 138 335 13 73 42 15 51 63 382 2 1 4 1 20 1 1 1 1 38 193 4 1 50 216 23 1 59 184 124 4 269 7 1 32 380 1 79 34 3 61 4 441 2 8 403 1 5 4 178 9 173 1 44 124 4 3 1 76 104 9 1 384 4 47 7 56 449 39 34 19 339 181 125 27 1 39 2 197 2 155 160 1 214 15 4 84 15 39 3 4 145 1 65 295 54 43 1 1 462 1 1 504 145 1 3 6 107 86 25 1 2 116 143 16 2 132 145 39 3 244 18 7 1 1 1 7 58 1 13 1 1 284 7 20 2 1 108 80 1 298 23 19 2 1 33 5 157 1 3 108 26 6 1 402 2 4 257 468 9 212 19 140 122 176 30 39 104 3 39 2 31 29 209 2 2 175 1 104 182 31 107 2 50 10 49 2 10 178 28 364 46 2 260 12 15 5 2 1 3 6 1 11 1 6 282 5 45 3 2 5 477 1 24 112 141 23 1 2 20 1 109 35 9 2 146 3 78 183 117 15 282 277 76 30 30 52 188 24 40 7 1 53 2 305 16 7 1 79 95 188 2 6 1 26 50 2 8 146 4 125 105 140 7 113 16 1 215 1 203 1 3 3 25 1 72 1 92 52 38 4 11 40 29 51 9 1 1 3 27 103 108 7 57 11 13 2 93 1 1 23 63 1 59 2 2 191 1 145 4 10 1 80 10 347 387 198 12 1 1 58 3 13 4 11 7 8 3 22 1 214 209 5 2 3 52 43 29 26 6 6 1 126 9 130 181 10 46 72 30 1 13 1 3 48 1 1 2 67 128 1 2 1 6 26 9 35 1 334 23 47 165 1 208 2 78 1 1 6 3 20 2 1 1 50 10 175 52 154 36 3 33 22 24 10 1 52 206 25 419 14 34 53 12 30 28 2 52 1 143 87 2 1 36 18 56 31 19 6 1 2 9 201 2 43 23 1 1 1 4 2 2 1 14 162 8 3 1 17 1 1 24 72 38 74 3 1 139 37 115 233 1 19 1 66 58 9 72 11 7 284 5 125 2 1 6 2 3 9 13 296 70 1 66 130 1 5 9 5 162 59 107 203 3 196 109 1 1 220 4 17 9 3 9 4 44 14 2 12 4 2 10 27 22 61 98 18 4 5 11 249 66 13 45 69 139 255 3 48 4 1 14 2 3 78 56 96 1 508 6 93 44 63 1 1 8 81 29 12 3 15 246 1 1 1 342 169 111 6 3 1 370 7 1 116 9 50 20 1 31 16 27 1 18 4 229 1 1 8 2 19 3 1 4 2 1 53 2 14 55 169 44 8 60 3 11 2 3 4 398 8 1 16 35 397 2 11 155 19 7 1 14 1 4 17 42 62 2 327 13 236 37 2 2 41 36 206 20 24 5 32 229 147 38 5 55 2 199 132 11 1 68 38 300 3 5 6 4 2 2 3 160 8 78 240 15 5 17 28 425 5 13 278 1 35 128 16 67 23 2 18 27 326 1 58 2 6 151 2 110 5 51 1 527 79 109 1 293 12 3 18 128 1 23 1 15 8 18 67 158 5 147 1 50 12 37 33 1 12 345 301 219 16 5 48 1 307 184 21 7 1 250 1 212 150 1 4 1 1 362 140 522 5 1 34 15 1 423 21 156 18 30 2 1 116 40 230 10 10 136 2 3 90 2 27 1 245 2 350 4 17 16 133 1 282 3 17 1 7 3 2 51 3 1 258 55 62 15 58 3 205 171 13 5 136 94 4 7 1 2 1 6 6 1 5 148 56 4 74 364 299 80 2 25 93 1 1 375 62 1 13 11 15 10 1 1 1 54 35 6 26 37 38 1 2 63 152 40 111 5 35 6 13 186 47 1 57 2 5 2 5 2 9 182 40 1 30 33 2 8 19 1 36 14 2 491 3 68 20 33 351 28 48 2 19 80 4 8 232 19 15 35 9 12 5 33 1 4 15 1 1 93 4 153 24 6 43 4 3 18 19 51 1 1 1 1 1 78 3 3 1 5 1 172 44 9 216 1 3 118 6 237 80 1 9 52 7 9 14 195 2 212 24 327 282 1 29 116 5 5 1 1 1 2 6 86 33 21 3 2 9 154 2 7 1 243 2 4 65 16 17 77 16 51 8 15 1 195 2 19 19 1 1 8 2 43 13 1 6 1 35 105 4 1 2 2 322 1 1 88 4 30 18 26 9 531 379 48 25 124 15 152 1 2 6 3 237 192 1 329 4 1 1 2 176 212 1 237 6 5 12 25 1 2 15 5 99 219 1 4 31 305 7 40 1 1 8 62 1 1 1 15 2 7 1 29 3 308 6 64 36 123 51 14 24 36 8 182 42 25 160 2 1 2 33 6 1 114 8 71 36 25 289 1 50 2 211 7 18 5 1 32 7 7 1 13 1 17 17 72 7 21 1 227 3 11 77 16 6 4 36 2 33 52 70 80 4 4 1 137 190 1 209 9 1 1 13 29 4 1 34 18 46 2 1 32 65 43 108 1 136 33 1 209 127 50 178 53 190 75 51 206 2 1 10 1 144 6 8 32 3 1 210 2 198 346 43 5 242 3 1 21 103 73 15 1 2 31 175 7 85 69 5 84 2 96 3 32 60 439 92 6 15 15 2 280 15 49 1 49 4 1 117 9 164 3 98 17 25 1 194 5 278 19 8 111 4 105 1 215 17 55 289 1 9 42 1 23 4 4 1 3 10 17 31 306 84 6 13 41 23 4 44 1 22 1 3 12 132 1 1 19 9 36 69 110 2 27 92 1 48 1 3 5 2 1 3 7 118 161 179 2 1 11 68 1 9 84 81 35 526 2 155 16 9 1 3 4 3 11 5 3 122 21 54 58 1 8 40 34 10 137 2 56 1 75 1 5 225 1 36 150 11 4 10 3 1 181 230 4 33 32 43 4 2 2 102 2 8 124 44 1 3 2 92 2 2 56 447 128 38 75 1 1 12 8 117 15 39 61 75 17 7 4 155 11 114 99 35 1 3 29 74 360 252 17 77 312 2 4 10 2 32 95 7 194 8 160 1 223 140 30 219 2 7 15 2 44 1 232 10 1 164 69 38 1 23 3 5 1 2 1 137 1 122 144 53 108 185 11 73 230 26 45 282 95 14 1 2 3 55 98 25 96 28 2 9 12 9 1 19 1 9 4 4 1 34 63 1 154 262 1 2 49 177 1 31 29 1 3 4 8 42 173 30 1 3 15 10 9 554 26 1 97 2 1 80 53 5 325 93 19 5 14 5 83 32 64 20 1 39 170 45 98 57 1 2 1 1 1 49 2 31 288 1 98 1 9 27 44 6 13 29 183 1 1 4 43 319 14 1 31 10 114 11 2 99 59 3 1 441 32 5 12 5 2 1 141 5 86 2 1 27 44 52 5 48 5 2 4 1 4 117 12 190 144 1 252 11 271 36 1 3 1 8 159 60 37 3 10 14 12 1 9 74 1 1 17 43 218 464 7 121 7 136 66 91 8 2 1 1 175 5 4 316 17 56 10 46 343 4 223 4 1 1 154 22 3 37 4 4 30 2 79 2 113 1 6 27 156 231 1 4 5 20 233 16 4 17 3 4 4 372 1 3 15 1 2 1 11 7 56 36 29 24 8 5 72 7 1 1 1 3 352 1 2 93 134 9 138 24 9 4 38 1 1 1 3 165 3 17 9 1 35 24 22 264 100 148 15 2 35 5 6 4 1 57 97 50 26 21 5 67 59 97 1 21 2 41 1 7 8 2 17 292 7 30 81 25 4 151 2 294 5 2 2 69 34 6 1 181 1 32 2 38 1 36 145 100 236 24 4 16 405 187 1 5 6 1 155 103 480 64 110 9 79 167 2 41 1 10 105 6 1 16 79 1 34 29 1 179 20 1 11 4 1 38 1 8 96 11 63 27 1 2 46 61 9 101 1 14 122 1 161 112 230 10 165 30 1 1 51 12 238 40 100 1 1 1 1 6 39 1 1 33 121 6 98 1 111 5 36 8 2
