2000 4000
632 1603
1345 1089
1534 618
1566 39
1324 1924
228 150
1949 467
1645 213
1413 1252
1010 1817
1363 928
1610 1934
16 1235
396 108
1186 648
1692 1461
986 158
1066 1546
1485 626
1926 7
710 213
649 1846
70 285
139 1779
1200 1158
544 1620
1268 1999
775 1157
870 847
1240 266
1691 857
917 406
1027 85
1558 1562
856 264
779 213
1386 41
1244 1254
833 1849
1328 1593
1082 262
911 229
1285 579
1721 1430
270 1891
316 1738
825 568
1081 252
651 1527
505 470
1414 1379
567 739
785 682
1769 1026
1002 982
628 58
414 1749
1909 223
709 1160
1822 449
532 164
794 1974
387 45
1088 242
1486 1017
862 1456
762 744
1607 1786
1410 1272
1573 779
1455 237
1966 1627
530 1402
1540 9
242 340
155 1678
1959 1290
671 1376
919 175
686 1669
1906 1917
1304 999
202 709
1883 479
219 408
793 1486
935 377
1035 144
905 1445
1019 103
1080 905
127 290
1454 709
1424 1205
898 1813
214 586
391 393
915 882
1157 581
1103 1887
1832 197
1297 741
1599 1863
1482 1489
1864 1378
1163 310
1238 299
154 585
547 518
146 1598
1342 285
693 1196
296 938
1361 561
1890 1330
1311 1185
1149 1060
1544 1899
117 170
1329 609
130 1892
1310 1729
587 545
1103 1708
305 206
66 1182
1614 402
737 512
762 1798
1385 61
1757 275
1987 1737
578 1793
789 954
1763 329
1504 1359
1449 402
783 159
80 600
1342 1733
880 1866
436 151
985 1733
1303 1869
1469 1052
580 1454
1997 198
1062 320
910 1889
1383 802
1228 911
1644 11
182 848
123 1539
1855 1251
362 276
1725 603
456 1773
282 1671
1418 674
1099 995
1859 78
864 684
1473 1231
1671 1428
298 1463
490 526
1065 332
385 474
1728 159
1417 1000
65 1542
1928 453
584 1893
939 744
56 1976
1502 30
1451 447
1099 965
902 677
527 1193
1030 429
763 856
103 1338
1126 1112
1658 873
1476 772
1924 1380
1058 986
184 153
399 993
1891 876
1902 881
1180 1034
372 1658
1861 467
1198 1026
1986 628
267 1437
1578 1007
1189 1441
594 1410
877 514
1374 1139
607 1913
927 205
454 567
1915 1423
205 1709
1105 1598
428 1820
1112 1625
1353 35
198 296
739 1156
1518 15
979 1812
127 807
937 1050
447 1430
71 113
1837 151
1398 9
387 744
1605 86
849 1888
1956 1708
1798 880
1703 564
1513 761
27 1061
1933 1916
313 1504
1398 731
222 1974
1979 1782
239 563
1707 1107
916 1749
769 1247
450 1366
1049 904
889 1201
955 1665
1492 866
1715 1472
1952 984
1957 1617
1654 442
1196 1771
1367 1529
782 928
1609 459
1888 1078
670 1758
1011 1103
240 909
47 264
686 308
504 666
223 1013
1959 1675
1278 261
683 843
249 1755
885 1992
1959 1111
537 589
858 985
373 365
255 334
1697 1185
1985 521
1335 1310
1994 1217
1358 57
1934 1140
1316 1152
166 500
1239 735
571 248
800 812
996 1
818 1467
1663 1831
805 442
1650 690
1799 1370
1099 1886
1460 855
796 838
152 1120
867 903
1813 1604
1327 854
705 1784
1040 948
1503 994
1212 1956
295 618
959 872
1485 1651
581 828
1954 157
1990 1753
1410 965
1541 642
978 1750
983 1512
1229 834
795 1487
1471 1188
1730 1344
1155 1170
497 1602
575 1954
634 1274
1689 1271
907 405
196 1587
1550 604
1548 861
339 664
1896 496
646 1016
966 1321
264 273
739 562
1872 1781
1850 231
10 1955
17 613
1499 317
369 789
1076 1810
1060 1525
529 51
301 998
414 84
1153 484
1062 732
1273 92
1872 1971
1995 586
1953 467
1090 469
847 1213
1632 391
728 261
36 403
62 47
1330 695
450 1631
1887 512
865 1082
1450 578
342 79
71 87
840 1624
917 893
1400 308
329 1534
722 1406
1244 1658
1129 785
1293 1040
1458 1398
348 568
811 848
710 1726
1834 395
581 1675
1375 163
1436 1303
337 1011
1905 1957
1809 1976
966 57
1605 1093
133 95
153 394
1675 886
1160 1902
1800 954
858 1198
1735 588
255 94
801 1274
241 1375
1672 372
955 542
199 1584
1089 1125
751 851
287 1751
32 1064
1465 1082
980 432
1484 231
84 935
1401 711
1251 616
509 514
1093 934
166 1196
742 699
864 840
277 1345
88 565
1058 1683
1573 496
1414 975
1646 1344
1921 1995
1483 256
894 1476
1760 295
1610 276
413 380
835 1540
1285 1551
1312 293
1974 1535
1869 70
1652 1152
532 562
681 1935
72 1157
1204 125
746 316
1998 1703
1485 1805
1825 1605
372 434
125 711
181 1011
524 1194
1323 1659
59 1958
1008 1070
1489 111
925 306
214 1442
1456 332
52 488
1341 759
1125 794
1218 1320
1152 306
1662 1252
1608 38
647 1961
1105 1747
1210 1178
1974 729
783 1801
1077 1115
1471 105
1667 271
1144 1828
1100 1892
560 1340
728 698
314 1477
29 1776
478 1739
447 1905
1342 805
1271 839
1069 1606
455 18
652 893
394 1949
905 800
1628 1445
624 76
1074 424
1846 394
740 782
749 597
1553 606
1717 211
939 1686
1804 1989
180 542
1557 1049
344 1048
204 581
281 390
476 1450
1773 1859
681 1569
760 913
400 1569
79 971
914 962
278 740
567 45
505 1335
623 84
1194 740
1241 1909
821 459
289 405
47 1829
571 1980
172 981
1634 1680
219 1483
89 1398
1305 1544
907 321
1753 918
416 1269
923 740
137 1540
1802 1477
582 181
939 1666
828 614
1217 1359
818 1544
1330 1176
1353 367
1136 1223
1011 695
826 325
1598 1275
1875 1396
1016 758
888 1037
428 1852
1539 663
1832 1962
741 879
201 1856
1728 448
1637 1107
1421 951
413 1553
830 258
1450 994
807 1748
1755 1487
555 460
1056 1669
1823 101
1152 1105
1954 1170
1012 770
1608 811
682 301
138 1065
1943 1602
1589 1230
848 1472
1897 1457
593 384
1758 419
1543 1510
847 1997
779 304
506 1914
954 1604
867 840
1676 1475
217 18
603 159
370 519
550 984
1747 24
851 1163
979 1935
1238 492
949 753
448 1812
1742 485
1854 1716
1512 802
1255 1730
1445 1351
1910 488
1382 1467
1946 1620
1930 1461
33 1649
1542 998
219 126
1244 766
1100 1919
799 1897
1047 1955
277 1172
1511 1123
927 1732
168 1335
1575 1376
1378 1751
205 1064
1950 505
756 923
1885 1959
1232 478
1590 259
427 618
1067 160
469 1501
1884 1112
1106 435
186 447
1594 1079
767 318
725 1261
1796 1695
1052 542
562 225
57 524
128 1472
800 1505
1114 101
1675 1120
648 1447
332 1391
415 1502
513 953
487 438
664 701
1067 1669
1348 184
68 264
1356 1731
1170 737
579 1264
1624 609
1680 877
194 1723
1062 1176
533 728
738 714
1157 1388
1138 1143
1270 768
820 344
615 683
304 618
195 80
1324 1734
1653 404
1931 1027
1582 1670
1055 999
1866 85
998 1824
1873 1674
1546 1321
822 724
568 1979
466 266
1800 380
1263 1809
1845 1976
1270 1602
1689 239
816 1213
1257 1919
550 922
29 1678
124 452
86 1360
777 343
479 1943
951 655
1705 1776
460 1303
1508 607
1776 867
682 691
1488 1454
953 1604
1299 645
483 965
964 1099
1970 1930
1053 837
970 1515
1636 787
1270 221
1701 1704
948 55
1225 632
1909 1804
170 1013
1225 698
1374 1440
236 1082
1440 808
1008 844
1056 123
1170 472
760 27
1759 1651
508 1083
896 414
1255 1462
1285 884
991 1255
504 568
81 604
123 1254
542 1220
629 1409
1537 1999
1376 998
1041 643
1733 742
332 1681
348 159
788 1536
704 317
682 663
885 660
634 30
1133 1001
1253 274
884 1443
1319 17
211 1848
218 1396
1353 588
214 2000
485 1113
1364 1107
480 1959
586 1975
1113 162
511 1660
1897 7
670 1936
1364 726
289 1164
512 359
1748 1083
1142 1480
968 81
1132 453
1116 818
901 463
1103 229
1140 1
324 180
593 1001
1495 989
642 1877
248 887
534 1574
540 74
90 1944
353 1814
1689 1880
559 409
289 114
1227 1506
1400 1591
1707 1777
1190 1922
1041 575
677 733
1770 234
612 620
749 1321
675 218
1400 450
425 7
662 158
1316 594
1750 1000
1342 319
1166 1621
355 184
974 1215
621 1603
1827 1942
1148 265
1828 29
436 244
1047 555
1656 1760
1905 1870
274 972
1861 1239
735 390
1335 240
1332 1066
1015 803
463 630
496 78
1023 779
1091 1148
961 923
1118 1016
391 617
318 1058
420 1285
889 658
1079 693
617 1696
1675 1803
1354 817
1654 1981
1489 1117
1861 237
1480 1100
827 321
1811 268
1940 343
1111 781
951 881
1422 1670
343 1719
1883 1249
251 1900
851 529
275 747
1199 800
542 737
579 1818
633 1348
1388 1820
256 483
1060 779
1678 1063
1135 1198
299 524
1920 1999
1539 1107
834 224
1416 1786
40 1351
376 1354
1293 505
1947 271
54 748
959 748
710 1172
1869 1751
1139 976
918 595
899 1431
1446 328
59 822
1067 1017
1765 1305
1511 1392
672 1651
615 5
241 1228
388 858
1883 1356
278 1994
806 1812
1061 360
804 1636
101 785
1989 1654
1914 967
1281 1523
1034 691
471 216
1977 543
337 412
1523 1331
748 227
927 802
170 56
1885 1701
1626 611
287 1311
1006 1720
1783 1354
1537 864
365 1601
506 1473
1525 253
1781 1520
797 599
1668 1810
396 1804
55 1844
1169 1128
1914 1722
489 1039
969 559
67 1859
1030 1863
954 902
1947 770
233 114
1933 1881
1856 1116
702 1762
1497 875
1033 394
885 368
372 1685
1034 69
943 31
1505 1861
1285 1593
1843 644
610 994
361 590
901 1723
1929 652
1187 654
1966 521
1899 990
1707 1790
1517 136
1613 866
819 165
1820 228
1911 969
220 611
850 671
855 1185
727 1356
1512 859
452 3
1899 1048
1141 1999
181 1329
1836 1627
1043 1224
158 84
1693 1964
95 144
893 1644
367 594
616 1668
946 1492
1392 1759
1047 1285
616 1629
771 1089
191 229
1028 1439
852 1440
1990 1967
1331 1667
293 1891
1289 1424
1426 1056
579 1491
1155 765
880 1415
559 1799
200 274
1254 567
583 466
563 268
343 162
1990 15
1642 874
804 657
417 862
1527 1277
60 1209
295 1319
784 288
1051 830
745 1846
1448 1267
1681 455
1881 526
377 946
557 1204
1142 1498
681 778
1179 1851
250 246
988 1413
1081 1236
1760 152
1339 767
1108 1303
405 1885
829 587
1004 1720
1855 1959
1885 1418
862 340
675 1019
578 268
1981 1520
329 1705
70 228
27 1356
1247 862
1900 679
1571 175
583 944
397 1623
868 1391
1716 1402
587 580
688 269
457 807
741 210
761 944
1166 861
959 1420
3 142
1356 716
1203 1899
1925 1922
1756 900
849 1475
5 1932
1800 1534
985 779
298 1279
793 525
152 1482
1374 249
1919 31
1860 792
97 978
870 616
995 368
11 361
1137 805
1776 1073
1902 1035
1877 461
195 1187
1294 1504
929 445
946 1745
1976 1553
789 1285
559 1899
1703 1851
267 1297
627 469
546 1413
344 657
1475 582
245 434
593 1936
889 982
1771 536
865 628
1960 209
255 1610
1923 867
916 1744
685 1035
1337 1951
504 1810
754 1545
958 932
551 1273
1641 1377
1184 1425
389 749
21 1158
691 585
710 606
94 1500
1874 549
1101 1029
963 162
772 33
462 138
1246 824
753 955
964 446
1660 655
975 910
830 926
283 442
1691 1075
879 1962
1710 1823
1155 354
1648 527
1913 1459
655 901
1722 1218
1737 1319
1095 160
157 477
979 397
292 451
495 1757
1595 1997
1904 265
1091 1235
1198 1476
550 1536
1326 165
730 1211
1069 432
262 1443
1492 912
1115 59
1188 23
1750 19
773 27
1214 122
680 1507
1603 798
753 1035
615 1252
1416 333
917 1717
674 166
1568 1684
746 1393
925 822
1326 1679
1216 261
192 1070
1888 1891
1563 1470
1721 946
1058 1060
1056 32
1362 1356
1495 1944
837 1388
766 270
69 1348
1054 363
703 139
897 1803
394 1165
713 62
553 1952
165 1151
669 337
1757 1555
1244 1972
220 1860
992 326
1122 29
590 584
1058 1042
1582 1367
1112 698
294 1478
390 1951
476 801
186 1540
408 720
1169 663
1734 1036
1597 1141
981 976
1689 1821
1402 1696
1406 577
1383 1259
1503 1425
1511 1747
1709 1545
1467 374
1254 165
1920 253
1627 1563
1217 1435
921 268
1915 519
378 1441
1530 19
911 1443
867 1946
1280 903
1192 629
1590 494
136 1699
1987 1147
846 358
1160 1338
499 427
1597 551
1928 882
1510 322
1478 1561
1242 263
946 879
520 1336
950 1942
518 1508
722 663
560 341
1969 1978
1615 242
250 49
1483 858
1639 1783
1620 1489
1650 473
1219 823
277 1058
1093 602
1025 937
1785 125
1981 1034
1953 1651
205 435
1580 1591
1260 199
1264 586
502 1956
1774 678
1468 1541
1371 1878
1920 371
208 1096
538 472
1375 443
1297 1976
770 828
1927 1360
1173 589
1466 988
176 588
327 1805
973 235
1123 1905
1820 667
75 1512
738 730
1036 538
1025 1672
102 1477
1481 953
1003 826
1363 1210
1619 1287
1121 1255
697 417
1679 1953
1387 1964
1743 1486
624 556
840 584
1074 120
1429 362
439 1824
669 1405
564 1809
1010 1278
693 1813
1472 855
786 671
860 1562
872 1980
1108 97
511 128
361 755
438 1373
200 1959
1323 243
1684 1003
489 568
1064 1853
1933 1931
845 1182
358 29
1490 1403
1068 551
315 971
1913 1519
1570 887
923 1308
812 1562
1295 1187
616 600
1676 571
1020 723
973 709
1236 882
858 1355
720 1351
1063 1171
68 1055
302 596
359 1559
1478 23
331 177
1957 1172
1530 1611
1683 720
1655 637
882 736
174 1378
304 63
972 322
1646 142
833 1299
349 828
1522 439
1044 294
625 866
831 191
1942 758
730 1795
1787 1574
229 622
1642 169
1641 1707
448 602
49 1518
1582 1316
306 811
412 1520
702 118
1457 855
958 23
508 1028
405 1890
881 626
951 1997
178 491
228 722
1663 1677
586 555
450 1457
1196 1180
1297 1351
1836 1364
447 1933
1147 1836
344 1224
187 928
1858 1585
898 1038
1713 461
1778 146
590 1181
220 1183
1265 397
1142 557
1405 1294
631 600
1127 903
146 570
396 492
1376 1308
921 1375
446 351
1435 784
1642 101
466 561
1078 1661
1777 1664
1200 365
1893 1063
1570 633
1650 1573
1150 1003
1612 1973
1739 728
764 1106
870 355
201 61
992 1027
930 1850
1951 672
468 1899
1950 434
1662 174
64 1607
1741 49
207 734
283 409
367 44
987 376
1142 1128
1305 1517
1532 839
437 1985
862 856
718 1624
870 1363
583 161
1124 781
444 791
331 703
384 1881
608 1816
1608 156
1726 1466
1048 408
1793 235
1062 1503
1319 347
410 1578
957 1934
1988 1357
897 1700
1572 948
1059 546
1661 338
1297 1788
1019 854
1600 402
669 1726
997 1878
166 1836
897 1690
111 1503
1506 1827
1805 365
1475 745
643 528
1640 645
20 1835
1779 1057
461 298
1949 946
499 1603
1396 570
979 1132
1063 1139
603 1490
276 1640
1518 1634
1950 1495
227 689
315 1939
1493 441
1373 33
1990 476
169 1480
658 1209
1806 258
1082 173
1727 600
173 1264
554 420
1036 1294
692 509
1652 1031
594 891
1361 741
180 341
586 1052
1031 1340
280 1614
1942 935
615 327
1467 1049
1160 1573
791 855
1722 1829
909 1729
760 1844
7 963
1330 152
1209 926
1739 274
642 965
719 1912
347 1930
1171 521
380 1868
659 772
1409 1207
1909 152
902 1541
922 595
510 1279
1164 25
121 306
793 56
1311 1922
629 717
1742 346
1145 377
136 1264
714 654
1823 1323
1887 504
753 465
619 1647
1419 149
1140 1143
1508 1012
867 509
374 1227
1933 562
1651 962
2000 376
487 15
47 1978
783 327
1921 1011
1737 879
1548 1972
266 782
736 523
1210 210
1974 313
340 485
373 651
23 1080
1326 1677
645 392
837 97
1822 1053
691 1735
998 960
512 582
1775 88
1828 1187
904 54
833 75
1224 36
906 701
1569 463
1605 1968
454 1926
705 559
193 334
1005 113
1779 714
912 230
664 1118
473 1641
932 1388
1236 1643
941 173
1025 782
1178 959
1864 762
215 1498
472 1244
174 582
1771 1356
1228 685
672 407
1363 87
453 1147
1898 1534
1103 1265
817 763
398 401
923 877
1920 1710
1776 231
481 901
1155 1970
1160 208
702 1324
1469 1119
1755 563
98 717
412 713
1487 162
1768 982
50 1799
1832 596
1786 179
1180 856
1481 1418
723 649
1608 1187
1637 602
689 1420
709 596
591 231
1163 1674
66 7
1803 563
803 747
846 895
1363 96
1734 81
429 508
50 1540
1398 221
837 172
1880 496
1783 1555
825 214
153 1221
161 1672
1170 1834
1152 329
1053 760
1580 1756
394 365
1516 175
297 860
441 1730
928 362
1596 1040
220 1001
1955 808
605 350
1398 137
1581 299
1629 448
183 151
1295 444
1565 706
1853 1740
967 53
1435 1511
788 1464
1208 1890
1033 1063
817 1989
1276 698
1964 896
1473 3
834 1877
788 515
1612 1188
778 1056
383 1232
1559 624
1697 1449
331 637
1740 776
1019 662
1249 1592
1986 426
1586 565
1685 940
730 1847
586 1495
1741 1691
1700 653
197 534
520 14
1364 248
360 1245
484 128
374 1068
225 1911
1071 170
216 1676
488 393
1114 1236
407 491
377 1224
1350 241
1184 1511
1166 1952
253 1350
368 173
401 1525
857 1150
513 1816
680 1455
436 1613
492 1747
133 883
792 136
556 762
1248 1762
982 1021
383 1259
982 1029
445 242
599 1766
505 318
771 1454
301 1935
361 43
509 1159
1531 492
1103 1228
1733 461
1416 1503
1564 1425
1546 587
667 535
1417 1904
564 1224
257 1016
1652 1619
1503 1448
163 753
976 731
1697 908
1087 1029
1356 1768
770 116
755 1719
6 36
513 492
1023 168
443 1833
1819 36
893 1778
1075 166
191 140
918 671
347 1642
642 338
990 1007
1534 510
105 845
128 726
897 530
532 463
650 1097
1512 400
1069 1802
1577 1956
872 288
640 1612
1173 776
150 1894
1452 1196
276 788
662 1646
563 122
580 1373
506 73
1613 1369
1540 297
871 1109
999 1281
23 686
332 47
938 636
365 1519
1386 1052
949 523
34 991
1634 1454
364 815
1302 700
145 980
983 1228
618 296
1772 1686
1527 1089
339 1746
15 1135
1783 627
898 1505
1771 1679
11 78
1510 309
436 457
494 1890
1252 44
732 740
578 619
1891 1084
560 1131
174 230
502 9
1966 1819
1482 1613
419 1894
1788 130
1153 427
570 655
1613 191
71 1658
1933 1298
340 260
1695 1281
80 576
866 1555
593 362
1730 1353
210 1861
300 351
1657 382
894 898
297 1032
1199 1078
694 955
774 1994
1202 1502
1198 1162
1264 1000
531 1603
1865 390
496 1956
1902 728
84 1874
841 1365
1159 648
1156 1941
1435 148
696 454
310 110
12 1954
1059 957
867 1871
579 1519
469 1059
984 914
1890 311
1029 329
660 622
515 228
1867 1283
1913 158
393 1451
1868 448
1553 996
670 127
1979 10
1009 1959
1631 671
901 1327
112 1037
1034 1266
39 1126
842 1828
1195 413
1429 1648
1976 515
1935 473
1190 1487
231 1538
339 1669
741 1242
1220 550
1903 1966
1351 1895
1153 451
1624 871
1509 1227
681 1671
673 1606
1404 301
246 706
1111 577
338 800
1928 245
1771 1542
305 452
1309 396
1041 166
293 577
776 1942
1517 1854
1815 1364
197 924
1977 4
1456 1763
1827 1294
463 1600
762 1998
502 1882
938 15
648 380
540 566
1166 1502
124 515
990 85
186 553
1518 608
944 1624
669 182
1118 1829
1063 546
1007 1440
1092 1272
1488 1313
1538 1824
1377 1528
1084 1349
1189 522
1361 190
1895 1179
1771 1743
810 1156
254 18
829 1678
1503 1611
1259 1971
1100 1987
285 1495
754 1425
347 590
1544 1725
27 1133
1823 1877
1979 1415
346 331
1747 750
1466 1974
860 1110
185 433
1801 334
1000 791
1139 870
866 493
1862 1133
853 874
522 1938
1629 1152
382 611
2000 1433
1927 239
402 773
369 1792
1194 1108
138 576
158 503
678 721
1305 1190
1249 806
230 1882
1896 1910
1463 798
799 358
523 1944
464 1809
726 572
383 793
1326 104
738 211
678 999
1131 222
660 600
844 1960
302 413
405 1475
815 1759
227 897
777 355
1200 918
716 1016
146 456
1744 1363
88 1405
1653 474
793 10
115 1525
205 1207
1245 1309
888 855
1554 799
1797 1931
1661 1310
872 1136
905 766
500 1589
712 203
1445 490
1983 251
54 1139
218 862
913 326
1303 1807
1591 1353
1282 777
1818 1998
1708 643
1874 181
720 1142
1656 1220
224 858
1885 800
700 1680
1453 1296
907 220
1977 877
643 1114
1822 240
1927 1014
608 1262
1418 683
549 551
389 936
1675 502
1915 260
223 981
1752 1867
969 10
1647 1171
1948 1860
950 360
1719 801
495 1250
1146 1886
1015 1466
682 374
1947 1992
1548 105
527 1852
67 1776
740 44
1359 379
1093 1146
1487 1916
722 645
1560 244
1052 1096
438 402
1007 1494
73 1155
937 1610
1550 1063
1480 905
1461 1490
1074 208
514 1664
972 1971
138 663
1400 652
284 853
992 1793
416 1051
1225 1207
1420 1977
961 717
339 1972
1128 1739
1133 951
144 716
1315 1133
1356 1984
1107 436
660 47
893 1257
1657 1244
433 632
155 1757
161 371
1872 1976
958 1405
1646 466
1166 1951
219 1261
446 1755
454 962
1346 533
563 1587
1307 1108
1772 1542
667 254
1740 806
958 267
151 1812
1214 1769
1501 227
1700 651
1047 105
973 1002
1041 1845
108 1932
489 1229
79 429
1247 907
992 1005
1102 749
1442 1932
1669 275
600 136
1273 286
908 10
837 1969
644 1369
351 630
1667 798
508 1738
1457 593
1526 1809
608 208
313 204
1038 1820
603 114
1870 393
1661 912
776 1264
944 715
684 722
386 1997
1722 652
1778 174
1206 1697
1206 712
1506 253
1449 110
136 878
930 315
196 1409
1333 1829
1397 1070
252 1157
1933 537
16 430
1698 640
915 444
1638 1335
538 1712
354 1301
171 1462
1969 317
617 766
762 963
1857 1248
465 542
386 1036
696 189
1134 1859
671 48
1013 464
1623 1076
1093 766
1588 1671
1131 392
1108 6
1977 288
1949 1601
1176 185
1155 425
421 1845
1142 1716
1501 1618
1800 1185
1460 539
1524 145
1502 1071
661 1949
598 1204
1113 1744
655 140
753 1065
101 666
1351 234
1673 32
939 1169
1732 276
1627 1116
1780 116
1843 1750
629 8
1587 1022
1318 316
1126 1962
1948 1353
928 112
494 842
1413 1639
1744 1827
965 1996
1238 794
1861 574
557 1536
629 1615
1351 1141
548 1728
1261 1632
1221 1235
580 219
533 1919
1982 1756
751 1325
1945 1330
1484 1749
175 1588
80 1190
1962 387
518 5
1311 680
582 48
1583 1562
381 534
1509 342
1833 580
973 1306
1690 1191
512 405
309 1149
1631 308
343 1895
1698 618
358 724
582 1976
1114 910
35 494
1522 510
1239 1151
1847 142
704 1634
50 1515
1844 1416
1508 397
1648 453
1273 306
459 207
1343 803
1297 1261
1026 1813
997 133
1696 162
961 1141
113 894
549 1583
1035 616
870 133
386 1797
889 1019
822 12
1877 1931
1070 1421
787 1780
1606 1775
1984 793
348 1757
267 1832
1744 1921
1181 545
1525 512
519 1885
1723 182
518 666
1586 418
1410 1393
120 1601
522 102
1771 1275
664 316
397 1139
1269 1633
974 359
1251 991
2000 677
1348 1834
314 1109
1244 708
313 985
1954 735
798 1215
1738 216
33 1875
1715 500
765 922
938 483
274 1883
244 468
1965 1452
1405 212
533 319
619 462
1043 1171
1630 1490
1260 255
49 475
1185 411
150 1536
1499 1048
1554 857
1139 1885
1126 1933
1702 1009
615 1532
153 991
390 1184
1839 1296
319 358
1675 1245
602 419
199 1046
35 646
348 1850
136 1013
430 1662
1023 167
639 140
841 996
614 1656
415 1929
1779 1989
760 1789
1447 1721
1602 229
465 1890
1084 341
1163 528
1701 206
1350 593
1134 95
476 1667
403 448
1372 1756
843 1286
1160 1826
441 1212
389 709
962 110
948 1412
1734 1183
77 930
1303 850
828 1576
1474 158
1477 1280
1314 1963
57 1842
1526 291
257 593
1511 1642
1795 1918
1152 1773
1340 1184
577 1769
1089 1590
1423 1273
594 281
1468 217
320 1384
1503 283
345 1992
744 1663
947 1494
1556 608
276 48
1451 301
1491 934
551 1838
1771 1149
1191 928
227 1818
1905 1974
547 253
1371 205
367 1505
80 685
1812 407
801 1744
1133 1331
757 553
1075 294
181 1731
1011 1142
454 406
1824 1385
572 44
1058 360
982 121
1538 844
1337 1994
276 1966
1407 1677
473 98
908 1279
783 531
147 698
575 649
1632 1996
173 1186
726 238
1004 1846
1525 1807
1130 502
274 85
1568 138
116 131
1897 1541
126 1883
1630 367
1102 211
1683 589
1171 595
659 233
1003 325
1964 1358
1193 811
1147 1893
1230 737
1793 1994
1784 1364
961 1131
920 1253
1754 550
1233 722
570 1201
1113 276
656 1467
727 749
816 1802
1386 721
1990 1919
1112 1779
1937 690
704 889
1824 212
1371 1747
845 364
310 927
752 1702
1169 409
1570 1577
1098 1112
1650 1576
1185 1520
581 379
884 424
195 482
997 1417
133 1009
1420 448
1172 1415
1600 1189
1205 457
946 683
1991 594
167 1116
447 1081
762 960
901 1780
284 1758
445 975
1693 1929
1406 1462
757 1763
609 923
354 30
445 1603
344 225
557 1145
1568 1799
947 949
1666 162
640 251
1428 1121
1410 1805
1293 741
1531 731
585 1079
1020 729
106 991
1153 1170
1295 1007
1707 1471
422 446
1491 489
1083 1231
1903 698
1733 1835
757 219
1 794
22 509
755 1290
1572 1085
1922 55
1421 1729
1755 1737
1128 1370
1693 634
272 729
123 460
1758 1857
251 1803
1119 1552
611 1909
623 1724
27 1203
1097 1347
1041 460
664 314
775 1258
867 556
732 858
255 368
701 1433
359 452
1036 533
1584 1546
865 720
1980 1190
518 1134
1377 1964
1130 627
1101 662
1676 76
1269 1377
1097 1311
1250 782
1632 356
1079 127
1211 267
999 71
1046 326
255 849
221 1889
551 130
937 1279
1524 1344
1619 1377
1020 976
462 1559
604 422
1910 639
90 484
1773 941
1921 121
374 474
829 469
1165 44
1476 388
97 340
766 157
469 828
157 930
79 1777
914 1487
529 1134
1838 1679
715 1325
657 1454
1653 1323
5 580
1012 707
131 932
1692 1427
809 1398
770 1125
1773 538
1015 1504
1631 1566
819 599
1861 1706
603 1890
205 1074
1289 1715
793 621
1451 1767
696 1686
897 154
1462 1932
1685 791
1550 933
215 2
1853 1730
1657 1903
1920 1952
943 960
1115 760
1393 561
1989 986
972 1994
321 474
245 1067
1315 1508
438 1151
1796 1147
789 207
573 1843
102 739
13 1181
52 411
628 1147
899 963
725 1272
434 911
1886 925
254 211
1628 39
770 988
597 1887
1308 1800
1911 1446
951 1000
1424 271
954 1159
1194 1272
1681 503
1018 1587
1849 461
634 288
982 1347
452 416
1517 1360
876 809
1259 53
786 1515
760 1525
1937 1457
719 1946
1520 797
1015 1364
60 262
1448 1306
1513 1276
1151 1753
12 332
1711 817
588 934
130 1577
209 663
99 635
1638 1594
1124 1453
1491 2
1760 1172
408 1324
1452 1928
1010 1309
653 1559
1974 9
759 65
431 1890
281 627
680 1308
961 1860
194 719
1627 1496
183 370
1966 1166
1492 1074
1719 12
249 1557
121 989
825 1890
962 785
490 1114
1513 154
1518 1370
1731 67
1829 470
552 479
1795 644
410 1984
438 1364
1811 1481
1478 391
242 1113
1817 894
525 778
1104 275
1851 586
791 1172
250 1580
321 560
1254 493
730 487
1972 1375
1358 132
605 672
1254 763
1403 1709
1463 973
688 1726
1514 383
1901 1663
1453 897
1895 729
980 406
246 301
788 61
475 1429
1804 312
1827 588
397 1734
604 363
9 1106
1864 876
345 1595
249 517
1986 1220
1749 1091
235 513
776 227
902 994
455 750
496 1562
323 893
1896 1673
1105 518
854 1056
342 1982
1154 1897
944 772
670 156
1033 1917
1814 671
115 254
1257 1963
785 1285
1511 819
1803 1896
656 1619
519 429
1144 1594
1891 633
1691 1674
161 1591
985 1323
188 1144
1665 545
639 350
1866 654
1575 1313
26 1479
1057 403
789 1758
1133 566
1736 1786
1168 1885
1424 628
1532 1591
1151 563
1212 662
1620 382
577 1454
1992 1922
1883 779
1967 79
711 1126
916 478
605 1458
198 27
202 1881
953 155
390 1158
745 996
1154 905
1561 436
1882 1880
597 507
642 1916
1449 142
629 674
402 339
180 1905
1424 1914
1779 697
526 54
1394 1976
801 270
913 342
725 1386
1084 273
607 1937
1565 908
666 665
525 509
452 26
799 915
870 1066
233 1019
570 622
1027 486
1755 1028
1095 1193
1462 776
481 314
410 488
1083 1705
1203 1136
192 170
935 1816
627 1044
1035 549
1975 1656
72 122
1662 1094
524 520
435 645
1801 489
1312 1926
1921 1292
1427 1255
799 418
877 1749
745 1535
62 1602
214 1087
1628 582
1941 1696
1238 914
1854 1177
1122 907
1575 671
605 854
1681 767
253 617
1374 1581
1386 1393
942 504
393 1413
1548 680
1478 383
914 1105
962 842
1687 315
73 1674
1803 802
719 463
602 752
389 1408
150 36
1293 542
1778 732
490 232
534 1436
1360 929
1811 805
811 1579
963 112
1968 57
1517 1147
1493 965
752 277
648 1812
1903 757
1190 542
572 195
558 1738
1443 1921
1128 1699
820 158
1603 1218
1555 1622
17 1190
1560 1708
116 1445
188 572
888 665
695 982
1916 33
869 1066
1716 36
1764 197
1138 418
53 1743
969 1372
261 1634
958 783
1987 879
178 1167
301 703
879 1696
1060 1365
1178 1727
193 1645
249 617
722 70
1418 1585
390 926
1797 765
903 1886
1044 1408
139 1532
1374 683
163 1165
1300 1246
505 10
1034 822
390 1784
190 1239
389 23
348 1064
1835 1798
932 19
911 1086
1711 1295
890 1616
233 1616
1249 1569
80 1930
637 1842
902 1677
445 1545
227 1448
1027 362
1427 783
1979 1607
1588 549
680 273
1017 282
95 230
505 987
1351 1783
1089 1112
398 1586
201 170
975 1733
199 63
14 1199
1105 754
1290 1556
1654 540
334 657
1071 227
1326 1760
1802 44
1532 420
1478 1981
533 1448
1961 1826
1957 323
458 1056
584 792
416 536
1757 587
924 1923
1341 1735
496 390
220 481
1339 1906
229 1930
1995 1263
1517 1136
1925 1372
26 184
1827 557
1809 1044
1485 1930
1025 71
1589 521
1566 583
677 320
710 1008
790 665
797 1165
359 1361
653 247
1876 1054
629 454
591 98
484 1523
972 244
28 1451
516 1128
1159 1911
1601 1830
303 1091
1318 1592
323 1083
510 519
1358 835
1143 1731
643 692
1314 1750
1508 1517
691 893
315 1251
12 1685
1799 1850
320 830
1837 1983
1974 608
1915 164
482 881
176 570
1924 166
87 1887
618 263
1442 1650
1560 714
929 2
492 128
737 1472
541 298
863 411
1377 1925
1741 1613
1472 1405
999 1090
1507 737
1651 1107
461 1284
1119 1829
1585 1907
19 66
548 324
1610 1190
759 1458
1657 1581
20 1760
592 442
1068 295
755 647
1206 325
572 1479
807 919
1219 222
403 890
994 1296
312 792
989 591
1086 957
357 229
1107 1491
16 1912
1202 1534
326 597
73 1434
684 1826
691 1107
1322 1335
1702 1311
1981 1548
1189 303
984 1853
1354 626
677 567
729 423
1798 325
1038 1519
1791 1999
1670 414
1214 1811
221 1006
1663 1349
1940 1609
1481 552
853 1010
1719 524
917 1343
1297 967
638 318
165 660
668 1477
318 1765
899 403
681 349
1972 13
1551 257
1971 1995
130 1506
436 1699
1311 1876
337 442
315 568
1059 1994
632 1670
1566 420
1278 230
464 119
66 1948
680 655
1488 306
416 1398
342 1675
1684 1620
1953 1083
182 1284
1989 1664
374 1216
405 1608
1118 1882
1399 1826
362 1888
514 1908
707 35
1540 1846
1179 421
408 646
1400 207
1132 25
293 1344
1014 542
888 1880
818 1490
559 1888
216 984
1435 1332
1528 1231
565 1796
85 396
1805 75
1024 1512
1039 930
1304 1945
1163 1313
1043 1878
187 1781
650 516
389 27
361 1872
746 1334
531 207
1199 1030
649 1704
394 806
1793 1763
892 651
884 730
1453 1553
1769 909
143 400
364 139
1604 253
1285 1679
879 1512
1299 341
1382 730
863 592
453 412
1260 817
118 660
1252 1998
1426 1849
561 36
1425 706
395 1542
1926 962
331 690
1738 1560
1112 309
1893 1430
1761 1390
1821 1886
148 1559
1990 1368
311 980
143 683
77 941
1900 288
1481 1323
1214 118
1987 1480
526 1050
17 836
1999 308
1282 1455
1968 1410
933 1426
965 914
280 13
1213 1531
1015 500
1405 561
1649 114
132 1772
1303 1748
1701 187
331 920
1009 1815
915 812
746 1246
823 1177
307 659
647 1968
885 1316
1907 1879
375 1908
1850 1804
791 361
1758 5
1885 271
1096 1987
1914 992
452 785
383 1947
1681 1335
281 91
1246 1178
391 1873
209 1726
1433 396
302 396
1324 1006
1582 475
1792 1776
951 1694
1120 1464
471 549
212 646
1085 1574
1349 915
654 28
1995 844
272 870
1655 1171
1199 734
1150 1476
1988 1335
915 310
1948 363
406 1649
587 128
286 253
1868 1548
1225 1554
37 190
1047 1180
356 1030
1850 673
1342 1315
1661 401
1925 158
243 1369
146 272
1709 77
847 637
1512 1202
1017 1537
1067 469
1261 233
463 827
1682 753
40 1687
1021 1132
977 1192
1797 537
1733 1158
513 194
1826 1206
670 1661
501 95
449 1097
1296 1774
1842 1528
369 1403
1396 497
146 629
1204 1687
1404 779
930 664
366 368
1430 939
805 1367
531 210
415 827
1369 948
1600 1086
1509 1291
1426 642
1825 1989
1511 1733
1153 823
506 1063
863 1513
1797 739
960 1996
425 516
312 172
984 28
897 32
450 838
490 664
1312 96
1951 621
1714 1877
1107 202
635 1825
1904 972
916 874
193 1403
337 849
69 234
1567 921
1605 745
624 1027
1157 959
1785 1460
1510 1822
1324 1967
1610 144
1996 710
1234 215
1897 1375
1626 1304
906 769
866 526
904 805
462 1018
1561 1748
806 657
694 1769
849 1604
1856 1631
546 1583
212 585
731 860
272 1773
53 1001
955 1613
1614 903
429 655
1586 1035
101 1596
726 27
917 621
80 1399
1439 1559
1875 975
1803 998
1162 938
1844 585
693 1527
580 928
1460 657
1334 1946
1948 153
1119 931
217 1130
925 1021
530 144
231 834
1984 1315
991 1681
38 205
791 445
1957 90
1646 521
9 728
852 618
981 179
1488 1619
731 418
1975 1708
1890 471
1308 1716
1209 41
1235 819
1971 1395
413 1881
1728 641
825 593
533 514
653 1963
927 407
576 996
74 154
297 1661
1305 546
1535 1488
1353 749
14 654
1213 1411
1303 1461
474 1002
1280 840
788 1168
1911 626
1204 522
1833 1632
353 668
47 1615
1809 19
1434 1915
944 998
1645 1907
1776 1068
1361 570
1974 88
1129 1105
580 1560
72 1742
1340 1270
1641 314
635 859
933 1404
1653 418
1083 977
271 1186
1672 62
1541 1161
655 660
487 547
230 602
213 1939
1312 143
1230 1841
1308 1994
1277 666
442 1840
71 1463
649 1319
240 141
980 137
1497 591
1104 875
1470 526
438 1119
1190 1414
1122 1720
858 238
1055 1053
442 1902
14 1765
1877 1669
1623 1977
1531 1251
466 1685
330 1407
1840 1060
1020 121
1314 92
202 1850
1635 1187
71 657
1424 1743
617 1095
1235 377
781 1998
1852 1675
162 1458
1032 1790
1988 1476
64 124
256 416
870 787
950 1394
691 259
194 761
1229 536
1693 583
633 1865
1691 1151
563 1197
1869 1875
1948 309
1886 1269
523 214
597 1899
113 1049
1480 120
1402 1212
164 1496
1357 1411
553 512
549 723
715 877
1459 1822
1124 1978
950 6
338 848
1703 24
1806 49
38 155
815 730
1431 900
7 274
485 1668
997 730
93 1942
1986 1219
1034 177
686 1869
1862 890
859 592
867 1163
320 1655
1509 1898
510 1815
1473 1596
1093 940
713 614
1519 774
70 1223
968 1641
1820 1543
800 1510
6 896
1232 1898
1051 1780
1059 558
431 177
8 1674
1333 907
1357 503
1904 528
1361 1923
417 8
1929 357
1223 562
1088 331
171 893
722 696
1883 1871
1964 1126
278 1258
1018 1346
956 497
1100 821
1855 874
349 1460
59 821
1474 814
1012 39
1505 1698
1990 1454
1036 1141
38 588
817 961
1263 1439
1646 855
647 1047
1970 1685
1964 1653
864 69
1305 1715
363 907
281 431
146 1436
1161 730
784 1304
1309 42
1173 388
1755 1260
1973 837
1603 1257
1420 1310
1183 653
113 475
531 224
313 262
1699 1616
112 545
1069 445
1279 501
1768 1561
1506 1784
697 1937
709 1808
1948 237
982 1388
1041 1863
1482 1729
1359 1863
1094 447
1747 335
1913 11
1323 1885
1166 795
179 1413
125 1712
332 334
903 835
563 343
1193 528
704 1642
900 1931
1714 296
1225 495
1280 1005
80 119
1277 397
888 1864
1525 1039
1590 1991
1726 147
1485 1984
1126 692
1172 578
423 416
317 898
509 1019
947 1045
573 1987
1008 1914
1405 289
1698 1286
1129 1891
1007 1296
426 1088
347 583
290 1814
594 1970
396 1345
477 873
1578 261
1062 1453
1074 580
1745 1651
1259 1631
1178 105
415 915
1021 966
763 1932
506 180
1097 1131
1743 358
1515 1419
1854 1669
804 1442
1339 34
437 601
1222 10
548 11
763 348
6 1248
663 1714
1886 1572
1542 1250
1790 1351
1749 1835
1612 1007
1701 1965
659 957
1001 695
301 1584
1440 1215
561 1934
350 2
262 484
1375 1855
868 916
524 1
1428 867
190 1344
1360 692
42 1641
1653 947
71 214
1613 1056
943 522
1464 421
631 305
1910 1036
646 1005
462 1874
1997 1580
863 102
590 715
1724 1646
95 474
1228 1500
1108 448
202 1021
1117 375
790 1698
1169 757
1081 1528
1571 1255
573 785
947 1666
1937 723
1975 1483
989 1670
876 1298
1834 481
351 1636
103 1463
381 165
739 1421
579 1872
1625 1079
599 1086
1821 895
92 1410
657 1473
709 1437
418 1360
1609 65
775 1775
1621 1768
749 1499
82 1930
1308 1034
59 1293
1991 1503
1749 1960
1053 1846
1463 163
1609 828
307 897
1900 183
1836 1599
386 1513
546 947
1504 1651
1097 1592
1647 828
241 151
341 477
1514 1167
1535 1531
110 1642
891 1333
194 165
481 1441
686 1058
1333 1454
225 8
96 1552
538 902
789 1117
21 1090
979 806
1116 511
1620 1887
1451 22
288 500
1930 1053
836 257
1136 1637
1493 1418
925 1446
1490 1310
684 1690
429 1373
1295 629
706 903
601 210
964 1097
1913 800
582 1351
1313 1587
783 1203
1265 1628
811 79
1839 703
1839 1718
610 1705
1900 1888
288 272
410 1231
1638 585
542 1916
153 994
1394 677
559 824
838 978
229 1983
400 1382
1667 995
1171 1247
737 1672
152 961
184 554
1514 1452
168 1564
1432 1519
633 507
201 261
1118 274
994 1771
470 1601
1447 151
576 175
1301 1727
285 674
91 1239
623 859
1268 919
1268 227
1795 454
679 1773
369 1680
1404 1870
389 374
701 1458
875 57
1662 1868
1112 1643
437 1718
1415 1668
701 1385
987 1345
1681 760
1779 586
560 1120
1889 1893
8 1520
1131 1992
1217 938
1651 478
775 88
678 853
446 1206
838 1592
1260 669
911 1707
1255 1106
70 1139
279 274
1706 713
1793 781
1883 1687
1823 208
454 1546
1558 1194
1531 1664
1949 1630
908 690
875 93
366 1917
1029 1675
1028 1878
1183 1412
690 493
1350 1448
38 840
477 1403
653 1819
1834 1943
801 404
1357 724
398 1714
1211 1554
622 552
648 1384
167 1727
601 1045
1725 1637
193 439
1481 352
464 1985
1222 1993
972 1910
1659 827
1590 461
151 99
1402 970
832 1456
1646 210
864 13
980 450
1220 391
58 482
240 37
814 234
1536 422
1269 1994
1266 741
1355 51
1381 843
857 187
1151 1595
738 1894
1700 1785
1840 812
1169 1578
697 960
1873 632
1067 985
948 555
1456 875
989 416
1699 1427
1039 1959
908 1511
654 1449
25 223
993 853
1320 1559
445 52
651 1657
1413 369
142 85
1601 1803
385 1014
956 1798
1652 1966
228 1000
30 1387
741 1867
729 1545
1296 834
768 1737
920 1931
1593 94
877 1955
1390 963
1798 769
1169 444
371 1460
997 1611
231 935
68 583
639 1378
285 527
328 1086
1644 561
1689 1502
664 19
1280 1782
421 1213
931 352
876 595
1698 690
1687 871
89 720
1420 1413
772 665
1741 1818
128 410
1969 1924
835 1027
1140 1027
1183 419
1242 1774
610 1201
115 1158
1605 35
176 1942
1601 1188
257 1116
689 269
15 593
556 527
1302 1427
985 1365
326 721
507 1593
1867 160
938 997
871 1673
197 1170
1585 1234
518 377
25 1717
1740 1936
1802 403
1930 1401
1176 49
205 963
714 1939
85 1627
269 1627
279 61
435 1857
579 1749
712 1930
1914 1409
1823 241
224 626
1614 7
1857 1206
119 393
985 575
1673 1538
59 1728
1503 430
349 1585
210 329
196 539
36 177
1252 958
1577 1012
512 956
1021 298
1198 750
996 1791
1977 445
13 704
104 539
830 918
355 201
1852 645
632 1043
304 356
1076 1845
105 1559
634 1367
1436 1075
1916 322
263 136
1069 1683
88 563
211 1219
133 1410
1878 742
301 1033
1346 861
702 1081
1238 139
1072 1244
1506 1147
1742 1824
1964 146
946 567
1149 1425
1150 1373
451 500
920 1400
430 1100
1371 1150
1569 315
955 1689
1070 169
619 45
1586 1718
431 1286
868 1341
993 644
1812 822
529 582
165 1898
1216 463
1524 984
689 1605
1432 1433
731 1750
1867 1452
257 1046
880 1264
889 351
42 265
1001 893
1452 83
1724 1526
1205 722
1665 1307
952 341
1837 1576
5 5 1645 1646 1645 1645 1645 1645 1645 1645 1645 1645 3 1645 1645 1 1647 2 1645 1645 1647 1646 1645 1 1645 1645 1645 1645 1645 1645 1645 1 1645 1 1645 1645 2 1645 1645 1645 1 2 1646 1645 1645 1 1646 1645 1645 1645 1645 1 1645 1645 1645 1 1645 1646 1645 1 1645 1647 1647 1645 1645 1 1645 1645 1645 1645 1645 2 1645 2 1645 1 1645 1645 1645 1645 1645 1646 1646 1645 1645 1645 1 1645 1 2 1645 1646 1646 1 1645 1 1645 1 1 1 1646 1645 1645 1645 1645 1646 1 1 1 1645 1646 1645 1645 1645 1 1645 1 1645 1645 4 1645 3 1645 1645 1651 1645 2 1645 1 1645 1645 1646 1645 1 1 1645 1645 1645 1645 1645 1 1645 2 1645 1645 1645 1 1645 1 1645 1645 1645 1645 1 1645 1646 1645 1645 1646 1646 1645 1645 1645 4 1645 1645 3 1 1648 1645 1648 1645 1645 1645 1645 1 2 2 1645 1645 1646 1646 1 1645 1 1645 1645 1 1646 1 1645 1646 1645 1645 1645 1645 1645 1645 1645 1645 1645 6 1 1645 1645 4 1645 1645 1645 1645 1645 1645 1645 1645 3 6 5 1 1645 1645 1645 1646 1645 1645 1645 1 1645 1645 1645 1645 1645 1 1645 1645 1646 1 1 1645 1645 1652 1645 1645 1645 1645 1645 1645 1649 2 1645 1645 1645 1646 1645 1645 1645 1645 1645 1647 1 3 2 1645 1645 1645 3 1645 1645 1645 1647 1645 1645 1645 1646 1645 1645 1645 1645 1646 1645 1 1645 1647 1645 1 1645 1 1645 1645 1645 1 1 1646 1645 1645 1645 1645 1 1645 1 1646 1645 2 11 1646 1 1645 1 1645 1645 1645 1645 1647 1645 2 1645 1647 1645 1645 1645 1645 1645 1645 1646 1645 1 1645 1645 3 1645 1 1645 1645 1646 1645 1646 1 1645 1646 2 1645 1647 1645 1645 1645 1645 1646 1646 1645 1645 6 1645 1647 1 2 1645 1647 1646 1645 1645 1645 1645 1645 1645 1645 1645 2 1645 1645 2 1646 1645 1645 1 1645 1648 1645 2 1 1646 1645 1645 1645 1645 1645 1647 1645 1645 1645 1645 1645 1645 1646 1645 1645 1646 1645 1645 1645 1646 1645 1645 1645 6 1 1645 1645 1645 1645 1645 1645 2 1 1645 1645 1645 1645 1645 1645 1645 1645 1646 1645 1646 4 1 1 1 1 1645 2 1 1646 2 1645 4 1645 1647 1645 2 1 2 1645 1646 1645 1645 1645 1645 1645 2 1645 1645 1645 3 1645 1 1645 1645 1646 1645 1645 1645 1645 1645 1645 1645 1645 1645 1645 1645 1645 1646 1 1645 1645 1645 2 1645 1646 1645 1 1645 1647 1645 3 1645 1646 1645 1645 2 1645 1 1645 1645 1645 1645 1645 1647 1 1646 1645 1645 1645 1645 1645 1645 1646 1645 1645 1645 1645 1646 1645 1645 1645 1645 1646 1 1645 1645 1645 1645 1645 1645 1645 1646 1645 5 1645 1645 1646 1645 1647 1645 1645 1 1 1645 1648 1645 1647 1 1645 1 1 1645 1645 1645 1645 1645 1645 1645 1645 1645 1645 1645 1646 1645 1645 1645 1645 1645 1645 1645 2 1647 1648 1645 1645 1 1645 3 1645 1646 1 1645 1645 1645 1645 1645 1645 1645 1645 1645 1645 1645 1645 1645 1645 1645 1645 1645 1 1645 1645 1645 1 1646 1 1 1645 1646 1645 1645 1645 1645 1645 1645 1645 1645 1645 1645 2 1648 1645 1645 1645 1645 1645 1645 1 1645 1645 1645 1645 2 1645 1645 1645 1 1645 2 1645 1645 3 1646 1 1646 1646 1645 1645 1 1645 1645 1645 2 1645 1645 1645 1645 1647 1649 1645 1648 1645 1645 3 1645 1648 1645 1645 1 1645 1645 1645 1645 1645 1645 1650 1645 1645 1645 1645 1645 2 2 1 1645 1645 3 1645 1645 1645 1 1645 1645 1645 1 1646 1645 1645 1645 1646 1645 1646 1645 1645 1645 1645 2 4 2 1 1645 4 1646 1645 1646 1646 3 1645 1652 1645 1645 1645 1645 1645 1646 1 1645 1645 4 1645 1645 1645 1 1645 1 1645 1645 1645 1645 1645 1 1646 1645 1645 1645 1645 1645 1 1645 1 1 1645 1645 5 2 1645 1645 2 1647 1645 1645 1645 1 1646 1645 1645 1645 1645 1 1645 1645 1 1646 1645 5 1647 2 1645 1645 1645 1646 1645 1645 1645 1645 1645 1645 1 1645 1645 1645 1645 1645 1647 1 1645 1645 1645 1645 1646 1645 4 1645 1646 1646 1645 1 2 1645 1645 1 1645 1645 1645 1645 1645 1646 1646 1645 1645 1 1 1645 1645 1645 3 7 1 1645 1645 2 8 1645 2 1645 1645 1645 2 1646 1646 2 1645 1646 1646 1645 1645 1645 1645 1646 1647 5 1645 1647 1 1647 1648 1645 1645 1646 1645 1645 1645 1645 1645 1645 1645 2 3 1645 1645 1645 1645 1645 1 1645 1 1647 1645 1645 1645 1645 1645 1645 1645 1645 1 1645 1646 1648 1645 1646 1645 1645 1 1 1645 1645 2 1 1 1645 1645 2 1645 1645 1645 2 4 1645 1647 1647 1645 1 1 1645 1645 1646 1645 1645 1645 1646 1645 1645 1645 1645 1645 1645 1645 1645 1645 1645 2 1645 1646 1645 1645 6 1645 2 1645 1645 1645 1 1646 1645 1645 1 1645 1645 1 1645 1645 1 7 1645 1645 1645 1 1645 1 1645 1645 1645 1650 1645 1645 1645 1645 1645 1645 1645 1646 1645 1646 1645 1646 1645 1 1645 1645 1645 1645 1645 1645 1 1645 1645 1645 1645 1645 1645 1645 1645 1 1645 1645 1645 1645 1645 1645 1645 1645 1645 1645 1645 1645 1645 1645 1645 1645 1645 1 1645 1 1645 1645 1645 1646 1645 1645 1645 1646 1645 1645 1646 1645 1645 1645 2 1 1647 1646 1645 1646 1645 1645 1645 1645 1645 2 1645 1645 1645 1645 1645 1645 1645 1645 1 1646 1645 1645 1647 1645 1645 1645 1645 1645 1 1645 1645 1645 1645 1645 1 1645 1645 1645 1645 1645 1645 1645 1645 1646 1645 1645 1645 1647 1645 1646 1646 3 1645 1645 1647 1645 1645 2 1645 1647 1645 1650 1645 2 1645 1646 1645 1646 10 1 1645 1646 1645 1645 1 1 1645 1645 1645 1 1645 1646 1645 1647 1645 1645 1 1 1645 1645 1645 1645 1646 2 1646 1645 1 1645 4 1645 1645 1645 1 1645 1648 1645 1646 1645 1645 1 1645 1645 1645 2 1646 1 1645 1645 1645 1645 1645 1647 3 1 1645 4 1645 1645 1645 1645 1645 2 1645 1645 1645 1645 1645 1645 1646 1646 1645 1645 1645 1645 1647 1645 1645 1645 1645 1645 1645 1 1 1645 1 1646 1649 1645 1 2 1645 1645 1645 1645 1645 1645 1645 1645 1645 3 1645 1645 1 1645 1646 1645 1645 1645 1645 1645 1 1645 1645 1645 1645 1646 1647 1 1645 1 1645 1645 1645 3 1645 1645 1645 1645 1 1 1645 1645 1645 1 1645 1645 4 1645 1 1645 1 2 5 1645 1 2 1645 1646 1 1645 1 1645 1645 7 1645 4 1645 1645 1645 1646 1646 1645 3 1 1645 1647 1 1645 2 1646 1645 1645 1 1645 1646 1645 1645 1645 1645 1647 3 1 1645 1645 1645 1 1645 1648 1645 1645 1648 1 1645 2 3 1 1646 2 1 1646 1645 1645 1645 1645 1645 1646 1 1 1 6 1645 1645 1645 1645 1645 1645 1 1646 1645 4 1645 1645 1645 1645 1 1646 1 1645 1645 1 1645 1645 1 1645 1646 1 1647 1645 1645 1647 1646 6 1645 1646 1645 1 4 1645 1645 1645 1646 1645 1645 1645 2 1645 1646 1645 1645 1 1645 1645 1645 1645 1645 1648 1645 1645 1645 1646 1645 1645 1 1646 1645 1646 1645 1645 1645 3 1645 1645 1645 1645 1645 1645 1 1 1 1645 1646 1645 3 3 1645 1645 1 2 1646 1645 4 2 1 1646 1648 1645 1646 1645 1653 3 1645 1645 1645 1 1648 1645 1645 1645 1646 1645 1645 1645 1647 1645 1 1645 1648 1645 1645 1 1 1645 1645 1645 1 5 1645 3 1 1645 1645 3 1645 1645 1 1 1645 1645 1645 1645 1645 1 1645 4 1645 1645 1645 1645 1645 1645 1645 1645 1645 1645 1645 1645 1646 1645 1645 1647 1645 1645 1648 1645 1645 2 2 1645 1645 1645 1645 1646 1645 1645 1649 1645 1645 6 1645 1645 1645 1645 1645 1645 1645 1 3 1647 1 2 1645 1645 1645 1 1645 1646 1645 1646 2 1645 1645 1645 1645 1645 1646 1645 1645 1645 1645 1645 1645 1645 1646 1 1645 1645 1645 1645 1 1 1645 1645 1645 1647 1645 1645 1 1645 1645 1645 1 1645 1645 1645 1645 1645 1645 1645 1 1645 1 1645 1645 1645 1 1645 1 1645 1645 3 1645 1645 1646 3 1645 1646 1645 1645 1645 1645 1645 1646 1645 1 1646 1645 1645 1645 1 1645 1645 1645 1645 1645 1645 1645 1646 1 1645 1645 1 1645 1 1645 1645 1645 1645 1645 1645 1645 1645 1 1645 1645 1645 1645 1 1645 1645 1645 1645 1645 1645 1645 1645 1645 1646 1645 1645 1645 1645 2 2 1 1646 1 2 2 1645 1647 1645 1645 1646 1645 1645 1645 1646 1645 1645 1645 1646 1646 1646 1645 1645 1645 1645 1646 1645 1645 1 1645 1647 1645 1645 4 1645 1645 1645 1645 1645 1645 1645 1645 1645 1645 1646 1 1645 1645 1649 1645 1645 1645 1 1645 1645 1645 6 1645 1645 1645 1645 5 1646 1645 1645 3 1645 1646 1645 1645 1645 1645 1645 1 1645 1645 1645 2 1 1 1647 1645 1645 1645 1645 1647 2 1645 4 1 1645 1645 1645 1645 1645 1 1645 1649 1 1645 1645 4 1645 1645 1646 3 1 1645 1 1645 1645 1645 1648 1645 1 1645 1645 1646 1645 1645 1645 2 1646 1645 1645 1645 1645 1 1645 1645 8 1 1645 1645 1645 1645 1645 1648 1645 1646 1 2 1645 1645 1645 1645 1 2 1645 1646 1645 2 1 1645 1645 1646 1645 1645 1645 1645 1645 1645 1645 1645 1645 1645 1645 1649 1645 1645 1646 1 1 1646 1646 3 1645 1 1645 1 1645 1646 1645 1647 1645 1645 1645 1645 1645 1645 1645 1646 1645 4 1 1645 1645 1645 1645 3 1645 1646 1 1645 1645 1645 3 1648 1645 1645 1645 1645 1645 1646 2 1 1 1646 1645 1645 1645 1645 1645 1645 1645 1645 1646 1 1 1645 1647 1645 1 1646 1645 1645 1646 1646 1645 1645 1645 1 1 2 1645 1647 1645 3 1645 1645 1645 1647 1647 1645 1645 1646 1645 1645 1645 1645 1645 1645 1645 1646 3 1645 1645 1645 1645 1646 1645 1645 1645 1645 1645 1645 1645 1646 1645 1645 1646 1645 1645 1645 1645 2 1650 1645 1645 5 1645 2 2 1646 1645 1645 1645 2 1645 1645 2 1645 1 1646 1645 1645 1645 1645 1 1645 1645 1645 1645 1645 2 1645 1645 1646 1645 1645 1646 1645 1645 1646 1645 1 1645 1645 1645 1 1645 1645 1645 1645 1645 1645 1645 1645 1645 1645 1645 1645 1645 1646 1645 1645 1645 1645 1645 1645 3 1645 1645 1645 1645 1645 1645 1645 1646 1645 1645 1645 1645 1 1645 1645 1645 1646 1645 1645 1645 1645 1645 1645 1645 1645 1646 1645 2 1645 1645 1645 1645 1645 1645 1645
