2000 4000
73 1629
668 555
767 1923
391 485
1085 1550
1223 804
961 353
1986 723
556 534
1867 1170
1803 684
28 1932
1325 1764
997 1679
1647 342
311 977
65 656
90 823
72 1006
1867 902
692 864
185 1626
81 997
1816 1379
440 1841
1456 31
1078 1328
1779 816
165 1077
59 159
381 582
1601 1551
1585 1791
1700 1135
1193 1239
1666 807
191 509
422 621
1318 973
1136 1057
1187 1709
65 53
358 1731
815 1736
1043 1941
46 1192
1921 779
241 1519
153 1272
662 388
1107 639
597 1654
507 1508
649 1692
1965 841
1491 103
1549 317
1145 227
860 832
931 1055
1733 180
1558 1655
674 1893
1665 470
395 594
257 938
119 1744
698 401
685 1177
1893 1440
562 655
517 56
272 1018
1260 1590
788 100
635 591
1442 625
1472 1250
522 595
1112 1571
358 1863
116 1530
769 712
1685 48
643 101
770 1371
1952 107
1309 667
1884 234
697 1367
951 484
1801 1786
1658 139
431 1279
38 775
57 1736
1684 281
611 1150
1671 1944
1292 854
203 1946
1532 851
1554 262
1415 1510
881 1686
1438 1250
1567 958
1296 1978
442 1691
641 1531
1036 326
444 1912
159 490
646 1064
1861 1734
851 1146
548 1914
1167 609
183 1979
180 1951
663 196
1710 149
1220 1290
1393 1494
1586 1482
1600 270
1131 765
44 1382
559 284
95 778
164 1502
1738 644
415 844
1608 196
404 665
1938 506
99 788
1231 894
439 1432
309 237
671 1301
1067 1476
807 1576
1584 1109
17 478
945 989
32 185
368 1223
520 988
175 1892
342 474
1784 1211
1922 226
1394 1795
779 1219
299 1744
1710 1944
322 1495
1938 1355
1136 1280
1503 1038
224 1473
1671 892
1191 1234
220 1180
1077 1991
437 652
1668 726
382 911
8 1429
1955 1852
460 1622
645 1840
824 773
1105 813
1415 614
1341 1329
441 626
1649 1216
1138 1985
1239 1864
876 1745
1644 668
1789 1712
23 852
1406 1603
752 1694
1534 415
270 358
946 1164
1672 722
1079 1759
1327 1803
300 1132
1435 1306
934 860
970 461
901 506
48 377
41 1321
291 1357
889 729
777 1266
694 245
108 536
1742 1279
1506 667
1702 835
1719 705
1203 219
1125 998
119 1099
261 1669
1040 1727
142 1175
1911 1126
1818 570
1560 1263
1294 1334
746 368
1897 1044
206 243
71 1573
1546 1367
617 789
702 1331
839 1529
1550 1327
778 652
1366 708
202 600
453 532
1093 595
719 1849
1623 1464
662 1747
223 673
318 1961
1190 483
1248 1654
1573 1886
435 680
496 173
306 368
1583 1624
150 240
802 651
1363 1953
576 885
1309 169
1346 798
965 914
929 1047
79 561
491 2
19 1272
1580 1452
1288 1800
1744 1320
1991 10
350 1869
360 1723
880 1146
165 1860
1528 147
61 18
711 1372
1705 1840
452 1724
462 1645
968 521
661 1542
1539 70
1580 322
594 606
1371 115
1351 515
435 1184
40 1970
471 1028
1374 1387
1043 202
645 1240
1291 1207
688 1223
1569 1968
1855 1412
980 1777
676 1212
356 1221
622 436
61 703
570 728
837 1370
1694 1999
89 145
263 528
1356 1003
182 613
654 1465
1795 97
266 1514
415 1787
135 692
451 711
700 759
211 909
647 969
1713 12
418 1056
1940 12
325 930
1778 1791
1608 217
1224 1502
873 328
1752 1350
1735 1213
354 1516
779 1957
1568 257
56 1189
1980 1680
1544 1929
1608 461
173 1053
950 89
476 1596
394 997
554 1274
1578 1065
1524 1889
1276 185
873 1592
693 422
1447 808
152 870
1132 368
344 1024
1095 693
894 1453
1742 649
43 1680
552 1268
818 1573
1108 1733
215 961
924 1020
1340 1335
295 325
1326 1236
366 196
49 216
90 521
188 84
437 1543
1203 1713
346 1417
1839 1615
310 1224
43 981
837 1417
307 1353
131 393
1447 1349
1457 1664
1459 1785
1158 1080
1072 1977
618 635
1657 1071
840 1067
1278 964
860 1399
68 1560
1381 1920
1049 522
1522 840
1923 148
321 1966
1326 1469
394 1728
1981 1229
1717 1203
653 1345
1209 349
1359 1678
1424 105
848 728
1540 1758
1604 1942
281 1369
1626 749
154 501
1004 1714
301 822
1438 1745
1914 1486
1871 427
1624 1268
1033 1546
707 1430
499 1254
771 1328
997 1993
1570 285
858 419
1594 1023
1127 244
1489 170
565 471
705 1953
468 254
1930 1968
1244 1773
1634 661
1866 413
1222 1361
1721 1478
417 678
579 663
241 959
80 1235
1516 1133
1488 1872
1906 1314
812 695
197 1570
1390 1258
1314 1256
994 1179
1380 74
292 931
228 1393
611 903
878 1909
342 1780
857 1686
1423 1835
921 508
1910 1879
1739 1555
97 45
1557 1738
910 1076
1926 47
1703 1906
409 1437
798 287
1948 1298
1583 1363
1066 1800
750 989
1677 954
214 1218
373 52
1897 584
1213 1575
977 1105
860 1500
1446 1063
472 951
1134 1217
1172 836
645 194
30 163
216 19
1984 1710
1077 1199
281 494
411 664
915 1195
1274 1182
1532 1759
885 1702
698 284
902 1111
1931 236
1300 393
7 1228
1923 603
186 1915
1826 907
1344 639
42 942
432 1873
1466 1819
89 1956
1088 1578
1811 786
588 534
913 319
1277 1204
1052 26
970 271
1425 1758
1987 1866
506 651
1287 347
276 306
648 59
1611 1217
1495 333
819 1147
1505 272
420 86
440 1145
614 1850
1744 1678
1854 1480
334 1619
1483 1003
612 1460
1048 1464
48 713
1375 1555
1865 658
1524 61
315 623
1454 1774
562 208
966 1974
351 791
1091 570
1079 162
638 1676
100 1204
15 275
563 1787
501 1142
494 1327
1730 1655
1061 1841
522 681
246 403
143 350
1016 324
72 501
229 1292
908 791
1957 1891
326 929
1507 1726
1374 1268
827 140
1649 1953
1875 1242
460 1850
1815 1234
111 678
289 1013
1107 745
196 547
1939 887
1228 244
1964 1650
962 443
864 447
1814 1374
182 931
1437 913
1794 386
124 1280
1035 1683
838 1877
1787 548
1909 532
1781 761
578 190
1688 32
1275 187
1881 1164
1229 469
331 343
445 864
1561 279
1304 1573
310 1010
800 1595
104 1109
1634 641
1190 1647
1937 572
93 779
1309 290
1985 203
1040 1765
246 821
938 287
1775 488
805 1483
76 531
91 1548
1841 1652
156 1470
1231 1910
1800 207
1560 865
779 1230
1529 1672
920 1234
1521 1299
573 268
228 1041
716 615
368 1705
222 1970
1890 540
1373 560
1416 1956
69 1311
1120 458
1220 1281
905 952
825 1027
1587 1942
1413 356
959 1603
86 1659
120 1584
819 999
325 61
160 1101
773 1463
822 1222
1409 1592
1162 792
872 1395
1308 171
1310 1751
1314 688
493 126
79 955
1000 1505
497 426
1490 458
1467 746
529 1907
170 1464
1658 442
1480 1468
59 754
259 1728
736 1710
658 155
233 1474
1985 1452
804 458
1741 16
1263 637
1798 317
1845 1954
1735 1150
636 1980
142 1053
650 563
541 739
667 1794
47 1151
1391 151
1880 293
911 1153
1590 1241
672 1658
781 884
449 150
1806 254
1020 317
847 1027
1683 631
737 596
1416 1051
1576 939
1832 1131
329 1519
1735 121
589 1174
1678 565
1008 1195
549 234
17 1325
82 1293
155 525
622 205
1162 369
1401 787
258 644
239 370
1871 211
384 1313
1056 217
721 687
934 675
1377 585
660 1511
1223 1134
1071 1376
1096 233
1813 1364
147 1949
1390 1933
858 823
197 1430
511 756
1961 952
1883 703
1718 797
1419 1620
772 1884
738 262
739 551
1707 740
1973 1886
1233 1248
1945 1955
1355 96
1317 1062
1704 1937
1711 1698
1620 530
590 394
1359 1425
299 1639
408 146
1461 1346
853 960
1164 371
799 180
1599 552
1983 1677
249 1853
611 35
1474 689
916 1357
1929 1022
775 1846
627 434
1322 275
1558 353
240 94
1833 1527
721 1426
1103 1094
1879 1788
1671 1332
1819 1958
1130 1112
464 461
1562 341
498 865
400 320
568 1587
1855 1016
1511 1779
1276 1394
1725 484
939 1299
1664 1424
1007 133
1434 144
681 16
1343 1614
1808 1468
263 1034
1539 488
1925 473
1409 1144
901 495
618 108
1671 1415
288 723
1352 1989
143 1062
1407 1460
1284 1172
250 1208
1946 1563
1420 1545
621 1483
1349 686
525 1672
1684 1872
124 1534
634 98
1319 1353
681 1559
578 1782
1128 358
751 1734
1846 396
1119 283
1477 634
916 1402
413 779
1722 1061
1010 74
872 1655
1685 1556
1958 1603
973 1881
1217 1763
629 1461
778 360
1924 1029
1765 369
1456 1675
121 1473
1115 1640
1373 456
480 1701
1254 346
280 1820
1773 826
520 51
973 1506
1920 933
624 1268
1154 174
414 1975
147 1577
1991 1647
1960 1270
773 789
595 1645
787 91
1646 247
1468 606
1818 417
233 843
336 837
286 1126
785 934
424 1388
791 1377
959 1530
1267 796
1097 1046
384 911
218 1150
829 936
1555 845
165 1998
144 792
365 516
1825 1130
1783 841
263 1895
840 1157
1426 831
1859 1638
690 492
893 14
1253 1617
692 60
721 1431
78 1412
1408 860
689 619
918 1286
1165 1876
1356 870
609 1940
1716 1498
1135 295
258 1695
959 371
1547 1976
1518 1280
1100 666
1964 1281
1875 86
1043 1178
1777 652
886 1218
1881 1217
1614 1389
1450 845
1448 1469
1574 196
183 1951
1582 556
466 1397
379 1612
1541 1930
704 1157
1976 80
174 1173
612 620
869 1867
990 311
908 575
285 1908
900 77
1793 54
1986 1479
808 1686
627 1564
1927 1613
1124 327
1999 1543
1902 462
1871 206
1206 1225
982 1711
821 527
575 1543
1875 5
1837 400
748 294
1441 579
1922 889
24 1643
423 1090
1640 1733
1829 753
1049 1014
1301 549
1436 465
1597 1565
1982 759
857 1850
506 787
35 362
640 1226
267 964
510 1903
1332 922
685 770
743 734
976 958
876 1133
1383 833
1427 11
1886 238
925 550
368 1465
432 1148
1815 1384
571 1007
837 316
1624 1400
1111 779
1681 794
540 36
1797 1274
777 1038
692 151
253 141
1713 1164
882 1042
1558 1902
1183 924
123 531
296 1886
460 926
1547 34
1898 1579
1123 1073
109 683
477 987
212 182
1562 10
1634 1666
336 1684
1351 523
898 1337
1323 178
978 918
430 1021
1175 474
541 935
1525 1686
1545 459
1780 1738
1648 469
946 1106
219 1060
697 772
19 1305
868 1810
373 908
991 1215
1870 1211
1950 79
1361 174
416 1727
715 1995
1627 878
730 1463
817 332
111 213
743 927
1939 1742
1894 1031
384 40
126 1508
987 1592
1276 1531
1568 1720
780 345
734 953
707 1493
620 1569
795 1844
1755 11
445 1652
767 117
375 1529
1144 1857
503 6
119 525
1185 1191
310 666
1181 775
1666 1875
1689 47
570 1387
71 59
1762 273
985 248
1650 293
1170 1130
384 418
377 1996
409 820
558 583
39 495
1967 49
1997 1018
1606 1385
1104 305
13 1804
772 1280
1346 713
1669 974
448 214
1307 1969
1878 428
399 404
1245 285
231 1410
1162 416
677 1161
203 1153
1773 1252
315 276
1777 1532
1617 144
1300 184
1066 1746
1703 1187
1366 963
1438 733
472 1084
1019 159
873 153
276 268
255 116
688 1056
290 1552
153 1236
601 1710
1317 71
1878 253
1133 1254
997 1488
367 336
1266 1623
1956 116
1721 1542
592 328
87 342
243 1487
25 1787
314 546
231 628
815 1750
567 935
1913 346
1637 1159
1388 130
229 1075
1667 1335
1002 1237
247 690
354 1821
1194 492
1585 910
119 282
1975 741
966 863
29 1576
1200 1929
7 1837
135 114
221 1063
912 696
993 742
278 1259
529 1290
1458 1459
176 1277
408 2
1946 1795
604 1581
1398 1594
1113 47
43 1771
1733 294
665 632
550 539
730 1452
1800 1568
210 1323
1220 858
1118 562
1418 269
508 924
1243 113
1165 907
913 1396
300 1984
1740 1206
944 1164
1375 878
941 810
611 961
21 1683
1618 167
217 1152
1198 805
1048 740
1380 12
948 1122
1114 1923
747 1853
542 470
177 1425
1439 43
1924 1967
1014 32
1886 1682
289 1656
1373 1818
681 1915
1002 1393
1048 1101
1218 1079
316 1009
494 165
1522 1512
395 1226
369 1890
1403 1275
1844 309
1435 766
1178 1778
451 1217
753 614
1506 108
1705 1502
771 550
1261 1652
1037 1563
38 1332
167 1641
507 569
679 1274
286 1440
198 1774
1555 1258
1240 486
1635 51
1257 1367
2000 592
1763 1564
1271 1050
1722 1038
1308 669
436 425
1853 1858
336 1051
1668 802
171 1072
292 1987
1961 543
1095 1978
998 528
1009 1262
1919 210
1440 1019
566 1384
1148 1261
802 481
538 1395
503 1051
1523 1663
1677 1400
878 29
1462 796
1353 899
1943 1164
1762 37
1898 334
1321 783
37 1004
254 1900
1152 1478
412 973
1770 189
1896 42
1951 1975
671 1611
1127 939
1517 458
193 5
37 1946
1366 1733
1549 31
1026 1523
1648 1152
1836 740
523 1717
1903 499
836 63
1024 930
1002 663
1691 610
1200 1800
584 220
1179 408
330 984
596 1596
145 1287
1210 1347
1328 582
938 776
1938 1996
692 933
1446 1525
449 445
495 516
1535 1158
1454 568
1382 330
1709 104
461 511
1163 1863
1677 387
175 488
189 1837
1253 1299
689 722
1657 1617
1487 1262
66 1663
1847 1259
624 1641
354 239
1110 367
132 1879
1992 205
1638 1514
110 457
1137 1068
1936 1754
1973 1749
794 34
1150 1667
938 1000
112 712
1337 1170
1962 963
718 1687
655 504
586 375
886 661
360 1956
1828 1148
1072 196
1997 1440
1037 1308
1393 1326
1143 1613
136 774
299 680
509 1325
83 991
38 672
1707 1014
55 418
1132 109
1988 1056
986 716
733 1841
1132 475
1544 489
717 1385
1355 581
1662 528
1599 880
212 725
1544 1311
1000 1521
1292 1667
1913 1814
67 1504
1984 774
722 1384
889 1280
877 228
1276 715
1756 1547
1871 130
1386 755
365 914
1955 468
747 450
812 1004
738 51
194 1155
282 619
1846 1023
1327 1906
1960 798
1575 1265
1838 1715
1207 863
1737 907
1779 889
564 1977
506 1615
1716 559
1585 1445
1586 1666
1611 764
259 161
699 1874
83 1575
366 1599
617 170
677 157
456 1331
447 1635
732 1346
1300 1796
379 872
277 1725
230 1254
921 1455
1963 1943
1376 870
1734 720
1253 1986
802 380
256 4
902 845
1090 1037
1298 1300
1381 166
1198 1401
1743 148
948 1118
1017 391
1825 930
181 640
1164 274
97 292
1816 34
1238 837
188 1777
288 1857
1159 344
943 1464
1184 1753
1314 218
1218 6
615 886
1894 1420
500 1496
1227 162
346 113
390 1538
914 661
875 579
331 1691
1200 581
1318 1999
1095 852
194 1879
482 675
352 1992
1057 1651
1052 60
475 1285
90 266
1119 554
286 1375
1129 414
744 653
753 650
114 419
542 531
1720 1473
199 355
374 1513
176 1814
1107 813
959 209
171 1087
1940 741
344 1233
1621 1370
1974 405
28 407
644 1244
601 1294
368 453
819 1711
1500 1316
585 1783
578 1452
20 519
809 1453
1284 833
195 1459
1310 1807
249 1318
969 1490
1224 972
766 628
1600 264
1238 722
1788 916
232 1678
830 1884
1492 736
97 86
1326 205
462 956
1064 729
1993 1140
316 755
1722 934
1959 420
883 502
1670 128
1894 1285
312 937
1945 1445
1487 1708
1436 1054
1553 1690
296 108
1961 1234
463 278
1703 1835
588 1347
1283 309
971 1566
1790 305
776 216
1946 1444
1520 62
908 871
159 1662
443 1389
524 1888
850 667
1260 1630
1168 1045
1219 1871
199 1358
904 1254
1239 1727
1192 1928
532 1788
238 1270
771 757
719 1835
1259 1377
1336 1781
1793 1592
1943 604
711 1801
496 1547
498 1735
1605 1032
395 1400
328 1932
1617 1537
511 764
1463 944
7 392
844 1882
1261 695
1750 325
1805 74
830 947
1289 1222
1150 957
1310 1830
1605 1363
6 709
66 568
905 804
444 192
154 121
1880 1379
788 1844
1082 763
990 719
950 974
1684 1227
1057 981
1128 263
762 1797
1700 1094
390 693
107 1033
1542 169
196 1341
702 1240
831 1973
1507 471
1188 1656
689 1758
1218 1543
812 1203
1802 155
1815 1596
1951 830
1143 145
1464 468
778 1291
1445 1608
971 1178
1321 543
787 220
457 11
1139 530
1184 1997
1154 1820
1978 1946
1350 1810
1133 1696
715 191
116 756
899 637
94 1589
642 1345
1722 305
868 621
690 518
1590 1399
1093 1491
1602 1988
625 1994
799 1396
1057 980
1818 196
271 1995
1102 1313
1495 1799
291 1267
1400 764
1128 516
667 1526
1181 779
359 208
1909 1968
1774 268
598 1826
1816 138
1753 923
303 1640
75 1006
266 1135
113 132
494 1335
1711 237
397 1848
1083 1040
592 1983
738 1122
738 1501
794 1376
1450 1793
1678 703
1143 705
1021 233
1734 1481
1312 638
1909 1966
1255 387
490 1633
1516 1873
1296 1665
1720 1330
963 1228
1548 1849
850 282
879 1231
92 888
785 70
1250 1225
766 1665
1449 980
1757 1380
1257 485
1640 8
1140 1635
190 60
1190 172
389 821
463 473
96 466
428 1433
1201 195
1286 31
1039 339
1615 280
599 721
1186 673
1554 1528
1370 1467
1623 1423
258 1976
1455 1047
1765 1070
728 513
795 1156
1180 820
659 1886
1328 397
1108 923
1373 16
357 1088
1296 1571
1723 1438
1681 1299
1992 147
1691 368
532 1553
814 572
875 713
121 418
317 133
1382 1864
1323 1405
1053 904
1091 138
1665 514
1197 32
580 1331
1656 1577
1913 1496
279 30
1754 561
1054 1725
669 383
9 1703
1904 1269
942 349
1782 1591
1340 157
391 1184
1306 1898
965 1337
1029 1956
115 669
626 481
320 1659
564 1708
1915 1424
891 645
941 386
849 461
1049 1289
168 1042
235 656
1882 978
1581 1556
1114 1138
162 829
922 629
1986 941
758 1611
1266 1642
1557 1405
830 284
1055 1235
818 1612
627 512
961 885
474 1736
82 395
1946 17
1869 1621
1076 1567
975 1851
805 566
167 156
695 332
1359 1599
1902 201
44 1388
1135 772
417 781
1543 415
563 1193
522 1374
745 1566
1538 1933
925 440
142 124
298 83
579 499
1188 1995
444 1776
477 803
50 78
198 275
1870 1293
1102 367
562 881
551 732
1693 801
1490 1681
1506 1084
1291 1944
1297 719
4 803
120 742
404 1219
1862 1248
1498 177
1053 790
396 414
1391 897
120 1935
849 556
1496 1286
1095 419
1889 348
1767 1121
189 1784
1503 1283
1759 1901
1772 164
1404 1173
941 1028
101 265
130 733
1253 1089
813 756
1828 1752
1805 1852
352 1768
597 245
1023 1966
1565 629
1760 852
797 1603
880 1450
45 1952
1092 508
891 1551
480 1881
46 1025
887 1032
716 968
171 1124
1573 1716
607 791
1392 640
527 1163
714 1300
1008 962
608 122
610 526
1491 997
123 826
718 599
482 1536
140 322
218 826
1268 1806
1800 380
176 1787
1339 1789
130 487
1641 1919
37 941
142 1626
1706 843
1732 1030
1786 1513
779 326
905 700
1079 665
517 834
354 1431
1945 1880
739 659
179 1432
20 157
50 424
1898 951
513 1075
1226 888
223 663
1426 873
1869 955
1045 1978
1722 830
1993 213
283 166
23 207
1989 820
1032 568
829 984
986 1267
899 401
1607 1329
1834 125
1864 1519
702 405
1786 51
1722 466
1070 1957
350 431
1618 994
1297 782
1243 1746
616 651
1204 1197
822 1047
1830 452
562 1812
1853 701
1536 1360
1292 1110
1377 98
1860 222
1133 1444
732 1121
1793 767
1822 398
1091 1994
1488 192
1716 1381
474 1725
421 505
1831 715
409 952
1703 186
1097 1121
428 895
855 139
1874 102
1239 216
754 1937
809 619
1659 1777
832 943
552 1755
784 63
1628 80
1852 358
862 834
148 1020
297 159
1312 715
555 970
1493 1833
1413 1138
956 1307
1859 673
619 1842
1568 422
1288 862
1628 1218
1338 1068
446 190
91 598
460 1305
1094 1903
798 22
1737 1907
1585 1740
1352 1073
1577 1919
528 298
1428 1491
1601 1891
1076 519
1355 1550
540 148
1218 1215
1737 514
1476 201
106 698
1038 1701
1541 149
1376 379
876 923
847 533
615 1205
828 1737
845 1798
712 1082
105 587
991 1917
1577 1423
1815 1079
1719 304
697 270
1976 953
654 1369
216 629
1505 433
1204 1701
1015 191
316 1036
1482 963
1293 442
1804 187
1188 1644
308 1065
807 1619
584 1644
853 1929
225 1477
466 136
1100 1834
1032 1853
1936 636
235 676
377 1680
1881 657
566 93
1739 1542
405 1126
1075 1393
1916 1269
1320 200
876 1034
323 460
941 1282
1947 1798
31 1020
578 1531
1774 1151
1342 935
261 1556
1840 1530
287 1613
444 251
1564 1253
1460 268
1699 1439
129 1966
749 346
698 1548
138 168
1392 1620
1130 1527
1657 1497
118 652
1166 152
438 75
53 1761
260 569
1740 986
98 1794
633 617
1116 1898
1332 1153
255 502
1050 215
75 685
509 971
923 399
1297 442
991 721
1448 1360
561 375
21 976
1753 1629
750 392
606 1171
1107 96
208 1366
45 672
1302 1574
64 1101
155 1748
675 1554
326 752
914 225
464 720
1672 1099
1890 767
791 571
1641 1080
1497 313
1866 1201
680 1335
1032 949
1950 983
540 1870
1834 720
1918 1145
1803 290
788 1050
376 1481
373 491
1855 1613
566 1202
1887 349
1713 620
309 761
1724 1365
924 557
1076 1912
410 767
577 20
580 79
215 665
982 134
574 225
1789 917
1359 1212
52 281
9 1584
577 620
856 1642
567 516
205 1418
280 771
1513 1508
242 1218
346 1771
1842 1386
1921 349
1373 952
331 1802
1809 702
1563 1074
975 1634
1672 1457
446 1695
789 215
842 910
1703 1900
1927 649
689 1247
1776 811
1595 1393
1016 408
327 1208
1504 1562
1367 1452
946 1972
877 58
1065 693
1842 693
384 1834
1449 510
315 1598
1134 1913
1809 1537
1518 963
672 1545
967 1714
1980 331
1236 1525
861 1325
640 55
781 1111
63 833
1245 876
685 1072
552 1680
1012 338
1374 1997
158 480
1811 1279
524 255
1583 135
1256 271
567 1231
103 1778
340 658
1984 1221
1028 1720
1588 1092
313 1252
1191 1993
1403 984
816 313
1 927
97 527
24 1396
1622 77
1374 861
1593 1641
817 113
1347 1653
1905 1330
49 291
1922 1053
765 1682
1897 1153
1740 464
1444 1091
525 1084
20 655
533 1555
1264 827
1174 85
1176 1317
580 1327
1330 434
637 1505
1112 99
1377 1547
503 1079
1383 1558
1618 79
1756 951
1992 1591
847 718
237 406
1243 267
1925 32
1120 1554
1589 1122
1688 1739
1827 1479
404 1232
855 268
1290 1175
303 1863
1483 232
1348 1118
358 169
1831 120
1625 765
1958 597
1760 263
295 1081
63 1173
456 1818
113 122
683 1802
1393 1556
768 751
1478 1315
807 528
1176 1588
1539 668
1577 999
1166 1355
855 1263
682 1666
672 291
820 148
1431 1653
432 1158
348 1836
240 1615
1231 61
1763 1372
1130 1319
579 1830
385 1160
786 555
1513 992
1266 1340
544 1901
321 420
1813 115
59 1479
1830 1976
653 404
741 1233
237 545
337 242
593 812
1849 258
1579 1674
1 1395
183 839
326 1867
303 377
308 71
582 789
1050 1382
279 1809
238 724
1001 1356
1951 812
1116 1238
1985 1648
1128 815
1245 450
590 1281
874 454
721 1097
40 1178
86 1683
660 1212
379 1030
132 1089
1213 1874
1982 1190
1635 1078
475 1340
1342 1996
72 584
463 195
124 1789
1188 547
500 131
1867 200
1974 1573
134 790
587 1411
952 357
870 828
1410 1712
625 17
1385 105
1678 1691
1180 608
339 1980
679 778
1794 743
1517 1474
977 355
1660 1713
919 1807
1374 1575
1562 289
573 388
928 836
1591 953
1738 1435
1809 810
334 1896
1044 990
1986 1119
1748 536
1326 1491
248 507
1853 1312
871 1916
1899 1035
939 279
360 483
331 1991
331 1186
1542 1235
1314 1235
1552 373
1110 1015
22 1840
1792 1743
1373 995
1485 1904
1337 500
82 777
1768 1357
394 701
328 1367
25 1305
1972 883
526 279
259 1689
65 1803
1895 117
1539 1630
1235 9
505 1288
1134 1969
402 1531
61 1062
388 1217
1278 1089
328 754
1298 341
485 991
224 458
763 1533
652 63
560 1305
469 1424
1057 1940
1497 1681
987 260
1348 520
109 949
1128 892
1494 1704
1318 989
1575 1673
1584 1873
998 1416
431 426
815 1904
1830 894
1103 1443
678 377
1512 1111
567 208
1535 671
906 154
515 1786
926 1689
1215 1625
872 569
1806 608
814 1464
1593 1096
1923 875
1101 1712
1291 578
1046 1502
1247 506
637 1138
872 1815
797 1827
183 1993
1080 1604
15 679
1658 306
1758 1345
1631 709
1430 999
1971 1394
607 969
3 1652
1849 171
205 1422
1918 603
1988 1273
1011 996
1454 970
1640 812
1945 1242
1477 1409
278 1029
924 1575
918 1708
1324 259
837 378
550 1122
1790 593
1264 1697
1938 340
803 1674
911 156
766 1496
1509 78
649 1887
331 276
801 1498
1013 676
659 983
323 1212
103 1472
1436 783
22 1443
1719 1718
1151 1169
447 954
1539 1803
828 845
1436 823
845 810
965 1724
1246 1847
370 57
685 1145
1078 1234
652 1188
1036 1865
502 745
1024 230
1044 940
1783 175
1359 973
1374 1790
1562 1062
840 1158
417 614
1603 384
1650 1744
702 198
742 325
401 979
702 990
30 1700
1081 1515
438 1949
311 1859
600 638
1053 1016
63 1133
1381 1661
604 842
1590 326
1065 1404
189 1534
1941 1676
1475 1702
512 652
1944 1571
607 1235
959 793
781 684
332 154
336 1621
94 1600
409 723
1892 1715
166 7
582 1013
1706 99
1937 496
1174 1369
102 381
928 52
461 453
39 1681
1493 1732
1843 1823
158 425
1399 122
716 762
389 739
1542 1588
927 1193
979 1832
347 363
130 1003
1886 161
1840 307
20 597
1103 1345
182 43
144 850
1410 1397
447 550
1141 1097
720 1465
1825 1948
539 1467
1180 926
313 700
747 115
1757 332
1489 1856
1811 1072
1569 1005
226 1533
786 1371
1597 1037
1875 403
963 815
1328 1110
220 617
1158 157
1685 295
1603 154
1430 1964
249 188
1090 1488
1224 647
653 1458
183 463
962 199
796 444
227 973
1303 882
569 1008
532 903
1904 1172
56 205
1616 699
1600 433
811 1146
954 953
484 407
570 320
837 267
208 639
1108 1194
170 303
393 1492
1256 1359
1368 1430
601 1678
329 1838
1667 1502
218 761
1825 1974
854 594
1197 1896
1143 194
1368 1858
302 1273
285 304
1451 262
1008 1837
1050 1448
1059 1827
1334 987
1221 691
1118 899
1187 1590
413 404
1636 1446
979 1638
644 967
1465 955
1758 866
1851 309
1824 266
592 136
1669 50
1451 1005
970 1019
1925 814
200 1098
558 660
740 1959
1282 215
1596 964
443 1717
1881 1719
974 747
322 918
1270 1015
874 990
173 1321
721 283
431 581
1651 36
208 1646
1521 733
1051 104
279 1696
1245 1440
397 498
1083 1455
136 1322
1692 1918
1419 724
1428 400
1863 1627
248 1466
1636 489
1572 476
1214 71
642 696
1733 709
431 269
657 429
379 1685
841 815
688 964
551 73
1212 1482
388 1341
759 251
1536 545
874 630
83 1859
926 1529
1981 1972
576 1912
621 364
1990 395
964 1520
1986 1187
1726 591
602 712
1628 245
839 1648
1431 1493
25 747
1762 1465
1362 484
1594 870
658 1042
1105 1943
885 1441
1323 1523
1335 1413
1086 1968
68 1328
707 1004
1414 1682
1399 999
897 1675
708 1566
758 663
741 656
530 1589
405 246
1124 1472
726 1031
161 856
1401 917
512 1670
761 544
165 204
562 1410
775 426
1354 189
1485 537
1591 207
62 1499
888 417
572 1792
1158 974
667 1601
1422 1614
48 1019
1435 538
1804 135
1769 686
573 457
1195 1947
796 415
1959 1569
1981 389
54 11
1090 1177
1899 51
1156 1045
1039 137
204 399
622 1176
1039 871
467 184
466 944
1106 1287
1069 1919
453 204
670 1969
1863 1339
1191 80
1155 211
1275 1243
808 1949
1047 617
900 895
813 856
1993 1161
1331 499
323 1136
1004 1140
1679 1787
256 1666
1790 1704
1179 1862
1595 1271
1718 499
1165 855
1510 207
1185 1341
782 380
1265 1850
989 1781
1511 719
1292 1749
503 337
1632 382
1304 1962
1738 1818
198 261
751 16
1805 181
1901 99
148 400
1402 1968
1313 806
1824 1955
963 1231
890 503
901 1553
548 703
427 1362
1022 735
330 335
36 790
932 143
257 1144
1981 1208
1989 313
385 1865
1450 1336
343 949
1750 1475
451 1635
1599 350
605 96
1745 1146
1825 1714
897 1387
1693 1991
1455 93
476 1718
1796 1442
374 1026
1958 1507
173 1947
687 97
538 953
1622 1981
1197 753
1597 1635
249 811
1439 1951
749 1955
1093 1379
250 1115
1623 399
12 1134
628 263
1222 1082
1476 1298
387 594
1800 1313
1084 521
1800 767
180 1414
1998 806
112 717
915 516
1559 267
311 768
929 142
392 128
115 1566
345 1971
648 6
846 339
1077 117
932 398
80 1410
259 1012
1603 1935
1417 1628
1931 1181
333 1217
681 1478
1847 634
1919 1008
1921 1551
3 925
1160 949
921 1570
1668 1962
414 1912
1175 1262
152 520
116 462
1894 956
1817 1345
989 351
1628 1523
1322 1074
1856 1433
665 1384
1599 1109
1406 325
345 46
363 806
1530 1380
311 1032
779 931
1706 622
1122 857
955 783
928 1007
1309 99
1980 1125
1249 1064
170 483
710 1315
1334 286
1926 1152
1459 662
949 1546
1861 509
659 35
460 954
1150 1226
1347 1522
848 832
1430 1897
1109 518
1363 594
1076 1817
435 1609
387 1164
1243 610
599 1605
182 1021
163 534
403 1161
175 57
1378 1945
1788 859
917 406
1965 231
1363 1622
1813 430
1199 1303
943 1764
1845 1220
605 854
1673 986
157 1956
338 1314
1669 1360
480 287
354 623
1293 1408
1209 1488
1487 1718
107 1615
497 926
1751 578
1613 1364
162 1001
307 577
1658 1820
1287 497
373 118
1801 54
1210 1998
1452 1917
1160 848
971 668
510 1307
1030 1024
1586 880
931 1362
966 322
1604 879
214 1653
912 211
1409 1770
1684 958
35 1971
1459 681
1869 353
1442 491
894 640
161 1989
1845 909
1730 1688
1094 1574
1413 1001
1266 1914
1473 1311
1282 278
536 1279
947 1140
759 45
950 1406
563 1041
158 229
807 119
477 474
903 507
1711 1057
1154 1766
1312 1940
1589 1686
1332 391
1069 233
52 1278
703 86
530 1723
412 425
1406 209
1768 783
121 1713
623 62
735 85
117 853
557 1147
1415 495
1032 355
1749 999
967 188
450 1647
479 781
276 368
1212 1900
796 1177
676 1347
324 544
134 314
1157 410
1343 1134
1086 1302
1593 1377
1709 651
1784 1354
907 1950
1365 1116
1661 432
1324 1887
1807 99
662 464
1556 1322
76 1310
1612 432
1372 1414
1694 491
437 1760
1900 94
170 196
561 1249
1768 741
1222 206
570 1748
1791 631
574 382
255 162
1449 1277
780 1812
514 236
16 241
1954 1269
1290 370
1052 1268
511 92
1441 942
1525 501
676 1767
1610 1495
1982 1207
438 1587
456 23
723 1506
846 207
54 1791
1251 1283
34 1431
649 1089
412 608
1767 1299
1336 801
906 1142
649 357
1013 1422
270 341
128 212
1427 423
1222 1520
1200 272
838 1594
100 145
987 1590
1154 1348
826 733
869 516
956 1425
30 1613
1245 1506
1120 1407
191 367
570 1536
442 887
891 1755
720 993
369 1333
1429 157
688 1203
13 538
490 209
594 1063
1987 1073
1456 294
1461 1930
762 1039
1276 1861
145 106
1844 1
103 1060
1096 111
1576 108
117 1152
203 319
1216 1340
210 1759
1242 1942
1073 62
558 784
137 1932
479 449
252 1183
376 1525
1560 69
785 620
1058 644
1379 1299
1678 16
787 273
1204 998
361 1244
981 1005
1411 1885
525 1919
1537 1585
43 1522
520 1363
1891 1725
1046 711
1093 1264
880 1516
871 1730
1272 812
733 807
321 296
1598 841
1101 1938
160 988
769 992
1544 1048
1840 1170
1829 1432
853 1801
67 170
1396 1237
1313 1951
1831 1471
1829 1914
537 1053
1016 613
329 1738
869 422
649 303
1509 496
342 1591
1047 455
1137 1399
1090 1660
932 973
172 590
1349 702
1875 373
1758 704
548 487
708 1913
438 846
749 897
475 229
602 1233
691 877
735 1327
1208 981
1092 1017
1897 269
86 563
1596 36
262 1152
1397 1603
1295 1032
148 1499
1934 430
1131 842
1523 169
213 1684
891 576
1009 1054
579 1470
891 535
1151 462
190 1931
1106 1261
956 415
1753 1876
1744 588
1385 794
1199 1260
372 1690
1721 914
349 1808
651 1462
898 1170
604 793
1869 1157
652 521
797 1768
455 1863
586 186
797 1594
252 123
1182 84
1459 467
1745 1180
851 112
374 301
376 1164
115 1006
429 1835
648 740
1085 135
1528 1407
1295 848
1452 1086
151 728
448 987
633 5
636 1117
1237 649
1831 1167
407 1269
801 1753
752 177
1761 727
1852 1233
1772 1633
1239 454
542 596
410 1777
1004 1646
357 1655
407 1730
1818 193
1405 365
808 599
330 1687
1249 922
471 1901
1924 569
980 1599
1018 1324
14 1269
1560 1870
1076 1973
1307 1728
1480 1741
1901 1183
822 688
23 953
1536 1307
875 359
1666 792
1662 157
421 45
1421 859
431 1997
1506 1550
1043 877
1025 72
48 208
1073 956
1917 284
1632 1517
1925 664
242 4
613 1377
1460 1953
8 918
1510 908
1712 1341
920 1284
319 1818
970 321
1580 1744
1970 1524
1979 1861
1760 378
1552 1932
1398 551
564 1290
1171 1583
1828 758
1672 1520
1642 64
1533 1084
837 894
124 409
1926 203
608 1060
1663 1386
951 1837
1263 553
490 1970
1187 950
1572 318
221 1316
1599 335
308 1921
911 1077
1454 988
523 1293
1869 50
1474 1079
581 1182
1301 343
647 290
1386 337
1100 1484
1305 748
1587 179
1333 823
961 896
426 1762
1848 642
1054 1780
1246 646
769 386
1671 1180
612 1538
1361 607
1847 1844
120 511
458 591
1862 858
1946 1375
1599 723
1751 87
54 616
824 1394
1298 1868
1291 513
1219 1256
686 333
1328 2000
1609 588
731 583
1580 1984
1569 1344
122 1640
1952 251
1156 225
738 1990
1263 1681
707 49
1181 1379
792 706
1810 1736
1764 1939
1200 685
906 1850
326 1382
1497 1949
1438 506
960 834
1603 855
1040 500
1580 1924
152 1353
1372 622
146 630
884 1524
1554 1075
1928 1349
593 1585
1888 251
1833 1088
1287 1908
1026 1658
946 1791
1908 1546
794 1059
895 545
1843 1163
289 923
648 467
43 864
75 1177
42 1866
863 497
995 896
1225 265
1225 1203
1137 1099
375 1142
205 290
1567 1930
885 703
1459 679
232 596
267 1512
1953 1389
1104 1839
147 286
1146 616
632 712
468 910
426 957
1797 1083
1390 24
1020 1756
262 1488
1540 1498
1197 1178
840 61
670 962
1590 1404
1879 618
750 1517
1342 1940
1150 1373
209 673
1466 482
10 1135
1339 1168
945 416
960 1683
1122 1022
227 345
359 956
817 221
1279 622
795 470
113 1224
18 1464
624 1738
1431 1715
1519 1296
1057 275
1616 10
179 1735
348 817
127 1591
780 312
1618 1138
439 125
499 255
1416 1439
1776 1089
473 890
1360 1409
538 1697
1689 990
625 1042
438 1858
1218 1386
853 626
1490 1745
598 631
1098 1173
581 1070
760 1149
1200 129
1036 1524
708 1225
1432 582
1769 692
125 435
1312 1883
611 909
1505 1641
88 1436
1573 1665
491 1183
1372 360
1729 402
831 1398
1526 1008
1278 1315
1519 620
1975 1999
713 1461
808 67
918 929
866 1477
176 1235
1442 1825
234 109
1089 1948
1848 1178
1699 1792
196 486
1921 1552
1995 1044
168 228
651 161
1689 536
1911 699
366 1697
26 1672
1963 912
766 544
408 133
587 648
335 1003
1780 867
943 1699
480 311
163 591
1710 376
1724 1200
482 1676
1788 968
504 1622
1446 264
1189 1905
922 844
28 893
486 1623
1113 1856
1071 1528
383 849
1114 1041
1326 115
1199 357
1993 1081
33 249
647 36
1592 820
800 737
1075 132
1549 1780
471 144
1675 1770
1230 1698
180 322
859 1746
574 373
1052 123
1937 998
1552 1474
207 1246
946 1465
23 867
360 1331
928 1082
783 547
704 1994
1865 284
10 29
1742 998
26 128
875 183
26 1651
1297 1229
1522 346
1565 1141
23 725
1657 1518
1547 1431
1942 754
387 1005
706 587
228 957
1323 641
1634 1342
1602 1212
776 1177
1839 1464
1685 1606
818 1746
1248 1026
752 292
1665 1023
895 954
1360 729
549 1035
1484 27
518 898
131 919
1309 1205
1417 828
1238 1254
670 1638
1308 1204
591 551
1210 47
465 1785
1001 1883
1642 697
1831 307
1651 1279
1822 863
1277 10
824 44
1152 824
256 1867
1564 1320
302 338
1693 1370
1534 1258
607 1933
3 1801
780 1902
1835 553
811 598
1399 1883
1103 21
1251 223
784 1289
1255 1397
1202 1133
110 600
59 1112
714 393
277 1630
382 1672
91 637
172 45
775 1562
213 347
1743 533
901 687
1489 1717
1859 549
642 668
1626 247
850 226
1656 1180
1857 409
1139 224
1560 150
103 322
798 1690
727 626
667 1256
761 1588
274 209
1996 1952
1741 261
214 1561
1877 1883
677 1023
1269 1816
481 1085
660 1031
111 584
42 835
1471 1316
1888 801
1561 830
1922 1976
807 1378
1549 571
1579 1507
51 335
1000 1811
753 1638
1962 766
20 963
1307 1863
1814 1249
1862 372
1576 570
303 1314
1675 969
1602 133
1977 135
1296 1877
1833 52
807 871
297 1249
1090 1986
411 1505
24 1085
996 930
838 1482
1618 846
1868 1890
324 545
1744 330
560 1754
1647 1471
643 1876
1427 1342
567 10
15 779
351 679
1252 622
1898 1052
984 33
438 1364
1581 901
1241 866
1773 348
866 743
314 1637
696 281
819 545
1457 1320
1416 1819
736 174
364 175
1870 1675
1784 992
977 1801
600 524
166 634
751 958
605 1567
1315 1109
956 1121
1518 1218
190 1752
1067 1051
1617 153
1890 1499
737 1706
260 1098
1728 678
1005 1227
1497 505
1705 856
834 1125
1605 107
557 353
1602 1338
641 1771
1447 1446
682 1726
482 490
153 1252
1158 826
529 1732
1828 1995
161 1910
11 1087
1763 1996
1605 1343
821 581
820 378
1624 163
1799 444
1351 303
985 535
1246 1120
1823 257
71 528
188 818
1882 322
208 1430
745 1934
915 136
1653 718
1140 1819
153 1437
625 820
624 201
1370 1372
199 149
690 1055
571 1012
1418 11
1953 1206
661 1070
1456 19
1980 1950
1958 1536
139 1832
1732 394
1892 465
41 1198
788 15
362 780
441 1747
231 59
466 739
1949 572
1832 92
55 654
493 1232
1428 795
1531 1181
607 1021
853 1094
1029 1428
480 1353
272 1502
1058 1435
223 1048
1108 293
1028 184
595 1917
296 1247
1592 244
1736 134
1791 235
1569 874
1787 1354
11 687
444 403
13 1205
1895 1207
589 1141
809 1818
1978 518
1540 744
1612 1346
820 456
1037 451
1151 139
418 1723
915 694
1731 177
710 1514
1569 1292
14 1149
359 266
1605 789
216 1938
1275 549
1032 1209
697 1582
701 1158
80 972
1048 1225
1655 1271
1715 749
460 221
707 93
186 377
731 1821
1265 940
1127 646
1767 1690
1590 1474
1425 1320
81 1500
361 1821
1503 102
1755 1972
1776 1865
1383 1535
478 1854
652 968
1752 454
1553 1181
1084 1082
1885 1458
1092 1219
460 1142
1142 1117
1285 1941
1024 243
1468 201
1246 1543
1746 878
1196 553
1822 224
1538 1051
218 1136
1617 1586
1986 1948
1083 1643
526 307
1650 316
577 1535
1427 576
1775 392
825 1431
480 683
1017 421
1123 9
804 1569
1386 985
1183 1483
1011 1527
1169 263
1010 1103
166 1670
882 4
1881 1373
1872 1500
1778 1812
1878 121
360 31
1276 1935
169 147
432 1403
1738 1959
147 308
1925 269
861 993
1435 76
397 1649
457 459
1827 966
1746 1228
539 1971
957 1926
1493 1949
979 1495
448 1493
1799 1358
534 1129
585 1405
483 1680
1384 1028
472 1646
1168 1507
399 768
825 507
739 1356
1689 122
351 95
1793 1223
1052 1784
178 558
1334 1593
230 1273
1797 1040
560 1453
1511 837
936 401
886 1915
1030 644
1795 732
1662 1673
777 1486
472 1065
841 628
1580 1328
1944 1074
1379 1627
249 634
887 1610
1622 2000
1214 148
717 1707
833 945
33 1477
467 1477
705 1820
779 1354
867 278
1836 782
21 1139
1411 248
812 728
1766 884
383 1302
197 257
400 1550
723 1849
1798 1047
1894 907
289 599
641 1066
88 760
535 1631
807 151
450 713
18 814
673 1829
1361 1634
2 1021
1794 898
141 238
1636 240
1513 1166
1437 405
127 230
965 1643
541 980
400 365
1108 1668
1287 385
1161 925
1900 128
579 43
1713 1926
1209 1597
36 1977
1475 219
1610 1545
454 542
1906 1017
256 1094
91 1852
292 1219
1639 1679
1658 1997
1570 862
436 504
586 1723
678 770
1583 58
849 387
365 618
1001 1939
1424 626
1337 207
1056 1785
1462 1250
1499 994
1582 884
676 114
352 336
659 1064
757 764
560 719
1602 1653
66 169
568 1141
1173 1483
1843 533
1664 1
622 1709
919 349
1128 1726
710 1896
691 1979
1141 396
167 719
1395 258
1460 423
631 12
1584 828
1731 13
1957 1222
1957 334
1543 1189
781 832
27 664
1683 1760
1113 695
1429 749
1437 1974
1361 1833
452 1756
796 1458
734 1020
1571 1242
1734 1607
1311 1966
216 938
326 379
1002 670
123 1230
1391 17
470 1796
460 435
818 1215
462 1190
504 1239
25 1265
398 1438
129 684
303 1763
674 1771
396 1501
1729 650
1515 1656
1792 1954
386 1727
1731 226
323 286
995 1831
1621 48
57 1052
1434 632
1329 54
1327 270
1741 1276
1587 1241
724 1717
1392 937
1196 35
277 836
1566 216
937 1326
96 1515
40 1803
360 1064
464 1886
947 305
391 519
1034 618
1760 1913
1250 875
1698 1759
746 224
1630 920
1547 393
1421 808
1907 546
1319 998
832 69
1315 733
1684 188
1616 1913
214 940
68 479
798 692
1799 1799 183 1605 1004 1605 2000 1210 1421 1004 812 396 1605 1799 1799 1605 1421 812 1210 812 396 396 2000 1799 1210 2000 183 1799 1210 812 1210 1210 1799 1421 183 2000 1605 1004 1421 584 2000 1421 1210 1210 1004 183 584 1210 1004 1210 183 1799 584 396 396 812 2000 396 1421 2000 812 2000 2000 396 584 1605 1004 183 183 584 1421 183 812 183 812 2000 183 2000 183 584 396 183 1210 1799 183 1210 2000 1799 812 1799 396 584 1605 183 1799 396 1210 1799 1799 812 584 396 1210 1421 1421 812 812 1004 396 396 1004 1210 584 584 812 584 1004 1799 1605 396 183 584 2000 1210 396 1605 2000 2000 183 1210 1799 1421 1799 2000 584 396 1799 1605 584 1210 183 1210 812 1605 812 1799 1421 1421 1004 183 1210 812 1210 183 812 1004 812 812 1210 396 812 584 1004 584 584 1799 1004 1605 1605 812 812 1004 2000 1799 2000 1210 1605 2000 1004 1210 396 1799 584 1799 1210 1421 584 1799 1210 2000 396 396 1004 1004 1605 812 1421 1004 396 1605 1004 396 1004 584 812 2000 1799 1004 396 2000 1004 2000 396 1605 1605 812 584 1421 584 1004 183 584 396 183 1799 1605 183 812 396 2000 2000 2000 1799 396 584 2000 2000 183 2000 183 1605 1605 2000 1421 1605 812 1421 1605 1799 1210 812 2000 183 584 812 1605 1421 2000 812 1605 1210 584 1004 183 584 1210 1605 584 812 1421 1004 183 1004 396 1210 584 2000 1605 1605 584 396 1605 1799 584 584 1421 812 1210 1004 1799 1004 1605 1421 1210 396 1004 1210 1210 396 396 1605 2000 812 584 584 584 584 1421 1799 183 396 183 1421 2000 2000 1605 2000 2000 1004 1210 1004 1210 1421 2000 396 1605 1210 1210 2000 1605 396 183 584 1210 1210 812 1605 2000 812 812 1421 2000 396 2000 183 1210 396 584 1421 812 1799 812 2000 2000 396 396 1421 1421 1004 812 2000 183 396 2000 1605 1210 396 584 1799 2000 396 1421 1799 1605 183 396 812 1421 1605 1004 396 1799 812 396 584 1799 396 584 812 1421 812 2000 1799 1004 183 183 183 812 1004 1605 584 1210 812 1605 1004 2000 1799 1799 1210 1210 183 812 1605 396 1210 1799 183 183 1421 1004 1421 1605 584 1210 812 812 2000 183 812 812 812 584 183 1799 396 812 1799 812 396 183 584 584 396 396 183 2000 183 1605 183 1004 812 2000 584 1799 1210 1004 396 1421 396 183 584 1004 1605 584 1799 396 1799 584 1004 2000 1605 1421 1605 2000 396 2000 2000 1421 183 812 584 584 812 2000 812 1004 1210 2000 183 584 1799 1421 1605 396 1421 2000 812 183 812 1799 183 812 1605 812 1421 1004 1605 1799 396 812 584 1799 1421 2000 183 1605 812 1421 812 396 1799 1210 183 812 1799 584 1210 1210 2000 183 2000 1004 1421 396 1605 812 2000 2000 183 1421 812 2000 2000 2000 2000 2000 1004 1210 396 183 812 812 183 1799 812 396 2000 2000 584 1004 183 183 1210 2000 1605 1605 1004 1004 1605 1210 2000 1421 584 1799 1799 812 584 2000 1004 812 812 396 2000 1004 2000 183 1421 396 183 1004 1004 183 1210 396 1004 2000 1605 396 1004 396 1004 1605 812 396 396 396 1799 584 396 584 1004 584 1799 183 1799 396 1004 1004 1605 584 2000 812 2000 1004 1421 584 1799 2000 1210 1799 396 1605 1004 1799 1004 183 183 396 584 396 1210 812 584 2000 1004 1421 1799 1421 812 1210 1004 1799 1605 396 812 584 812 812 183 1421 1799 584 812 183 1605 183 1605 812 812 396 584 1004 396 1210 584 584 812 812 1799 396 1605 1421 396 183 812 584 1210 1605 1799 1421 396 584 1421 1605 584 396 396 812 1004 1421 1004 1004 812 1421 584 1421 1605 1210 1605 1210 812 1605 1210 1799 396 1799 1210 1605 1004 396 1210 1799 1210 183 2000 1421 584 1210 1421 1004 2000 812 1421 2000 183 1799 2000 183 812 1004 396 396 1799 1605 812 183 812 1210 1210 1799 396 1605 396 1210 1605 584 183 584 1004 1799 1421 1799 1799 183 1210 2000 1004 396 1605 812 183 396 1004 396 812 812 183 1799 1605 183 183 1004 1004 2000 584 812 1004 1799 1004 2000 1799 1421 396 1421 1605 1004 812 396 1210 2000 812 1004 2000 1421 2000 396 1210 1004 1004 1605 396 1210 584 812 1421 1421 584 1210 2000 1421 812 1605 1799 1210 1605 1421 1210 1605 584 584 812 183 2000 812 1421 2000 1605 1421 584 1210 2000 584 1799 1210 1605 812 1605 396 396 1605 1210 1421 183 396 584 584 183 1421 1004 183 396 1421 812 183 183 1799 2000 2000 1605 812 1799 2000 1210 1799 1004 1004 396 1210 1004 1421 183 1605 812 396 1004 1799 584 183 1421 1605 812 1421 1799 1004 183 1004 1210 1799 183 183 1210 1605 1004 2000 1421 183 396 1799 1004 584 1004 396 1210 1799 1605 1004 2000 1210 1799 1605 1799 1210 1004 2000 183 584 1799 1799 1210 1799 1605 812 584 584 812 584 183 812 1421 1004 1605 1421 584 396 1799 396 584 183 396 812 2000 1421 2000 183 1004 1004 812 396 396 183 1004 396 1421 2000 1799 1210 1799 1799 1799 1004 812 584 812 812 1799 396 396 1210 584 1210 1210 2000 183 584 1605 1004 1605 396 1799 1004 1210 1605 396 1421 1004 1799 396 812 812 812 584 812 1210 1605 584 812 1799 1605 2000 183 1799 2000 396 1210 396 2000 1421 812 1210 2000 1799 183 812 2000 183 1605 1605 1605 1605 1605 1421 396 812 1004 183 584 812 183 1799 1799 812 1605 396 1004 1605 812 1210 584 1210 1605 1421 2000 2000 2000 1421 1605 1210 2000 1421 584 183 812 183 1421 1421 1210 1421 1605 1799 1799 1421 812 1421 1421 1421 812 1004 183 1605 1004 396 1799 1799 1799 584 1004 812 1421 1421 584 1605 1799 1210 812 1421 1004 812 1605 1605 183 396 396 396 584 396 584 584 1421 1421 396 1605 1421 584 812 1210 1799 183 183 1799 1421 812 183 1421 1210 812 1004 1421 1421 396 1799 584 396 1605 396 396 1421 1605 812 183 584 183 183 812 1210 183 396 2000 584 1799 1004 1004 584 1004 396 1004 1605 1210 1004 2000 396 812 1799 1210 396 584 812 396 1605 1004 1799 396 2000 1799 183 2000 812 812 183 1421 1004 1421 1799 2000 812 584 396 1421 1004 1799 1004 584 183 1799 1421 1605 183 1210 2000 1605 183 1605 1605 584 812 1605 584 1004 1210 396 584 1210 1421 1004 1421 1210 183 584 1605 1605 1421 396 2000 1421 584 584 183 584 1421 1004 2000 1004 1605 1605 1605 1421 1210 812 1799 1799 1004 1799 1421 584 2000 1004 1799 1004 1605 1210 1004 396 1421 1421 2000 396 1421 812 1799 1799 1605 584 2000 183 1210 1004 183 1004 1004 1799 396 2000 1210 2000 1799 584 1210 1210 1799 812 1421 1421 1605 396 2000 396 1210 584 1421 2000 2000 1421 396 183 1004 396 1421 1004 1421 1421 1799 396 812 1605 1421 1210 2000 812 812 1605 2000 183 396 396 1421 1799 396 812 1799 812 1799 2000 1210 2000 812 396 1210 812 183 396 1799 812 1004 1799 1004 396 1421 1799 1605 1210 183 584 812 396 584 812 1210 584 396 183 2000 183 1421 812 1210 812 812 1004 396 1421 1210 1799 2000 396 812 1799 1210 812 812 396 812 812 812 1004 1210 1421 1421 1799 1210 1421 183 584 1605 2000 1605 1210 1605 1210 1210 396 1799 1210 183 1210 1210 2000 1210 396 812 812 183 2000 1004 584 1799 2000 396 1421 183 1210 584 1605 2000 396 1210 1421 812 1605 812 183 396 1004 396 812 1421 1421 1210 812 1605 1210 812 1605 396 183 1605 2000 1799 1210 1004 584 1210 1004 1799 396 1605 1210 183 183 1210 1210 1421 584 1004 1004 1004 1799 1210 1799 1605 1799 584 1210 1004 1004 584 1004 1605 183 1421 1210 1004 396 1210 183 1799 1421 1421 1799 1799 1421 1421 396 1421 2000 183 2000 183 2000 396 183 1421 1210 1799 1605 1210 584 1210 1421 1605 1421 396 183 584 396 1004 183 1004 1605 1605 2000 1799 1421 1605 1605 1210 396 1421 1799 1421 1605 2000 1421 1210 1605 584 183 1605 1799 1421 584 584 1210 1210 1799 1210 584 1210 1210 1421 584 1605 1004 1799 1799 183 396 812 2000 812 2000 812 1605 1799 1421 584 1799 1210 2000 2000 1605 183 1605 1004 1421 1799 183 812 396 1605 584 1421 1421 2000 1421 812 1004 1210 812 1421 2000 1004 1210 396 396 1421 1210 1421 1004 1799 183 1799 2000 1421 1004 812 2000 2000 183 2000 1210 183 1605 1605 396 1004 396 1210 396 584 396 584 584 1210 812 396 584 1004 1210 812 1210 183 812 183 1004 1004 1210 1210 1210 1605 812 1605 1605 1799 584 1799 183 183 2000 396 396 1210 1004 396 1799 1004 1004 1421 1004 1004 183 1421 2000 183 1605 1605 2000 1004 1421 584 1210 584 584 1210 1605 1799 2000 1421 396 1421 1210 1799 1421 1799 1004 2000 1210 396 183 1605 396 812 1421 1210 183 396 1210 183 1605 1799 584 1421 584 812 812 1799 2000 1605 1210 2000 584 812 812 1421 1421 1210 584 1799 1210 2000 1421 1004 2000 584 584 1799 2000 584 183 2000 584 1605 1799 183 183 1799 2000 1421 1799 812 1210 1799 1605 1605 1210 396 1004 2000 2000 2000 1799 584 1210 812 1421 1605 1004 1210 584 812 812 1421 2000 2000 812 183 812 2000 183 1421 2000 1421 584 1004 812 584 1799 396 1421 812 584 1210 1210 584 1421 1004 2000 396 1210 183 1421 2000 1421 2000 2000 1210 1799 183 1210 1004 1210 1210 396 1421 1421 1799 1210 1799 1799 1605 396 1004 183 396 584 584 396 584 1799 1421 1605 2000 812 183 812 1210 1605 1421 812 1004 1605 584 2000 812 1421 1210 1799 396 1421 584 396 2000 396 584 1799 396 812 1004 2000 2000 584 584 183 1605 1421 1799 1421 812 1799 183 812 183 1799 396 812 1421 2000 183 1210 812 396 584 396 1421 1210 1605 584 1605 1605 1421 1210 1210 2000 396 1421 1004 1421 584 1421 183 1004 1421 812 1210 812 396 1605 812 812 812 584 1421 2000 2000 1210 396 1004 1210 1004 2000 183 1421 2000 1004 812 2000 1799 1421 2000 584 1004 1004 1004 812 1210 183 1421 1799 1004 812 1799 584 1605 2000 812 1004 812 584 812 183 183 1004 2000 1799 1799 812 396 183 1210 812 584 396 396 1004 396 1421 1210 1421 1605 1421 1421 183 584 812 584 1421 1210 812 2000 1605 1004 396 2000 1421 396 1421 2000 183 1004 1004 396 584 183 812 812 1210 396 2000 2000 1421 396 812 812 1004 183 396 1004 1421 1605 1605 1421 183 1004 812 584 1421 1004 812 812 584 1799 183
