1 301
301 1252
1252 1331
1331 1382
1382 1371
1371 1948
1948 1339
1339 658
658 436
436 1948
436 1030
1030 873
873 436
873 985
985 1948
985 1339
985 947
947 1030
947 1948
947 436
947 658
947 1339
947 873
873 658
873 1948
1030 1339
1030 1948
436 292
292 1712
1712 591
591 90
90 149
149 1133
1133 922
922 724
724 1712
922 1776
1776 591
1776 149
1133 485
485 591
149 1254
1254 1810
1810 943
943 967
967 1104
1104 384
384 760
760 1378
1378 461
461 1933
1933 1798
1798 1896
1896 1183
1183 38
38 1757
1757 542
542 1183
542 38
542 1798
542 1896
1757 1595
1595 1896
1757 1798
1757 1183
38 1896
1183 1502
1502 1803
1803 1201
1201 834
834 1803
834 1855
1855 420
420 1502
420 1803
420 599
599 1416
1416 927
927 1855
927 599
927 1502
927 834
927 1201
927 1803
1416 1201
1416 1855
599 1855
599 152
152 795
795 1657
1657 1464
1464 1348
1348 152
1464 599
1657 623
623 1054
1054 795
795 1019
1019 912
912 573
573 634
634 1001
1001 115
115 1498
1498 1001
1498 1586
1586 634
1586 115
1498 1637
1637 1001
1637 115
1637 708
708 1823
1823 1001
1823 1019
1823 573
1823 634
708 1493
1493 1287
1287 1611
1611 1468
1468 808
808 1611
1468 756
756 1611
756 780
780 1611
1468 1493
1611 1666
1666 1287
1287 1180
1180 1945
1945 1478
1478 416
416 1075
1075 860
860 191
191 404
404 1866
1866 1962
1962 1621
1621 1945
1962 860
1962 929
929 727
727 1725
1725 1613
1613 741
741 1725
741 261
261 1725
261 194
194 1257
1257 1486
1486 328
328 242
242 253
253 1920
1920 64
64 825
825 771
771 806
806 1414
1414 584
584 295
295 1414
295 1418
1418 825
1418 253
1418 328
295 998
998 468
468 1263
1263 1414
998 825
584 825
584 771
584 806
1414 1920
806 64
771 253
253 57
57 120
120 1212
1212 57
1212 995
995 755
755 57
755 572
572 57
572 1140
1140 883
883 57
883 572
572 995
755 1735
1735 57
1735 1071
1071 438
438 1998
1998 862
862 293
293 42
42 408
408 588
588 979
979 1652
1652 1983
1983 979
1652 435
435 173
173 408
173 588
173 1061
1061 979
1061 1324
1324 408
1324 979
979 1993
1993 896
896 1025
1025 1107
1107 1993
1107 124
124 570
570 1858
1858 393
393 570
393 973
973 1858
973 124
1858 124
1858 938
938 82
82 885
885 1694
1694 1141
1141 1460
1460 899
899 1291
1291 1293
1293 1694
1293 1460
1293 1141
1460 369
369 1237
1237 1460
1237 403
403 552
552 369
552 1460
403 1397
1397 1564
1564 490
490 864
864 482
482 447
447 1564
482 134
134 1564
134 490
134 280
280 403
280 1224
1224 1337
1337 1713
1713 490
1713 280
1224 864
490 15
15 1562
1562 798
798 1063
1063 1086
1086 1505
1505 1063
1505 738
738 1063
738 1086
738 801
801 1086
801 1505
1505 1288
1288 1519
1519 1129
1129 1428
1428 1038
1038 1730
1730 1519
1730 350
350 1314
1314 793
793 1808
1808 845
845 358
358 296
296 407
407 1808
407 793
407 1688
1688 999
999 1475
1475 845
1475 296
1475 358
1688 845
407 358
296 845
358 409
409 1390
1390 1051
1051 206
206 259
259 1390
259 252
252 1186
1186 1390
1186 1051
1186 341
341 254
254 1554
1554 699
699 310
310 1024
1024 1274
1274 1114
1114 260
260 367
367 81
81 653
653 1910
1910 254
1910 1711
1711 699
1711 367
1711 1274
653 260
81 1943
1943 97
97 1064
1064 1988
1988 1109
1109 232
232 1715
1715 1988
1715 1064
1715 97
232 1064
232 97
232 1624
1624 944
944 1109
1624 1988
1624 1064
1109 97
1988 1115
1115 1860
1860 1975
1975 1318
1318 1990
1990 1988
1990 730
730 1555
1555 1388
1388 1860
1388 73
73 1636
1636 1679
1679 1318
1636 1975
1636 1988
1636 39
39 1975
73 1215
1215 1909
1909 198
198 748
748 696
696 1421
1421 1182
1182 743
743 302
302 628
628 69
69 884
884 743
69 1101
1101 743
1101 79
79 1060
1060 743
1060 412
412 2
2 582
582 1682
1682 1168
1168 960
960 1682
960 582
960 1298
1298 1584
1584 1168
1584 582
1584 1400
1400 2
1400 1662
1662 151
151 511
511 1225
1225 1355
1355 1082
1082 59
59 1286
1286 1355
59 511
1082 1662
1082 1973
1973 1225
1973 151
1355 1662
1355 799
799 413
413 1556
1556 799
1556 1971
1971 1412
1412 549
549 1645
1645 644
644 1048
1048 549
1048 1645
1048 613
613 644
613 549
613 1645
613 281
281 626
626 1048
626 644
626 1313
1313 1048
1313 281
1313 613
1313 1645
281 101
101 911
911 1036
1036 718
718 624
624 1423
1423 111
111 1746
1746 1589
1589 1047
1047 24
24 1398
1398 1923
1923 188
188 1438
1438 909
909 535
535 1398
535 646
646 188
646 1923
646 1791
1791 1398
1791 188
1791 909
1791 1917
1917 581
581 1714
1714 370
370 1270
1270 923
923 1181
1181 1980
1980 1615
1615 1789
1789 819
819 406
406 118
118 1549
1549 1116
1116 268
268 1956
1956 3
3 1510
1510 1729
1729 1174
1174 1912
1912 1646
1646 597
597 874
874 1640
1640 870
870 674
674 1326
1326 1837
1837 715
715 832
832 1326
832 1837
832 1859
1859 715
1859 1955
1955 715
1859 870
1859 1326
832 1456
1456 1326
1456 1608
1608 1074
1074 1326
1608 874
832 874
832 674
715 1987
1987 1326
1987 874
1837 1640
1326 1328
1328 1052
1052 1591
1591 1253
1253 214
214 1972
1972 714
714 110
110 747
747 1326
747 829
829 1240
1240 1751
1751 1062
1062 1360
1360 1701
1701 722
722 515
515 1269
1269 1701
1269 274
274 830
830 1751
274 1751
274 515
1269 1240
515 1751
515 1062
1062 381
381 1748
1748 342
342 672
672 723
723 1271
1271 381
1271 672
1271 1062
723 381
723 1031
1031 672
1031 752
752 1905
1905 757
757 723
757 381
752 1748
752 1062
752 672
1031 1748
723 342
342 391
391 431
431 1449
1449 694
694 391
694 1178
1178 1840
1840 359
359 276
276 360
360 359
360 465
465 361
361 1673
1673 790
790 216
216 359
216 360
1673 359
1673 1840
361 359
361 276
465 1541
1541 1463
1463 277
277 928
928 924
924 63
63 1099
1099 924
63 1950
1950 277
1950 465
1950 924
63 434
434 465
434 1541
277 157
157 753
753 265
265 1513
1513 1654
1654 1349
1349 1264
1264 241
241 1245
1245 753
241 6
6 1489
1489 710
710 1236
1236 1762
1762 820
820 789
789 1762
789 1236
789 6
820 849
849 1236
849 6
820 710
820 833
833 1236
833 1489
820 1236
820 1489
1762 1489
1236 1420
1420 852
852 785
785 1407
1407 421
421 1842
1842 40
40 1357
1357 1497
1497 1961
1961 1357
1961 421
1497 1193
1193 1842
1497 1289
1289 421
1497 421
1357 195
195 1365
1365 1229
1229 440
440 1520
1520 656
656 1365
656 594
594 1332
1332 1125
1125 329
329 146
146 78
78 1435
1435 1125
1435 329
1435 146
78 854
854 146
854 1899
1899 1125
1899 213
213 1499
1499 1700
1700 213
1700 1899
1700 957
957 213
957 777
777 222
222 611
611 1499
611 1700
222 562
562 629
629 222
562 972
972 1437
1437 737
737 1034
1034 1221
1221 225
225 776
776 1852
1852 141
141 142
142 1578
1578 212
212 1034
142 1108
1108 1953
1953 1705
1705 877
877 290
290 1113
1113 1336
1336 411
411 96
96 488
488 1466
1466 1696
1696 705
705 246
246 1765
1765 1369
1369 236
236 1194
1194 356
356 540
540 1191
1191 1529
1529 1452
1452 497
497 1726
1726 246
497 1665
1665 1889
1889 1452
1191 246
540 1369
1765 690
690 1559
1559 1632
1632 1758
1758 1005
1005 1477
1477 1196
1196 1192
1192 1465
1465 1196
1192 390
390 1139
1139 1835
1835 1668
1668 1477
1139 1522
1522 1077
1077 1132
1132 1247
1247 627
627 1223
1223 617
617 1179
1179 1278
1278 486
486 1352
1352 1239
1239 486
1352 1127
1127 523
523 1352
1127 782
782 325
325 351
351 782
351 155
155 1788
1788 1534
1534 325
1534 842
842 1029
1029 285
285 1952
1952 1380
1380 1402
1402 544
544 842
544 1029
544 285
544 531
531 1952
531 285
531 1106
1106 1766
1766 816
816 25
25 1767
1767 1525
1525 467
467 1148
1148 352
352 615
615 1501
1501 352
1501 1766
1501 956
956 25
956 1766
1501 1148
615 991
991 509
509 467
991 1767
352 249
249 1462
1462 1583
1583 1454
1454 145
145 1504
1504 249
1454 249
1454 326
326 347
347 74
74 1839
1839 796
796 1820
1820 74
1820 1111
1111 717
717 207
207 657
657 1259
1259 1436
1436 476
476 655
655 1087
1087 1561
1561 781
781 8
8 1259
8 1561
8 1087
781 1894
1894 657
1894 1693
1693 476
1693 1436
1693 1087
1693 768
768 1087
768 1521
1521 337
337 1436
1521 1087
768 1259
768 655
1693 94
94 424
424 1927
1927 1118
1118 227
227 641
641 1927
641 94
641 424
641 1738
1738 1557
1557 1118
1557 1325
1325 774
774 1217
1217 1881
1881 484
484 921
921 1325
921 95
95 1759
1759 518
518 1217
518 921
95 946
946 680
680 1217
95 258
258 1716
1716 670
670 327
327 1575
1575 197
197 1023
1023 670
1023 1575
197 670
197 1716
197 1593
1593 1575
1593 1716
1593 1480
1480 327
1480 1575
1593 670
1575 670
327 1716
670 1731
1731 1801
1801 826
826 986
986 1425
1425 164
164 1898
1898 1884
1884 813
813 952
952 1709
1709 368
368 1131
1131 164
1131 1792
1792 1884
1792 952
1131 697
697 508
508 32
32 1482
1482 663
663 754
754 400
400 32
663 377
377 1482
377 1631
1631 697
1631 508
377 1123
1123 427
427 1669
1669 1199
1199 1176
1176 561
561 740
740 1471
1471 1845
1845 631
631 1628
1628 1361
1361 1830
1830 712
712 2000
2000 316
316 1805
1805 712
1805 1946
1946 373
373 286
286 1165
1165 984
984 316
1165 316
1165 712
1165 636
636 942
942 1604
1604 1799
1799 395
395 936
936 1930
1930 539
539 762
762 1008
1008 1103
1103 1432
1432 307
307 1189
1189 170
170 937
937 939
939 989
989 250
250 1189
250 937
250 720
720 939
720 307
720 1189
720 170
720 989
250 939
250 170
939 307
939 170
939 1189
937 456
456 1189
456 170
170 307
170 1035
1035 1968
1968 1495
1495 1957
1957 1124
1124 716
716 1722
1722 1821
1821 174
174 1124
174 1117
1117 1722
1117 1821
1821 1939
1939 1124
1821 716
1821 1068
1068 716
1821 170
1722 1957
716 1941
1941 1596
1596 1944
1944 1941
1944 1642
1642 1941
1642 600
600 691
691 113
113 269
269 1508
1508 458
458 1175
1175 348
348 266
266 363
363 527
527 113
266 375
375 1508
348 269
1175 1623
1623 496
496 47
47 1963
1963 1526
1526 1067
1067 1354
1354 775
775 239
239 506
506 1963
506 1526
239 1605
1605 1934
1934 1963
1934 1172
1172 1938
1938 1526
1934 239
1605 1067
239 996
996 1526
996 1067
775 1067
1963 1159
1159 496
1159 47
1159 836
836 1812
1812 1623
836 848
848 593
593 114
114 1623
848 1963
848 1831
1831 47
848 1175
1963 1558
1558 47
1963 1623
1175 113
458 113
458 702
702 113
702 269
702 1508
113 1941
113 1642
113 1944
113 1596
691 1941
691 1596
600 716
600 1944
1642 1596
1642 716
716 784
784 1495
784 1957
716 945
945 209
209 1897
1897 1059
1059 1035
945 1968
1124 1495
1957 108
108 1968
307 1103
307 1008
307 1733
1733 762
1733 917
917 307
1733 539
1733 1930
307 1166
1166 1930
1166 1103
1166 1432
1166 762
307 539
1432 1008
1432 1930
1432 762
1103 1003
1003 1008
1008 1930
762 1930
1930 1604
1930 636
1930 942
1930 395
1930 1799
936 1187
1187 1799
1187 395
1187 1604
1187 1165
1187 636
1187 942
936 1604
936 942
936 1799
395 1604
395 636
1799 636
1604 636
942 1165
1165 1830
286 1805
373 1805
373 316
1830 1490
1490 1845
1490 631
1490 1628
1830 631
1830 1628
1830 1845
1361 631
1628 1845
1845 1491
1491 704
704 551
551 1845
1845 1780
1780 1218
1218 740
1218 1471
1471 561
561 1098
1098 1916
1916 1199
1916 529
529 1885
1885 1199
1885 561
1885 427
529 1176
529 1669
529 1199
1916 427
1098 1176
1098 427
561 1199
561 1669
1176 427
1199 427
427 32
427 606
606 32
1482 1982
1982 1655
1655 1482
1982 697
697 567
567 1898
1709 813
1709 1198
1198 1884
1198 1754
1754 1964
1964 164
1964 813
813 1898
164 1801
164 1774
1774 89
89 986
1774 826
1425 826
986 1801
1801 441
441 418
418 1731
418 1358
1358 1689
1689 1096
1096 1417
1417 1358
1417 441
1417 1801
1417 418
1096 1358
1096 441
1689 418
1689 1801
1689 1731
1358 226
226 1731
226 1801
226 418
418 1801
441 1731
1731 1424
1424 1959
1959 1258
1258 1424
1258 1119
1119 1097
1097 109
109 1959
1097 871
871 1119
871 670
871 1731
871 810
810 1731
810 1258
810 379
379 1573
1573 1731
1573 1424
1573 670
810 670
1119 1424
1119 1049
1049 1959
1119 1959
1716 921
1716 1217
258 774
258 1217
1325 1118
1325 424
1325 641
1557 1927
1557 424
1738 424
1738 94
1738 227
1738 1118
1738 558
558 1118
558 1927
641 1118
227 94
227 1927
1118 94
1118 424
1927 94
94 1087
94 1436
94 657
1894 596
596 1436
1894 1436
781 657
657 717
657 1577
1577 169
169 1817
1817 719
719 1015
1015 717
1015 1817
1015 1958
1958 717
1817 1839
1577 717
657 1820
207 796
717 796
1111 796
74 402
402 347
74 1014
1014 1540
1540 306
306 1043
1043 1085
1085 419
419 1043
419 347
419 74
1085 1540
1085 1454
1085 347
306 74
1014 326
74 1341
1341 326
1454 1128
1128 249
1454 761
761 726
726 352
726 249
352 1767
352 816
1766 1952
1766 1029
1766 1379
1379 35
35 531
1379 1029
1766 544
1766 531
1402 1029
1402 1952
1402 842
1380 1029
1380 842
842 1771
1771 1320
1320 994
994 1903
1903 933
933 1534
1903 43
43 839
839 1800
1800 1160
1160 1670
1670 1303
1303 842
1160 1534
1160 1320
1800 994
839 994
1534 1647
1647 119
119 1022
1022 886
886 1788
886 1647
886 325
886 155
1022 1788
119 1262
1262 1788
119 1788
1647 1788
1647 155
1534 782
1788 782
155 782
351 1127
325 1127
1127 1641
1641 1278
1127 1206
1206 1503
1503 1127
1278 1223
1278 627
1278 1535
1535 1223
1535 617
1535 1179
1179 627
1179 1223
617 627
627 1522
627 1924
1924 1139
627 1477
1077 1196
1477 524
524 1173
1173 470
470 902
902 1579
1579 524
1579 470
1579 1764
1764 524
1764 1758
1764 1173
902 1005
902 1477
902 1173
902 524
902 1758
470 1758
1173 1612
1612 1477
1612 1005
1173 1477
1758 1603
1603 690
1603 546
546 1559
1603 1853
1853 1758
1758 1787
1787 856
856 1494
1494 1632
856 1302
1302 1559
1787 1559
1787 690
1632 1769
1769 1559
1559 1765
246 1864
1864 1696
1864 705
1864 1773
1773 1802
1802 868
868 610
610 1847
1847 788
788 610
788 705
1847 705
1847 1802
610 1696
246 889
889 705
1696 116
116 1705
116 1113
1696 1953
1696 1108
488 1953
488 1705
1336 142
776 222
222 213
222 1499
222 821
821 1499
821 1899
821 213
222 1700
777 1499
1899 329
1899 78
78 1125
78 329
1125 746
746 1323
1323 1125
1323 83
83 1332
83 1125
1323 656
1323 594
1323 1533
1533 1806
1806 1125
1533 1548
1548 1332
1548 1125
1548 746
1125 594
1332 656
656 731
731 1520
731 1265
1265 396
396 1365
396 195
1265 440
1265 1229
656 195
1520 195
440 1357
1365 1357
421 1985
1985 4
4 1407
4 421
4 1236
421 807
807 1407
6 1654
6 530
530 1654
530 265
241 633
633 44
44 711
711 1654
711 265
711 1404
1404 751
751 1513
751 633
1404 100
100 1513
633 1349
1264 753
1349 1467
1467 265
753 1463
465 359
276 1840
1840 431
1840 1449
1840 342
1840 1723
1723 1979
1979 431
1979 391
1178 1449
1178 342
1449 342
1449 391
1062 829
829 714
110 966
966 1591
1972 1328
1253 1326
1591 1326
1326 1640
1326 870
870 874
874 51
51 597
874 1904
1904 156
156 597
156 1646
156 669
669 48
48 597
48 29
29 1055
1055 1032
1032 1646
1055 1912
1055 669
29 1904
669 1912
1904 597
1912 80
80 1729
80 987
987 1510
987 1174
1912 1510
1912 1430
1430 1956
1174 3
1174 1588
1588 268
1174 1510
1729 1977
1977 1510
1977 268
1977 1956
268 1164
1164 1986
1986 1487
1487 406
1487 1549
1164 819
1549 1980
406 1980
1789 1980
1980 1791
1980 581
1980 923
1181 378
378 581
923 1917
923 1791
1270 1917
1270 581
370 1917
1714 1917
581 1791
1791 1923
1791 535
1791 1438
646 909
535 188
535 1923
909 1398
909 188
909 1923
1438 1923
1438 1398
188 1398
1398 577
577 1862
1862 1047
1862 1398
1862 1589
1862 1158
1158 1589
1158 111
1158 1398
1158 1047
1158 24
1158 1746
1862 111
577 1047
1398 111
1398 1746
1398 1589
1398 1047
24 111
24 1746
24 1589
1047 1746
1047 111
1589 111
111 1937
1937 1249
1249 1396
1396 1443
1443 1969
1969 111
1969 1393
1393 111
1393 624
1393 1423
1393 1443
1393 1396
1969 624
1969 1937
1443 1937
1443 624
1443 1249
1443 1423
1396 1423
1396 111
1249 111
1249 624
1937 1423
1937 624
624 1406
1406 857
857 1861
1861 129
129 203
203 1406
1861 1931
1931 1399
1399 101
857 281
857 624
1406 281
624 1304
1304 1951
1951 281
1304 1036
644 549
549 1426
1426 1703
1703 1202
1202 1527
1527 251
251 1659
1659 900
900 1996
1996 1834
1834 1703
1834 549
1834 251
1996 549
900 1527
900 549
251 1412
1527 1971
1971 1355
1971 413
1971 799
1556 1355
413 1355
1225 1400
511 1662
1400 412
1400 1246
1246 1298
1246 582
1246 1584
1246 412
1400 1168
1584 1682
1298 1168
1168 582
1168 2
412 743
412 846
846 1925
1925 1040
1040 412
1040 302
1925 1672
1672 79
1672 1101
846 1101
846 628
743 1260
1260 1250
1250 1306
1306 739
739 1260
739 1046
1046 1565
1565 743
1046 86
86 353
353 1306
353 1250
353 743
353 1260
86 1182
86 743
1046 1306
739 1182
1306 1260
1306 1182
1306 844
844 1260
844 743
1182 1546
1546 1580
1580 1182
1546 1421
1546 748
1182 73
198 1215
1215 245
245 681
681 526
526 1215
245 73
73 1975
73 1318
1555 1115
730 1318
1988 1943
1064 1943
1943 1274
1943 1024
81 1741
1741 559
559 310
559 260
559 1274
559 81
1741 367
81 1274
367 1274
260 1024
1114 1554
1274 1554
1024 1554
1024 699
254 1390
254 206
254 1051
254 1186
341 259
341 409
341 397
397 1233
1233 252
1233 1390
1233 206
1233 259
397 252
397 358
252 409
252 1051
252 358
259 1051
206 1390
358 793
793 1129
793 1288
1038 1129
1038 1288
1428 1296
1296 1129
1296 1737
1737 1288
1288 1063
1505 798
798 1564
798 1397
15 1564
403 369
403 1694
403 1141
369 1694
369 1141
1460 592
592 1141
1694 394
394 971
971 888
888 1851
1851 1375
1375 1694
1375 1698
1698 1694
1698 971
1698 556
556 1308
1308 1851
1308 1698
556 1694
556 82
556 971
1375 82
1851 1694
1851 1009
1009 971
1009 394
1009 885
394 82
1694 82
82 200
200 570
124 1276
1276 323
323 979
323 243
243 547
547 1276
547 896
547 124
547 323
243 1993
243 1276
1276 1025
124 1993
1107 979
1025 1993
408 1335
1335 309
309 42
309 293
1335 1601
1601 1429
1429 1607
1607 1601
1607 1721
1721 1601
1607 42
1429 408
1429 42
1429 293
1601 217
217 293
217 408
1601 408
293 1071
293 165
165 1350
1350 438
1350 12
12 516
516 1071
516 862
12 438
12 1653
1653 893
893 438
893 165
1653 1998
1653 862
1653 1350
1350 293
1350 862
165 1998
1071 314
314 955
955 1643
1643 1995
1995 340
340 1865
1865 1735
1865 654
654 314
340 1071
1735 294
294 755
294 809
809 1212
809 253
294 120
294 253
57 1090
1090 253
328 1613
1486 261
1257 346
346 1725
346 194
346 1720
1720 965
965 741
1725 1949
1949 1457
1457 298
298 1887
1887 571
571 1448
1448 1373
1373 298
1887 1962
298 727
298 1725
1457 1725
1962 1180
860 1797
1797 851
851 1287
416 1180
1493 634
1493 912
708 115
708 219
219 573
708 634
634 912
1019 1070
1070 462
462 1100
1100 1671
1671 1057
1057 1828
1828 563
563 1671
563 689
689 1057
563 698
698 934
934 1019
934 1671
698 1081
1081 795
1081 1057
1828 1408
1408 1671
599 834
599 1201
420 834
1855 1803
1855 1201
1502 765
765 474
474 505
505 1502
505 1677
1677 1183
1677 536
536 1427
1427 1163
1163 1502
536 1183
536 765
1677 235
235 765
1896 1933
1933 1447
1447 838
838 760
838 1104
838 1256
1256 305
305 338
338 1447
338 154
154 1104
154 461
305 967
305 1447
1256 1455
1455 967
1256 1378
838 1378
1933 1378
1378 1104
967 1810
967 564
564 1810
564 943
564 1102
1102 1283
1283 330
330 1102
330 943
330 1810
330 149
330 967
1283 1810
1283 967
1102 149
1102 1254
1102 967
943 149
1810 149
149 1712
90 292
90 1699
1699 436
436 1339
658 1948
1948 336
336 1363
1363 1382
1363 837
837 1371
837 1911
1911 1382
1911 1371
1911 1813
1813 1376
1376 837
1376 1382
1376 1911
1813 1371
1813 1948
1813 1382
1813 1763
1763 837
1763 1371
1911 1331
837 1948
837 336
336 1331
1371 1331
1331 1243
1243 301
1331 1778
1778 1685
1685 1473
1473 1883
1883 1747
1747 668
668 1453
1453 601
601 1317
1317 199
199 554
554 630
630 199
630 557
557 199
557 270
270 1880
1880 1171
1171 1453
1880 1453
1880 554
1880 199
630 1362
1362 918
918 220
220 168
168 688
688 1663
1663 983
983 621
621 193
193 1648
1648 372
372 621
1648 1461
1461 1824
1824 365
365 555
555 1869
1869 1321
1321 1570
1570 1992
1992 1888
1888 1321
1992 812
812 423
423 27
27 1786
1786 880
880 502
502 1719
1719 1073
1073 255
255 123
123 65
65 53
53 382
382 602
602 1073
602 502
382 502
382 123
53 502
65 1073
65 1266
1266 1073
1266 255
1266 123
123 502
123 1073
255 128
128 303
303 881
881 1126
1126 1028
1028 1902
1902 1353
1353 1219
1219 262
262 1135
1135 954
954 1028
954 1902
1135 1028
262 185
185 1028
185 1219
185 210
210 1045
1045 182
182 210
182 1409
1409 786
786 1095
1095 210
1095 1045
786 1717
1717 1446
1446 598
598 343
343 835
835 1105
1105 1409
1105 1717
835 598
835 1744
1744 1220
1220 1446
1744 1496
1496 1552
1552 835
1552 343
1496 343
1496 1045
343 1409
343 190
190 786
190 160
160 414
414 1568
1568 1914
1914 1976
1976 414
1976 525
525 773
773 1479
1479 1844
1844 1238
1238 1610
1610 1459
1459 204
204 519
519 647
647 887
887 950
950 797
797 364
364 495
495 1626
1626 334
334 10
10 675
675 665
665 139
139 355
355 1294
1294 495
355 495
355 1626
139 1626
139 364
665 1626
665 454
454 1137
1137 181
181 374
374 1543
1543 181
374 445
445 454
445 1450
1450 1627
1627 483
483 1093
1093 1450
1093 548
548 445
548 1450
548 483
1093 445
1093 16
16 1644
1644 483
1644 1627
1644 1450
1644 445
16 1450
16 1708
1708 1627
1708 483
16 445
483 473
473 612
612 1511
1511 1442
1442 473
1442 897
897 41
41 55
55 587
587 11
11 897
587 126
126 460
460 1319
1319 106
106 1629
1629 1185
1185 460
1185 1170
1170 460
1170 948
948 1532
1532 1405
1405 183
183 448
448 1532
448 349
349 1385
1385 183
1385 1857
1857 66
66 1242
1242 1929
1929 500
500 433
433 319
319 586
586 433
319 1197
1197 177
177 433
177 892
892 1919
1919 1273
1273 1929
1919 500
1919 248
248 289
289 433
289 1929
289 1947
1947 1210
1210 1197
1947 1850
1850 433
1850 215
215 1574
1574 637
637 1650
1650 1785
1785 978
978 1650
978 637
978 215
978 1368
1368 215
1368 1650
1368 1574
1368 1785
1785 940
940 1039
1039 1006
1006 906
906 1908
1908 1537
1537 1684
1684 982
982 315
315 1848
1848 982
1848 1597
1597 122
122 1422
1422 1041
1041 1932
1932 9
9 908
908 300
300 1775
1775 847
847 908
847 300
1775 662
662 794
794 1389
1389 1144
1144 764
764 607
607 794
607 925
925 71
71 1056
1056 1364
1364 332
332 507
507 1110
1110 332
1110 71
332 1602
1602 709
709 728
728 763
763 102
102 1333
1333 520
520 968
968 102
968 1333
968 1841
1841 102
1841 709
1841 520
968 749
749 380
380 1445
1445 284
284 380
284 664
664 1327
1327 734
734 1566
1566 648
648 734
648 749
1566 380
734 1445
1327 749
1327 1445
664 77
77 533
533 1530
1530 23
23 176
176 831
831 313
313 1016
1016 1796
1796 1877
1877 313
1877 46
46 590
590 1300
1300 46
1300 1732
1732 46
1732 487
487 590
487 1790
1790 345
345 1755
1755 415
415 676
676 52
52 147
147 1547
1547 52
1547 660
660 52
660 1849
1849 387
387 415
1849 676
660 1226
1226 415
660 1755
660 147
52 1581
1581 1037
1037 504
504 463
463 1037
463 1474
1474 1581
1474 446
446 504
446 770
770 1581
770 504
770 949
949 1037
949 504
949 1474
770 463
446 1037
446 463
446 1581
1474 1037
504 1581
504 320
320 513
513 802
802 1819
1819 1635
1635 267
267 632
632 1509
1509 1261
1261 560
560 267
560 713
713 823
823 568
568 1500
1500 1241
1241 1381
1381 1033
1033 1152
1152 823
1152 568
1152 1500
1152 1241
1033 891
891 545
545 1536
1536 1381
1536 1033
1536 568
1536 1500
1536 823
545 1500
545 1241
891 1836
1836 1811
1811 1451
1451 891
1811 792
792 1544
1544 1811
1544 891
1544 1836
1544 750
750 1506
1506 1999
1999 1065
1065 1347
1347 750
1347 1506
1347 1342
1342 750
1347 1999
1065 750
1065 1439
1439 143
143 750
1439 750
1506 543
543 1329
1329 1089
1089 1434
1434 264
264 85
85 1458
1458 1392
1392 1633
1633 481
481 958
958 501
501 1752
1752 537
537 1092
1092 1633
1752 701
701 815
815 1392
815 1752
815 1458
815 392
392 1088
1088 1826
1826 1727
1727 392
1826 969
969 451
451 392
451 30
30 233
233 1826
30 861
861 256
256 706
706 895
895 1209
1209 706
1209 93
93 187
187 895
187 362
362 578
578 208
208 1616
1616 344
344 578
1616 288
288 1150
1150 1251
1251 1692
1692 1203
1203 383
383 1044
1044 1203
1044 1706
1706 5
5 1058
1058 335
335 383
335 666
666 1745
1745 383
1058 455
455 1340
1340 1706
1340 383
455 5
1706 1833
1833 1203
1833 271
271 783
783 383
1044 1476
1476 1267
1267 192
192 1281
1281 1476
192 1476
192 980
980 297
297 1267
297 317
317 1681
1681 1307
1307 1739
1739 604
604 1681
604 1772
1772 1739
1772 1307
1772 287
287 1871
1871 1066
1066 1739
1066 1681
1066 480
480 1681
480 31
31 1661
1661 1569
1569 125
125 1829
1829 1069
1069 125
1069 1678
1678 489
489 477
477 1829
477 1338
1338 576
576 638
638 890
890 1372
1372 1338
1372 1518
1518 125
1518 489
1518 930
930 489
1518 1142
1142 595
595 489
1142 1829
1372 667
667 1829
667 1069
667 125
638 1678
576 1680
1680 324
324 695
695 75
75 388
388 1272
1272 1965
1965 1413
1413 953
953 354
354 1488
1488 1356
1356 1674
1674 1207
1207 1582
1582 1284
1284 1753
1753 1112
1112 158
158 26
26 1284
26 1872
1872 1112
1872 1284
26 1882
1882 1284
1882 1728
1728 1753
26 635
635 158
635 1753
26 1753
158 13
13 202
202 1284
202 1484
1484 1960
1960 1078
1078 202
1078 1000
1000 1268
1268 652
652 1315
1315 1000
1315 162
162 1524
1524 202
162 202
162 1000
652 1000
1268 742
742 202
742 1484
1268 1078
1000 186
186 1609
1609 1018
1018 430
430 172
172 1743
1743 1545
1545 167
167 291
291 1691
1691 1876
1876 1433
1433 238
238 1386
1386 184
184 386
386 150
150 385
385 1770
1770 1410
1410 1928
1928 112
112 275
275 1874
1874 1551
1551 1161
1161 175
175 583
583 1155
1155 76
76 733
733 175
733 36
36 677
677 304
304 175
304 583
304 1155
677 1777
1777 935
935 843
843 976
976 1208
1208 843
1208 1981
1981 1777
1981 20
20 224
224 1734
1734 855
855 867
867 988
988 7
7 452
452 514
514 1814
1814 1200
1200 729
729 449
449 1146
1146 84
84 875
875 229
229 1344
1344 449
1344 84
1344 875
1344 1146
229 449
229 992
992 850
850 875
850 84
850 229
850 449
992 449
875 449
1146 951
951 333
333 920
920 54
54 333
54 1146
920 1913
1913 818
818 117
117 920
117 538
538 1676
1676 1913
1676 951
1676 1146
538 1895
1895 426
426 865
865 491
491 426
491 1606
1606 37
37 970
970 426
970 331
331 1157
1157 1411
1411 1875
1875 33
33 975
975 1330
1330 1130
1130 1940
1940 471
471 1704
1704 1793
1793 1523
1523 1940
1523 471
1793 1214
1214 758
758 1649
1649 178
178 417
417 859
859 1004
1004 61
61 1334
1334 608
608 1843
1843 1231
1231 499
499 1334
499 901
901 1740
1740 766
766 1136
1136 1190
1190 34
34 1204
1204 1136
34 87
87 410
410 196
196 1967
1967 282
282 87
282 218
218 1149
1149 1695
1695 1012
1012 121
121 153
153 1687
1687 1230
1230 1571
1571 1216
1216 1222
1222 1415
1415 263
263 299
299 1856
1856 472
472 817
817 283
283 977
977 1856
977 1560
1560 1531
1531 1893
1893 221
221 466
466 1560
466 1954
1954 221
1531 522
522 1343
1343 1483
1483 1756
1756 1560
1483 1838
1838 805
805 910
910 1846
1846 1907
1907 1818
1818 767
767 1794
1794 963
963 72
72 1227
1227 311
311 439
439 279
279 685
685 1227
685 22
22 223
223 685
223 1279
1279 133
133 565
565 1542
1542 605
605 231
231 1322
1322 273
273 1620
1620 231
1620 1322
1620 932
932 231
932 1926
1926 231
1620 1026
1026 1374
1374 919
919 1567
1567 1472
1472 721
721 642
642 919
642 1528
1528 1472
1528 919
1528 721
1528 1374
642 1906
1906 1213
1213 1873
1873 1760
1760 700
700 1906
700 872
872 894
894 1492
1492 703
703 1760
1492 1760
872 1394
1394 389
389 1255
1255 1094
1094 981
981 159
159 1292
1292 1010
1010 1585
1585 974
974 230
230 997
997 159
997 686
686 974
686 1134
1134 990
990 1516
1516 503
503 1749
1749 1750
1750 189
189 1749
1750 1007
1007 67
67 450
450 1804
1804 1235
1235 1697
1697 1167
1167 1512
1512 990
1512 450
1512 1516
1512 1235
1167 503
1697 68
68 503
1697 1804
1235 1576
1576 1007
1235 1749
67 769
769 161
161 67
161 1736
1736 1539
1539 585
585 1809
1809 1401
1401 1050
1050 580
580 180
180 619
619 1539
619 161
580 1761
1761 1122
1122 1809
1122 964
964 678
678 744
744 1280
1280 166
166 678
166 1042
1042 138
138 1742
1742 1027
1027 678
1027 1280
1027 1122
1042 1122
1042 687
687 1827
1827 1280
1042 678
166 744
1280 640
640 1517
1517 678
640 678
744 1122
1122 1050
1050 585
585 1736
990 1094
990 1010
230 159
230 915
915 159
915 1010
1585 1292
1292 981
159 1094
1094 1211
1211 464
464 493
493 1094
493 661
661 1779
1779 1707
1707 1211
1707 1651
1651 1255
1651 389
661 872
464 211
211 872
211 1255
872 1873
1760 642
1873 642
1213 616
616 1906
642 1472
721 1567
721 1374
1472 1374
1472 919
1567 1374
1374 148
148 650
650 405
405 14
14 683
683 1686
1686 45
45 437
437 858
858 28
28 1026
858 1026
858 659
659 1374
659 437
858 1918
1918 1026
1026 1322
1026 231
273 1781
1781 231
231 1656
1656 1542
1656 1279
605 205
205 22
205 565
205 685
605 22
605 685
1542 22
1279 22
685 541
541 401
401 1080
1080 1227
1080 1978
1978 1854
1854 963
1854 541
1854 1227
1978 439
1080 1205
1205 401
1205 72
1205 311
541 279
685 439
279 963
439 1227
963 478
478 767
478 1794
478 614
614 609
609 1794
609 767
614 1794
614 1818
963 1818
1794 1818
1818 804
804 805
804 1846
804 1907
1818 1162
1162 521
521 1188
1188 824
824 521
824 1907
824 136
136 805
136 521
824 805
1188 1795
1795 805
1188 1846
1188 1907
1162 805
1162 1846
1907 910
1907 579
579 1846
1907 805
805 1020
1020 882
882 732
732 805
732 1553
1553 882
1553 1295
1295 882
1295 1147
1147 1838
1147 882
1147 104
104 1838
104 805
1147 732
1147 1553
1295 1020
732 1020
732 1838
882 805
882 1838
1838 1560
522 1560
1560 1079
1079 1600
1600 1222
1600 977
1600 299
1600 1614
1614 1079
1600 869
869 299
1560 1856
977 1415
977 1222
299 1222
1222 469
469 1571
1216 1618
1618 121
1618 671
671 962
962 1695
962 1816
1816 1184
1184 1695
962 1012
671 1687
671 1571
1216 153
1695 528
528 105
105 575
575 1149
575 1991
1991 1011
1011 1784
1784 926
926 1149
1149 196
1149 282
1149 87
218 196
218 87
218 1598
1598 87
1598 196
1598 1967
1598 282
282 410
282 196
1967 87
1967 410
87 1900
1900 131
131 814
814 1538
1538 903
903 814
903 692
692 553
553 827
827 1592
1592 131
827 247
247 1136
827 1136
814 87
1900 1190
1136 510
510 1867
1867 941
941 1311
1311 766
941 1002
1002 510
941 901
941 1136
941 510
1867 766
1867 901
1867 1740
901 1334
499 1630
1630 608
1630 1334
1630 1843
1630 357
357 1195
1195 608
1334 1017
1017 61
1017 859
1017 417
1334 417
1334 178
61 859
61 417
61 1710
1710 178
1710 417
1004 178
1004 417
859 178
178 758
178 1138
1138 1301
1301 898
898 1563
1563 1301
1563 178
1563 758
1563 1138
1301 1649
1301 758
1138 1649
758 1481
1481 1868
1868 471
1868 62
62 1214
62 625
625 1940
625 1244
1244 471
1244 1507
1507 471
1244 1940
1244 1704
1244 1214
625 1704
625 758
1481 1391
1391 1940
1391 471
1940 959
959 58
58 312
312 1411
312 959
312 1157
312 33
58 137
137 1892
1892 1130
137 278
278 1330
137 103
103 1330
103 1440
1440 1875
137 1411
1940 1550
1550 33
1550 975
1330 1875
1157 426
1157 1807
1807 1013
1013 179
179 331
1807 1403
1403 1606
1403 538
37 865
865 1895
538 818
1913 333
333 1146
449 99
99 132
132 1469
1469 693
693 132
693 1814
693 1832
1832 1469
1832 449
1469 1814
1469 99
1469 729
132 1200
99 1351
1351 1200
1351 639
639 1200
1351 1814
1814 7
514 988
452 574
574 7
452 867
452 988
7 867
7 855
855 976
1734 1777
1734 20
20 976
20 1777
20 935
1981 800
800 935
976 1777
1777 931
931 36
1777 36
677 1718
1718 175
36 175
733 1890
1890 175
1890 76
733 583
76 175
175 1768
1768 1366
1366 492
492 1161
1366 171
171 1768
171 1305
1305 144
144 1768
144 1551
1305 175
171 684
684 1161
1551 603
603 92
92 1874
92 1770
92 1551
603 275
603 112
603 1410
1551 1928
1551 1410
1551 112
1874 1410
1874 1928
1874 112
275 1928
275 1410
275 1770
112 1770
1928 1770
1770 1386
1770 1664
1664 150
1664 1386
1770 386
385 386
385 1386
150 566
566 386
566 184
150 1386
150 444
444 1120
1120 1386
1120 386
386 1386
1386 186
1545 186
172 442
442 430
430 186
186 1484
13 1284
1112 1284
1284 1356
1284 1272
1582 1674
1674 1272
1356 1413
1356 953
1413 1272
1272 695
1272 1634
1634 803
803 1680
803 1228
1228 1942
1942 1395
1395 682
682 1680
682 1619
1619 75
1634 576
388 1680
125 905
905 1569
905 1661
905 31
125 1661
125 31
1569 31
31 1681
31 1871
31 1772
480 287
480 1871
480 1772
480 604
1066 287
1066 1307
1066 604
1871 1681
1871 1739
287 1307
287 1681
1739 1681
1681 1476
317 980
1267 1044
1203 288
1203 618
618 1724
1724 1150
618 432
432 288
618 1309
1309 1251
1692 288
288 735
735 550
550 362
550 578
550 288
735 208
288 208
362 895
362 725
725 895
725 706
725 93
187 706
187 1209
93 895
706 494
494 811
811 366
366 376
376 1169
1169 256
1169 494
1169 811
376 811
376 706
376 569
569 811
569 494
376 256
366 494
366 706
366 256
811 256
494 256
256 30
861 1826
969 392
1826 392
392 1752
701 1633
1752 130
130 201
201 1633
201 1392
201 1458
1458 98
98 1346
1346 1886
1886 398
398 264
398 85
398 1346
98 264
264 1329
264 163
163 828
828 1310
1310 163
1310 1329
828 1599
1599 163
1599 1089
1599 70
70 791
791 643
643 1143
1143 791
1143 1434
643 163
643 1329
70 828
828 1329
163 1329
163 1622
1622 1434
1329 1506
1329 778
778 589
589 1625
1625 993
993 543
993 1277
1277 512
512 1506
512 961
961 1625
961 993
961 308
308 1683
1683 589
1683 543
308 543
308 49
49 428
428 778
308 1506
512 1625
1277 589
750 443
443 1441
1441 1836
1441 1811
1441 792
792 891
891 1241
891 568
1033 823
1033 1241
1033 568
1033 1500
1381 823
1381 1500
1381 568
1241 823
1241 568
823 267
823 560
713 267
713 1234
1234 267
1234 1509
1234 1261
1261 267
267 1370
1370 622
622 504
1370 320
1635 504
1635 802
1635 787
787 513
1819 1367
1367 513
802 320
513 504
1581 415
52 1755
1755 707
707 345
707 46
707 1300
1755 1790
345 46
345 487
1790 1732
1790 1300
46 56
56 1016
56 1796
56 831
56 1444
1444 1345
1345 831
1345 1815
1815 1796
1345 46
1444 313
1444 831
56 1970
1970 1016
46 831
831 1514
1514 21
21 831
21 1248
1248 532
532 19
19 60
60 50
50 77
60 1021
1021 1994
1994 533
1994 1248
1994 532
1994 77
532 533
1248 831
21 77
21 23
1514 176
1514 1530
176 140
140 853
853 77
77 380
664 749
749 102
749 649
649 1053
1053 1299
1299 649
1053 749
520 728
1333 763
102 709
709 399
399 1470
1470 1617
1617 371
371 1602
371 1419
1419 1470
1419 1602
1617 399
1470 1602
399 1602
1602 1145
1145 1515
1515 135
135 1384
1384 332
1384 1515
1515 904
904 71
1515 1056
1145 71
1602 71
71 1144
925 645
645 673
673 479
479 1153
1153 645
1153 794
1153 1389
1153 1144
479 645
479 794
673 1660
1660 645
1660 925
1660 1389
673 1144
645 457
457 794
457 764
645 1389
794 1667
1667 517
517 300
517 1935
1935 300
517 662
908 1084
1084 1151
1151 1932
1151 620
620 9
620 1932
1084 1782
1782 1383
1383 1232
1232 1156
1156 17
17 1690
1690 1232
1690 1932
17 1083
1083 1156
1083 1232
1083 1041
17 1232
1232 1932
1232 1782
1383 1041
1383 1932
1383 908
1782 908
1041 982
1041 1285
1285 459
459 982
459 315
1285 237
237 1597
237 1675
1675 982
1285 982
122 315
982 1039
1684 1984
1984 916
916 1878
1878 906
916 906
1984 1039
1908 1006
1039 1572
1572 745
745 1915
1915 1658
1658 1783
1783 940
1783 107
107 745
1783 1915
1658 745
1915 1785
1572 88
88 1785
1785 1574
1785 215
1650 215
1650 1574
637 215
215 289
248 892
1929 257
257 66
257 1639
1639 66
1639 1929
1639 1242
257 1242
1929 66
66 183
66 228
228 183
228 1825
1825 1405
1825 448
1825 1532
228 448
66 1532
1857 1532
1857 183
1857 1405
349 1532
448 1405
1532 460
1532 1989
1989 1319
1989 1170
1532 863
863 460
863 1319
863 1629
1532 1170
948 1319
1170 126
106 126
1319 126
126 473
126 897
587 1442
587 473
55 897
55 612
41 612
1511 473
473 1627
1627 445
181 665
181 498
498 454
498 429
429 1922
1922 665
1137 841
841 454
454 876
876 665
665 1297
1297 1626
1297 334
1297 495
665 495
675 495
675 364
10 1626
1626 364
364 1870
1870 1863
1863 1822
1822 425
425 1154
1154 1076
1076 913
913 797
1076 1822
1076 364
1154 822
822 1822
425 1312
1312 797
1312 1870
1312 364
1822 797
1863 797
797 887
797 234
234 1431
1431 1901
1901 950
234 1702
1702 534
534 1091
1091 887
887 318
318 422
422 1121
1121 204
318 127
127 1238
127 204
647 1459
204 1238
204 1610
1238 779
779 453
453 244
244 1936
1936 1479
779 736
736 1072
1072 525
1072 773
736 1282
1282 773
1282 339
339 525
1844 679
679 773
1844 773
525 879
879 322
322 414
322 1377
1377 1485
1485 414
1485 322
322 914
914 1914
879 414
525 1568
414 1045
160 1359
1359 1717
210 1219
210 1902
210 1028
262 1028
262 1353
1219 1902
1028 1587
1587 1594
1594 255
1594 321
321 907
907 1126
1028 881
1028 303
1126 255
1126 128
255 502
1073 502
502 759
759 1997
1997 1638
1638 423
1638 1786
1997 423
1997 1786
1997 27
759 27
759 880
759 423
502 1786
502 423
880 423
880 27
423 1824
812 555
1570 1824
1570 1461
1570 1869
1570 365
1570 1966
1966 1824
1966 1461
365 1461
1461 878
878 1316
1316 168
1316 1387
1387 688
1461 983
193 688
1663 272
272 866
866 220
688 1362
168 1974
1974 220
1362 1317
554 1453
554 1317
199 1275
1275 1317
199 1453
1453 1747
1453 91
91 1883
91 1891
1891 651
651 1590
1590 668
1590 1883
651 772
772 1473
1891 1883
1891 1921
1921 1883
1921 240
240 1177
1177 1879
1879 91
1177 91
240 668
91 1747
668 1473
1883 475
475 1473
1473 1778
1473 18
18 840
840 301
840 1778
840 1290
1290 1252
18 1
1473 301
1778 1
