1 1994
1994 1603
1603 383
383 331
331 1994
383 107
107 1994
383 231
231 1994
383 1958
1958 1994
383 325
325 1994
383 690
690 1994
383 378
378 1994
383 1713
1713 1994
383 1999
1999 1994
383 178
178 1994
383 717
717 1994
383 1118
1118 1994
383 1750
1750 1994
383 1822
1822 1994
383 629
629 1994
383 523
523 1994
383 1832
1832 1994
383 742
742 1994
383 1357
1357 1994
383 207
207 1994
383 1585
1585 1994
383 1766
1766 1994
383 382
382 1994
383 1707
1707 1994
383 797
797 1994
383 631
631 1994
383 803
803 1994
383 1489
1489 1994
383 1018
1018 1994
383 619
619 1994
383 1468
1468 1994
383 559
559 1994
383 1981
1981 1994
383 934
934 1994
383 1568
1568 1994
383 1106
1106 1994
383 676
676 1994
383 526
526 1994
383 1705
1705 1994
383 1128
1128 1994
383 1333
1333 1994
383 1196
1196 1994
383 267
267 1994
383 470
470 1994
383 451
451 1994
383 286
286 1994
383 695
695 1994
383 424
424 1994
383 779
779 1994
383 908
908 1994
383 1028
1028 1994
383 327
327 1994
383 1684
1684 1994
383 948
948 1994
383 1739
1739 1994
383 1951
1951 1994
383 718
718 1994
383 1110
1110 1994
383 458
458 1994
383 802
802 1994
383 653
653 1994
383 957
957 1994
383 1467
1467 1994
383 1676
1676 1994
383 498
498 1994
383 937
937 1994
383 1021
1021 1994
383 930
930 1994
383 1267
1267 1994
383 102
102 1994
383 188
188 1994
383 1544
1544 1994
383 1403
1403 1994
383 117
117 1994
383 273
273 1994
383 898
898 1994
383 1382
1382 1994
383 203
203 1994
383 1126
1126 1994
383 857
857 1994
383 1736
1736 1994
383 1323
1323 1994
383 1034
1034 1994
383 1792
1792 1994
383 1571
1571 1994
383 1472
1472 1994
383 1195
1195 1994
383 1359
1359 1994
383 1414
1414 1994
383 1623
1623 1994
383 1329
1329 1994
383 1274
1274 1994
383 454
454 1994
383 391
391 1994
383 1010
1010 1994
383 1658
1658 1994
383 1259
1259 1994
383 407
407 1994
383 448
448 1994
383 1200
1200 1994
383 1912
1912 1994
383 591
591 1994
383 1292
1292 1994
383 177
177 1994
383 1929
1929 1994
383 1019
1019 1994
383 969
969 1994
383 1645
1645 1994
383 317
317 1994
383 939
939 1994
383 1115
1115 1994
383 1103
1103 1994
383 607
607 1994
383 1508
1508 1994
383 1690
1690 1994
383 1422
1422 1994
383 489
489 1994
383 1020
1020 1994
383 954
954 1994
383 1894
1894 1994
383 1032
1032 1994
383 278
278 1994
383 1828
1828 1994
383 1504
1504 1994
383 1450
1450 1994
383 517
517 1994
383 1099
1099 1994
383 1501
1501 1994
383 1065
1065 1994
383 1608
1608 1994
383 104
104 1994
383 642
642 1994
383 808
808 1994
383 1582
1582 1994
383 620
620 1994
383 1593
1593 1994
383 1748
1748 1994
383 479
479 1994
383 1399
1399 1994
383 158
158 1994
383 541
541 1994
383 481
481 1994
383 1122
1122 1994
383 1856
1856 1994
383 235
235 1994
383 478
478 1994
383 1719
1719 1994
383 1519
1519 1994
383 416
416 1994
383 806
806 1994
383 1679
1679 1994
383 480
480 1994
383 1805
1805 1994
383 689
689 1994
383 1956
1956 1994
383 560
560 1994
383 508
508 1994
383 1256
1256 1994
383 1943
1943 1994
383 9
9 1994
383 648
648 1994
383 1849
1849 1994
383 469
469 1994
383 1664
1664 1994
383 88
88 1994
383 5
5 1994
383 1924
1924 1994
383 1768
1768 1994
383 1117
1117 1994
383 935
935 1994
383 374
374 1994
383 736
736 1994
383 1983
1983 1994
383 191
191 1994
383 1686
1686 1994
383 65
65 1994
383 1462
1462 1994
383 73
73 1994
383 594
594 1994
383 373
373 1994
383 580
580 1994
383 1738
1738 1994
383 1199
1199 1994
383 1537
1537 1994
383 1689
1689 1994
383 303
303 1994
383 1920
1920 1994
383 630
630 1994
383 1858
1858 1994
383 519
519 1994
383 413
413 1994
383 1498
1498 1994
383 547
547 1994
383 26
26 1994
383 1245
1245 1994
383 1829
1829 1994
383 1387
1387 1994
383 1552
1552 1994
383 1526
1526 1994
383 918
918 1994
383 426
426 1994
383 1415
1415 1994
383 1651
1651 1994
383 185
185 1994
383 1932
1932 1994
383 1668
1668 1994
383 121
121 1994
383 1930
1930 1994
383 558
558 1994
383 1182
1182 1994
383 1538
1538 1994
383 866
866 1994
383 1616
1616 1994
383 364
364 1994
383 884
884 1994
383 338
338 1994
383 234
234 1994
383 579
579 1994
383 784
784 1994
383 100
100 1994
383 1158
1158 1994
383 1642
1642 1994
383 1604
1604 1994
383 122
122 1994
383 19
19 1994
383 1966
1966 1994
383 1043
1043 1994
383 830
830 1994
383 1111
1111 1994
383 1982
1982 1994
383 149
149 1994
383 686
686 1994
383 238
238 1994
383 1863
1863 1994
383 997
997 1994
383 159
159 1994
383 1152
1152 1994
383 521
521 1994
383 1040
1040 1994
383 1835
1835 1994
383 1510
1510 1994
383 322
322 1994
383 112
112 1994
383 1514
1514 1994
383 386
386 1994
383 475
475 1994
383 1592
1592 1994
383 801
801 1994
383 770
770 1994
383 1617
1617 1994
383 248
248 1994
383 1017
1017 1994
383 262
262 1994
383 1386
1386 1994
383 312
312 1994
383 1729
1729 1994
383 1134
1134 1994
383 1277
1277 1994
383 956
956 1994
383 70
70 1994
383 279
279 1994
383 992
992 1994
383 655
655 1994
383 509
509 1994
383 105
105 1994
383 1556
1556 1994
383 647
647 1994
383 1806
1806 1994
383 914
914 1994
383 1500
1500 1994
383 392
392 1994
383 2
2 1994
383 161
161 1994
383 569
569 1994
383 1499
1499 1994
383 263
263 1994
383 365
365 1994
383 533
533 1994
383 55
55 1994
383 595
595 1994
383 926
926 1994
383 576
576 1994
383 1006
1006 1994
383 1230
1230 1994
383 1100
1100 1994
383 171
171 1994
383 1119
1119 1994
383 1810
1810 1994
383 341
341 1994
383 979
979 1994
383 727
727 1994
383 1369
1369 1994
383 1354
1354 1994
383 1306
1306 1994
383 1677
1677 1994
383 1746
1746 1994
383 1184
1184 1994
383 1962
1962 1994
383 1486
1486 1994
383 4
4 1994
383 257
257 1994
383 1562
1562 1994
383 297
297 1994
383 622
622 1994
383 949
949 1994
383 722
722 1994
383 945
945 1994
383 1016
1016 1994
383 1561
1561 1994
383 1255
1255 1994
383 1681
1681 1994
383 1476
1476 1994
383 1280
1280 1994
383 1220
1220 1994
383 1749
1749 1994
383 1384
1384 1994
383 114
114 1994
383 764
764 1994
383 77
77 1994
383 975
975 1994
383 795
795 1994
383 35
35 1994
383 1531
1531 1994
383 805
805 1994
383 615
615 1994
383 1254
1254 1994
383 1231
1231 1994
383 245
245 1994
383 1051
1051 1994
383 1968
1968 1994
383 29
29 1994
383 328
328 1994
383 1239
1239 1994
383 739
739 1994
383 924
924 1994
383 635
635 1994
383 1540
1540 1994
383 324
324 1994
383 1796
1796 1994
383 1148
1148 1994
383 1431
1431 1994
383 1412
1412 1994
383 476
476 1994
383 1023
1023 1994
383 681
681 1994
383 968
968 1994
383 183
183 1994
383 132
132 1994
383 931
931 1994
383 645
645 1994
383 1727
1727 1994
383 1041
1041 1994
383 1406
1406 1994
383 993
993 1994
383 1551
1551 1994
383 733
733 1994
383 1698
1698 1994
383 1700
1700 1994
383 1311
1311 1994
383 1363
1363 1994
383 516
516 1994
383 1090
1090 1994
383 1074
1074 1994
383 593
593 1994
383 1428
1428 1994
383 1935
1935 1994
383 1553
1553 1994
383 1251
1251 1994
383 706
706 1994
383 1949
1949 1994
383 1867
1867 1994
383 294
294 1994
383 45
45 1994
383 886
886 1994
383 776
776 1994
383 1938
1938 1994
383 1132
1132 1994
383 894
894 1994
383 116
116 1994
383 90
90 1994
383 285
285 1994
383 1193
1193 1994
383 1301
1301 1994
383 1546
1546 1994
383 536
536 1994
383 818
818 1994
383 1692
1692 1994
383 1046
1046 1994
383 1706
1706 1994
383 598
598 1994
383 452
452 1994
383 1823
1823 1994
383 308
308 1994
383 723
723 1994
383 1543
1543 1994
383 1653
1653 1994
383 384
384 1994
383 504
504 1994
383 1873
1873 1994
383 691
691 1994
383 1174
1174 1994
383 708
708 1994
383 911
911 1994
383 1252
1252 1994
383 193
193 1994
383 83
83 1994
383 1600
1600 1994
383 1557
1557 1994
383 1917
1917 1994
383 1635
1635 1994
383 1071
1071 1994
383 1726
1726 1994
383 1574
1574 1994
383 1395
1395 1994
383 1487
1487 1994
383 991
991 1994
383 1711
1711 1994
383 1825
1825 1994
383 600
600 1994
383 1534
1534 1994
383 910
910 1994
383 1380
1380 1994
383 570
570 1994
383 106
106 1994
383 1180
1180 1994
383 1398
1398 1994
383 891
891 1994
383 1725
1725 1994
383 1191
1191 1994
383 1042
1042 1994
383 389
389 1994
383 1837
1837 1994
383 1798
1798 1994
383 1907
1907 1994
383 1407
1407 1994
383 1783
1783 1994
383 1469
1469 1994
383 724
724 1994
383 1753
1753 1994
383 1919
1919 1994
383 528
528 1994
383 1288
1288 1994
383 1824
1824 1994
383 128
128 1994
383 1675
1675 1994
383 896
896 1994
383 1147
1147 1994
383 822
822 1994
383 181
181 1994
383 632
632 1994
383 715
715 1994
383 30
30 1994
383 590
590 1994
383 1925
1925 1994
383 1236
1236 1994
383 1426
1426 1994
383 1909
1909 1994
383 1641
1641 1994
383 1875
1875 1994
383 337
337 1994
383 538
538 1994
383 731
731 1994
383 1775
1775 1994
383 223
223 1994
383 1291
1291 1994
383 215
215 1994
383 1517
1517 1994
383 244
244 1994
383 1313
1313 1994
383 169
169 1994
383 21
21 1994
383 390
390 1994
383 1093
1093 1994
383 256
256 1994
383 120
120 1994
383 1665
1665 1994
383 929
929 1994
383 1947
1947 1994
383 1759
1759 1994
383 923
923 1994
383 129
129 1994
383 831
831 1994
383 953
953 1994
383 860
860 1994
383 887
887 1994
383 78
78 1994
383 428
428 1994
383 1625
1625 1994
383 288
288 1994
383 1401
1401 1994
383 315
315 1994
383 1109
1109 1994
383 821
821 1994
383 1350
1350 1994
383 496
496 1994
383 1596
1596 1994
383 1666
1666 1994
383 1418
1418 1994
383 1851
1851 1994
383 1853
1853 1994
383 976
976 1994
383 844
844 1994
383 1482
1482 1994
383 1948
1948 1994
383 847
847 1994
383 1763
1763 1994
383 716
716 1994
383 669
669 1994
383 1297
1297 1994
383 1584
1584 1994
383 220
220 1994
383 1454
1454 1994
383 568
568 1994
383 41
41 1994
383 1400
1400 1994
383 858
858 1994
383 1368
1368 1994
383 1572
1572 1994
383 1559
1559 1994
383 1383
1383 1994
383 636
636 1994
383 981
981 1994
383 1710
1710 1994
383 1994
383 408
408 1994
383 301
301 1994
383 1346
1346 1994
383 1594
1594 1994
383 1243
1243 1994
383 1388
1388 1994
383 62
62 1994
383 1579
1579 1994
383 1576
1576 1994
383 761
761 1994
383 880
880 1994
383 321
321 1994
383 309
309 1994
383 361
361 1994
383 152
152 1994
383 156
156 1994
383 646
646 1994
383 901
901 1994
383 1954
1954 1994
383 197
197 1994
383 227
227 1994
383 1682
1682 1994
383 232
232 1994
383 817
817 1994
383 1271
1271 1994
383 575
575 1994
383 1795
1795 1994
383 1809
1809 1994
383 1262
1262 1994
383 766
766 1994
383 734
734 1994
383 834
834 1994
383 544
544 1994
383 1440
1440 1994
383 314
314 1994
383 596
596 1994
383 1012
1012 1994
383 1993
1993 1994
383 685
685 1994
383 778
778 1994
383 1304
1304 1994
383 375
375 1994
383 1874
1874 1994
383 1691
1691 1994
383 666
666 1994
383 229
229 1994
383 638
638 1994
383 1320
1320 1994
383 345
345 1994
383 1860
1860 1994
383 417
417 1994
383 1392
1392 1994
383 1465
1465 1994
383 1811
1811 1994
383 439
439 1994
383 1799
1799 1994
383 1516
1516 1994
383 1854
1854 1994
383 486
486 1994
383 311
311 1994
383 785
785 1994
383 39
39 1994
383 921
921 1994
383 1737
1737 1994
383 1050
1050 1994
383 1433
1433 1994
383 1632
1632 1994
383 46
46 1994
383 654
654 1994
383 1536
1536 1994
383 1901
1901 1994
383 1237
1237 1994
383 518
518 1994
383 1868
1868 1994
383 856
856 1994
383 1217
1217 1994
383 712
712 1994
383 491
491 1994
383 1397
1397 1994
383 1934
1934 1994
383 456
456 1994
383 353
353 1994
383 127
127 1994
383 1921
1921 1994
383 379
379 1994
383 1114
1114 1994
383 1044
1044 1994
383 165
165 1994
383 525
525 1994
383 889
889 1994
383 1609
1609 1994
383 1339
1339 1994
383 1891
1891 1994
383 1442
1442 1994
383 1629
1629 1994
383 1826
1826 1994
383 1847
1847 1994
383 490
490 1994
383 661
661 1994
383 1575
1575 1994
383 36
36 1994
383 1631
1631 1994
383 1453
1453 1994
383 1002
1002 1994
383 1995
1995 1994
383 772
772 1994
383 743
743 1994
383 1650
1650 1994
383 932
932 1994
383 1084
1084 1994
383 1564
1564 1994
383 1212
1212 1994
383 255
255 1994
383 1558
1558 1994
383 705
705 1994
383 1601
1601 1994
383 1649
1649 1994
383 960
960 1994
383 1764
1764 1994
383 1410
1410 1994
383 652
652 1994
383 1459
1459 1994
383 605
605 1994
383 167
167 1994
383 98
98 1994
383 64
64 1994
383 68
68 1994
383 217
217 1994
383 938
938 1994
383 377
377 1994
383 940
940 1994
383 1402
1402 1994
383 682
682 1994
383 1880
1880 1994
383 1685
1685 1994
383 453
453 1994
383 913
913 1994
383 1161
1161 1994
383 1276
1276 1994
383 634
634 1994
383 589
589 1994
383 1326
1326 1994
383 574
574 1994
383 1273
1273 1994
383 679
679 1994
383 1566
1566 1994
383 1944
1944 1994
383 239
239 1994
383 1647
1647 1994
383 205
205 1994
383 258
258 1994
383 79
79 1994
383 1628
1628 1994
383 1325
1325 1994
383 1248
1248 1994
383 1299
1299 1994
383 1308
1308 1994
383 1464
1464 1994
383 962
962 1994
383 713
713 1994
383 973
973 1994
383 804
804 1994
383 1475
1475 1994
383 1031
1031 1994
383 1427
1427 1994
383 1955
1955 1994
383 347
347 1994
383 84
84 1994
383 192
192 1994
383 1463
1463 1994
383 1367
1367 1994
383 552
552 1994
383 1443
1443 1994
383 1054
1054 1994
383 464
464 1994
383 1198
1198 1994
383 1077
1077 1994
383 1911
1911 1994
383 833
833 1994
383 44
44 1994
383 612
612 1994
383 141
141 1994
383 1898
1898 1994
383 828
828 1994
383 180
180 1994
383 1080
1080 1994
383 1800
1800 1994
383 1850
1850 1994
383 548
548 1994
383 1194
1194 1994
383 1497
1497 1994
383 906
906 1994
383 1116
1116 1994
383 1735
1735 1994
383 1670
1670 1994
383 1906
1906 1994
383 290
290 1994
383 289
289 1994
383 1151
1151 1994
383 515
515 1994
383 202
202 1994
383 551
551 1994
383 1366
1366 1994
383 403
403 1994
383 744
744 1994
383 92
92 1994
383 271
271 1994
383 882
882 1994
383 749
749 1994
383 1758
1758 1994
383 532
532 1994
383 1289
1289 1994
383 1098
1098 1994
383 546
546 1994
383 2000
2000 1994
383 1063
1063 1994
383 184
184 1994
383 763
763 1994
383 1903
1903 1994
383 672
672 1994
383 1777
1777 1994
383 131
131 1994
383 1589
1589 1994
383 1207
1207 1994
383 1069
1069 1994
383 425
425 1994
383 1005
1005 1994
383 1165
1165 1994
383 1211
1211 1994
383 1803
1803 1994
383 947
947 1994
383 387
387 1994
383 295
295 1994
383 1348
1348 1994
383 1680
1680 1994
383 58
58 1994
383 1626
1626 1994
383 441
441 1994
383 846
846 1994
383 1481
1481 1994
383 611
611 1994
383 667
667 1994
383 1458
1458 1994
383 397
397 1994
383 1976
1976 1994
383 1364
1364 1994
383 164
164 1994
383 810
810 1994
383 1569
1569 1994
383 641
641 1994
383 777
777 1994
383 1445
1445 1994
383 1025
1025 1994
383 539
539 1994
383 1269
1269 1994
383 1797
1797 1994
383 1884
1884 1994
383 168
168 1994
383 1163
1163 1994
383 838
838 1994
383 1242
1242 1994
383 643
643 1994
383 988
988 1994
383 1004
1004 1994
383 711
711 1994
383 246
246 1994
383 313
313 1994
383 606
606 1994
383 265
265 1994
383 1097
1097 1994
383 1404
1404 1994
383 1345
1345 1994
383 984
984 1994
383 867
867 1994
383 1172
1172 1994
383 875
875 1994
383 1340
1340 1994
383 1154
1154 1994
383 819
819 1994
383 1902
1902 1994
383 893
893 1994
383 854
854 1994
383 69
69 1994
383 166
166 1994
383 170
170 1994
383 1841
1841 1994
383 1322
1322 1994
383 485
485 1994
383 1776
1776 1994
383 543
543 1994
383 1751
1751 1994
383 119
119 1994
383 1967
1967 1994
383 1923
1923 1994
383 1772
1772 1994
383 1003
1003 1994
383 943
943 1994
383 990
990 1994
383 1712
1712 1994
383 1241
1241 1994
383 421
421 1994
383 794
794 1994
383 1247
1247 1994
383 1411
1411 1994
383 31
31 1994
383 1515
1515 1994
383 907
907 1994
383 1222
1222 1994
383 1807
1807 1994
383 1284
1284 1994
383 1447
1447 1994
383 460
460 1994
383 368
368 1994
383 443
443 1994
383 1997
1997 1994
383 1429
1429 1994
383 1164
1164 1994
383 780
780 1994
383 1189
1189 1994
383 1091
1091 1994
383 22
22 1994
383 512
512 1994
383 1394
1394 1994
383 1009
1009 1994
383 1662
1662 1994
383 1457
1457 1994
383 1793
1793 1994
383 113
113 1994
383 649
649 1994
383 1264
1264 1994
383 963
963 1994
383 1156
1156 1994
383 1270
1270 1994
383 1435
1435 1994
383 1377
1377 1994
383 1974
1974 1994
383 414
414 1994
383 209
209 1994
383 1709
1709 1994
383 933
933 1994
383 869
869 1994
383 768
768 1994
383 853
853 1994
383 147
147 1994
383 765
765 1994
383 651
651 1994
383 1056
1056 1994
383 1186
1186 1994
383 459
459 1994
383 623
623 1994
383 692
692 1994
383 1206
1206 1994
383 520
520 1994
383 1101
1101 1994
383 505
505 1994
383 269
269 1994
383 998
998 1994
383 1192
1192 1994
383 1998
1998 1994
383 16
16 1994
383 1542
1542 1994
383 91
91 1994
383 54
54 1994
383 1413
1413 1994
383 1877
1877 1994
383 1545
1545 1994
383 1848
1848 1994
383 1266
1266 1994
383 1081
1081 1994
383 1614
1614 1994
383 1434
1434 1994
383 1857
1857 1994
383 1813
1813 1994
383 1336
1336 1994
383 903
903 1994
383 176
176 1994
383 1490
1490 1994
383 1448
1448 1994
383 1187
1187 1994
383 752
752 1994
383 409
409 1994
383 897
897 1994
383 1761
1761 1994
383 1066
1066 1994
383 1965
1965 1994
383 1687
1687 1994
383 837
837 1994
383 332
332 1994
383 549
549 1994
383 1480
1480 1994
383 1565
1565 1994
383 1113
1113 1994
383 1052
1052 1994
383 1485
1485 1994
383 298
298 1994
383 704
704 1994
383 617
617 1994
383 57
57 1994
383 1265
1265 1994
383 1258
1258 1994
383 6
6 1994
383 18
18 1994
383 1838
1838 1994
383 1667
1667 1994
383 412
412 1994
383 1293
1293 1994
383 154
154 1994
383 879
879 1994
383 10
10 1994
383 677
677 1994
383 888
888 1994
383 1908
1908 1994
383 1272
1272 1994
383 179
179 1994
383 1946
1946 1994
383 60
60 1994
383 1205
1205 1994
383 237
237 1994
383 465
465 1994
383 1812
1812 1994
383 1310
1310 1994
383 775
775 1994
383 501
501 1994
383 1278
1278 1994
383 472
472 1994
383 738
738 1994
383 1755
1755 1994
383 955
955 1994
383 678
678 1994
383 23
23 1994
383 260
260 1994
383 503
503 1994
383 561
561 1994
383 67
67 1994
383 12
12 1994
383 1527
1527 1994
383 1714
1714 1994
383 1287
1287 1994
383 1124
1124 1994
383 832
832 1994
383 276
276 1994
383 1162
1162 1994
383 358
358 1994
383 737
737 1994
383 189
189 1994
383 1523
1523 1994
383 1120
1120 1994
383 1375
1375 1994
383 668
668 1994
383 1129
1129 1994
383 94
94 1994
383 824
824 1994
383 1330
1330 1994
383 1302
1302 1994
383 1801
1801 1994
383 1312
1312 1994
383 1652
1652 1994
383 1896
1896 1994
383 319
319 1994
383 1249
1249 1994
383 1505
1505 1994
383 1752
1752 1994
383 1334
1334 1994
383 1588
1588 1994
383 1612
1612 1994
383 221
221 1994
383 1409
1409 1994
383 1532
1532 1994
383 1640
1640 1994
383 1610
1610 1994
383 1358
1358 1994
383 1512
1512 1994
383 1170
1170 1994
383 1470
1470 1994
383 1160
1160 1994
383 835
835 1994
383 500
500 1994
383 754
754 1994
383 1228
1228 1994
383 1939
1939 1994
383 1548
1548 1994
383 1646
1646 1994
383 850
850 1994
383 225
225 1994
383 34
34 1994
383 1089
1089 1994
383 983
983 1994
383 226
226 1994
383 1390
1390 1994
383 1055
1055 1994
383 899
899 1994
383 381
381 1994
383 1621
1621 1994
383 366
366 1994
383 610
610 1994
383 1238
1238 1994
383 1973
1973 1994
383 789
789 1994
383 1307
1307 1994
383 1171
1171 1994
383 15
15 1994
383 138
138 1994
383 1181
1181 1994
383 774
774 1994
383 1885
1885 1994
383 1141
1141 1994
383 1928
1928 1994
383 1088
1088 1994
383 85
85 1994
383 1007
1007 1994
383 674
674 1994
383 1073
1073 1994
383 812
812 1994
383 372
372 1994
383 1305
1305 1994
383 1814
1814 1994
383 1704
1704 1994
383 915
915 1994
383 1524
1524 1994
383 277
277 1994
383 1787
1787 1994
383 230
230 1994
383 1169
1169 1994
383 1008
1008 1994
383 936
936 1994
383 592
592 1994
383 684
684 1994
383 1260
1260 1994
383 710
710 1994
383 1597
1597 1994
383 53
53 1994
383 1630
1630 1994
383 1062
1062 1994
383 200
200 1994
383 1839
1839 1994
383 855
855 1994
383 1940
1940 1994
383 148
148 1994
383 1865
1865 1994
383 8
8 1994
383 1223
1223 1994
383 1027
1027 1994
383 902
902 1994
383 1068
1068 1994
383 495
495 1994
383 725
725 1994
383 82
82 1994
383 1960
1960 1994
383 922
922 1994
383 1355
1355 1994
383 751
751 1994
383 534
534 1994
383 351
351 1994
383 1408
1408 1994
383 135
135 1994
383 194
194 1994
383 796
796 1994
383 145
145 1994
383 259
259 1994
383 17
17 1994
383 1503
1503 1994
383 1331
1331 1994
383 1024
1024 1994
383 762
762 1994
383 340
340 1994
383 1488
1488 1994
383 658
658 1994
383 410
410 1994
383 96
96 1994
383 11
11 1994
383 419
419 1994
383 1701
1701 1994
383 1703
1703 1994
383 980
980 1994
383 42
42 1994
383 1138
1138 1994
383 1337
1337 1994
383 300
300 1994
383 662
662 1994
383 1779
1779 1994
383 1121
1121 1994
383 1694
1694 1994
383 292
292 1994
383 360
360 1994
383 1268
1268 1994
383 816
816 1994
383 240
240 1994
383 208
208 1994
383 767
767 1994
383 1352
1352 1994
383 840
840 1994
383 1417
1417 1994
383 1757
1757 1994
383 1176
1176 1994
383 1085
1085 1994
383 1157
1157 1994
383 1188
1188 1994
383 951
951 1994
383 1150
1150 1994
383 1013
1013 1994
383 545
545 1994
383 1754
1754 1994
383 1892
1892 1994
383 1246
1246 1994
383 890
890 1994
383 602
602 1994
383 1881
1881 1994
383 1365
1365 1994
383 825
825 1994
383 190
190 1994
383 1656
1656 1994
383 1953
1953 1994
383 1202
1202 1994
383 1424
1424 1994
383 1724
1724 1994
383 1673
1673 1994
383 1461
1461 1994
383 1327
1327 1994
383 1495
1495 1994
383 431
431 1994
383 182
182 1994
383 1789
1789 1994
383 1637
1637 1994
383 1563
1563 1994
383 134
134 1994
383 1479
1479 1994
383 1959
1959 1994
383 919
919 1994
383 66
66 1994
383 735
735 1994
383 1474
1474 1994
383 356
356 1994
383 1029
1029 1994
383 1883
1883 1994
383 989
989 1994
383 1654
1654 1994
383 1683
1683 1994
383 247
247 1994
383 436
436 1994
383 1221
1221 1994
383 1852
1852 1994
383 1922
1922 1994
383 1644
1644 1994
383 1381
1381 1994
383 892
892 1994
383 1720
1720 1994
383 462
462 1994
383 482
482 1994
383 1318
1318 1994
383 123
123 1994
383 952
952 1994
383 1057
1057 1994
383 198
198 1994
383 283
283 1994
383 1613
1613 1994
383 639
639 1994
383 492
492 1994
383 1072
1072 1994
383 1577
1577 1994
383 463
463 1994
383 254
254 1994
383 1351
1351 1994
383 540
540 1994
383 1466
1466 1994
383 1716
1716 1994
383 1979
1979 1994
383 411
411 1994
383 1177
1177 1994
383 1298
1298 1994
383 972
972 1994
383 1864
1864 1994
383 393
393 1994
383 1598
1598 1994
383 336
336 1994
383 1555
1555 1994
383 585
585 1994
383 473
473 1994
383 965
965 1994
383 1107
1107 1994
383 1730
1730 1994
383 637
637 1994
383 38
38 1994
383 741
741 1994
383 750
750 1994
383 562
562 1994
383 633
633 1994
383 1659
1659 1994
383 950
950 1994
383 1771
1771 1994
383 747
747 1994
383 714
714 1994
383 343
343 1994
383 709
709 1994
383 28
28 1994
383 964
964 1994
383 799
799 1994
383 599
599 1994
383 756
756 1994
383 1168
1168 1994
383 1261
1261 1994
383 1521
1521 1994
383 1478
1478 1994
383 1144
1144 1994
383 1416
1416 1994
383 1872
1872 1994
383 1396
1396 1994
383 1341
1341 1994
383 1000
1000 1994
383 1913
1913 1994
383 222
222 1994
383 1437
1437 1994
383 1078
1078 1994
383 760
760 1994
383 1149
1149 1994
383 1035
1035 1994
383 843
843 1994
383 759
759 1994
383 7
7 1994
383 530
530 1994
383 1942
1942 1994
383 1460
1460 1994
383 151
151 1994
383 1773
1773 1994
383 1076
1076 1994
383 773
773 1994
383 214
214 1994
383 553
553 1994
383 917
917 1994
383 1790
1790 1994
383 813
813 1994
383 432
432 1994
383 449
449 1994
383 511
511 1994
383 299
299 1994
383 871
871 1994
383 75
75 1994
383 51
51 1994
383 354
354 1994
383 793
793 1994
383 115
115 1994
383 93
93 1994
383 1988
1988 1994
383 349
349 1994
383 1846
1846 1994
383 242
242 1994
383 1817
1817 1994
383 1281
1281 1994
383 307
307 1994
383 1886
1886 1994
383 1721
1721 1994
383 1436
1436 1994
383 848
848 1994
383 941
941 1994
383 1216
1216 1994
383 1741
1741 1994
383 1762
1762 1994
383 502
502 1994
383 587
587 1994
383 344
344 1994
383 199
199 1994
383 224
224 1994
383 1643
1643 1994
383 798
798 1994
383 264
264 1994
383 1338
1338 1994
383 1108
1108 1994
383 1794
1794 1994
383 1876
1876 1994
383 1879
1879 1994
383 920
920 1994
383 1878
1878 1994
383 1961
1961 1994
383 1890
1890 1994
383 1026
1026 1994
383 1774
1774 1994
383 1389
1389 1994
383 1048
1048 1994
383 474
474 1994
383 1096
1096 1994
383 72
72 1994
383 1972
1972 1994
383 1015
1015 1994
383 1506
1506 1994
383 1717
1717 1994
383 1125
1125 1994
383 450
450 1994
383 461
461 1994
383 1734
1734 1994
383 966
966 1994
383 527
527 1994
383 1861
1861 1994
383 1964
1964 1994
383 565
565 1994
383 581
581 1994
383 272
272 1994
383 584
584 1994
383 56
56 1994
383 1887
1887 1994
383 614
614 1994
383 757
757 1994
383 640
640 1994
383 660
660 1994
383 1356
1356 1994
383 800
800 1994
383 1234
1234 1994
383 1840
1840 1994
383 125
125 1994
383 1405
1405 1994
383 418
418 1994
383 306
306 1994
383 1905
1905 1994
383 162
162 1994
383 435
435 1994
383 1871
1871 1994
383 1507
1507 1994
383 1049
1049 1994
383 582
582 1994
383 608
608 1994
383 1975
1975 1994
383 1915
1915 1994
383 1927
1927 1994
383 1471
1471 1994
383 95
95 1994
383 978
978 1994
383 1294
1294 1994
383 1319
1319 1994
383 1893
1893 1994
383 1931
1931 1994
383 1324
1324 1994
383 1131
1131 1994
383 1728
1728 1994
383 249
249 1994
383 514
514 1994
383 1282
1282 1994
383 218
218 1994
383 1455
1455 1994
383 1244
1244 1994
383 1742
1742 1994
383 861
861 1994
383 782
782 1994
383 1530
1530 1994
383 334
334 1994
383 74
74 1994
383 675
675 1994
383 284
284 1994
383 792
792 1994
383 1732
1732 1994
383 211
211 1994
383 447
447 1994
383 1214
1214 1994
383 1638
1638 1994
383 1438
1438 1994
383 644
644 1994
383 1802
1802 1994
383 1145
1145 1994
383 1092
1092 1994
383 140
140 1994
383 852
852 1994
383 1573
1573 1994
383 1105
1105 1994
383 61
61 1994
383 252
252 1994
383 1033
1033 1994
383 1335
1335 1994
383 1362
1362 1994
383 1699
1699 1994
383 213
213 1994
383 1723
1723 1994
383 702
702 1994
383 310
310 1994
383 1344
1344 1994
383 1378
1378 1994
383 1451
1451 1994
383 604
604 1994
383 865
865 1994
383 236
236 1994
383 1539
1539 1994
383 380
380 1994
383 1627
1627 1994
383 103
103 1994
383 81
81 1994
383 555
555 1994
383 1843
1843 1994
383 1518
1518 1994
383 1153
1153 1994
383 323
323 1994
383 1648
1648 1994
383 1693
1693 1994
383 904
904 1994
383 1094
1094 1994
383 836
836 1994
383 1987
1987 1994
383 862
862 1994
383 1634
1634 1994
383 1143
1143 1994
383 868
868 1994
383 958
958 1994
383 700
700 1994
383 1067
1067 1994
383 1218
1218 1994
383 1477
1477 1994
383 522
522 1994
383 457
457 1994
383 1916
1916 1994
383 1862
1862 1994
383 173
173 1994
383 1511
1511 1994
383 1240
1240 1994
383 1070
1070 1994
383 1353
1353 1994
383 282
282 1994
383 1321
1321 1994
383 944
944 1994
383 3
3 1994
383 210
210 1994
383 109
109 1994
383 849
849 1994
383 626
626 1994
383 1611
1611 1994
383 1233
1233 1994
383 385
385 1994
383 483
483 1994
383 1286
1286 1994
383 628
628 1994
383 143
143 1994
383 1509
1509 1994
383 1743
1743 1994
383 130
130 1994
383 1155
1155 1994
383 1980
1980 1994
383 398
398 1994
383 787
787 1994
383 567
567 1994
383 1672
1672 1994
383 542
542 1994
383 1910
1910 1994
383 1888
1888 1994
383 400
400 1994
383 740
740 1994
383 1452
1452 1994
383 399
399 1994
383 839
839 1994
383 228
228 1994
383 586
586 1994
383 1349
1349 1994
383 76
76 1994
383 1257
1257 1994
383 1491
1491 1994
383 139
139 1994
383 1827
1827 1994
383 1014
1014 1994
383 1836
1836 1994
383 1756
1756 1994
383 1619
1619 1994
383 291
291 1994
383 1583
1583 1994
383 1190
1190 1994
383 204
204 1994
383 1127
1127 1994
383 376
376 1994
383 37
37 1994
383 814
814 1994
383 564
564 1994
383 80
80 1994
383 1449
1449 1994
383 557
557 1994
383 928
928 1994
383 513
513 1994
383 1075
1075 1994
383 1290
1290 1994
383 370
370 1994
383 1815
1815 1994
383 396
396 1994
383 703
703 1994
383 108
108 1994
383 126
126 1994
383 572
572 1994
383 1936
1936 1994
383 422
422 1994
383 753
753 1994
383 1533
1533 1994
383 206
206 1994
383 1140
1140 1994
383 25
25 1994
383 1226
1226 1994
383 1446
1446 1994
383 1064
1064 1994
383 720
720 1994
383 982
982 1994
383 369
369 1994
383 497
497 1994
383 1419
1419 1994
383 1229
1229 1994
383 790
790 1994
383 1969
1969 1994
383 1899
1899 1994
383 47
47 1994
383 1432
1432 1994
383 601
601 1994
383 985
985 1994
383 573
573 1994
383 781
781 1994
383 71
71 1994
383 977
977 1994
383 1059
1059 1994
383 1253
1253 1994
383 845
845 1994
383 970
970 1994
383 1780
1780 1994
383 1529
1529 1994
383 815
815 1994
383 1473
1473 1994
383 1061
1061 1994
383 33
33 1994
383 1371
1371 1994
383 186
186 1994
383 971
971 1994
383 688
688 1994
383 1570
1570 1994
383 442
442 1994
383 342
342 1994
383 1605
1605 1994
383 707
707 1994
383 624
624 1994
383 1957
1957 1994
383 616
616 1994
383 1971
1971 1994
383 346
346 1994
383 670
670 1994
383 1142
1142 1994
383 791
791 1994
383 507
507 1994
383 268
268 1994
383 335
335 1994
383 1657
1657 1994
383 1977
1977 1994
383 1441
1441 1994
383 1624
1624 1994
383 613
613 1994
383 1900
1900 1994
383 111
111 1994
383 529
529 1994
383 566
566 1994
383 659
659 1994
383 14
14 1994
383 1760
1760 1994
383 1275
1275 1994
383 1314
1314 1994
383 621
621 1994
383 1146
1146 1994
383 155
155 1994
383 1550
1550 1994
383 1992
1992 1994
383 395
395 1994
383 873
873 1994
383 1135
1135 1994
383 40
40 1994
383 881
881 1994
383 477
477 1994
383 650
650 1994
383 1984
1984 1994
383 1201
1201 1994
383 48
48 1994
383 687
687 1994
383 196
196 1994
383 404
404 1994
383 625
625 1994
383 1933
1933 1994
383 1639
1639 1994
383 823
823 1994
383 1342
1342 1994
383 1215
1215 1994
383 1011
1011 1994
383 320
320 1994
383 1945
1945 1994
383 89
89 1994
383 728
728 1994
383 1914
1914 1994
383 877
877 1994
383 1821
1821 1994
383 746
746 1994
383 1209
1209 1994
383 1715
1715 1994
383 466
466 1994
383 1213
1213 1994
383 24
24 1994
383 1986
1986 1994
383 537
537 1994
383 554
554 1994
383 1112
1112 1994
383 556
556 1994
383 1370
1370 1994
383 719
719 1994
383 758
758 1994
383 430
430 1994
383 1178
1178 1994
383 97
97 1994
383 243
243 1994
383 445
445 1994
383 755
755 1994
383 1607
1607 1994
383 986
986 1994
383 1769
1769 1994
383 1744
1744 1994
383 201
201 1994
383 352
352 1994
383 175
175 1994
383 420
420 1994
383 1567
1567 1994
383 583
583 1994
383 1263
1263 1994
383 769
769 1994
383 788
788 1994
383 172
172 1994
383 440
440 1994
383 563
563 1994
383 1022
1022 1994
383 1502
1502 1994
383 987
987 1994
383 13
13 1994
383 1731
1731 1994
383 571
571 1994
383 895
895 1994
383 1678
1678 1994
383 437
437 1994
383 999
999 1994
383 1203
1203 1994
383 427
427 1994
383 1047
1047 1994
383 1095
1095 1994
383 1819
1819 1994
383 1166
1166 1994
383 1133
1133 1994
383 362
362 1994
383 701
701 1994
383 1123
1123 1994
383 388
388 1994
383 1882
1882 1994
383 1554
1554 1994
383 1636
1636 1994
383 1870
1870 1994
383 1785
1785 1994
383 1671
1671 1994
383 406
406 1994
383 1990
1990 1994
383 1102
1102 1994
383 438
438 1994
383 1591
1591 1994
383 967
967 1994
383 1361
1361 1994
383 270
270 1994
383 1430
1430 1994
383 1918
1918 1994
383 1483
1483 1994
383 603
603 1994
383 597
597 1994
383 697
697 1994
383 1250
1250 1994
383 1620
1620 1994
383 401
401 1994
383 1444
1444 1994
383 1179
1179 1994
383 909
909 1994
383 304
304 1994
383 468
468 1994
383 274
274 1994
383 1633
1633 1994
383 1175
1175 1994
383 721
721 1994
383 1669
1669 1994
383 696
696 1994
383 656
656 1994
383 1784
1784 1994
383 1661
1661 1994
383 1104
1104 1994
383 1778
1778 1994
383 1
383 1889
1889 1994
383 1985
1985 1994
383 699
699 1994
383 1087
1087 1994
383 1285
1285 1994
383 1038
1038 1994
383 1660
1660 1994
383 1816
1816 1994
383 499
499 1994
383 680
680 1994
383 1332
1332 1994
383 348
348 1994
383 1937
1937 1994
383 1547
1547 1994
383 487
487 1994
383 872
872 1994
383 118
118 1994
383 357
357 1994
383 1037
1037 1994
383 1159
1159 1994
383 885
885 1994
383 305
305 1994
383 1082
1082 1994
383 1235
1235 1994
383 1866
1866 1994
383 859
859 1994
383 253
253 1994
383 330
330 1994
383 1722
1722 1994
383 1316
1316 1994
383 1941
1941 1994
383 1831
1831 1994
383 1897
1897 1994
383 50
50 1994
383 1053
1053 1994
383 1788
1788 1994
383 1492
1492 1994
383 588
588 1994
383 1421
1421 1994
383 1599
1599 1994
383 429
429 1994
383 1745
1745 1994
383 807
807 1994
383 1718
1718 1994
383 961
961 1994
383 531
531 1994
383 1770
1770 1994
383 1347
1347 1994
383 1587
1587 1994
383 1039
1039 1994
383 618
618 1994
383 1425
1425 1994
383 783
783 1994
383 318
318 1994
383 870
870 1994
383 434
434 1994
383 296
296 1994
383 219
219 1994
383 302
302 1994
383 1781
1781 1994
383 153
153 1994
383 1859
1859 1994
383 1655
1655 1994
383 698
698 1994
383 1030
1030 1994
383 1549
1549 1994
383 1393
1393 1994
383 1855
1855 1994
383 729
729 1994
383 863
863 1994
383 355
355 1994
383 1581
1581 1994
383 1317
1317 1994
383 1137
1137 1994
383 333
333 1994
383 1535
1535 1994
383 1060
1060 1994
383 63
63 1994
383 455
455 1994
383 1926
1926 1994
383 1697
1697 1994
383 363
363 1994
383 1782
1782 1994
383 1167
1167 1994
383 1845
1845 1994
383 326
326 1994
383 1895
1895 1994
383 157
157 1994
383 535
535 1994
383 730
730 1994
383 20
20 1994
383 1484
1484 1994
383 446
446 1994
383 241
241 1994
383 1058
1058 1994
383 1595
1595 1994
383 402
402 1994
383 163
163 1994
383 281
281 1994
383 160
160 1994
383 694
694 1994
383 86
86 1994
383 136
136 1994
383 49
49 1994
383 266
266 1994
383 745
745 1994
383 488
488 1994
383 1844
1844 1994
383 133
133 1994
383 1303
1303 1994
383 1372
1372 1994
383 1173
1173 1994
383 261
261 1994
383 1210
1210 1994
383 577
577 1994
383 1522
1522 1994
383 841
841 1994
383 187
187 1994
383 1493
1493 1994
383 1295
1295 1994
383 1702
1702 1994
383 1541
1541 1994
383 732
732 1994
383 1374
1374 1994
383 1606
1606 1994
383 251
251 1994
383 1204
1204 1994
383 1586
1586 1994
383 150
150 1994
383 1385
1385 1994
383 946
946 1994
383 1991
1991 1994
383 110
110 1994
383 287
287 1994
383 996
996 1994
383 1950
1950 1994
383 1439
1439 1994
383 1224
1224 1994
383 1791
1791 1994
383 671
671 1994
383 32
32 1994
383 1688
1688 1994
383 916
916 1994
383 1520
1520 1994
383 1708
1708 1994
383 1045
1045 1994
383 820
820 1994
383 1373
1373 1994
383 1309
1309 1994
383 786
786 1994
383 663
663 1994
383 494
494 1994
383 506
506 1994
383 195
195 1994
383 900
900 1994
383 1001
1001 1994
383 280
280 1994
383 350
350 1994
383 811
811 1994
383 1208
1208 1994
383 467
467 1994
383 829
829 1994
383 1674
1674 1994
383 212
212 1994
383 1279
1279 1994
383 371
371 1994
383 1328
1328 1994
383 1590
1590 1994
383 1420
1420 1994
383 912
912 1994
383 329
329 1994
383 1185
1185 1994
383 339
339 1994
383 1989
1989 1994
383 359
359 1994
383 693
693 1994
383 627
627 1994
383 959
959 1994
383 1360
1360 1994
383 1904
1904 1994
383 1560
1560 1994
383 174
174 1994
383 1834
1834 1994
383 1842
1842 1994
383 994
994 1994
383 394
394 1994
383 748
748 1994
383 367
367 1994
383 1733
1733 1994
383 1036
1036 1994
383 826
826 1994
383 137
137 1994
383 1765
1765 1994
383 493
493 1994
383 1225
1225 1994
383 1496
1496 1994
383 1315
1315 1994
383 1525
1525 1994
383 524
524 1994
383 1136
1136 1994
383 995
995 1994
383 1996
1996 1994
383 1978
1978 1994
383 874
874 1994
383 1343
1343 1994
383 1130
1130 1994
383 1767
1767 1994
383 927
927 1994
383 471
471 1994
383 550
550 1994
383 275
275 1994
383 1970
1970 1994
383 578
578 1994
383 864
864 1994
383 405
405 1994
383 1833
1833 1994
383 1528
1528 1994
383 43
43 1994
383 1747
1747 1994
383 1695
1695 1994
383 1869
1869 1994
383 250
250 1994
383 433
433 1994
383 1696
1696 1994
383 657
657 1994
383 1963
1963 1994
383 1423
1423 1994
383 683
683 1994
383 1830
1830 1994
383 1139
1139 1994
383 316
316 1994
383 142
142 1994
383 1804
1804 1994
383 99
99 1994
383 1578
1578 1994
383 216
216 1994
383 1494
1494 1994
383 423
423 1994
383 1740
1740 1994
383 851
851 1994
383 444
444 1994
383 415
415 1994
383 726
726 1994
383 905
905 1994
383 1602
1602 1994
383 1622
1622 1994
383 1083
1083 1994
383 878
878 1994
383 942
942 1994
383 52
52 1994
383 974
974 1994
383 1227
1227 1994
383 1197
1197 1994
383 146
146 1994
383 1818
1818 1994
383 87
87 1994
383 1618
1618 1994
383 101
101 1994
383 1663
1663 1994
383 1183
1183 1994
383 1615
1615 1994
383 510
510 1994
383 876
876 1994
383 1391
1391 1994
383 1296
1296 1994
383 1079
1079 1994
383 1232
1232 1994
383 664
664 1994
383 59
59 1994
383 233
233 1994
383 883
883 1994
383 1513
1513 1994
383 1086
1086 1994
383 1786
1786 1994
383 293
293 1994
383 484
484 1994
383 144
144 1994
383 124
124 1994
383 673
673 1994
383 1820
1820 1994
383 1376
1376 1994
383 1300
1300 1994
383 1808
1808 1994
383 1379
1379 1994
383 1283
1283 1994
383 27
27 1994
383 1219
1219 1994
383 842
842 1994
383 609
609 1994
383 1952
1952 1994
383 771
771 1994
383 665
665 1994
383 809
809 1994
383 1456
1456 1994
383 925
925 1994
383 827
827 1994
383 1580
1580 1994
