2000 4000
1281 67
400 773
157 1003
1897 1054
47 1740
1418 955
1961 1720
30 803
1970 801
615 790
415 1129
1111 947
1468 1689
406 163
1252 1277
1503 1063
1802 306
1613 1164
102 1867
1009 100
1810 1623
1203 21
596 1527
1972 541
504 1682
219 436
913 608
373 1709
1869 1524
131 551
1849 1448
692 1509
1701 531
821 997
1614 1984
532 1892
1734 72
1478 1066
1946 953
1832 680
1459 157
1878 230
311 1447
1958 353
1537 1265
616 374
437 584
713 1502
1902 1687
1828 349
1730 78
945 1713
866 925
438 1674
1974 531
1460 1596
668 531
507 604
1982 1344
1295 511
870 896
1776 917
1157 1547
1137 438
311 770
1987 575
160 1052
1772 281
1868 1791
1294 339
217 1697
582 236
650 1411
1195 1931
771 1131
244 721
954 298
1751 1619
1681 1137
1626 785
415 1779
1040 15
476 1086
1129 1524
929 1206
1295 1682
1398 1576
1605 119
1593 1781
459 863
640 1971
139 1200
439 90
562 1342
1768 1349
153 86
341 1827
1714 1295
1172 467
552 1460
1846 114
338 491
637 673
1015 518
505 422
425 1391
18 629
1809 818
685 665
1990 390
1605 1965
793 712
1558 6
379 211
618 182
63 894
600 856
851 1306
1709 98
90 1545
214 91
1403 1083
478 730
620 1820
1623 58
626 181
970 1115
975 1014
159 608
1961 399
627 1075
622 546
149 1435
828 1597
477 950
1120 1046
1063 1777
447 1144
245 1845
1306 700
152 1825
1613 112
1806 1287
1671 1072
453 447
1158 541
42 1557
1194 390
413 1018
432 839
1565 1863
1152 193
1397 1727
746 120
258 1558
1300 224
590 1816
1179 854
1394 148
743 493
158 1560
1589 1222
292 1532
1272 1202
1180 971
931 165
27 1954
1099 1098
683 170
1616 1832
368 1143
1692 233
1856 812
166 994
836 219
295 271
35 1088
539 1020
671 1606
763 665
123 901
1783 1623
1829 453
411 1862
926 1756
1072 566
351 1409
1606 236
610 1309
1641 975
536 592
711 1533
68 272
1729 1050
1199 1076
152 220
1516 244
608 665
647 1456
112 960
936 1017
168 260
597 1327
1392 821
868 817
1075 565
1973 753
299 228
760 1576
1585 1883
117 1123
840 118
1877 391
1451 185
190 1630
962 1633
206 1005
1773 1095
1353 1941
363 15
490 265
1071 311
839 1388
1360 1134
1205 254
1331 305
345 843
712 1194
280 1916
71 1464
1549 978
1642 1533
571 170
1194 252
585 389
1552 1023
836 163
259 710
645 819
477 1436
1660 1230
615 841
1223 1025
1030 782
1135 594
1665 140
896 281
61 152
670 1791
1027 1384
199 93
29 773
1617 1339
1246 442
1591 889
1375 428
210 889
586 328
726 1037
506 1589
1280 1505
1125 1728
914 116
1287 1882
124 993
984 1913
1314 1322
576 688
1969 1
1215 1574
1259 475
1649 214
1123 1357
1102 1566
134 1867
1421 296
406 113
1319 1455
654 119
373 1937
1487 1081
302 1019
961 1228
1866 1836
1560 1641
790 1384
1115 1940
624 1242
1224 1638
320 70
898 1133
1208 345
263 268
697 96
968 1711
518 925
1429 1918
1310 1356
882 1777
1861 820
1679 1566
399 181
1035 1886
234 523
106 72
1874 359
1421 428
525 728
915 279
1314 1015
1943 422
814 1605
160 1493
1505 1487
1595 1923
40 955
1964 325
1568 968
1734 601
492 417
643 1367
348 1845
719 1677
1615 797
1583 1819
1134 1246
1287 255
729 1813
253 53
1414 1010
480 313
886 1289
1942 1505
789 142
848 832
1835 1033
1384 1323
1134 1987
469 1259
268 1011
1751 1560
27 947
1776 21
535 994
241 1300
75 544
1797 1146
228 1848
65 476
1350 1809
706 792
1303 538
6 1747
1198 1470
1277 1141
1527 664
1701 242
837 847
1701 382
299 1549
1398 1121
754 1573
1829 741
1679 1691
58 739
314 668
1452 1858
195 440
1012 1788
805 1340
1962 815
309 1874
1078 38
705 1500
670 1048
1653 1783
970 395
1945 1575
1308 1371
1355 965
1603 1464
1202 1662
1616 1670
1856 1326
1394 1024
1715 72
1158 115
479 1872
1108 331
1482 135
623 1928
1147 389
741 1580
1549 1326
1701 596
1789 1584
335 1955
706 649
1575 72
1965 476
431 46
1928 1404
235 1015
972 1843
411 1411
751 1662
1386 1061
1346 536
142 480
671 1113
1649 1286
1895 683
1584 617
638 709
555 145
498 613
1663 1875
1100 441
1963 522
1387 1628
573 1752
1593 505
663 892
1175 41
185 1269
32 987
121 860
753 565
1269 1235
238 327
1935 1714
1459 1452
665 1680
1478 500
500 854
1097 941
1161 1677
1346 70
465 287
1612 781
1286 1178
912 726
96 1589
1391 1261
1440 796
1054 1289
1104 1418
1635 1735
1010 683
703 1374
1871 179
1066 1109
1405 728
838 1572
820 783
1639 295
1024 701
961 1352
319 1283
1533 1901
973 1571
1135 16
26 1503
769 291
1298 1501
326 805
476 953
972 1158
25 756
534 709
813 1644
270 1605
1437 1526
996 1602
438 328
1324 1044
1721 549
1235 740
1421 717
1494 1290
1437 1472
1705 747
190 1867
854 1847
1251 1717
199 1894
1137 1937
993 1930
478 1383
280 361
626 99
1390 440
417 1974
390 1437
560 451
959 1418
604 936
915 1617
1179 266
562 602
788 490
269 473
112 829
1668 1433
1342 1194
1419 1136
628 594
1635 433
779 1649
227 1595
309 1201
939 1703
1594 1849
1003 1191
304 780
1421 1715
591 732
1200 221
1536 1233
996 450
232 195
117 999
78 152
1122 353
681 70
1889 1751
653 1391
406 685
1792 699
1431 526
238 1707
1638 290
657 1642
1557 1233
898 1408
1438 834
1389 1966
386 1840
1813 426
1345 879
759 1527
1064 1903
957 411
69 952
1805 1685
1469 407
672 1253
1682 799
544 1075
1124 1997
1771 508
1809 32
906 1627
1199 1842
1504 1207
537 442
1265 1956
1082 1205
142 1292
892 1694
641 1095
1615 1524
772 1140
977 1732
1145 1014
1751 570
1153 969
964 900
913 945
1129 1536
1359 1620
214 560
1877 743
1150 248
1024 426
1140 99
283 1006
1629 673
399 1776
1801 997
1629 717
529 1362
1896 1846
914 524
949 1467
616 1683
354 1758
237 1089
218 768
1917 641
191 1349
1212 286
526 769
1208 1545
1794 1117
100 1493
797 1628
870 962
295 1687
1877 1053
772 1556
833 1276
1055 1760
1506 537
1346 92
1949 276
293 1406
791 1734
1636 1250
884 608
1004 482
512 1783
161 423
1677 727
1613 303
1492 1526
1303 1976
545 1903
1134 1340
1653 1393
924 1983
1915 1172
364 604
1117 1890
1852 1005
1622 401
1214 893
1173 1189
1634 1842
1316 861
267 536
1243 1772
620 1228
833 792
981 1705
24 823
660 1511
1291 1555
839 845
986 946
1443 1385
220 1151
631 416
1213 922
380 105
30 295
627 184
1641 1650
292 38
1044 228
1748 303
1877 725
1251 1757
570 1909
1689 514
739 1999
1670 522
909 1082
955 574
654 154
1163 1803
898 1401
59 657
182 708
1014 382
8 243
1651 929
1440 1931
1827 269
685 1119
1555 1667
183 122
1352 292
339 704
1754 1993
1188 515
247 865
759 734
1134 1737
590 1778
737 1191
692 1105
947 620
883 862
1017 1420
1274 1340
1275 1822
1982 504
1910 246
1204 1815
1453 1471
796 746
423 1505
1102 1163
642 760
1277 132
1593 124
469 1384
1144 96
1211 1121
1080 870
152 624
77 758
1265 889
1416 240
425 625
1237 256
168 523
1152 1358
502 1631
783 975
12 1717
716 1629
1932 1393
672 1398
68 868
583 170
1038 665
361 1557
1590 136
1211 1549
138 1964
1403 86
1073 1574
828 1800
582 1721
1603 633
1747 1566
952 978
1715 807
625 898
112 1638
1194 1361
1109 693
1934 1218
1803 1207
1552 1717
80 253
983 748
1651 465
1303 1766
141 1967
1797 1140
610 1358
632 1285
1331 281
404 1767
1283 1311
1854 316
539 1270
1652 1062
1117 1186
1883 1097
1081 993
1707 1150
1559 1941
61 513
1378 1183
183 655
98 579
581 50
1724 1503
1970 567
966 872
1442 1798
1526 167
1626 1609
1993 1301
995 307
938 527
1214 1796
1898 63
1495 1900
1657 1616
884 264
1250 1895
1319 1312
1477 646
970 936
1877 1309
1330 1975
462 1444
1332 688
72 597
405 763
1653 542
1593 734
415 751
1165 1667
358 1055
797 1974
1627 225
396 668
10 543
1617 833
1992 451
1309 721
1133 158
1645 1370
999 1282
175 1512
830 84
1272 1255
1568 950
1602 1580
1118 497
381 20
1568 1489
450 1659
936 827
912 430
1955 1338
704 248
270 1243
249 410
1756 1846
1797 884
1721 965
1620 1902
1414 77
1089 1361
113 67
1566 175
1970 1850
1697 1250
1566 1471
1965 1922
219 935
816 1597
1641 976
360 147
887 1572
1267 10
1829 1336
754 1651
1069 1969
1766 1920
1357 1661
1421 1565
931 750
1942 1391
511 1014
661 377
657 154
1290 1465
1186 960
921 1037
544 1748
1145 118
50 960
256 1795
839 1037
212 1536
1398 217
723 833
1821 128
380 1571
766 1452
1481 610
826 959
983 1615
1352 1031
1472 1639
1175 1775
91 363
1402 353
1864 580
437 1796
1225 861
1407 1980
812 1072
368 1592
1151 353
1307 457
537 491
118 1528
47 1259
718 1381
639 420
285 1421
1713 30
118 1117
306 199
1537 438
470 1170
32 143
45 645
425 1473
526 1243
18 786
1109 1598
439 1936
1131 1001
1161 140
768 276
1047 120
1540 1759
1772 24
445 1133
1922 1397
1677 1536
753 60
1814 1387
880 1720
1297 290
1286 1736
516 1614
665 235
219 1173
1662 1056
1157 1472
462 811
852 599
1418 30
1820 1522
1026 475
1104 839
384 833
78 1465
51 297
965 1644
450 1929
1614 879
123 1839
698 533
1831 1393
1917 623
293 1419
74 1066
484 1110
1019 1364
1036 649
1470 1861
1396 1955
523 61
71 918
1149 1148
297 442
724 740
1388 1985
698 1247
772 1554
999 833
1649 595
929 1237
1584 1200
585 1805
547 1477
99 791
1699 1691
68 308
924 825
1680 1987
711 1047
1525 1712
1826 223
26 1446
812 1250
148 1202
992 832
206 1175
1922 113
1207 1233
1498 272
1022 1201
1554 436
587 501
1475 1838
655 1393
14 1660
1309 1158
688 64
263 324
1212 1334
1340 1779
1646 889
73 1464
1697 1056
694 1671
642 1452
163 4
1803 1320
1386 1133
1763 1457
1478 1441
1457 748
1058 223
1333 384
194 1514
1014 1219
1923 726
1591 1096
1908 1580
1528 1966
1992 303
1552 218
259 1120
1395 650
1952 788
225 1324
1120 570
196 880
827 1740
969 1535
1013 416
1105 530
770 3
1095 967
298 667
796 877
154 238
1318 81
812 1998
86 1998
521 901
747 1968
1732 1936
348 106
736 457
1412 1761
845 1409
1565 571
691 19
59 446
863 409
774 1542
1325 692
137 479
449 1398
1394 1694
238 526
352 92
184 1839
1617 1521
1247 1605
1092 1259
846 1724
1639 1687
91 1092
708 142
1773 2
1724 181
1424 1746
847 141
1094 1747
1113 741
758 1403
1182 531
381 522
627 1834
651 814
1153 310
1193 1257
185 868
1284 389
1442 710
169 221
1339 1392
1218 615
1264 601
1068 898
610 1584
1786 1090
13 1741
421 1287
1382 447
367 526
1529 367
359 516
1936 886
533 1029
949 1745
102 875
972 281
1829 853
1977 600
1403 724
1567 607
553 1132
1332 1419
349 1964
1635 1573
1608 45
1341 1063
851 1641
1409 1225
583 1881
1681 1027
142 343
1945 946
591 393
396 1961
304 1086
1951 243
717 1356
264 1810
437 710
421 77
431 272
131 453
1467 677
14 1825
608 1391
1729 1847
882 1838
693 312
695 1152
882 521
29 901
1472 1887
817 971
423 813
1738 789
1333 369
1875 1873
68 161
1719 172
1784 1431
494 658
208 388
28 1616
408 1514
1250 1045
1764 795
1341 278
158 613
523 737
706 1688
474 1399
740 1514
289 666
745 1280
1165 228
1301 835
525 1068
1848 198
1747 605
643 1470
1466 320
1896 616
1614 1880
846 60
1388 1941
87 379
104 1518
1437 1780
30 1629
1891 1551
1054 1929
1938 1740
679 1715
1158 1510
408 728
1531 920
976 1249
291 1391
1976 759
8 1817
1443 1066
1319 1593
80 398
1850 335
893 336
1610 674
818 1918
1803 1527
506 794
287 1635
1704 1282
1174 1870
1023 264
435 1349
1768 207
1147 654
1421 572
1019 1103
952 75
738 920
1144 1531
326 1072
1615 989
270 1532
329 1539
114 33
1101 590
179 1515
1887 1115
220 1242
1742 538
1874 1416
1101 1070
1078 1056
1002 1971
322 1605
332 1342
1198 1518
495 1194
294 1162
1365 514
1460 865
1720 1370
262 1130
1640 164
1201 1756
518 1573
1498 1545
1287 727
1743 1269
1794 985
541 996
429 495
909 1020
885 428
1362 486
1674 1824
1686 932
438 1635
297 877
874 188
1163 1750
455 1842
1363 1019
351 741
1427 1263
558 1610
1296 1233
379 592
901 346
1386 389
120 1398
1677 672
1200 946
1858 1328
380 1503
1966 1777
794 981
204 1364
656 1209
1694 1453
699 531
1498 1091
42 1497
1219 580
1669 243
113 1369
688 1810
1128 1129
1942 1100
668 1024
1056 126
1148 1585
1164 1136
811 148
288 178
1672 1259
1861 1923
1931 1352
1665 1346
871 1059
1699 1110
1214 1445
1983 263
97 242
1351 1033
1859 1207
1220 1513
690 397
1284 841
1839 1535
342 1546
1351 634
744 66
1653 1368
724 533
251 705
1334 1793
210 1493
391 534
1207 1378
1833 1358
702 1189
171 1801
638 42
715 1725
518 999
966 693
863 1428
1821 1479
374 1437
50 515
1 558
230 1024
1884 750
1518 1907
1992 1213
505 1118
494 628
361 922
336 927
352 259
533 1621
621 121
1523 1445
1974 208
1390 1239
601 94
1863 157
869 1866
558 203
1485 1756
721 667
765 107
252 316
1460 1670
1693 29
1870 1818
1746 868
1861 1556
1032 1554
490 807
1205 702
1611 1747
731 1940
540 470
656 487
925 1690
1276 967
1152 1973
394 1508
1118 1533
1831 478
1349 730
1515 797
1245 1458
961 107
391 1143
1715 244
1990 562
225 490
1620 758
1986 583
214 1720
1581 692
1477 2
1487 1925
1229 299
1615 1851
1843 85
1539 1267
1024 1545
1920 398
1763 33
1079 147
568 409
480 415
953 1973
663 363
212 141
364 34
958 1027
1325 1727
1296 1418
935 846
1663 123
292 1332
706 1508
973 769
655 774
468 1371
72 963
1048 1202
1405 1487
638 1118
894 731
176 248
1647 1672
141 1121
1456 183
350 3
331 1455
1925 1453
162 1387
816 887
1791 1981
1426 1647
780 31
703 309
472 1489
1133 724
285 1633
1509 97
747 1123
1011 930
43 794
851 1406
1171 127
1307 231
1532 1991
141 383
390 877
1599 267
578 751
1298 602
596 183
954 1491
1884 1173
738 1416
1990 1914
742 1607
499 1771
651 1736
11 716
1009 1216
1582 855
1117 647
1439 32
711 1786
616 97
1066 1093
1172 746
293 349
1045 1841
573 261
1231 1060
1621 1084
835 1537
653 1647
917 594
1440 1617
459 14
691 1158
1695 1464
1544 422
1286 1140
1686 774
1996 652
224 155
1540 74
737 1556
737 1946
1623 1574
780 338
1978 515
408 449
14 452
1154 1233
1149 1395
849 1766
173 1327
1017 1125
1788 1429
878 899
890 66
188 1361
956 525
1174 31
213 687
1653 730
1485 297
775 1081
1921 458
1660 922
446 392
818 564
1893 1908
1530 1015
68 258
159 702
608 169
68 1778
1481 1190
421 1284
362 373
842 1292
1006 1667
348 1404
336 1394
1703 224
1115 477
195 910
848 350
164 552
1389 1599
181 1641
1914 601
1556 600
1125 942
189 76
1220 1924
819 1170
84 1995
1019 628
234 1504
1304 1394
341 1800
1267 1365
1246 873
865 1742
233 549
807 762
1297 1797
929 1627
1887 995
1195 43
163 968
1851 1093
1743 1763
1494 954
522 338
22 1146
14 948
981 526
1503 1528
1481 229
1380 1366
40 444
1455 1433
352 1894
339 303
515 1650
84 1658
1068 1662
1868 1174
393 1047
1816 354
1866 1262
699 470
854 1519
9 114
1068 1789
790 647
31 1368
703 1805
1137 740
1682 502
686 1930
1542 120
1616 1492
1628 1228
1090 1964
644 1752
907 1964
225 1326
1129 1311
1192 1459
1851 649
721 768
1647 16
1429 1928
620 1846
1275 1061
1733 174
1619 1319
1239 1326
1319 562
1686 550
609 842
486 1759
1878 1668
1949 573
827 969
1785 1781
1398 1875
872 1930
614 1203
436 606
1378 1736
256 1501
1313 1125
265 985
743 272
829 1605
1502 753
1434 323
597 311
663 1707
681 581
1239 552
1516 1630
1537 634
763 1559
1488 81
989 1524
1276 1297
1570 1541
1928 1258
321 1706
282 1224
325 1475
1093 1289
1608 435
1597 1563
331 360
546 1796
1767 1420
555 960
1523 1865
28 211
742 647
1674 250
1237 73
1265 507
1549 31
767 1228
1343 891
667 1813
1635 519
1321 1119
735 923
1625 675
1300 614
1634 1491
1366 1166
434 696
1919 155
1014 233
1827 490
942 44
1737 469
1871 1890
499 204
575 508
173 1548
1435 488
562 1814
983 1758
1943 1500
1294 621
64 1442
1964 124
1523 659
300 1631
1907 42
153 1180
56 1640
1620 750
712 521
1816 206
1909 1073
123 1471
548 511
1466 926
1033 989
606 1929
1129 1981
640 1444
1783 1621
741 1252
181 1145
1782 997
1648 1183
16 1635
492 821
485 1386
187 1525
1576 920
1170 547
1467 1669
1297 1281
583 845
1215 1795
1485 1796
986 1816
140 1908
412 734
583 447
522 50
1553 447
958 793
142 249
84 1485
1874 1166
571 1496
1621 1586
348 1176
986 1526
1882 1489
244 839
762 490
1111 418
560 1242
1624 688
1360 383
653 168
1554 1264
1851 360
1337 1817
94 659
481 993
1443 310
322 698
981 96
1313 614
466 1437
520 733
359 388
374 1185
266 1113
1282 1265
1278 1503
99 914
1006 1430
1135 1179
1669 579
489 1054
507 508
925 1714
979 1843
275 1360
1410 144
1500 1281
760 1543
1681 758
852 288
1119 1557
242 783
336 720
843 537
1432 361
900 1190
687 950
1548 13
1749 732
1733 7
652 747
542 539
832 1764
41 718
1635 971
1244 1968
359 899
1422 1149
1056 761
87 39
1569 1685
316 422
1103 27
574 941
1620 1708
530 1561
1143 559
1061 1079
1295 588
1169 203
800 120
162 1398
113 313
1445 40
113 1866
1825 631
1383 1963
628 304
1598 1676
496 1873
110 1581
1494 72
1652 1578
698 1296
113 992
1248 1870
506 441
423 1340
465 720
1723 1509
466 289
1211 907
779 751
1959 206
585 1389
1982 1701
1482 1866
805 1766
1446 1369
1702 1966
1653 1993
1482 1145
959 1113
1695 1022
643 256
361 1536
1990 133
1202 1877
315 217
229 1023
937 1099
803 469
1827 680
1958 1925
1628 1577
706 868
1239 1531
912 525
478 1896
1672 1756
1800 550
1019 1637
1328 1199
631 704
1821 1382
1984 872
1994 1556
945 1545
267 470
550 462
1917 1221
1817 1218
1415 1694
14 1734
1003 1985
900 158
879 13
155 318
1786 1572
1828 819
1273 254
1868 793
1923 262
566 1510
332 963
627 1279
179 833
1642 899
815 1577
1845 1249
502 1254
1876 599
376 350
747 1846
1705 1341
640 1964
1679 1656
1036 1812
1291 1193
495 1686
353 1814
529 134
105 508
1149 81
737 499
521 249
1871 1214
1670 309
170 78
1164 623
1801 1429
627 689
814 1574
699 417
399 722
1714 216
525 1561
911 1804
120 1620
21 1656
176 1796
1081 266
119 1921
1748 987
1132 1812
341 508
1414 1777
363 256
318 1850
406 708
1524 1411
928 710
1773 1822
1871 1613
1868 1636
1980 1172
1566 803
369 338
888 1537
1815 151
917 1184
1437 962
1280 1799
1917 1566
1621 136
1775 1663
467 1356
1778 1320
1489 1147
842 905
1039 462
177 396
1494 677
1292 83
883 757
502 1130
646 370
1563 436
1074 455
556 1681
828 1129
1600 1887
341 1202
1202 1614
1247 119
830 1339
1865 1207
916 919
435 176
711 1284
1981 272
1962 1044
1012 713
909 504
1889 1470
1236 1100
598 1204
631 366
1104 1997
84 1759
1692 286
323 132
782 377
1902 1
313 920
969 1078
856 478
1039 737
1928 134
1616 1743
506 48
209 206
239 474
188 107
976 390
1146 182
1603 202
1668 1186
1028 389
163 1558
1612 1377
1708 1029
359 1782
1063 662
1612 756
1422 1747
1169 1873
1644 780
1207 1048
1704 639
1305 433
1530 1212
297 275
1688 208
67 1818
1229 297
1143 44
264 1422
1082 1737
974 50
1292 345
1003 233
576 1602
401 1125
956 383
617 1397
577 1907
1988 481
1580 705
698 362
1536 597
952 1419
1096 1326
789 254
316 475
628 708
1058 790
243 867
414 1919
1395 797
1484 304
1698 545
1321 863
1558 315
1723 323
917 1316
1628 1623
1328 1678
866 1837
627 1265
305 1045
1902 1195
960 676
1120 287
330 1422
319 1648
1947 345
1241 1992
733 519
1551 546
439 890
1861 1490
1943 342
351 1866
801 1277
703 114
1868 465
1543 1616
856 1608
1494 1605
119 1204
1672 1420
814 1095
136 1609
995 1575
1556 1746
270 557
399 921
1088 1454
1414 141
89 1076
1445 764
943 486
653 832
1190 1680
741 1954
1905 1934
1797 1387
1086 366
726 1123
505 460
832 1990
205 603
1697 1752
1342 801
1345 1774
1021 268
1408 364
1304 1556
657 159
1094 1780
1747 1904
532 1351
54 1691
1431 1430
321 498
1598 1719
487 782
1577 267
1992 113
1855 322
934 1003
644 501
767 1673
1014 1586
190 1124
1685 1188
358 963
1639 1016
9 1172
1371 1515
1483 1954
1995 1774
386 241
1525 1897
1814 340
144 748
1995 1475
931 885
103 217
438 724
475 91
1699 697
1832 1624
1400 1567
1180 727
1354 1951
1721 1332
897 218
1172 1648
1020 114
1805 1900
1019 1396
1306 367
195 1585
1211 501
186 1299
151 1772
63 1474
1410 1710
915 705
1250 640
255 310
1308 1784
394 281
1699 196
1952 853
43 796
1977 1023
363 1737
802 1784
796 783
1934 352
982 949
1470 161
1615 1827
454 877
334 357
1132 527
855 1921
1232 387
1526 128
1971 1885
976 1656
1316 722
281 283
1685 1773
303 1614
790 207
1042 756
1564 156
1388 537
466 779
1553 1697
917 1413
755 710
30 1876
1823 978
1344 231
1604 1190
1962 801
813 1870
1207 644
1874 1889
195 741
726 1109
443 544
1851 733
616 1316
703 606
1527 1665
1355 2000
1495 948
466 1769
833 1682
1980 1397
798 469
1096 1586
835 174
1090 71
789 1269
1729 1648
359 1605
38 58
515 129
1344 388
1721 1724
1936 1388
1405 94
1012 1379
908 1227
1325 1588
101 90
1206 45
1143 793
1086 149
266 1292
375 507
425 1137
1540 1091
1364 1523
1121 1941
640 1131
960 212
753 1069
1855 4
1193 1180
497 331
334 1943
229 1680
1020 1636
1425 1242
1237 1030
1826 1132
958 391
1938 1673
1214 1017
1174 880
838 1959
1896 773
195 986
967 1945
1655 396
819 1356
945 1171
819 152
856 1912
153 921
1112 1669
763 1414
641 1124
386 119
1309 100
422 1946
1831 1880
610 279
918 1070
593 584
1675 1762
1468 358
1478 1721
255 1664
452 1089
535 347
953 943
1426 1218
424 47
1566 1223
1783 1398
889 1127
1262 1804
828 1875
1617 803
1140 500
1976 265
1799 1390
1600 214
1383 1924
1785 87
1562 1330
1763 280
1983 1987
917 130
239 1528
985 1596
649 255
1956 1889
1463 1279
1759 136
341 914
1007 1627
901 147
1967 1808
487 932
778 1534
1957 965
982 643
244 505
1879 1203
1964 60
174 950
1033 1788
994 212
303 1696
1429 277
1052 1017
1726 611
552 523
483 523
930 679
1024 1335
726 1645
621 1730
1323 905
1579 617
1723 691
692 428
452 1825
1509 522
1330 351
28 1538
1483 1585
657 18
218 588
434 153
1915 906
825 1292
1857 1324
880 638
27 38
227 394
441 1865
1398 543
1298 1207
1376 954
896 44
244 678
1427 945
350 807
114 393
1718 556
1902 1890
697 1090
1308 215
889 1299
1252 838
1513 1453
519 511
609 558
4 614
720 391
1346 1211
1785 1707
548 729
599 1830
1167 1433
1923 757
863 651
1378 1764
91 1030
295 1651
704 518
1167 502
759 1627
1711 1734
399 1128
1407 701
1543 720
1368 1938
853 230
610 1278
1692 1496
204 333
1609 806
1127 1667
770 1325
693 345
864 790
179 1009
1579 1428
381 1098
438 1085
467 1332
1316 813
1701 123
2000 1241
640 297
378 405
14 739
1783 1018
978 1477
313 1791
1906 586
687 984
2000 1682
806 1140
1739 1420
1054 1332
1622 493
389 1317
599 154
656 468
429 404
1746 215
119 1355
1734 996
65 1215
1322 393
229 788
239 94
1305 946
227 490
281 106
623 357
1466 1888
1289 607
1218 1933
1783 608
148 1666
1070 1292
1889 1955
1215 1753
1117 940
1494 181
1487 1359
1394 74
64 511
1172 186
551 1932
395 553
331 527
1620 1930
1002 1252
13 941
856 1663
46 1076
1543 1672
1847 1567
340 1924
215 861
1434 510
50 56
1988 1451
88 224
1731 348
765 774
1287 227
288 1203
1586 1877
1456 615
1789 1000
123 1767
1907 1113
383 1796
721 1782
1549 975
446 41
549 304
961 777
174 1084
1872 904
941 410
2000 1347
1391 1835
933 888
999 843
1904 103
353 243
309 25
432 567
164 831
1188 1887
835 856
1323 607
96 316
850 564
879 1223
1427 1664
120 1228
1593 975
1014 1124
1178 1214
1158 570
1450 229
871 246
1323 1277
145 265
409 552
1518 1233
337 777
40 1419
20 949
906 527
1551 626
1062 1580
502 40
1246 190
564 1071
811 498
1337 1294
1460 1342
1439 1594
952 854
1724 1902
701 631
49 654
1569 606
1466 1245
1431 1003
904 867
304 1946
60 1986
1865 1910
1013 656
42 1876
1264 906
1799 568
1377 529
15 1156
723 476
1309 722
644 303
355 1288
751 42
409 1223
363 860
248 17
356 1805
126 1126
575 715
876 141
657 754
1645 331
303 1591
1016 717
1997 1030
242 1171
508 1628
1958 1442
1203 254
881 608
75 972
1673 168
1811 884
700 1543
774 873
74 295
928 1798
80 1056
1946 334
1808 1347
1166 798
185 1524
1326 872
857 709
1526 21
1917 1924
1774 1806
759 892
36 1990
1683 1883
1913 1400
1052 391
592 260
1156 695
784 498
574 1762
527 1370
879 1160
843 683
1373 1964
1063 772
523 522
787 986
842 1681
1390 1199
1901 1700
58 281
150 1600
88 289
1322 1752
1471 1084
1388 1148
1258 406
262 203
1956 847
137 87
1909 418
1415 879
29 1347
571 1809
1 253
64 828
1990 137
901 566
1875 673
1296 1445
596 212
1630 99
212 1351
83 1098
501 523
251 1824
224 532
447 1903
895 1311
265 1085
494 1514
14 1096
1610 708
1571 865
222 992
1601 55
1915 293
339 739
634 840
1329 400
1699 1827
910 898
1213 541
433 1090
85 523
1484 664
914 1012
1982 933
1740 886
841 1160
214 1186
1812 876
656 412
1432 1680
1331 1292
981 940
114 437
1472 1648
1340 1980
1391 149
1100 1693
1544 972
289 1959
1159 1200
159 1270
1124 567
1404 493
1023 598
413 920
825 979
1923 1558
1893 754
1182 368
597 1071
1170 1214
1087 809
367 196
1641 1107
1158 706
1860 1017
1257 1778
1963 526
1298 1153
1428 907
1448 124
737 551
743 1970
255 1269
1929 768
292 1112
463 1854
476 1330
1311 993
2000 1750
151 753
1102 1457
789 778
1399 831
933 443
900 429
852 432
1011 791
728 1388
1371 880
1838 1157
531 570
1131 1432
1352 1139
1962 1433
106 381
669 1259
779 196
1986 837
1388 1446
1457 1666
1908 1306
1221 1663
507 1848
1036 410
1259 545
1739 1398
1807 1579
290 1613
1336 1592
1382 599
1445 85
601 938
1079 1432
1610 513
1905 404
426 607
1740 550
1387 161
296 725
1678 751
227 1934
1499 592
1685 1099
830 1000
1273 1073
9 965
1068 1483
1946 1538
1256 1175
1686 160
404 931
1053 641
1212 577
380 1150
223 751
952 697
204 1086
790 712
927 83
686 975
887 861
1818 1660
48 358
1715 204
281 1763
1064 1284
1775 102
1038 275
188 1904
81 1203
257 1133
499 1028
1318 1731
973 758
1332 1997
32 954
1736 1434
1532 596
793 988
436 404
982 384
1943 639
766 390
1708 446
866 1018
184 1688
1028 751
1446 613
1804 545
1167 951
283 1157
460 718
1290 1049
1244 1644
111 1556
1117 1840
1534 1185
1901 1664
1727 746
1859 720
622 1328
1307 280
828 638
1940 560
177 818
945 780
312 648
1069 1800
500 1953
833 535
1316 1611
1273 711
1624 1313
1974 637
240 1156
1381 649
1478 1595
576 824
1847 1028
1503 939
1775 1662
542 1366
874 1636
1783 1401
1867 1131
509 200
1661 1441
1608 562
1777 643
1603 1711
1913 75
1862 1161
1456 1143
1281 1683
713 250
1138 1910
1667 1656
23 919
770 1385
609 1960
42 1340
209 1213
587 1626
1518 429
989 1223
424 1768
1123 1740
1765 1447
423 484
1109 525
1910 1804
1150 1159
1339 656
1386 1480
582 1965
1475 1165
1292 1675
1418 646
1425 1105
1815 225
111 1596
301 1939
696 1539
956 1055
1516 1521
1562 450
187 482
854 28
1149 1538
1289 1977
1593 1685
1553 1391
1637 1945
1443 921
571 1334
1445 711
864 684
868 1085
1267 947
386 905
1825 1653
1292 658
1743 743
661 925
1637 1871
197 479
1614 1486
1755 1943
1683 334
959 1555
1795 1773
451 1105
1683 1839
1827 1866
1733 898
595 1904
747 527
1727 407
1304 1360
1127 338
934 857
1574 1269
1252 85
918 948
1130 1935
889 440
911 521
537 1221
52 197
1791 676
1166 164
1647 401
223 944
1430 1288
164 79
60 1494
583 554
43 37
1633 1414
1572 394
1963 402
447 1651
1575 240
15 252
631 384
1518 971
482 1207
1391 481
1645 845
1787 289
1272 761
1082 1907
813 218
227 798
70 216
1689 198
334 1477
1911 665
1873 893
776 1889
1848 1527
782 122
115 628
501 480
680 1481
992 32
1652 1584
147 555
1669 473
1214 272
334 1201
1474 1393
900 486
1122 543
659 1188
900 169
364 265
1297 991
1819 1899
490 1466
46 1399
1194 1986
103 1011
175 46
1088 1509
662 1174
896 1712
1765 228
1228 575
126 356
190 895
201 996
661 1997
726 1281
1719 35
680 1331
990 1176
909 1099
395 724
1209 1756
946 392
954 280
1745 1922
367 1221
314 1603
298 1843
186 326
966 6
815 82
1923 1524
89 1891
608 91
645 1120
1096 1448
442 713
1032 33
592 1071
1593 24
743 901
1593 108
866 964
449 816
885 2
200 996
1985 1914
547 693
14 1789
943 531
1836 1776
261 1338
1145 119
1509 758
513 1735
1872 1072
1468 934
484 456
294 375
473 136
1408 1833
1590 1267
197 429
21 249
1814 1004
404 1301
268 1425
1941 1640
155 1949
1251 151
784 276
1694 431
411 1228
1956 885
592 1260
513 1021
200 1716
1538 371
31 344
223 1180
1000 779
1347 1578
239 137
1672 1016
1580 878
1666 559
95 705
1561 235
1092 1075
1683 30
34 1656
912 482
358 1047
1588 116
724 1980
272 1943
523 491
182 535
532 883
1920 893
429 513
1160 1640
1729 1687
275 1320
1428 1701
1009 920
730 602
523 453
1141 1705
625 153
1511 700
1954 317
889 1302
238 1124
209 1549
1837 522
1956 1532
1473 1984
599 388
817 774
1579 1217
1901 360
1943 825
1315 632
1504 103
1445 159
708 170
1319 1617
517 451
1806 795
507 647
317 1098
1355 110
917 1185
1975 996
703 763
755 984
1464 1455
1571 518
924 299
1248 434
1377 1223
471 1745
115 1572
722 1689
1048 1377
1599 209
1980 1250
1228 251
1418 535
1366 1119
880 1387
276 1881
963 1342
298 1848
15 573
48 859
441 568
786 1951
86 123
1826 1998
263 185
404 656
616 231
448 719
843 460
1781 449
635 1608
866 1062
983 610
1433 439
1698 1672
1235 1459
1402 1511
607 1466
1016 799
1894 683
161 405
1810 493
1077 202
505 450
1818 53
1100 1666
1674 1220
371 1118
1370 1935
461 134
181 1757
577 1777
1424 1679
666 326
1564 912
1873 1359
448 1811
1735 1210
1247 279
1562 1501
1225 310
1154 393
390 324
1425 434
1554 410
1030 1615
1366 1636
325 1244
299 1188
771 1670
476 1898
1659 647
561 1975
1813 892
1916 774
569 354
498 823
1952 317
1439 947
1395 866
898 277
1456 90
1007 1692
1646 1550
1225 522
28 1817
1003 1140
336 415
1235 887
1245 199
286 1376
1954 371
969 1385
25 929
1570 1730
264 660
538 1318
451 157
1248 1901
288 1754
660 657
1562 1220
311 940
582 324
1043 1336
596 1384
1361 199
321 1801
733 1865
1600 1059
1224 1618
1003 1189
149 635
976 1170
526 1994
825 1507
313 779
1964 1060
1530 235
943 1131
1998 347
1909 909
1393 993
935 678
1979 1074
1595 1885
794 68
1107 527
1506 1409
337 877
972 655
804 1543
248 316
895 1845
86 405
1846 1906
1756 486
1674 412
53 1698
720 1719
1558 1402
703 1758
1498 519
1298 1564
1832 1919
52 286
1404 1589
1927 1889
1834 1817
1717 387
1408 1256
552 492
522 1691
1561 981
1870 1623
975 509
1375 1767
1122 1369
1263 1625
1283 383
1275 1852
303 1791
1373 1439
472 641
693 991
1165 830
49 1608
1840 498
155 1316
4 1806
458 804
785 729
353 1682
1585 396
573 1878
377 1791
252 1833
1904 317
248 1981
1902 1555
281 289
692 1335
1815 1516
139 427
377 740
1555 1037
1331 1603
1019 1001
965 120
597 664
274 796
1448 39
1309 752
501 1008
230 1047
1051 1963
972 1171
1919 1552
1136 916
1575 737
1938 1809
1388 535
1819 879
1831 1461
437 461
1922 1870
1273 339
1420 598
92 1240
547 1051
567 1518
1318 759
1318 1727
703 1475
1804 1668
514 515
1 1050
621 1948
1903 1972
1332 1527
980 261
975 1309
1271 1056
1991 193
1650 588
710 817
1371 1584
1648 1961
573 778
1870 526
634 1232
1650 1093
680 214
945 1728
1718 1765
248 470
986 1844
1621 435
211 1053
1394 896
571 210
1970 2
1174 1031
921 167
442 512
969 344
702 595
1641 468
1314 67
912 150
852 1391
311 1395
1437 1500
124 1532
1552 1659
276 362
384 1022
1460 361
1706 231
1062 500
1538 775
1052 83
824 1367
972 959
36 1850
103 1259
749 1820
1232 1130
1089 460
870 965
261 926
1641 530
710 1342
226 1921
1918 772
1774 27
1224 1779
964 934
1407 1237
1368 967
233 1531
1917 1164
735 1829
1939 1025
644 600
707 358
1716 539
1065 960
1262 621
71 636
83 91
1952 1077
1330 461
1002 1033
1367 713
1328 1625
600 1863
1950 1272
717 1730
229 729
1035 552
837 1699
1122 781
1397 1849
391 1660
1619 1934
1093 1156
254 1039
268 305
637 1984
1848 1978
980 1254
18 1833
596 847
1802 1104
1036 1991
824 1978
224 1287
1661 1009
512 1640
102 833
1889 140
1672 210
1387 1173
153 1171
1449 1020
808 1278
1346 1114
992 1894
1510 797
1163 1357
1973 1352
403 463
504 1871
177 1874
750 1373
641 728
1374 123
260 1600
814 150
771 1031
25 406
874 1812
157 760
1595 1416
1955 1759
1563 1715
697 758
1437 1091
688 85
1562 859
1165 611
926 653
1361 1525
1197 1648
836 865
330 1354
1383 1697
1317 157
1170 970
573 4
182 389
1225 495
484 1314
997 372
25 1767
1682 680
16 966
722 451
653 1892
337 1927
965 736
770 1
1491 291
72 94
73 285
1267 28
1284 612
1233 1692
1494 1208
58 819
1821 492
201 1410
1983 599
235 1697
1962 1501
1227 619
813 482
240 669
1651 484
1405 1097
607 1099
1930 559
1721 1959
1697 1934
399 253
784 501
440 892
452 1447
1594 1673
1755 420
473 345
1695 375
321 1400
1313 556
1429 326
750 1251
1646 898
266 124
218 365
1750 1903
1675 431
1014 660
552 919
420 282
465 1794
3 769
1044 747
1682 1540
338 1376
193 1927
504 1465
886 924
835 707
650 998
1373 1559
679 629
172 966
844 1605
132 1741
649 1287
1806 1380
515 611
1238 1470
1834 1852
1318 1655
783 683
1474 350
540 1018
1478 1905
573 62
350 1607
1944 1790
1567 479
114 695
1927 1824
571 928
647 1230
520 1045
1756 1489
516 979
648 1031
1484 619
1969 85
1520 1020
434 1123
1270 470
1025 1007
1463 173
1763 1233
247 92
26 427
1999 1785
258 1512
1371 858
194 1676
779 1412
1405 899
1735 1988
1735 813
934 691
715 192
1442 550
735 1455
1558 907
422 1978
971 42
850 285
1199 760
739 1157
141 356
948 1452
1588 1335
1557 1045
1430 667
1988 1281
476 94
1985 380
864 547
606 851
1145 1609
1385 265
89 106
1555 1951
1790 1621
1510 1171
477 823
1405 1282
1775 1757
1842 574
1202 1728
348 1025
1192 1588
1353 645
192 1089
1482 1417
5 959
1647 1192
1905 1774
1079 889
1579 1870
1295 802
1582 262
958 1877
208 1865
1866 1008
199 58
858 1211
1436 1328
951 216
905 348
1175 1614
973 1988
1319 1293
580 226
114 1138
1760 638
58 961
400 1566
253 606
1123 1139
143 472
997 596
1807 1696
965 720
1614 552
1606 954
1489 1079
1789 162
81 112
1220 1285
1918 714
857 1404
884 1636
728 851
1641 1549
1465 1896
1896 1404
1373 1027
1259 870
1742 1298
508 1292
1942 402
1424 1202
1865 1358
1080 1951
1340 1407
928 808
1308 334
156 1238
234 1174
352 1797
1782 1538
1197 463
1245 259
18 1209
294 321
1945 1687
947 1582
831 432
1065 1765
1686 981
1256 83
291 1634
657 591
176 407
441 1072
722 1005
1984 706
62 1992
280 1468
1711 605
807 1535
639 776
1380 1797
1330 212
1440 563
1105 485
1039 1071
166 1413
1220 1959
691 73
1184 1296
1930 1974
1090 1751
872 144
345 1546
1368 532
1349 1767
1437 153
886 1453
1119 1241
186 1904
121 1726
1569 72
1491 265
1706 1751
1789 271
966 840
126 684
664 1449
1476 334
205 167
359 1646
138 1074
867 1534
870 1144
278 1955
917 1229
1876 521
738 1691
803 1518
1547 1265
873 1470
1898 1587
720 1687
1958 1540
943 1688
1493 496
784 1383
135 529
522 302
52 1296
620 189
929 1447
1885 1174
1339 1309
326 48
322 1110
1728 1011
745 1389
454 334
218 1687
972 51
1252 1871
312 1131
482 1150
843 1169
1505 618
202 443
580 179
1712 726
266 368
1605 1224
932 139
272 734
99 1983
1460 428
1551 1030
728 127
1456 764
1146 587
360 883
1932 1408
1329 1210
1399 1836
71 995
256 469
1023 343
1675 542
1843 1678
104 169
379 772
261 389
127 588
961 1906
662 1693
470 503
630 1963
1626 68
1837 692
872 299
880 748
1914 1424
899 1993
1559 469
124 1621
500 718
1122 1312
935 967
25 1820
345 842
1754 439
1193 1206
1030 1685
811 1005
1757 1607
547 1618
1912 1697
1805 460
1912 495
484 694
103 1227
101 1151
523 395
480 1898
717 1064
686 984
319 239
361 494
1550 1189
561 130
1604 619
1157 173
1449 229
783 580
317 1528
1703 1323
1624 1890
674 552
19 345
560 1490
155 1011
1466 1721
237 1421
341 883
881 98
53 77
1716 507
1550 774
865 1170
1656 631
1937 1815
716 666
144 1694
909 270
1328 1772
1132 1259
169 1677
1319 314
65 766
1874 1902
699 939
1487 1020
492 1550
1962 375
850 1088
104 942
124 780
508 1836
1524 405
998 969
1369 1146
1056 1642
1253 1072
1686 1931
589 554
1896 1744
697 1367
402 4
1979 765
253 229
1324 1131
1718 1063
1221 1874
1953 1550
192 115
1430 537
1479 1330
1036 1043
1478 726
915 1670
1425 379
343 1755
1500 810
1185 103
1000 733
720 1323
1825 966
1587 59
1952 980
607 481
472 1423
643 1338
1245 398
1646 117
599 947
1884 1308
1735 1543
849 907
1549 1602
1227 683
868 1152
1769 540
502 1936
118 1413
497 1327
1515 277
1754 217
1719 791
1019 587
1171 753
676 338
1892 1153
985 1451
371 184
769 713
896 1130
1303 1514
1685 1321
921 626
1254 990
110 1362
1780 536
197 1658
453 309
1632 1876
1412 255
587 373
1244 1926
1434 1245
1692 180
27 884
588 147
1476 762
288 975
755 503
1064 1288
90 137
893 3
1897 1931
1778 1614
440 410
1565 1445
1481 222
708 1017
914 465
1936 479
424 1838
1680 1663
154 620
793 1710
1365 1108
694 740
884 217
587 1539
348 1660
114 1494
1756 1610
1099 1387
1043 1838
343 1574
1574 199
607 129
747 1981
1052 507
1041 1263
1747 219
1815 999
212 111
1997 1625
1384 1395
1076 1109
1476 1850
957 31
1920 752
712 234
649 739
644 544
1336 637
1477 1012
1078 943
199 837
421 342
653 1249
1257 138
1922 605
359 1116
635 999
132 18
1467 276
662 235
909 1865
1580 1923
1472 1759
1045 322
51 293
1783 498
374 1519
1572 592
1975 1364
1005 1776
1139 14
1376 724
1148 331
1561 993
460 518
696 1789
1894 548
343 1258
1731 1541
239 80
311 1803
550 660
1803 788
331 1460
698 118
199 1803
700 688
634 1438
1110 1736
831 700
1586 760
669 765
640 78
532 967
1892 441
1765 92
137 1854
910 1485
1874 289
986 579
917 455
1385 1564
106 1559
415 138
1231 1024
1013 448
266 1246
1144 1032
1920 1805
1239 442
267 1171
338 758
704 136
1205 423
459 1220
1437 394
363 1784
369 1882
502 1359
1388 34
1441 135
1816 850
1439 1750
1557 316
370 1178
341 549
1585 1461
276 825
1473 754
641 1279
612 1452
1616 272
1747 1799
603 534
937 1289
1816 558
1643 341
589 282
180 166
1464 1129
368 1029
702 1054
1642 1109
613 1101
871 714
1920 1736
1845 571
140 330
1229 87
1498 865
967 707
947 892
206 1042
1974 190
1258 166
366 1084
706 1760
1634 680
1748 101
1842 1940
930 1792
1782 1713
491 222
1716 939
92 1341
1481 1053
1261 1956
23 8 3 34 1 1 43 4 54 1 1 159 185 9 1 131 1 12 1 4 136 1 26 12 19 1 199 17 8 349 245 6 206 1 3 4 6 19 7 142 10 115 5 1 1 25 27 50 2 5 294 84 3 35 1 1 1 109 2 460 33 2 24 3 34 1 3 61 4 1 2 34 11 58 191 2 82 1 4 3 112 3 5 580 2 62 6 281 1 213 34 3 6 2 8 123 4 4 6 1 2 27 190 1 1 6 1 1 1 5 2 191 6 71 34 1 29 22 35 3 2 21 170 29 1 52 96 3 100 20 29 4 4 7 3 116 18 34 2 5 354 16 1 368 36 1 1 1 1 1 18 14 127 12 26 3 7 16 37 3 157 18 70 3 1 2 308 6 22 82 2 3 283 73 1 40 336 1 7 1 388 15 20 163 11 1 22 2 1 273 29 83 7 10 75 47 399 1 5 2 14 269 1 9 2 7 1 141 4 31 4 263 82 10 3 2 66 290 2 2 2 19 11 11 55 1 18 69 11 45 23 76 11 51 2 2 83 1 8 4 2 33 2 85 1 23 4 29 1 1 9 55 7 49 2 35 1 69 6 52 64 2 6 146 11 415 59 4 1 2 1 42 1 23 2 7 6 1 1 9 140 26 316 1 13 83 1 333 276 87 3 4 119 5 71 2 55 9 240 1 1 3 74 183 10 1 5 62 13 8 125 5 7 1 1 53 22 27 9 2 11 3 3 1 1 22 2 152 1 257 176 1 1 63 4 12 2 3 13 2 35 10 19 254 34 221 155 3 128 6 90 20 4 139 2 10 64 102 32 210 15 8 76 15 291 26 20 102 15 363 113 3 21 24 3 1 2 1 3 7 1 176 423 2 1 1 111 51 12 226 79 4 96 309 17 249 1 2 285 71 2 12 1 449 2 32 61 1 3 55 4 197 1 31 24 256 1 50 1 2 8 142 54 28 193 1 4 163 128 5 500 281 91 20 12 209 8 149 132 2 21 42 241 143 7 7 442 87 2 2 4 1 28 267 1 1 76 1 3 17 1 4 3 1 64 57 112 34 6 9 2 2 3 2 2 15 3 15 301 11 119 6 17 4 2 69 283 1 43 5 18 28 230 1 389 3 292 3 3 60 3 31 11 174 30 25 23 4 1 3 2 11 2 20 14 33 5 3 46 1 458 2 16 5 39 7 213 1 5 2 65 78 1 84 110 3 235 3 10 2 1 17 69 239 90 84 73 1 81 2 30 24 269 1 26 1 1 6 99 1 2 32 1 2 3 1 279 7 1 20 28 1 23 7 46 1 25 1 2 10 1 15 393 2 22 2 8 351 28 221 8 28 1 488 49 116 74 119 331 17 32 18 1 2 11 175 88 15 9 3 18 1 9 5 28 22 7 16 236 3 16 286 271 19 1 138 168 60 1 1 73 2 1 103 2 3 9 6 109 12 118 1 16 50 11 350 3 3 20 1 1 1 3 1 210 157 6 2 1 3 1 6 5 5 5 1 10 4 45 1 2 52 6 1 115 37 5 86 2 8 3 1 55 53 6 164 81 25 1 2 10 6 26 20 5 38 2 55 5 16 77 38 113 43 7 55 122 178 3 4 15 395 7 69 47 3 105 2 4 196 254 38 1 58 1 10 1 52 2 16 1 1 152 53 69 54 2 1 11 14 65 11 92 2 2 1 24 1 2 296 251 8 73 7 1 4 77 72 60 77 45 6 23 15 3 8 48 8 2 8 16 41 169 32 48 71 1 27 55 92 3 176 28 1 76 17 1 19 3 52 72 1 130 1 1 22 94 5 23 1 185 110 20 2 14 31 14 1 2 66 9 247 10 5 2 9 5 5 71 1 31 1 1 3 129 224 2 12 23 158 21 2 6 1 555 1 35 23 419 23 4 1 114 23 186 174 149 9 1 1 12 294 236 79 7 37 2 12 4 1 1 37 2 140 63 47 3 19 12 131 20 366 42 120 1 1 263 1 175 142 1 21 36 81 296 465 6 2 39 134 2 77 11 26 1 10 291 41 9 104 220 1 1 4 21 217 5 1 14 356 55 4 255 4 2 135 17 1 25 22 131 4 70 319 8 8 18 2 36 9 650 22 1 1 109 1 1 1 3 20 8 4 189 1 247 3 11 2 2 76 75 3 23 8 339 41 1 144 223 24 5 1 36 144 53 62 22 96 13 64 6 185 1 6 159 1 200 254 152 2 11 5 5 4 2 6 1 131 10 3 29 1 627 3 4 13 2 15 12 72 30 6 10 1 21 1 1 1 11 178 40 2 215 170 7 449 43 4 28 2 1 1 47 2 10 1 27 16 2 167 2 1 4 1 25 353 457 1 7 2 118 1 327 38 5 9 19 3 1 24 82 4 62 42 1 43 1 1 19 11 6 2 3 512 25 1 1 18 3 2 38 94 3 3 2 22 4 14 86 136 1 54 60 38 29 25 1 9 2 28 44 1 4 1 6 85 148 7 9 43 3 5 29 116 1 1 17 182 20 1 12 2 68 3 1 33 8 155 38 8 16 19 16 268 1 53 4 411 244 7 1 268 6 84 473 116 154 1 2 27 1 1 98 60 2 2 25 27 26 20 1 2 9 1 1 2 243 12 2 3 1 1 4 178 268 4 74 1 18 46 45 132 102 33 18 1 1 63 436 8 1 1 365 1 1 18 1 8 42 115 13 1 9 326 3 1 1 38 30 1 258 55 1 53 39 47 12 35 13 2 11 4 3 35 10 12 1 4 11 11 424 1 5 23 12 1 235 45 264 1 3 110 240 1 4 1 218 4 26 4 2 6 10 3 1 333 24 1 5 173 170 60 53 1 2 24 225 167 37 1 1 12 117 257 446 1 4 1 1 1 1 1 66 1 1 1 22 7 255 1 4 69 10 34 1 43 7 1 58 189 561 80 1 1 28 435 6 1 41 3 718 1 4 10 1 11 33 1 109 1 252 23 10 1 3 13 8 85 3 305 3 112 16 3 1 27 75 263 1 22 19 111 3 2 12 113 3 20 122 83 10 161 1 24 5 2 15 1 28 1 81 1 1 1 4 230 3 1 50 95 10 11 1 4 5 6 1 295 11 298 20 1 63 245 1 67 1 22 1 1 1 3 14 23 3 4 65 85 53 1 40 147 303 82 25 1 18 48 1 1 9 17 59 121 56 13 1 80 231 373 75 3 42 134 176 25 2 323 115 45 81 255 3 40 2 1 4 3 5 31 18 34 52 2 3 266 216 2 19 17 1 15 5 1 14 2 2 55 19 1 3 7 103 1 68 19 158 2 2 102 105 1 1 16 115 4 4 112 62 9 101 235 8 1 7 396 105 32 1 1 177 1 123 332 307 167 108 113 11 2 24 8 2 146 4 1 1 43 29 65 5 8 2 1 166 1 130 1 3 14 4 71 1 7 34 3 1 28 96 1 1 2 2 69 15 301 4 11 1 1 58 36 23 32 1 91 496 46 2 56 2 4 49 257 81 1 244 1 186 99 301 77 44 43 559 9 21 8 15 79 54 3 260 2 9 69 90 157 1 3 2 21 86 2 1 1 1 2 16 4 12 3 2 6 87 260 1 4 2 121 159 103 10 1 19 1 22 1 108 18 2 6 72 296 22 1 7 71 3 4 1 2 84 166 261 7 13 90 101 4 11 3 14 2 114 73 2 20 4 1 33 1 15 4 76 117 10 196 369 2 16 7 1 60 185 192 8 356 11 35 12 1 51 1 86 104 1 400 1 19 2 125 223 3 3 238 108 41 1 12 1 141 2 14 102 2 3 13 35 17 3 22 5 1 46 19 254 56 161 9 34 15 7 460 2 2 17 1 30 29 37 1 15 161 2 81 4 14 5 401 35 1 454 3 57 6 158 36 2 145 46 1 7 77 48 3 21 96 477 21 1 199 42 23 23 5 150 1 1 26 5 2 2 1 1 71 145 78 2 27 49 18 1 96 1 240 478 117 60 2 4 8 151 4 31 13 215 57 1 1 8 167 7 4 19 41 20 208 104 219 5 80 8 92 2 16 1 3 17 1 11 6 1 3 8 83 10 16 3 1 1 2 160 54 9 3 1 1 2 40 82 495 91 8 17 22 1 1 1 1 2 9 1 1 10 75 26 1 225 1 17 3 137 2 5 2 7 271 7 13 6 6 12 8 11 89 158 112 20 385 401 4 1 72 1 28 1 8 1 1 4 2 8 1 51 11 290 44 70 3 9 99 16 159 1 681 57 24 2 1 397 8 93 104 21 26 6 5 70 1 2 13 18 27 56 113 3 22 2 1 28 32 473 74 68 1 212 10 37 2 1 18 2 5 1 42 2 50 30 7 3 10 48 1 187 1 4 132 52 391 2 109 1 56 4 198 1 5 12 10 4 13 53 2 15 3 1 17 1 2 4 3 1 84 3 190 54 5 1 1 146 11 11 7 11 31 2 4 1 376 1 2 4 2 1 73 18 18 1 20 98 59 13 214 1 328 139 9 1 3 383 1 61 17 5 2 113 63 1 3
