2000 4000
540 572
1176 1895
1572 1058
649 172
1708 891
1055 1248
1958 834
913 220
251 1167
1483 1135
1962 1901
222 1043
230 1776
467 1164
1852 1925
835 1507
843 1127
1898 535
310 1819
937 1708
1370 1505
1715 258
80 1391
952 292
1001 1600
1759 965
218 1904
566 651
1917 1995
1894 1063
100 247
715 1260
1790 1288
1935 1151
1377 785
1884 1952
89 986
1481 1747
504 438
359 1710
1711 1980
1259 425
701 477
1495 910
1651 251
318 319
1996 1218
2000 689
140 1110
74 40
343 270
192 68
519 812
1048 1864
1651 1251
764 161
819 792
1577 316
1683 1372
547 769
561 1216
236 173
1658 1641
562 583
989 835
65 328
1942 389
593 1171
1026 1240
384 606
1106 1591
1819 1516
67 1653
1315 1204
674 971
1688 139
977 961
1632 314
511 1818
536 1990
739 420
31 1071
1193 1758
1628 30
1395 695
278 423
1908 1033
968 1599
725 722
1673 1373
963 453
802 1882
1632 68
280 1351
1789 1891
1626 1665
897 1339
702 349
1251 1546
1167 1623
1453 886
991 1068
361 93
453 1569
1891 1937
51 1637
980 602
1417 221
1682 94
185 4
83 487
642 1114
1322 1698
1865 1508
1083 514
1877 178
1107 1060
1207 1984
1299 1723
1867 1861
751 233
450 713
1881 298
685 292
774 1477
1071 1768
549 1023
1699 874
305 1980
729 418
1187 1606
1023 1580
1127 1660
1552 1170
954 1452
1426 288
1036 1592
1342 1469
233 1204
478 704
1732 1856
1253 802
484 591
391 452
1799 1706
1209 1965
951 982
1709 814
373 1604
546 150
278 1563
61 16
1821 730
826 149
1561 1524
1946 731
497 1376
572 1400
635 127
199 722
335 985
319 945
1607 37
1628 573
561 1676
572 1205
658 1829
293 1691
987 288
1868 1142
799 38
776 1008
1270 656
1441 1948
690 1863
755 1738
666 605
615 415
1736 1025
1929 1359
323 1837
336 1025
1196 611
1768 1921
18 1771
1649 1783
1181 983
115 1396
20 690
564 891
327 1149
787 1780
685 1743
1417 1425
768 463
445 1638
1549 487
1564 248
1947 1447
1966 1031
601 31
233 1841
1679 1332
447 1194
75 499
798 917
195 1150
753 1557
1923 1853
1929 1559
1392 185
93 1083
188 948
1508 1827
66 1960
1222 1460
353 567
1235 1041
1682 277
570 750
1216 452
1465 1967
1822 3
1979 641
619 1807
1216 681
631 264
1128 1023
1696 709
1086 1216
118 804
1505 364
905 1377
606 37
461 1768
461 944
404 1460
1633 1845
1612 1249
538 1740
1689 1725
268 414
594 643
974 145
1115 666
616 1727
680 797
1842 1404
100 1950
49 527
1338 684
342 751
1123 1464
1997 6
635 1752
369 382
1328 1898
913 389
1481 1208
729 1214
87 1676
71 958
1171 752
572 481
144 1273
235 471
1888 356
1102 1293
994 1556
623 1245
827 79
382 1364
1101 1311
222 1777
1294 431
52 969
899 362
712 1131
2 1304
72 1059
1390 1282
376 1258
92 1324
222 1109
1286 983
643 193
595 1269
173 1080
882 969
759 1303
1463 692
1799 531
885 414
386 750
200 1350
298 691
772 1553
1417 816
741 30
182 1782
957 256
1389 1952
1785 1664
1729 1707
591 166
1186 516
1678 1563
961 1816
3 267
1829 1906
1102 1783
1436 1430
1362 198
980 1214
292 1930
1817 1148
102 1603
158 1544
1436 782
1128 1737
342 773
1315 956
1525 1263
1992 1693
1309 1255
385 978
115 1091
289 1162
1027 42
1724 1110
109 130
1827 1646
541 1574
1554 1438
204 1844
1099 1139
1611 1599
840 395
393 1964
1754 1373
1557 976
465 869
1645 1872
895 486
340 307
1812 317
1828 1653
1180 1393
1980 375
1537 1044
1371 689
887 1611
1854 1987
1001 1792
557 985
1742 870
1329 1983
654 301
1840 286
1108 363
1461 1083
447 281
1283 329
1098 1715
284 1619
1579 1222
1706 945
397 90
989 880
1081 8
1804 232
1559 1809
1131 277
217 1498
1781 1504
129 84
1396 1603
1287 1627
1730 116
1497 1636
832 387
1398 1509
154 520
502 1062
1638 1093
215 75
231 551
1651 94
828 1471
1355 234
1911 1859
777 829
154 1970
199 510
908 1792
1998 1610
657 368
612 512
688 1224
1458 823
1434 1637
1838 756
1510 582
1245 832
546 558
1846 500
400 779
56 263
1186 608
296 312
786 1855
205 742
637 474
1509 886
1029 1665
1424 1089
1475 182
1956 785
506 1003
813 673
1432 1368
789 1170
1478 497
17 344
1772 1092
1063 351
1193 1397
608 1451
1414 580
734 1936
1685 1321
399 834
470 1723
751 1283
1505 322
1348 1454
1683 1582
127 914
1647 514
1304 272
1954 933
730 372
245 1273
1762 1082
1632 1342
1807 1001
1331 61
1174 1104
447 1445
1854 482
833 1413
1243 1342
1053 939
268 1707
334 1749
1432 472
588 1426
65 991
1027 53
670 1687
752 594
1982 504
261 435
977 1077
1788 1574
620 1725
273 421
58 913
1184 1866
1530 690
686 993
1469 1715
1472 1841
611 1665
66 873
1654 276
1215 891
1536 387
598 1074
248 343
507 1062
743 479
1397 853
165 1791
1915 928
1602 198
1534 228
798 1291
973 405
378 305
20 1675
77 165
1499 768
1042 1774
1388 1019
1615 188
978 1615
266 1047
1792 460
1140 218
1229 562
1315 52
98 1465
1608 1468
1680 1135
1914 1562
1381 1990
714 1829
1977 1572
1051 1023
589 714
1792 196
282 964
1851 1202
1232 130
230 28
898 1497
1576 1445
1104 1349
671 900
1840 247
585 1639
355 1137
1298 1068
1243 1086
1940 535
641 1366
1725 414
1867 215
1761 823
1729 1443
1417 1636
1442 460
1325 278
1551 60
1984 181
1723 1196
690 1749
1035 1784
1424 1
372 1356
407 138
1839 880
1902 694
1151 1109
1180 80
1331 199
593 1443
1544 1182
677 1389
733 1506
273 1823
1821 214
1492 735
445 577
1098 703
831 1881
1459 374
1613 1302
781 376
1183 1469
727 1952
1278 1180
1526 1153
509 901
329 442
137 660
241 1594
1577 141
1742 1082
276 273
501 1001
1677 960
629 1135
618 1580
1020 251
1956 908
1304 1156
638 1120
1170 1272
1201 82
1704 393
320 79
1294 1697
517 1764
1771 689
1534 401
1022 1680
757 953
1150 1985
1274 2000
558 1397
1633 1764
1506 164
132 1425
1076 1075
1159 1113
1109 745
1383 30
382 1509
410 207
1377 1598
1166 1915
1300 412
739 173
424 1332
1715 703
971 352
1381 1220
121 1159
870 1549
1491 1012
1741 524
905 1187
955 1986
805 1139
1299 1013
380 646
212 1477
92 611
277 1291
1483 1423
708 1397
1398 62
922 1297
1781 1757
444 830
299 1418
1461 724
64 1911
1697 1196
1440 1008
662 392
1702 1424
203 1424
396 182
1599 1416
873 1953
595 1643
303 889
539 852
672 428
1098 258
1190 955
1927 1933
1064 1287
1725 208
1194 437
1486 316
432 1589
241 1655
1173 1841
365 1909
1629 677
1587 460
1857 1842
870 800
1809 1061
1924 1277
980 529
1673 266
1221 313
456 1862
648 1141
484 162
1234 1966
188 1300
1396 364
1544 679
828 1643
646 893
1686 536
1992 1426
1911 39
296 1922
1790 309
1236 108
859 392
1516 1657
1149 1216
1849 1290
762 1710
1722 718
1550 231
731 1762
1080 1498
944 1859
1888 1629
667 1361
880 1679
1067 1782
1416 394
169 1421
995 1510
35 1854
1401 1199
358 219
1832 668
1510 1564
194 1489
184 1448
1862 775
1844 505
637 42
861 1132
200 525
1026 1266
771 164
863 653
1788 1363
1995 1966
464 696
1562 986
1789 1786
1069 1877
818 1982
191 1871
1326 23
125 1652
1329 1124
1583 1250
1428 458
1552 1859
1289 509
755 1778
854 72
42 1119
116 503
1097 792
467 1011
123 1980
548 1479
371 1045
720 1117
1963 285
426 257
1573 1819
1988 372
1046 420
849 415
1745 1763
614 599
1959 1144
455 87
99 1332
784 1397
111 1194
572 1463
1407 169
1879 1364
212 318
1150 1692
1218 1717
1439 505
1654 385
448 1685
1618 1067
1291 705
1192 1712
132 1840
1927 753
1610 491
1361 1522
1143 1083
1227 122
1570 1925
1625 1906
607 1044
978 1752
395 1326
1479 794
1307 1239
1027 1198
1948 1828
838 1669
1236 217
1516 1207
849 333
1000 1605
942 704
1950 446
1358 502
456 593
1323 1925
64 1404
114 562
1242 337
1567 963
679 1409
530 351
1439 38
1147 512
540 630
24 1873
986 1198
1548 649
424 850
1978 1286
1154 479
972 1382
596 737
1449 1001
755 597
73 1058
1279 884
1476 186
1179 501
607 1733
1065 401
1926 400
815 1870
909 485
354 1387
77 1916
717 1765
134 968
1751 457
13 983
1482 1624
1678 1406
249 1142
24 952
1720 1124
1367 1806
314 351
1597 1993
232 78
1064 1840
136 1586
1891 1828
1975 252
348 764
576 1129
741 982
1138 1461
945 186
1812 1484
32 1416
1785 1101
200 1482
1666 740
746 652
654 1722
1326 1458
1776 1018
265 915
1453 1509
1867 320
1756 1837
144 517
1893 1152
323 1550
1940 84
946 1246
534 1118
742 1046
52 1712
959 1808
1822 628
290 1197
214 380
1086 1090
940 660
366 1642
1143 1923
1721 670
1464 1361
1268 433
19 1959
1295 722
357 1119
1827 5
1799 963
784 1352
815 928
567 1797
1310 1047
618 93
1179 632
1258 670
629 759
617 695
587 1815
1692 1449
1196 470
872 773
1799 260
792 1040
1179 1208
431 793
1034 206
1793 1345
1873 1935
1929 1410
1459 1711
1316 633
155 1887
1338 1777
437 447
513 1066
1920 572
1878 1755
1422 655
284 1939
181 906
117 702
384 494
1776 1071
1665 1748
397 994
25 390
191 1507
935 430
1801 526
1196 1935
42 437
1571 622
1928 609
1132 1883
49 1137
1202 1797
351 935
1621 146
352 991
1664 1078
903 1925
260 1322
1839 1038
119 1491
856 149
1173 1110
62 1681
563 662
590 1928
1931 1490
1419 146
1944 770
780 1562
149 1496
383 1865
1194 1476
462 1261
837 1793
1984 710
34 1813
1905 1751
1739 612
1254 1073
1028 1189
27 1481
1420 778
996 901
1807 1434
342 229
1478 1618
738 884
825 1866
820 1769
102 904
1931 537
361 1051
1224 1223
921 1463
467 1621
878 504
79 1588
1013 1371
1614 1706
975 1731
1876 974
137 1742
31 62
302 492
1551 938
559 1700
450 1772
164 1228
913 958
1013 212
1698 1844
1834 1711
662 1633
1230 1417
27 168
1512 1990
1498 1452
1277 1241
612 1363
367 1835
1695 483
306 12
972 754
1440 1034
1918 346
126 1165
340 1575
1511 1919
134 32
1068 388
910 1945
1628 1089
10 1145
1107 715
1648 1414
55 1896
94 153
721 929
1737 642
1316 661
575 1112
555 1705
267 270
504 1203
1086 1910
1330 277
1287 45
43 1484
1272 1240
1804 1280
1775 1368
1516 1812
953 1565
642 770
1367 119
867 1686
378 903
1417 208
1943 530
270 1069
208 4
1173 617
1620 1630
37 415
1614 342
1632 1874
358 440
1347 935
1580 549
34 1924
1699 1520
1531 1207
1682 1546
560 1209
412 1262
1156 1067
1793 1110
1035 308
1827 242
7 1418
675 760
784 763
993 1699
1186 191
191 989
1945 1595
1591 317
360 1805
60 289
1158 1665
1274 1658
515 1078
1069 840
363 567
1046 1600
1097 1444
306 1801
905 926
498 543
1802 276
331 945
1573 546
1753 646
1125 182
1004 1660
1010 1672
619 1014
72 177
277 572
1157 1038
1726 1431
1438 376
792 606
637 1010
443 1723
822 1383
645 832
678 1429
1146 964
209 677
265 649
1550 1850
1667 1524
1686 609
1994 542
381 1577
530 516
259 896
1436 491
815 487
310 1160
1275 464
958 1891
1760 16
488 347
524 1524
1239 1735
1907 1719
824 238
12 885
527 932
755 581
1853 1986
754 1758
1889 1679
706 1042
166 1402
70 1680
1996 742
1016 1826
29 181
853 1406
1128 1580
1806 315
1818 152
987 916
1 1401
1412 1959
1913 1717
1391 1795
388 256
1558 538
1977 152
355 1776
20 1280
1178 274
1234 1101
681 411
1535 571
1660 1243
282 1792
1179 870
1775 1715
627 1181
489 202
1480 1597
1700 903
1774 640
1506 1875
199 1653
1220 1151
869 192
466 265
979 1921
814 1450
113 625
316 43
1571 243
1585 1740
1598 1873
1362 130
1223 346
1985 1075
15 1746
307 1005
1718 67
1195 1474
1512 1886
791 1895
924 322
94 1817
254 1335
110 394
1673 1491
175 1663
1158 1950
129 1325
214 372
1828 510
1544 854
676 1130
429 788
495 198
1359 1306
445 327
1967 98
1888 677
486 1601
153 934
1117 1921
657 393
1304 1421
633 661
1727 715
1743 1930
612 53
476 970
210 1333
182 484
1500 1985
279 1619
1270 40
799 1168
14 1933
860 717
1781 1093
638 22
275 719
1978 1443
943 155
68 1919
921 368
276 1022
793 807
1012 85
1384 884
574 700
840 239
140 591
1616 1327
262 1683
99 113
294 1355
1787 810
1744 325
938 1084
494 897
202 1233
259 1410
506 177
838 1133
1627 1964
1473 1827
1093 1653
199 1748
107 643
1894 1900
1759 826
1092 320
551 1120
868 1077
1753 487
834 59
866 1816
993 1471
1226 660
653 1229
767 1624
178 578
790 652
905 309
1690 1400
1847 1571
1074 634
599 1343
906 7
941 1499
589 1906
195 801
132 1713
219 458
1191 774
1128 93
1399 266
1209 1231
1425 274
822 192
1227 1139
352 664
1781 1655
1438 1402
350 1317
1203 271
220 1315
1855 667
550 1087
1365 1460
933 1527
1419 925
1682 374
1037 389
1423 480
962 403
1860 564
302 395
662 1506
1897 912
1041 287
613 624
816 1425
755 1764
1130 1531
1668 773
744 1245
727 1265
1351 1699
1727 527
1329 254
1694 71
312 1498
719 930
1003 101
642 159
791 1903
1050 1031
90 1968
225 1259
1266 972
1282 888
1281 1297
116 1983
1191 331
235 1892
1035 61
1474 306
1378 1521
670 661
1469 1864
581 1386
897 817
813 226
900 307
757 982
718 1004
278 1558
246 302
1956 152
125 665
606 1040
1149 1411
1064 1527
781 1519
128 409
962 1157
369 1397
1084 1162
748 1750
1578 1423
1980 25
1487 772
116 40
519 439
37 633
1065 97
687 1935
585 1782
88 1929
1611 1939
725 1826
621 193
305 375
1040 994
1007 103
231 1850
992 1535
149 308
1413 138
1184 982
1407 48
943 607
1545 368
1505 726
1050 1114
119 1032
1640 1420
991 810
414 363
1994 1175
1927 321
1252 916
1276 1239
434 148
575 320
1191 1561
714 483
1883 1175
74 1353
1485 399
1203 176
99 1838
1001 624
490 147
923 793
1290 1278
1920 229
1347 345
1647 1834
1496 786
187 1444
357 1464
9 389
1942 1901
1115 1471
1379 1220
387 1798
958 411
1245 659
1338 17
1337 1747
1622 750
700 871
1900 645
1634 1716
1754 1412
1583 1215
2 434
1282 1646
627 1867
1997 1096
935 1617
1293 383
623 756
549 315
1200 979
1261 405
891 1042
583 266
460 1294
1025 625
1537 451
1685 1099
1664 438
795 1568
682 1853
796 67
952 981
236 954
321 1744
811 735
1733 459
1079 820
30 999
126 1909
34 204
1434 1475
1247 1481
1210 1676
11 461
1472 1173
79 1798
1794 835
718 836
519 1252
249 1545
761 985
360 417
1814 404
1324 1748
140 577
1723 1697
1264 272
2 706
871 342
384 1392
1339 747
760 472
993 1643
336 575
1033 806
436 485
253 585
27 1174
282 227
1961 513
255 521
12 1087
1270 586
227 1691
1497 238
1401 1435
239 302
1114 1910
1713 1603
1304 851
1949 78
811 221
890 1495
1451 632
375 29
1377 41
405 541
183 1926
376 1371
621 1197
570 206
55 707
254 1985
1320 252
1688 1974
379 556
805 576
1204 449
1936 628
1865 1473
586 820
201 12
1965 877
1773 1185
658 1587
923 1803
70 2
1539 1056
312 161
1931 1274
1693 829
523 827
1586 1801
1515 366
631 1357
863 1798
349 484
1654 1837
1412 728
330 179
676 944
1953 1286
139 1443
388 870
827 244
25 84
1157 1080
1869 587
261 1205
1730 1234
1754 1169
1872 1515
1311 763
1127 1183
1130 406
1466 749
1951 1734
724 1147
1143 1654
1971 1370
1896 1340
878 223
530 1440
1710 1513
391 1023
685 1897
624 591
1255 171
645 1356
400 194
1575 1166
1191 1446
1223 615
793 1330
440 887
1963 765
183 380
987 53
695 246
1332 1677
1650 1221
235 715
143 91
662 771
1519 1465
1005 1575
1772 33
1975 838
130 1030
286 391
133 231
79 340
1425 994
1671 283
1576 675
1102 895
601 1071
1438 235
1339 256
1073 301
1802 380
1893 1735
1631 1697
1168 347
6 1299
734 19
1310 90
1879 396
103 525
801 73
751 382
519 1015
1889 1839
619 1890
1982 1167
649 1231
855 371
21 312
235 803
447 786
1680 310
1415 650
1771 946
828 993
465 1294
1730 916
1178 1181
1623 1473
1131 680
1781 328
620 469
389 704
1198 759
1838 997
818 1333
15 1360
1631 1723
1251 998
179 1440
1100 919
795 666
544 602
1499 1562
1625 486
441 1668
762 359
862 1549
486 1281
1760 978
797 231
1894 1201
1656 172
1783 1037
721 553
1148 1310
383 1977
304 1580
21 268
918 793
475 740
833 959
1111 788
1839 1148
1934 1271
504 6
1379 1833
748 89
1057 1135
803 471
1221 1071
1003 1059
567 966
1198 1078
207 415
1334 772
342 931
1164 90
919 522
855 770
940 1659
281 190
1588 1868
230 1071
1036 1761
1305 911
1639 1751
654 646
1342 1840
1445 1289
10 1043
768 859
1060 613
454 96
954 1080
730 1254
532 1440
737 1234
893 1
1800 1053
1339 759
550 336
1819 1626
805 1095
594 985
769 1581
596 1850
952 1514
174 233
565 891
864 1583
1963 496
1990 1563
1147 1618
497 1284
208 1246
1524 1458
1911 159
88 1798
1934 1798
1646 1473
420 1080
223 504
1316 1974
1007 731
33 379
726 313
1194 1397
1874 1157
1823 256
1579 437
428 682
1136 706
1187 1049
497 365
95 1388
483 413
381 998
115 290
731 868
883 1017
1070 1121
374 324
1423 300
454 1069
1686 1278
762 679
1318 1345
1147 1234
59 1073
1879 1310
589 658
1897 1015
159 1944
1503 1116
1318 994
1032 977
680 910
134 1951
1199 1645
596 1966
1320 1212
498 1998
1993 1085
1489 779
1533 1991
635 1520
1341 211
1549 24
1195 556
1283 343
696 728
185 1006
512 208
289 861
1174 758
1326 872
489 1233
638 857
251 443
1755 1315
1640 933
1157 1153
1039 336
568 1636
1659 552
1996 1381
1765 543
1093 1005
565 1598
1648 1886
845 931
1695 900
500 281
1892 1538
176 1194
1533 1599
280 115
1647 845
744 1403
29 1385
1836 823
268 858
847 1174
1572 1158
358 1587
1634 60
1857 167
425 225
818 1064
824 489
744 156
1421 148
1479 594
1728 1363
1833 1850
1089 521
1937 1145
758 1025
290 23
1894 839
1261 1574
1283 1554
598 1420
1275 645
1857 636
1742 731
592 500
1883 647
275 918
1231 1286
28 1529
883 87
783 1115
1957 312
1042 1007
804 571
924 184
1126 797
99 980
1706 1889
690 203
1216 1795
796 958
360 1053
661 46
1669 408
1154 1285
779 688
1484 381
995 1283
1987 1790
1903 1741
199 761
262 512
78 1540
171 343
190 1030
934 1682
252 1147
1890 688
816 1230
685 952
1165 713
461 64
302 840
827 1426
1694 1062
1556 724
1399 1008
1495 1990
1020 1623
103 1806
1602 386
885 117
881 1151
1015 291
261 1088
746 1247
1622 509
1172 1119
965 1070
1676 1519
430 1351
1551 1084
1566 433
1589 50
284 1320
1304 148
1492 1413
1741 1478
1852 1971
1941 686
324 1455
233 1510
132 1230
829 545
571 237
713 1387
1427 409
1430 1655
1337 333
1301 1321
1693 288
674 17
1163 44
450 929
1654 732
867 863
369 350
31 595
164 1282
1304 861
987 1303
1982 356
1981 1042
916 429
934 1131
1299 774
1812 983
1518 927
344 1302
796 1718
921 997
1767 1912
1554 30
257 1895
1448 1457
1028 992
1301 242
253 67
354 593
1255 222
1871 1970
590 789
1171 1822
1584 1994
1363 238
744 1966
661 1165
1402 1755
656 820
1172 1612
48 984
1483 1941
373 988
386 268
1293 144
1928 691
25 1972
89 1845
334 720
1912 1090
1195 1947
964 1793
498 782
1059 361
336 104
1485 1974
1046 1159
281 1989
391 212
1247 1475
1959 1936
1121 1286
711 520
161 1922
1346 539
913 444
1666 1881
1820 471
1400 640
477 584
1090 1031
925 347
753 1938
600 1025
1803 1303
321 507
470 1921
894 714
10 1309
293 964
66 646
1697 533
929 1055
611 1477
295 1978
848 1300
622 1351
1934 20
1168 154
297 1019
197 1061
1184 825
1821 1613
1152 16
349 1242
1726 151
1038 1868
1116 1205
846 1373
1334 1630
1272 1134
1157 1127
1372 1199
1468 1496
1938 374
1874 1530
310 1367
304 307
1054 224
934 682
917 1761
853 668
123 136
1881 740
35 915
361 109
266 1823
82 1309
1638 1078
276 1981
1481 1339
1125 119
743 1346
97 1482
372 271
1157 469
1109 186
1019 1106
990 1541
1618 810
518 1712
1983 723
807 923
1549 1875
685 981
1386 276
899 1560
1886 863
334 1461
1619 1845
984 867
1339 1679
102 1315
796 1937
457 1536
97 473
201 948
455 1210
9 1773
510 1176
1211 1091
1614 845
565 1500
1773 111
1275 702
150 1677
260 535
45 611
970 1884
1064 532
303 1375
1721 1586
1350 846
14 1571
332 381
1499 1728
1843 398
1832 749
1238 1353
1924 1121
60 938
1082 137
755 1025
1535 118
315 1125
1140 1289
207 770
1042 1792
423 1703
553 1231
1823 957
1071 670
1592 1225
1267 168
127 892
147 937
1408 1525
734 333
979 1939
1043 660
1383 663
493 593
1854 1268
1372 1398
1467 73
253 1170
1337 415
1932 325
1382 1552
1864 686
1642 1305
1204 1818
1392 1006
1865 228
1146 980
940 1165
219 619
920 940
1328 535
1319 1549
751 995
1948 965
1934 578
1131 1682
1915 1213
26 987
1836 1692
856 1143
1228 1835
1918 1869
430 243
1002 475
728 1293
757 951
1114 606
1292 882
645 492
824 1754
263 1188
1755 1956
1811 1684
958 783
1464 1323
79 123
1608 1496
339 1582
216 43
1646 462
1734 121
925 1745
32 1325
321 753
1979 472
606 311
1487 984
239 1337
22 778
423 1563
258 1999
1383 1991
1656 501
14 1185
294 1264
840 415
1584 1525
1174 1695
1602 1707
580 1722
1960 1361
1636 816
581 1034
1283 1123
1133 1902
425 231
542 949
34 1199
812 1188
388 1319
493 350
95 188
515 1644
1773 350
862 501
1903 1375
1259 1379
1859 1404
993 97
563 517
785 949
1155 644
677 1154
1112 28
1242 958
1422 201
1190 188
91 486
966 602
1388 6
38 963
1186 1889
231 288
104 758
685 876
1011 616
997 924
1713 1609
1879 1050
1741 454
409 606
232 566
297 317
46 1316
1872 149
1760 385
1776 1724
434 482
259 120
235 1820
667 556
864 263
1023 691
228 1827
1324 1819
1957 348
1774 1544
1802 1143
1287 1527
907 1283
1401 1070
960 1749
814 508
460 1403
1030 1528
204 481
615 603
911 1642
962 1578
777 1567
1632 263
1247 1339
349 1114
723 636
1980 378
1308 731
1387 450
201 188
1221 1554
1826 250
795 1555
10 1040
216 141
197 1809
323 905
1650 1209
151 1704
1175 949
1442 194
1246 604
809 2000
513 1585
1412 1253
404 4
926 1987
859 1244
1632 124
1115 1579
1383 1138
697 1851
566 1746
1790 708
1285 848
1939 570
1410 1359
808 1734
503 574
834 1235
897 790
1048 610
1441 1825
1826 1602
1844 738
951 996
1268 1883
36 1685
1802 732
276 1756
543 902
1451 1179
1434 1744
1024 1301
1105 1770
854 645
226 1438
306 1947
1800 417
1511 1530
1027 495
54 1241
1879 1579
576 1691
1136 717
100 1535
1750 1674
207 1951
912 1259
1954 577
690 748
1752 10
1779 558
1448 1942
1496 965
1024 413
1075 1212
806 1908
865 1313
1906 658
520 81
524 1825
1102 907
1552 1134
1826 581
1475 1429
701 1428
1043 1309
1640 577
1245 387
1921 1790
277 1501
1841 499
1757 1633
660 1923
1858 693
964 1726
293 297
1768 323
79 1586
967 516
1595 1126
1125 1806
566 1488
1359 301
22 1976
927 1620
1221 582
1470 1480
1748 1029
1408 275
95 948
569 1262
1984 1923
768 1751
427 376
192 556
1908 1955
531 401
1400 1252
1215 742
358 1605
641 698
334 574
888 563
1906 353
725 526
1437 1569
1698 528
1803 1198
621 290
1465 1257
333 501
398 1767
1331 1517
1950 1535
3 890
1469 1570
548 1805
1731 761
894 1878
1754 254
1921 714
297 1812
1102 1297
1875 323
278 1994
1079 656
555 1844
647 1182
1847 338
240 1543
741 1554
1046 488
655 299
1735 1180
1714 568
1949 1851
122 1250
258 703
483 1746
1845 699
898 1605
1257 403
1078 1613
1743 1514
1313 640
851 547
393 711
706 1667
878 210
1267 1488
184 143
37 1983
256 273
658 1074
568 1497
196 1232
1966 44
186 1409
1163 76
1105 350
1022 672
449 171
564 560
1023 93
386 1387
999 1221
876 1815
204 1188
331 1477
8 1804
1853 1131
1285 1338
1132 1076
1368 703
430 272
589 1829
500 458
1018 1793
1478 1179
1720 1516
222 651
1458 525
736 779
924 246
705 1176
1029 1572
1909 99
1129 227
1457 325
588 545
908 699
1670 1887
897 71
924 49
28 1911
1662 1094
1276 517
1276 345
338 756
1411 1433
1971 1393
770 985
1941 1048
407 221
1730 1543
1354 641
839 113
1176 1214
682 1892
879 494
1339 380
719 527
1290 513
1498 739
341 865
1465 403
442 309
24 1075
764 1487
1296 187
1325 1816
777 1725
1893 1044
1464 1700
1280 224
778 463
385 1331
1375 1741
723 1857
1918 724
1336 224
877 457
588 1732
689 265
237 100
1552 861
978 329
189 694
874 646
762 725
1735 1362
1833 1369
31 248
641 1455
392 943
549 1893
1128 193
1368 1863
1596 1635
1073 438
1994 682
778 1429
170 530
1979 1938
175 570
758 1653
1948 446
812 481
1712 1404
1263 1880
205 1675
1982 223
76 292
1677 1539
158 1710
1898 1345
1184 492
1596 1038
1476 1393
559 930
468 1731
1732 604
505 369
605 1972
1796 69
1296 231
336 1943
1293 1100
84 1532
1788 93
374 698
1370 1462
1172 105
1716 419
504 1162
1191 319
294 1977
1917 1429
1517 105
1035 809
84 630
569 639
1823 471
1545 1229
596 1726
446 1052
349 1227
706 904
775 1853
781 798
1150 712
1032 1990
1096 1615
1023 1204
1660 1869
1631 443
288 496
244 1492
329 1094
1830 1201
1565 861
225 291
1848 1714
135 1674
921 381
160 1529
1715 624
1122 508
319 1264
1761 1822
27 1695
145 1207
74 1182
672 1852
106 1017
1407 1219
1446 894
1118 998
353 1397
1452 516
1541 980
1188 439
1907 1109
1761 1926
787 1274
1537 607
1423 1135
1139 723
1021 741
327 523
742 429
1887 1133
156 525
701 1030
883 1963
1733 1161
1611 979
1600 1807
1587 89
120 301
1272 789
623 279
1300 1391
1775 1781
856 1386
1437 1689
821 975
639 1262
211 1129
1815 603
1901 1448
1070 1502
1899 582
1430 1173
102 860
747 817
1228 354
214 1214
1591 13
1354 1455
1154 696
364 1826
403 671
975 262
1555 1385
214 57
1355 1703
627 467
271 1194
38 697
1905 1429
189 408
1004 346
1416 41
1165 1838
922 160
735 119
1920 7
1161 1537
872 1998
1002 167
990 602
984 772
1238 1628
837 213
1145 722
1377 1273
1278 505
1695 1746
1011 1519
1095 1094
1182 1396
1058 1185
685 1380
19 1144
665 831
71 597
666 1819
1739 1483
842 651
683 932
99 335
1295 21
197 120
1023 618
1327 1719
229 1543
1662 356
716 1954
308 1752
710 1494
188 1811
641 1335
1129 293
1133 734
978 1951
966 1729
774 945
106 883
339 35
1244 331
287 240
771 695
1252 304
442 926
150 821
1801 327
1935 887
862 1206
1609 1639
1227 1438
683 1160
1625 658
990 1443
361 17
412 1144
1417 297
309 1875
1758 784
1084 148
1403 793
1178 295
1735 1462
1425 844
573 1092
422 1361
1188 946
1294 736
888 733
1993 1383
251 969
1056 687
676 723
1955 719
935 1668
1189 1378
816 477
417 362
547 1422
1505 269
663 780
470 1697
969 998
245 870
540 585
1631 470
1654 1022
1344 1648
407 808
733 1282
1237 131
812 947
1764 935
1968 1148
1614 1676
194 779
140 1731
1958 1212
225 592
1152 859
145 1657
1989 648
1810 213
569 862
329 1278
1507 1839
1471 1348
917 1542
941 1905
1463 1321
357 1434
441 845
244 56
1256 797
711 1511
377 1698
1590 29
1346 567
289 404
70 1973
313 1826
1566 705
1952 1606
1747 897
1256 1595
533 1635
1275 1346
479 696
1962 1932
344 1863
393 1751
873 1946
257 80
1864 1052
149 1095
1212 1091
1843 1500
666 508
695 622
1433 1744
429 1186
731 137
21 486
944 1571
640 1513
1144 1787
1258 208
111 1508
1335 248
568 1417
275 12
1633 1665
786 271
1885 564
1216 453
1986 1175
1622 472
1430 337
188 1996
1097 1573
844 1586
1555 320
1776 1159
264 604
1433 1779
519 930
1308 226
1838 126
80 1527
933 598
1935 1907
72 1893
856 1181
569 1810
1536 402
1273 842
663 287
1924 1813
568 410
1365 1892
1571 1351
1949 436
396 1310
1480 446
4 631
980 164
894 1039
637 1172
1085 1091
152 1737
1597 1992
651 955
1696 1703
1323 1739
1342 1919
300 1578
379 326
174 1998
1294 1403
1194 729
204 1115
1119 637
206 750
1313 1268
1569 458
174 1283
1108 1510
441 642
1833 551
948 1385
459 152
768 85
923 1688
1482 432
851 1721
996 1904
1324 1572
1262 213
1219 1391
1848 223
1090 291
196 530
393 1969
1345 260
836 1414
451 1244
983 786
697 1217
1190 660
146 378
1449 952
1871 1946
135 767
1925 1123
1338 1302
885 1474
36 209
1406 1590
236 1456
172 1661
384 936
1720 1494
1395 1337
1066 1880
19 1454
1522 295
1099 304
369 161
1790 1402
81 823
900 1349
1223 22
1197 548
114 988
1627 105
99 57
440 663
766 70
1604 1229
1305 1177
459 1670
942 186
1097 1308
1128 618
740 1602
181 305
557 357
738 808
1851 262
1589 1009
1009 418
729 1799
617 1248
1970 1726
635 641
1272 58
332 956
1218 850
1778 1736
1843 800
1235 1093
1507 772
302 415
1260 625
250 1818
578 329
52 645
771 508
1262 1810
1874 556
500 1528
1990 1379
1138 1147
1974 802
1276 531
161 968
1254 399
221 591
818 1706
239 631
1214 1078
1846 281
881 745
1428 1547
1361 1970
471 1407
205 690
1751 1728
83 1926
523 1795
1314 489
1120 1637
9 1855
330 405
95 14
759 1453
1493 1320
875 1047
356 1848
808 1072
561 191
1552 1162
1326 1998
738 1771
1793 971
1156 1058
1322 632
1881 696
121 221
1309 599
588 142
814 377
299 769
438 520
1156 1185
1014 961
1703 1176
1005 304
1794 608
1049 322
698 1565
391 686
1120 843
267 399
1341 1335
1722 1414
1940 1318
1814 1362
963 1098
1734 1008
690 1190
1229 1295
394 1996
1200 1611
14 73
1885 1012
498 786
247 1130
269 1693
1892 1196
1639 941
1214 228
892 1088
425 912
967 170
320 721
875 85
1410 88
1425 1603
1603 1230
1858 1999
280 180
1738 822
1832 1870
1628 1510
431 1623
41 950
280 540
343 1204
63 776
937 564
688 1014
1260 516
1803 1973
1897 1259
875 697
579 669
1801 1705
448 1490
202 1314
1451 1208
1871 295
1841 1789
120 896
1793 1445
687 881
256 1381
1322 1117
1617 1347
1821 176
1357 1641
1240 253
472 1716
373 870
213 569
915 47
1976 69
548 594
15 122
919 1615
7 260
1807 1645
1553 1518
466 1671
1187 1288
101 228
1695 847
1825 650
388 497
461 59
1830 436
490 564
1022 375
1590 1215
1375 446
1070 1645
665 1158
704 1963
1322 697
211 816
1856 403
97 1388
1309 447
577 933
618 771
935 1757
825 982
1912 1843
181 570
103 1761
924 178
377 1217
929 354
1312 1885
553 1539
1833 1694
1598 1651
674 129
1212 1485
1491 38
206 1405
1972 390
382 1439
1943 185
1987 322
488 1702
1018 1393
659 1169
1701 1498
1766 412
156 1271
771 67
1678 278
185 600
1079 1769
751 174
1256 1126
722 1653
671 98
1707 414
968 1951
1125 1032
1417 578
1688 1408
167 1652
938 163
1080 90
443 133
3 1845
14 1795
1995 23
313 1155
1944 1737
444 1959
1825 1903
542 1145
1784 1517
937 619
108 127
502 65
985 597
1029 1158
1469 1243
467 1968
1405 581
1315 720
539 527
1512 315
1832 1041
44 1380
749 1087
1119 1672
1503 1236
1840 1153
1123 40
1434 1433
285 545
1748 92
592 819
1435 1277
96 1485
544 1146
24 1449
1787 528
1602 363
737 182
766 1680
1021 1226
1436 1610
80 1983
752 1910
480 962
112 1593
314 1469
1124 681
1072 1111
352 256
976 321
1135 962
379 1369
1389 109
11 950
1915 1449
525 840
432 372
1334 48
1567 1832
1924 445
1011 1705
47 1372
1211 730
806 1177
291 1116
1015 225
1468 1939
1884 1265
1743 1634
626 391
43 210
1529 1160
1596 1343
1731 278
1456 420
505 1972
1532 1901
1377 1928
71 1411
1824 673
848 1523
1772 785
1059 854
1727 1142
1643 1471
1159 1045
128 846
1121 1645
1456 739
1749 1863
111 257
776 1159
1898 994
276 1421
68 1775
146 1148
1371 1258
1656 370
1847 99
744 832
893 600
971 630
1307 1462
788 1046
1843 1822
1374 1162
807 133
1333 878
1981 890
842 1974
1698 26
1411 810
973 511
1711 474
1531 1913
1973 1529
291 1928
1649 216
137 1532
361 1366
497 547
210 1634
23 1917
1597 1738
709 1176
1355 1780
1365 1219
1119 1612
1914 14
841 657
1823 1394
1217 1787
914 1062
1594 1329
680 1458
1298 664
452 123
524 889
1131 1817
1745 1419
851 1266
478 942
39 676
1701 977
1326 491
944 1646
522 315
1951 1533
1356 1311
327 827
1447 12
301 1929
1486 700
592 1779
775 1674
1 653
1830 1726
1342 869
387 1422
283 1996
1701 1452
1229 583
1392 1753
1692 526
605 38
842 1777
86 1778
223 1463
1056 1116
1254 329
1688 775
960 203
1785 1644
1446 331
365 713
947 519
1606 402
794 594
1721 1795
1955 752
1811 1040
974 252
969 1214
1692 21
1914 1467
1399 1775
1740 1233
1056 1338
160 1297
530 1894
666 1450
479 1997
534 318
13 1022
837 1269
1818 816
871 441
875 421
1656 538
1330 936
149 209
1314 1233
1602 567
1555 726
315 1379
1523 1103
888 1228
1590 778
1878 1690
1020 431
1157 1511
1989 1563
51 85
283 1681
1890 1011
851 148
1441 610
1689 1569
593 793
1291 1942
299 817
1960 422
714 1906
347 654
1361 875
1743 1091
677 1565
130 392
1404 1760
1445 30
1988 1211
975 1579
833 1770
1766 830
1211 50
1637 269
338 416
445 1078
1705 808
939 1805
1884 579
1307 1476
407 656
552 310
961 866
385 561
708 754
317 112
1215 788
1856 1534
335 1225
634 1861
324 698
411 74
1396 313
370 1412
1083 543
1195 350
97 531
937 1435
265 1681
660 478
1000 883
18 1844
1750 690
486 160
1558 1447
42 198
1063 170
668 598
584 701
1364 1621
1840 1988
1979 1362
1092 246
1754 1144
859 459
25 1509
1877 438
661 1196
279 887
645 763
1946 137
262 1916
414 1729
1336 1127
1535 1521
416 45
170 1894
111 1485
1538 795
1532 1082
605 939
287 465
863 1
1413 1583
1363 77
620 614
403 98
550 1234
569 1084
1709 1460
215 1786
793 1443
510 1145
791 1415
580 776
772 1231
311 879
442 1049
832 1546
487 1822
148 1854
1732 946
726 1883
465 1920
454 1217
142 285
363 353
1056 1431
1933 707
1340 55
654 1540
586 400
716 853
1406 380
486 1037
1345 397
410 642
444 1427
31 1944
375 1418
1900 763
915 1498
1421 1854
1395 415
1281 1037
1519 1210
1618 1411
712 801
1988 1214
855 59
1633 1083
58 590
27 1376
583 114
1172 1027
1034 1513
1109 1511
1783 160
111 667
547 132
370 315
1336 1054
1594 74
1222 915
1866 957
489 319
544 1633
533 469
781 341
1039 720
488 1089
481 947
870 1319
479 1346
889 1825
728 919
28 268
974 49
1104 847
523 123
1556 53
1740 1525
1502 505
974 1721
1830 1354
1717 554
5 1584
1067 1542
100 406
1171 1144
1886 1790
871 841
1224 1428
124 603
1246 1534
1809 1306
334 17
1974 1330
1173 1789
539 1154
162 1360
1836 1013
564 1125
1409 1942
234 1357
1206 632
1961 1525
1840 626
473 1103
1803 629
94 1780
1694 1504
157 1432
1477 1667
200 1674
380 1081
809 1398
797 1595
1082 777
1383 165
78 1763
950 332
558 384
990 529
518 1074
1036 1353
1017 898
179 1836
1499 1609
1242 1594
862 1451
357 1700
609 245
550 596
598 1213
874 1307
274 1348
1442 1294
435 1495
1378 751
1183 857
285 496
1989 471
359 1591
1913 693
1661 1849
163 1374
710 314
175 1591
324 315
794 752
1663 60
240 1830
545 765
528 987
990 980
327 79
1743 76
1899 1438
1237 1253
1850 1369
973 448
799 78
701 801
758 336
1306 280
1110 1570
605 1779
416 1391
1077 1808
575 672
1311 1689
1894 516
691 1002
217 1503
1058 280
1224 1547
1995 1429
63 1113
1818 1283
1057 300
541 511
1493 1902
415 986
1968 325
1257 671
908 1171
1090 377
1376 1174
505 956
1853 2
692 953
297 1281
991 1394
668 933
255 1424
190 1528
130 534
327 1958
1332 846
710 1516
1893 1244
1295 966
1601 907
1321 468
1341 458
1923 1190
988 1990
1830 33
992 1995
1105 1317
683 1876
1872 1569
999 1226
463 423
1584 1853
1304 953
1193 1949
1969 1871
1532 1742
377 987
751 1510
905 1049
317 1292
1436 1998
82 326
1931 1780
867 1548
229 916
787 1923
773 931
754 1791
279 1005
557 1925
1730 906
1399 269
860 1449
572 465
906 378
1520 294
1787 1322
1194 1203
1031 566
644 1016
328 914
1350 1427
500 477
91 1870
40 1937
1051 367
1384 484
1448 1095
1045 540
1353 1929
1680 920
1979 698
559 1305
133 551
668 941
1946 1648
1489 1442
1109 70
436 238
981 44
1971 1307
119 1381
1486 684
250 248
538 1447
1176 1754
1252 374
876 1918
669 1952
544 1456
801 2
1765 1459
1146 1541
1588 624
1143 1022
667 1822
1556 1799
104 1878
1137 1288
1738 165
300 377
1154 1339
648 939
727 476
1852 557
1729 1108
159 371
1651 1546
1706 1668
1172 1672
1431 1169
1574 179
1968 1885
1450 256
140 1122
447 109
54 1399
128 1373
757 1866
1111 1384
28 1581
304 105
1933 1999
280 1045
1325 630
1616 687
1410 197
573 1122
387 1780
626 1048
982 1729
1222 508
956 1649
507 753
1224 1014
1352 1840
833 129
591 801
682 1175
599 1322
553 1361
1082 731
1860 1312
144 11
1646 5
1794 1157
532 74
1231 422
911 806
1169 1704
1526 1075
595 1018
1546 1501
107 594
868 1742
348 1922
753 307
721 795
858 1770
499 659
126 918
510 725
446 856
484 1064
1916 940
1561 1446
1395 395
1061 1613
1820 1407
1073 1674
104 658
1610 1168
1210 561
540 1703
1736 104
1368 1098
667 257
791 358
166 211
1991 1599
1578 1739
847 187
1895 1773
1502 1435
767 1914
1005 1964
73 135
249 988
532 1663
1728 1609
251 202
844 1497
1296 1824
1523 851
1792 998
1684 95
1328 260
1240 1526
1898 1374
659 1271
560 490
1285 220
399 1877
611 328
1144 435
398 1762
57 126
1279 1771
1996 1807
1481 1776
1607 395
1065 1799
365 1208
1533 1439
1352 1791
1131 661
741 1725
852 1319
550 894
976 1909
997 355
1840 1941
493 858
242 841
785 522
1192 1658
446 770
1678 1796
866 129
1727 1681
1613 503
862 365
456 1944
1563 22
1898 260
495 1249
1234 596
413 921
65 655
474 902
1583 866
1419 256
1420 668
1656 1882
232 1763
1225 847
391 730
110 1991
1622 1528
1925 311
563 1228
1257 1967
1616 1873
190 1846
664 421
436 150
1879 977
997 932
1239 1814
926 1049
1145 67
548 546
856 1388
863 255
1176 770
1250 1290
672 547
924 91
157 1622
46 1687
167 1666
81 1542
1010 1027
1053 1560
101 5
824 180
1025 56
909 546
131 1656
865 70
427 526
983 267
1109 881
226 1573
1895 667
60 163
976 1467
896 1588
208 631
607 392
1250 536
164 888
15 890
1935 1894
503 17
1284 1938
1766 473
385 1021
81 1269
1390 662
1909 739
24 1087
1653 860
1196 443
54 366
1442 1403
182 1609
800 493
1738 1470
1671 1135
427 1299
529 135
312 1730
1300 1964
291 425
1943 839
565 800
1531 1896
1030 477
920 1340
1831 971
985 939
1081 1410
462 537
1615 1504
1358 1694
1700 352
367 406
1117 987
1 1886
1057 962
393 151
1439 16
1854 2
822 115
1606 1650
65 544
737 1966
817 818
1192 1454
882 1593
1853 428
800 1767
764 668
515 1101
1468 1825
1725 1030
893 188
1206 1451
1852 1024
1067 182
436 821
678 1744
1538 1141
1876 1071
492 969
1542 823
668 1213
86 1618
1805 899
117 852
1966 1466
1568 1402
623 979
389 1448
1103 848
936 494
124 1660
1385 1690
468 1301
57 1479
878 1714
1366 1888
1107 588
1421 1523
1510 1076
580 836
917 1504
1744 1917
1981 81
1788 179
169 1797
1437 963
783 404
1558 306
1208 1304
677 1835
1946 1334
136 926
635 874
1814 107
80 1064
1344 836
801 1426
805 1662
264 813
393 1056
206 1202
687 1598
1405 169
1081 843
1760 61
101 1471
1895 426
1634 1162
87 533
1096 993
724 492
1451 1284
1175 1584
1539 554
555 1702
910 127
1791 1397
364 190
1258 1013
483 912
918 1044
192 1570
419 289
290 1754
1433 1686
1811 201
1319 1478
84 822
338 57
692 1153
913 848
359 679
198 1010
1384 616
1285 1103
1831 1816
354 1436 1029 195 1543 1213 719 86 309 1087 1233 15 1794 701 471 1355 849 26 1029 405 882 251 452 477 669 698 130 976 719 1213 834 10 485 75 600 1833 711 669 1691 986 1233 970 1339 477 683 366 600 45 1124 1016 48 1127 792 75 1201 38 1111 1616 924 1264 1355 36 116 1691 1305 287 1568 203 251 1184 784 1755 701 986 1599 477 593 104 360 683 1149 485 490 69 48 784 12 13 540 189 1124 1873 1419 1348 1213 924 172 18 1111 1825 1543 1574 1149 784 650 6 315 1046 1740 10 309 1794 411 9 663 986 700 1825 201 13 116 471 360 12 1447 1111 1046 54 69 1212 23 1204 545 10 1093 360 344 38 1014 816 1339 18 1124 1233 1931 189 10 1436 1833 593 148 1722 1348 148 1704 488 1236 1628 872 1743 62 471 1264 1722 663 868 1447 130 1371 411 1176 123 372 1176 1371 866 1755 924 1385 681 719 464 490 1124 490 1167 396 1213 1715 666 23 203 315 109 868 1212 13 970 1568 1093 1213 685 405 114 405 1371 872 195 1833 1029 868 1732 1269 1016 1599 1339 1046 1236 100 661 38 1087 1029 86 696 396 1219 1543 457 834 545 104 1176 711 12 372 1825 593 711 457 986 1154 1251 38 1233 1187 1825 1176 9 1176 1258 1715 1616 868 354 268 309 309 13 247 1046 593 38 195 36 48 924 882 48 924 866 1251 268 1530 1014 1509 1348 251 1221 681 666 1219 36 1221 18 1234 457 18 1264 315 696 477 1219 1251 287 62 1794 1447 976 432 13 711 1244 650 719 15 650 1355 1197 1184 657 62 1606 203 201 1339 1794 1732 1732 1072 1362 1197 1197 955 1167 485 360 1305 924 1385 1732 1339 711 849 816 784 986 1111 600 650 691 936 1176 849 1399 12 104 62 471 6 411 268 882 1187 1124 1029 685 540 1628 21 1740 21 882 1606 880 75 1740 1154 669 23 872 1016 9 955 719 974 698 719 485 490 1339 669 1722 657 1355 882 488 880 1167 669 1234 1704 148 10 711 189 247 23 924 109 172 549 18 834 1385 1825 38 1715 54 872 986 661 1154 882 711 683 21 1016 1264 372 268 287 251 79 696 309 974 1510 333 1251 1258 1016 691 1436 1029 593 866 924 114 540 936 1197 1222 661 510 1234 866 1385 1176 1187 1704 360 167 924 12 1014 549 100 1704 109 1691 1385 251 700 457 36 189 1154 417 1222 12 1236 661 1660 1447 557 666 1167 700 432 114 1436 130 471 593 1743 490 354 685 10 1276 1127 6 657 970 18 880 1276 1599 666 880 1305 849 1029 669 1755 1362 834 1236 1568 1385 792 23 1660 510 411 1399 1530 114 148 354 1722 360 1244 1149 974 1124 698 379 411 172 1371 417 1212 247 123 1385 15 700 681 1385 1510 1660 379 18 593 976 315 1419 280 545 1184 287 79 26 203 685 657 11 10 12 9 1722 10 23 130 882 1204 1269 1371 1825 457 816 849 976 1219 481 924 557 19 1371 1213 9 666 464 115 12 18 790 1616 868 657 1014 315 834 280 784 481 417 490 834 379 12 195 669 657 1704 23 1233 1234 1873 792 91 417 12 26 1187 1419 100 417 315 1251 1221 91 411 1234 1530 1029 758 69 195 880 366 1530 1251 1691 970 86 1269 1628 955 872 315 1606 1127 490 1606 12 123 1244 1087 575 354 104 976 115 1154 790 488 1087 366 1722 540 268 1447 834 309 481 557 366 18 976 396 69 1236 1691 1740 452 1628 1173 986 1510 1124 849 477 1234 430 100 36 405 1447 1494 1201 1715 1187 700 698 955 1029 849 666 700 309 1167 691 1574 1201 747 681 1931 148 868 1187 790 91 481 1574 19 11 1072 1072 1568 1691 792 1568 1606 557 1722 1016 1016 344 1509 1722 1029 38 109 280 26 372 1447 1213 333 700 488 430 575 575 405 280 1371 1176 315 1362 747 784 1111 1263 784 758 1236 816 1628 1127 62 18 1184 1093 464 976 872 1722 45 936 1732 1014 116 167 251 109 540 691 1276 834 747 1722 866 711 333 1616 575 1244 657 1014 315 1072 1568 1173 691 104 23 868 23 12 1825 1833 11 1014 26 36 784 38 114 396 834 650 1204 575 1029 657 115 593 663 1149 681 1263 1833 360 856 18 661 1447 488 69 924 23 19 834 1715 411 711 1154 1087 86 1204 936 54 130 661 711 79 1436 700 481 1755 872 1509 86 6 1704 1574 1494 880 354 38 691 69 123 344 203 880 936 1276 287 1251 48 12 549 1029 657 23 430 1794 6 26 15 669 1221 1722 1244 1029 10 1046 490 1072 1743 13 575 6 21 130 1236 1660 685 1574 1197 719 1743 1029 593 1173 11 696 661 1305 600 457 1149 1014 1722 1184 1154 1743 1014 1124 104 1197 45 650 1187 11 936 1124 481 1348 1399 657 10 1264 21 1184 464 1167 1704 1691 1732 195 114 1213 1510 1233 1263 477 1494 372 1087 1339 268 986 69 405 69 432 167 1219 1833 882 411 10 1127 557 69 1616 1385 1124 593 1362 69 1355 1221 379 477 1263 1794 45 816 540 698 9 23 379 268 1825 856 247 1176 1236 1124 1212 1213 6 333 1447 1755 12 650 490 1149 116 1016 970 26 48 974 100 696 1606 6 834 1794 1258 1213 1509 1419 1154 784 1616 970 1825 1873 666 272 201 11 1371 1355 816 1743 417 1072 657 650 1149 1087 1704 681 333 48 1234 1197 272 1740 1234 21 86 1187 148 432 701 1755 91 13 1305 411 683 172 23 464 268 924 75 834 26 924 1530 1494 1494 69 510 115 372 86 344 1660 1264 663 272 280 1046 354 272 663 1187 650 1833 1833 1213 396 309 1833 1722 510 1743 661 130 6 1794 91 882 430 834 26 976 116 272 834 1046 698 1212 970 86 75 816 685 986 201 1173 86 1419 1219 1825 1348 1494 1715 1616 432 1574 1124 792 1833 1236 12 91 1509 1029 1568 379 792 189 360 868 430 1704 1494 700 1606 701 417 1873 116 1184 1704 1264 477 189 1111 650 1258 104 148 1616 1029 970 1599 130 1510 681 11 1530 880 1668 1530 1606 86 1263 701 23 1197 114 1825 1087 1732 1530 747 866 15 1222 315 758 75 1221 485 1371 866 1176 1046 880 1931 880 549 12 1016 924 481 1016 333 360 698 79 12 201 1213 834 12 100 816 1213 471 1722 9 1204 287 1212 685 280 650 1046 23 816 1668 1616 75 986 203 1704 488 195 575 1187 970 123 1348 457 23 924 1087 1173 18 974 696 411 1385 1269 23 1251 557 1616 130 691 834 115 488 1616 1233 711 700 1399 75 123 26 86 1743 1722 1176 880 661 287 683 1197 1236 123 691 1794 1722 109 882 396 1743 268 974 661 1154 849 758 1436 11 13 1668 396 1087 189 1127 10 691 685 1072 366 6 247 880 1715 1154 698 685 1873 69 1276 430 247 986 1014 1355 79 1029 45 868 86 711 849 575 1201 868 203 417 19 247 700 1399 1530 130 54 1251 747 816 955 711 1127 711 1305 13 471 287 1668 593 189 12 1740 201 309 545 1668 974 600 54 1264 1244 130 1233 1825 201 477 201 1616 663 26 1072 1509 1187 1213 1740 1722 683 490 1668 268 711 1606 747 36 48 457 75 1072 109 1691 1371 251 12 1014 1167 13 784 23 38 19 1244 10 1204 719 104 481 1436 976 432 354 1204 18 54 100 452 986 148 1236 452 452 75 1276 167 1213 669 1371 1234 109 1014 396 1236 1732 15 1167 477 834 880 372 669 1530 955 372 1167 1149 1660 834 792 1668 1154 685 18 280 701 1833 203 663 856 1599 1543 15 452 1668 1732 880 315 663 575 1093 432 1339 924 849 45 130 109 1385 48 38 1715 1931 1029 1833 1204 372 464 23 1348 75 1046 1305 1606 1722 23 1543 669 1176 203 201 1628 477 75 1931 1355 45 12 1251 1825 287 1436 1732 23 1494 683 666 1184 203 1201 344 10 195 1825 549 1704 12 79 104 379 1149 457 1628 9 1348 100 123 880 545 1264 1616 45 1213 1072 792 1362 15 13 21 1732 540 251 1176 1494 691 167 1072 167 203 1251 1873 396 1385 650 1236 1339 432 834 1419 976 600 38 1510 23 360 540 91 1016 251 1794 816 1794 986 1173 417 663 430 10 333 1743 882 1204 9 6 549 711 1833 464 1276 1221 970 849 936 1213 430 1399 784 1221 45 189 1236 1258 1093 790 1873 650 816 1740 45 1222 203 1399 1264 417 1204 48 510 464 481 711 11 856 510 75 1543 1660 19 1339 549 1348 1447 1568 1509 986 23 1931 711 1184 12 123 1833 1371 510 1873 1447 1732 936 1715 1704 36 970 48 1093 405 12 79 251 23 1184 36 1348 600 1213 1833 123 366 1014 167 1072 1219 974 18 1305 130 681 1222 698 1251 685 372 354 681 148 26 936 882 10 834 1628 1660 1530 1204 1029 309 1264 79 1568 430 1931 360 19 1222 834 167 148 91 464 882 457 816 195 1704 116 1668 784 872 663 432 23 1244 344 477 452 104 130 575 1873 405 405 464 1355 490 681 1072 1509 1399 747 1833 1355 1149 344 104 1399 1660 661 23 1197 115 6 26 1187 309 1628 309 834 1087 784 657 711 1305 464 1743 1355 510 1599 698 1385 1599 1197 747 1212 834 23 360 251 1371 488 172 21 360 1509 758 86 21 201 333 69 13 1269 1213 1794 75 1668 12 69 1348 1176 1873 12 1016 1029 268 396 1244 1606 1543 1568 790 485 69 650 545 1660 1740 974 1509 1111 23 1234 1599 1691 23 26 1029 666 1111 1029 123 545 593 685 1510 1436 309 195 1691 1201 1691 10 1530 1014 405 1234 1543 1263 1530 91 12 650 148 75 430 203 1197 1124 924 1072 189 23 1447 23 1606 557 10 354 1704 1740 23 100 1568 12 1704 411 309 1201 696 247 1213 1127 1167 1715 1244 1236 464 790 430 11 1111 272 1691 23 1201 701 650 593 452 12 203 457 1197 62 1087 75 685 490 1362 1233 13 477 1385 1167 1201 488 430 1029 1568 955 1221 247 1234 1167 411 872 1173 344 15 1234 593 1825 10 557 287 481 11 1722 62 924 1029 287 23 1167 18 650 549 280 18 189 148 148 1668 669 1184 1014 1715 251 1722 287 955 719 1149 1029 986 1931 868 1510 1197 1016 12 201 10 18 663 1510 452 333 1213 1276 1201 36
