2000 4000
1613 120
1508 995
1571 1691
1121 1475
830 1216
1261 1136
1190 436
418 947
1118 1985
1592 472
412 1540
520 229
343 1863
813 954
1263 1664
1958 110
1968 685
1330 498
359 1531
1004 1776
827 1992
342 1316
1420 1091
682 491
1014 309
1149 887
1208 979
1607 1966
1465 1711
262 554
1122 1312
1956 958
161 430
1505 1210
1930 1859
487 557
70 1979
215 1892
847 605
1452 1183
1586 760
358 889
359 542
277 766
958 1744
1632 19
635 637
391 100
610 519
54 171
1318 1483
1177 1127
1833 225
1495 1935
1118 1900
1692 577
1080 40
1381 1688
851 1278
599 800
1771 425
1846 844
1639 776
1999 1391
79 1273
1570 951
190 1778
1668 741
1042 146
556 997
767 1535
1831 1897
517 1724
109 1653
1424 1082
69 1811
677 1157
57 1435
210 314
320 150
1903 1644
1381 1171
363 1368
1131 814
1171 172
1955 670
1913 1930
1201 203
1939 157
1719 1057
1502 257
1803 1051
1274 1683
1412 1167
1182 746
130 691
1645 1340
1702 577
897 997
793 1034
533 1714
588 1827
326 1697
925 468
46 422
846 1946
921 1382
1955 1326
1237 1995
1049 40
378 214
1502 1992
732 841
1600 1936
1724 1550
627 661
1877 727
1147 108
1256 167
1324 1500
1914 1059
1431 693
1988 1710
1272 406
1915 1026
357 1552
1587 304
198 13
1580 1123
1243 1120
1816 1423
1457 1390
50 1846
1040 1894
1630 1543
1445 1278
565 1850
892 1419
613 504
1638 1681
84 1757
1281 1696
924 1347
1578 667
1529 739
1117 126
1297 1251
703 250
1680 1914
1030 625
905 1222
286 941
1831 1179
1636 643
63 982
1493 683
1078 981
375 1014
1477 787
1119 932
647 906
270 1918
436 1277
603 1558
388 1950
873 261
218 526
1112 554
1048 838
238 1296
1171 246
274 601
846 791
1353 1636
335 115
10 381
1321 420
1609 242
1562 766
1042 1457
689 55
1784 632
1322 626
440 131
1288 526
1586 660
1435 1148
1147 759
1258 1632
1638 1648
489 283
11 312
1232 169
453 316
1618 1146
1226 548
1285 736
1964 587
456 1236
1523 1969
851 1099
85 1673
387 1591
685 1110
1729 1838
1209 1409
397 1007
616 901
1314 300
1907 1116
410 1415
261 940
691 662
1968 1639
657 1012
1330 1392
1097 372
473 1478
1780 580
1966 1507
1394 1989
647 1751
1010 516
187 1419
347 125
296 907
800 738
1435 192
1905 481
1044 343
586 1255
1456 579
681 1359
1981 976
209 915
1499 196
1374 1406
1408 1205
220 1382
356 1550
122 1971
854 1039
1568 664
1849 31
876 1921
576 496
387 467
1656 985
1755 739
206 591
1241 659
920 257
911 436
1608 1272
1591 1023
1815 1319
1316 1402
1188 1180
882 1271
1231 1608
1981 384
220 1897
502 1694
1007 1555
1856 499
741 68
647 1597
899 1523
1368 608
1098 252
251 514
1357 38
1252 736
925 1160
1051 967
963 619
469 372
1802 1334
1144 1782
953 1882
581 1800
1438 192
1164 170
349 169
1150 789
1769 830
1120 554
700 1519
828 106
285 423
1103 21
413 267
1312 1019
946 237
989 847
1143 1690
731 971
1823 581
1641 1984
921 1030
24 981
1298 99
1147 733
926 131
1731 281
900 1874
1463 388
92 1128
11 7
262 594
1797 784
1623 1677
1662 1442
1167 1557
1391 1099
749 1428
718 1849
1770 1928
1744 1063
939 1351
973 1997
1237 30
581 1400
1223 1490
530 641
78 929
1266 1492
1578 1105
1035 1407
155 632
635 1160
1696 573
1261 451
275 1230
465 151
1375 814
553 220
1488 946
1544 1055
1881 320
507 1707
1129 616
1735 405
1973 137
1882 439
613 1065
363 1498
1130 962
372 1411
1785 1456
666 400
691 678
118 1635
1649 1925
1288 1154
674 366
467 1235
304 711
953 683
202 671
635 1677
1771 137
1420 1671
1524 1760
495 1765
1842 1609
1927 830
1953 282
211 699
1202 3
1605 1327
1453 431
571 1452
1376 604
1897 1302
748 504
1359 1034
1354 830
1758 972
1441 489
657 1330
1366 590
1821 1498
1857 954
1731 1340
546 17
1788 420
1013 1059
1606 715
55 133
942 897
1517 1308
1772 1989
90 322
1300 825
1983 953
670 983
1370 231
607 255
1455 518
1444 1031
1242 36
1901 1208
1183 1507
920 1129
1762 1614
152 861
1768 161
1510 801
103 1124
1312 1690
1650 11
660 1576
1885 1292
259 1210
365 629
706 1735
966 1331
460 1213
83 1261
1776 1591
119 1605
407 1615
574 1565
1746 827
859 1771
1506 1468
161 1230
1033 109
1426 136
1873 250
77 667
983 1516
1486 1807
993 44
1438 1744
206 380
1368 1659
1690 950
1897 707
1902 465
1050 634
746 407
1637 1208
626 1173
616 1981
1480 1627
1173 766
1749 1828
535 608
516 118
1561 348
1314 707
244 1409
254 1218
548 934
1419 241
1089 1563
1089 243
1365 1033
1527 884
962 758
865 702
327 477
1056 1177
1822 1720
1649 1527
242 269
489 1004
538 248
919 442
693 19
650 1596
1168 1842
402 608
848 1542
943 512
558 1719
537 387
1811 224
1755 487
795 1364
850 858
920 1668
1262 1435
1831 848
1410 1339
436 567
1834 1994
1656 584
329 1591
991 690
1140 1758
1414 468
1182 1233
616 339
1205 700
111 1345
1000 604
1947 238
1472 1307
1929 1636
1806 1784
1092 1545
302 1395
1186 1037
1379 240
935 818
337 1350
760 219
469 1374
1720 721
1699 847
94 424
1840 589
1033 870
708 267
960 37
1165 63
1787 1078
1444 1091
1596 546
1757 522
1660 66
1975 376
182 574
657 742
607 655
1932 11
1621 258
665 984
283 1668
1541 1480
1934 1766
54 1517
412 1875
729 1763
1831 1631
1205 73
2 1471
862 1237
1652 1833
1275 1047
1257 733
1210 1781
458 983
233 1143
2 80
999 464
1907 1212
1144 455
1801 837
1706 967
1407 1562
809 149
133 1641
1226 1586
1056 483
527 545
334 1380
241 1989
598 298
147 640
712 574
1611 1954
1456 495
1204 1827
121 995
1771 1647
1330 376
1863 25
1360 1453
1271 255
1476 185
1144 1194
309 965
1306 1146
73 166
1532 711
664 772
1689 905
1906 40
696 1197
1058 1160
612 931
55 381
1127 363
558 1770
353 1551
1726 363
183 991
199 1665
888 1991
557 1639
1256 133
1101 599
437 1296
1552 802
1128 373
442 998
925 717
1056 834
1190 926
396 1396
1861 632
1261 703
350 1616
1905 598
619 822
1676 1168
1280 210
1682 589
817 1241
1316 337
1394 1465
1653 1327
61 1330
484 991
1182 1014
1083 1320
1288 392
686 1931
1247 325
525 24
557 540
944 806
650 954
790 226
693 39
822 310
86 1675
1222 1422
438 1250
225 614
25 78
468 1609
1042 403
1506 679
1898 966
1737 1840
1071 1925
1874 479
939 5
1110 569
744 1032
170 77
1835 5
1949 1795
841 1822
1257 1982
930 47
1123 836
871 1835
1512 1251
735 21
210 807
1412 1931
1808 465
382 1999
1711 911
1856 397
1851 612
829 328
350 1823
620 525
218 1164
858 438
1880 270
134 346
117 1854
258 467
1059 485
1071 142
1976 1848
1865 1754
370 1471
1919 1527
1918 1315
1496 480
611 673
1222 1887
831 1932
425 655
638 1751
236 1949
1421 430
1771 1399
1949 7
799 1207
182 771
242 1245
92 1022
1086 1659
1964 188
1499 1413
1510 830
1004 436
159 1805
1811 870
1598 283
1851 1204
722 900
1342 1066
1750 197
7 1818
1905 1181
1465 264
2000 1937
1422 86
1979 822
294 671
1235 182
1347 150
291 1451
1057 650
1417 1119
724 103
1760 1408
364 1424
1167 216
146 1710
575 778
1744 1353
1214 169
1629 1507
1297 1416
8 1107
946 570
1493 1387
48 938
1353 619
796 1986
1639 1025
578 558
519 1610
425 1413
207 139
923 283
1489 988
353 1662
1314 1142
444 518
762 1569
1571 505
311 567
222 982
1822 264
391 143
740 445
1459 1232
151 1095
997 901
286 1295
1301 1588
889 1972
205 399
756 725
1641 1222
845 1373
1245 1249
1911 1104
761 631
755 1360
1951 713
1246 1637
1136 110
1477 376
1781 68
119 1029
1135 1167
1627 1461
781 1406
546 1058
416 649
80 1633
218 933
1675 667
994 1298
198 1487
552 666
31 61
1443 1867
1631 341
1808 1453
869 756
77 1319
1735 987
354 1617
697 939
891 1777
966 1376
727 932
212 291
388 263
235 1402
1083 1271
344 1442
166 1967
540 371
104 577
819 289
1541 210
258 1235
892 1543
708 661
525 1639
1110 164
1415 1535
485 1577
1650 1827
729 509
1330 1338
214 1229
1291 694
128 1062
377 807
43 891
75 1114
1069 397
1639 488
42 1092
504 678
616 392
1754 1382
583 394
111 767
107 1062
1266 1190
1256 1242
1836 1269
608 48
447 1700
158 1371
446 1379
1762 687
1751 60
1410 34
931 1568
1342 1750
705 179
885 369
1328 343
742 1433
503 755
319 1024
1681 1053
85 1434
1650 239
456 429
137 830
619 1902
1937 1389
910 404
819 588
1441 454
1646 793
504 377
1127 1533
393 79
1406 267
1506 171
1950 227
1943 779
340 548
1082 1288
1399 472
1938 513
1454 1091
1187 1402
1857 873
605 1853
1400 1358
1732 378
655 960
436 816
659 919
721 1520
1109 1758
1119 1515
1918 156
1401 1265
1858 731
1363 1014
1642 1930
1634 294
1509 240
502 17
500 319
917 21
1858 628
1983 1427
1534 1197
1798 120
976 1998
790 1841
1906 1413
1675 1274
291 179
763 622
652 718
713 36
1659 741
169 302
894 579
972 997
1425 1544
1881 229
1974 1708
1481 1821
1816 1562
56 537
237 1761
449 1200
1356 443
931 637
677 620
164 1235
458 193
236 456
1666 1630
655 1658
149 1466
1926 1848
502 553
192 1736
1747 472
222 1419
22 1670
540 203
316 793
1949 1747
1106 1868
682 1396
798 1576
1672 936
1506 337
1810 264
1153 127
227 1494
1289 1168
517 1453
1337 123
339 1046
448 583
424 1675
1749 1910
584 442
1715 272
1486 1851
993 15
579 350
596 611
72 87
64 76
1188 1623
849 447
448 1876
190 1500
461 1143
1872 1447
1197 127
626 476
37 798
1811 985
1676 705
1820 1460
1945 378
1341 1645
169 1591
573 1602
592 1079
563 1242
261 1569
1973 1503
39 1800
1396 1988
1173 349
761 1577
1313 506
804 909
628 1257
984 399
1135 955
575 306
1170 458
392 1853
1207 85
582 674
254 1258
1055 1531
529 1566
1424 1228
120 1746
950 1238
1321 572
1418 806
1622 867
1583 1596
574 1965
404 1761
668 260
753 1507
523 724
1095 330
1416 655
1206 296
1657 539
1592 1609
968 50
573 416
1566 607
1623 204
865 777
835 1616
1365 716
578 593
1095 768
1088 1476
414 1432
613 518
656 1643
259 1203
753 1985
1939 1274
911 998
890 1356
1835 945
700 1716
1018 793
253 1813
34 1994
14 180
1697 1833
1774 540
1622 937
120 1673
225 27
68 1936
1559 666
1506 1716
305 1041
738 569
798 567
847 1727
1356 1771
19 1082
937 387
615 181
156 308
1269 1507
1058 255
135 1184
848 1927
1971 683
453 264
1898 1426
1198 235
126 1690
1513 889
663 605
401 1676
1142 104
1225 1634
1856 581
1881 609
179 88
1884 1912
1097 40
1173 1503
1984 1423
485 256
531 1968
500 419
1856 1642
553 1961
873 607
1644 50
709 881
765 718
1959 1138
1125 34
918 1106
1280 645
1422 1465
1500 176
1212 1930
1955 1161
756 222
969 886
1439 879
135 170
845 1306
390 969
1807 523
189 811
1208 1003
424 70
267 235
15 877
189 1508
305 547
529 1240
1656 145
1579 1745
609 732
714 260
691 923
343 1385
1713 560
1106 1621
1890 17
878 1117
243 1704
1759 350
1746 1207
267 1412
758 1372
630 866
654 1735
1389 1961
1338 1489
962 1395
697 1093
1514 1570
616 226
870 392
340 1906
789 786
182 1447
1922 1649
1195 124
73 1637
257 1327
1814 730
212 1808
762 637
561 675
645 221
1280 1906
1738 594
339 158
1068 818
1525 1452
1171 359
312 1639
1407 1197
424 1290
1829 1721
889 321
865 694
1378 686
133 269
593 1893
825 510
581 635
993 1271
1865 5
410 513
1050 201
1638 600
1724 1480
632 1407
1474 1374
627 779
1690 1278
507 133
692 1222
1013 469
895 166
308 1887
558 73
414 1859
954 1241
254 817
1071 1717
540 160
1835 1162
952 658
1274 1228
1715 556
511 877
1899 886
46 1617
1316 1407
387 1873
187 1562
1472 376
1744 1478
1984 1917
617 1705
1387 1007
229 264
1835 1828
921 596
497 530
53 30
1326 457
794 1989
1366 1460
1543 866
1353 985
1239 1272
773 1751
178 355
1773 1497
299 1803
356 517
1179 1584
64 657
1421 435
1036 1921
498 1312
661 1569
397 1935
973 1558
435 1902
729 1303
661 566
265 1614
982 1334
405 1015
397 454
1962 1285
1496 1129
1700 1507
581 1583
1304 1489
1485 622
741 885
1936 1703
1741 576
77 844
1915 1004
205 1446
829 628
274 995
1083 427
1934 1273
1708 1690
1585 1513
1287 1929
1083 514
1515 86
1902 1520
1901 1506
719 90
78 1461
1088 1652
350 435
1553 1554
582 1908
705 997
140 626
974 1864
955 1943
681 1828
201 168
1636 243
1695 105
746 89
128 1186
604 638
1120 1075
1420 1366
399 1463
1849 481
421 1341
724 178
1434 428
1754 703
291 1823
895 1992
1973 817
776 1283
1285 1119
443 1058
1155 770
175 714
567 1666
805 1228
421 1857
1320 139
601 240
534 84
798 1705
780 1449
854 923
1702 1799
914 903
1172 790
1832 1007
128 1188
1253 419
1434 1166
1597 1190
375 902
269 42
1356 1787
1680 1555
1082 1078
1147 358
939 1234
324 193
250 228
1469 1845
1517 579
1733 1584
158 524
452 545
902 570
381 301
685 1410
1301 807
247 1447
709 705
333 183
1508 1419
1097 470
1018 1775
766 402
1072 1192
1311 311
1227 247
611 1920
447 764
1063 1998
1058 504
357 674
1260 1459
1311 183
1976 1789
166 1010
1008 1076
340 866
1113 16
1649 984
1432 1446
1971 1656
1478 666
670 279
1448 771
811 1104
423 1060
191 1845
1576 1419
474 475
1485 949
1661 18
877 1819
1188 1412
1480 1969
209 756
80 678
1173 754
1980 558
1048 464
1338 719
880 1324
1344 1138
402 821
104 1995
1014 1308
1655 612
924 1170
1425 388
429 1470
1422 746
1872 1755
1162 512
417 172
1533 142
399 911
626 362
1959 584
1505 1547
930 1416
1835 141
1582 1404
611 1762
521 17
636 190
717 1344
58 1634
1908 1955
1102 1175
207 1213
1055 1029
1816 1957
1588 1638
677 1784
734 1477
1874 418
344 223
1492 1148
764 901
748 418
146 557
1781 1335
899 1070
24 1361
357 626
149 639
217 1483
1894 1465
1033 1601
925 193
733 1831
457 415
1282 1958
160 1513
135 928
1951 1808
1792 1840
163 1912
748 731
1013 1626
512 334
756 574
1857 1245
1930 402
1090 478
386 1983
1283 261
488 781
1724 984
193 1792
239 1759
774 205
206 1300
247 288
627 1039
1911 572
409 1663
649 1941
1494 413
34 563
199 335
1010 568
206 1890
677 191
1763 495
627 826
484 41
1557 596
1014 1078
1506 898
1282 880
594 1080
31 1190
1714 1413
845 1327
533 1297
109 1690
1969 884
1705 797
1936 724
1376 1511
435 441
758 558
158 1400
597 521
535 1390
1123 1930
594 1901
1908 415
1525 1720
1790 842
151 1535
180 183
110 348
1983 122
1063 1753
548 852
1091 80
511 471
124 1516
1053 960
734 947
1533 1345
42 1365
186 785
826 1270
1339 1461
978 1416
904 1214
1684 1446
120 10
1922 271
867 907
304 1922
1095 1415
223 163
911 1896
446 1190
648 837
1122 449
1920 1054
83 52
73 751
697 670
241 1081
1742 713
996 346
1824 1048
1405 1463
1637 935
1835 456
1970 413
1249 466
320 130
1110 1096
186 1430
993 561
1330 616
705 718
1025 1219
1921 248
1175 514
290 1221
192 1610
350 1897
681 1941
27 814
1562 1724
1045 1386
252 30
1298 1331
1950 239
191 703
785 387
1137 151
1149 1890
1477 633
672 1420
1023 1593
310 1871
1538 1541
1546 774
68 590
4 515
1806 186
25 1950
363 356
471 1355
1151 857
1410 1004
1981 1568
1296 1266
630 574
1864 461
524 352
299 912
1224 110
1602 1575
1921 969
728 520
341 598
56 1426
965 1483
1872 1579
656 1767
1184 1618
222 1661
1070 1629
1695 916
704 1741
1621 667
858 807
1046 1655
1607 1923
291 1145
1184 531
1604 1114
1722 558
1986 996
154 1656
1190 1922
212 1454
1241 1328
1649 1111
237 1593
1946 819
883 423
1018 1269
1955 1632
1385 1885
1247 1134
1788 1343
1055 291
1949 1038
662 1178
301 1102
1454 880
213 1159
1260 400
777 1488
712 1573
219 457
1422 1892
198 440
675 509
426 1069
696 1655
259 554
842 100
447 1983
188 690
1242 1558
1481 1330
1104 220
564 1649
1363 170
1290 697
149 1906
176 119
1186 1267
649 1059
1487 483
1317 1741
1723 1640
1560 491
414 1396
924 1073
315 1128
1169 1038
576 1972
270 1308
1918 85
1129 1523
317 654
979 1273
647 1974
1691 1113
1073 657
702 1126
892 1319
1506 397
1176 614
1098 742
1906 1508
130 1866
1981 460
1911 1241
272 559
712 549
1601 1510
1642 1963
1557 1168
1978 1610
1858 1111
420 975
457 1665
843 1467
282 1790
1399 927
1081 1546
137 634
248 1670
1016 914
172 1628
1517 707
1153 1631
1277 96
1529 140
557 279
1460 113
1017 48
1561 114
1317 167
602 1048
1096 767
62 1309
1866 926
1183 545
1678 1860
519 1232
1805 887
1487 1646
744 207
1157 504
1360 1572
1432 951
1237 477
1799 1286
160 1756
1160 302
1356 1880
556 1700
1084 169
518 694
1516 650
1798 1706
928 227
914 179
15 275
415 1147
264 406
1877 310
1885 171
934 1575
804 692
1405 801
610 227
1797 1677
1616 545
1339 349
1039 991
74 710
1357 1867
1043 1987
908 1962
1620 1037
1553 340
1823 313
813 15
615 1737
1515 1730
356 1229
1116 672
356 868
64 163
1721 556
1236 997
1482 603
290 980
704 1067
1727 1501
89 1678
562 1401
1667 422
406 819
1141 353
281 1478
929 1206
1910 938
8 712
1217 19
1661 919
1848 1621
33 1232
1069 877
1551 1366
336 96
627 1488
1635 1377
38 1142
752 164
1161 79
145 1357
755 1926
776 1324
1983 1009
1277 295
758 413
1456 1319
220 733
626 1331
1469 392
582 363
488 1180
488 1561
1606 1204
935 1656
136 763
1439 1307
748 406
1661 856
1375 1893
1326 197
277 701
363 1190
986 814
568 260
159 703
223 1774
1008 401
1725 1461
1531 294
1833 909
224 752
111 306
1324 1135
1665 1991
1901 1736
1132 1570
1172 1794
313 557
164 1789
1888 746
899 602
1118 1299
1532 1368
79 1807
1791 1306
1373 1252
1414 1041
44 195
49 258
1969 501
775 1099
98 1209
1197 1776
1597 2000
769 1086
62 1634
541 79
1122 787
417 988
660 336
1891 1938
119 1032
1991 1279
428 930
1421 567
500 1230
1098 1028
1565 1092
1273 69
1936 886
496 1740
1902 139
1147 1182
1873 7
1456 1443
755 648
404 1792
1523 1687
1554 499
48 1987
1030 536
27 1065
369 522
1532 1143
698 1615
918 201
1534 144
1967 600
1080 702
1342 1588
1575 80
1674 114
217 493
1570 301
1625 93
336 982
551 451
1030 872
158 1741
680 1056
1703 363
1249 1983
851 795
1489 1738
1462 1741
445 749
1136 1318
1550 1594
1622 1642
920 1880
1351 1212
1626 538
1624 885
1174 284
298 1632
1635 770
962 1670
1532 215
144 227
205 1775
1298 1574
601 127
1236 17
581 1027
401 1784
329 585
1671 1515
5 1917
29 1904
1691 929
584 202
1655 1563
173 351
733 587
296 253
194 242
302 723
1786 1304
937 1992
295 1374
1624 1760
1347 218
848 1849
1135 1199
1492 645
1026 223
1886 159
927 1356
295 1684
940 1388
1408 25
924 166
1383 286
1235 983
1041 1065
1414 119
305 59
1817 1024
1429 638
982 794
1316 1861
159 739
410 1992
1943 1915
1167 1471
1882 971
1843 1148
77 956
1326 163
604 1018
87 1373
87 545
1227 1291
1427 649
1352 603
790 1706
573 1761
1252 634
718 1201
1917 1396
1256 114
1298 1005
1764 403
991 476
1305 1343
182 1203
493 1318
155 431
1990 1373
939 446
290 1634
1790 1515
1812 1030
99 1124
480 1009
957 841
456 22
408 441
932 1961
1453 731
109 300
1843 91
257 631
211 1050
556 1069
1837 633
1083 396
335 494
814 1849
1579 693
1813 258
991 955
1254 1338
1648 988
1070 441
1070 1646
1520 372
1662 377
928 233
649 1135
1388 228
1250 325
1155 1775
1931 1724
616 425
55 229
951 1009
1765 292
281 749
874 1723
1555 103
1389 888
590 1950
829 1048
1169 338
636 982
241 295
855 1160
1463 76
725 1606
1258 439
1816 1384
984 537
801 1042
1950 507
1722 525
454 99
1480 1121
1420 335
1373 1064
324 1679
1905 569
800 854
425 1270
501 471
531 1438
1472 1592
38 72
83 1868
670 765
860 1679
1000 1955
1006 1944
1894 1591
143 961
388 1651
1054 1030
1523 292
1599 1510
866 1903
369 1123
1647 1
162 880
1963 721
1654 12
1659 1439
1998 484
1718 1869
1466 128
49 1447
521 1625
1918 161
103 665
399 1321
1280 548
582 1604
1899 583
1060 237
661 1564
466 530
1157 597
695 1252
1140 1597
53 927
675 752
753 1312
615 82
1353 1501
516 307
686 1068
1107 780
491 1354
1879 1134
590 318
1736 1397
1388 713
1890 1175
1783 639
1072 1069
1898 1987
579 1859
1546 1257
591 472
301 249
1413 1765
1742 1996
251 961
1548 1747
1260 346
599 361
488 848
937 1458
1347 523
1495 999
1978 685
886 1521
745 924
1194 1309
1826 1801
1066 206
1824 367
773 6
196 1760
1167 605
430 362
1893 1998
1829 410
424 611
1473 531
161 719
1212 808
1732 1741
56 640
1741 1424
551 1054
1181 965
49 308
1555 470
1996 1211
1479 1539
619 1234
1419 834
451 440
1642 1407
1105 1094
845 65
1467 189
237 1643
679 594
1432 873
386 1775
1777 1027
891 1580
748 1389
14 88
228 1365
1004 1011
1616 1325
731 1683
828 1881
220 420
1790 159
2 1095
1761 1697
1731 1556
708 1723
442 1077
1757 371
1732 9
1191 1217
1061 1283
54 1611
1343 1737
666 1474
1963 370
1974 1102
1937 654
1677 1221
1643 54
250 575
1125 1702
748 537
407 228
1014 1925
1440 1234
76 1815
439 780
1075 559
948 1960
236 1838
130 1214
751 1605
600 190
918 1965
914 1616
1184 949
350 222
1225 109
47 1428
1068 1439
1572 1611
1314 388
920 1858
869 831
529 1540
192 1400
672 836
1356 1129
1218 1019
661 937
1473 373
1069 547
80 794
251 1018
1168 408
884 1277
1461 317
282 1407
793 1295
1539 881
1809 1457
838 617
1495 1011
1540 1177
1041 1448
1816 534
651 1262
235 175
903 1079
1426 979
1966 1078
658 1285
764 1937
855 165
1740 886
239 1019
715 1397
1844 1309
89 1976
992 505
1093 1732
1212 484
564 1349
73 1083
1604 227
1290 1078
1028 1662
440 1907
1491 859
29 504
1478 43
320 1223
432 1125
1831 1682
1185 325
1645 1129
727 373
599 1234
768 1032
141 797
1931 1449
1321 1010
827 1635
1713 1656
835 1235
1312 772
887 542
727 182
911 68
202 1785
229 1814
1779 301
1322 175
69 639
59 948
988 625
88 1657
1867 1414
909 535
1660 533
1414 925
1699 1050
978 449
1338 760
1170 1958
724 1506
1056 507
48 1551
749 1114
1807 1788
1336 171
27 1266
163 1758
1805 1670
649 605
1837 1075
798 8
662 694
1946 1259
444 734
1812 1952
1349 1574
494 478
383 1784
1418 1382
353 289
614 1177
382 1353
1866 865
1808 1410
267 1360
445 1875
1913 1436
38 1978
387 177
872 567
262 666
257 904
418 1042
889 571
805 966
1538 1446
1556 1510
196 362
5 1426
1299 1214
277 1327
1201 1665
1426 471
1691 1864
1281 146
1237 453
1129 440
1352 596
1894 1810
1579 808
679 559
1697 1012
1021 1389
1064 1504
1291 1230
1449 1726
603 1938
785 590
1637 1853
95 1940
2 1723
986 413
1617 559
817 1244
1736 498
954 936
828 997
682 1041
538 1605
1194 886
236 1479
594 247
624 462
748 773
792 1799
1238 1668
937 1000
1547 903
1540 219
633 1164
1208 708
1080 432
379 1322
562 485
1704 741
1888 400
740 1598
1445 1040
1154 675
564 139
1195 1643
1792 1855
1559 788
938 1745
1241 1145
9 233
668 705
1159 739
1210 1825
1229 865
1867 1276
935 228
840 739
1964 1118
232 1922
295 1602
677 1339
1721 218
535 116
865 166
348 1926
1483 695
1868 782
1650 1341
628 818
1361 1347
1229 334
1358 1371
825 1586
936 126
244 1419
240 853
1068 415
668 438
840 1637
1712 549
407 1262
903 1282
1597 535
1973 1215
989 350
1021 634
1932 1207
899 1359
955 13
643 1396
707 855
739 553
1972 924
923 1600
1315 127
1031 556
847 1891
1902 609
776 1836
1235 1278
579 434
1676 1554
784 1905
414 1288
1816 1015
416 592
1020 574
1709 325
1770 892
1917 918
1336 1376
1840 1869
1630 1981
1530 1158
690 1011
1836 590
178 1895
826 1030
1326 578
787 1123
663 1951
1570 826
319 183
1075 180
854 1488
254 1885
1518 810
1115 762
1200 299
1796 338
655 2
291 1221
747 990
638 941
451 621
902 1784
761 1372
585 6
590 1976
1722 385
498 1414
1381 1083
616 1049
683 1434
676 1858
100 1958
884 1317
1573 88
1563 1708
540 636
1229 1812
1839 1121
1715 1980
1747 1718
1500 1650
93 325
713 281
1788 1927
251 14
65 559
1267 946
1610 1456
277 1853
525 1280
1920 1489
599 1086
831 543
1732 1206
127 669
434 140
1565 1749
31 1442
647 1286
1703 696
880 149
943 685
1772 1646
1448 88
1290 1408
1132 306
1590 284
1788 708
1041 1863
1416 1255
882 1387
823 1675
839 1365
1599 994
949 1377
1297 1199
595 1320
338 1680
803 1788
1192 1513
1401 771
1515 1655
1312 1865
630 453
1963 172
1323 508
1088 1615
1487 866
1669 715
18 375
706 431
1815 262
1903 17
362 1903
905 94
292 222
728 948
1222 582
1579 1179
278 1322
83 194
655 1325
1313 363
127 1640
835 1150
1966 1822
1253 1365
87 1533
968 1305
1517 397
1193 1315
5 654
1769 1838
438 1276
112 867
950 520
451 1017
613 286
1112 1563
86 388
549 1729
1211 480
842 750
294 1318
1084 354
746 317
1009 1065
33 1755
410 1929
1550 1764
1624 1778
567 1339
1 1185
1732 1968
1786 1134
302 698
863 590
1130 1663
825 205
269 1978
684 1133
1349 171
1297 1173
163 2000
2 1561
1827 770
431 1038
1137 61
756 1992
287 995
1157 1647
1221 1410
1081 1541
1883 211
1063 1737
542 1223
4 514
440 1815
1575 533
133 405
1373 308
1730 1136
1805 1257
1106 785
1980 70
571 1082
1292 1930
1161 1892
1339 1267
328 504
870 906
1097 1994
761 371
19 80
1153 1709
1313 1307
1743 1373
1001 139
432 1817
1630 309
1603 1397
449 602
473 626
1130 1794
1762 1865
1526 1546
1832 1358
1336 1031
1878 1183
1665 1025
1944 722
809 1752
623 1269
136 1570
1154 488
479 146
1612 785
1563 336
994 693
679 590
697 457
699 1366
757 1200
230 1684
1142 806
1573 1391
303 567
1949 9
1786 1729
750 677
173 766
207 675
1213 1401
1759 1865
326 1874
1870 1151
1248 1658
1875 155
525 1430
959 989
1587 358
1945 1833
1555 600
1515 641
1254 1561
1472 1821
465 1988
1142 1046
1114 1976
1427 887
1311 195
1753 1052
302 806
513 1364
1114 974
1746 886
1713 660
955 775
1170 842
663 1448
1070 611
1915 739
1197 906
513 1848
1618 799
43 269
1139 1030
1455 699
1015 803
1415 269
958 112
1274 227
273 863
1303 1023
1611 1506
289 358
1868 1007
48 1336
141 523
858 280
1030 1901
862 605
848 364
1870 771
752 54
526 1538
1515 562
630 1758
1925 1299
520 644
844 1654
254 1955
124 11
1618 272
1568 760
344 1706
91 1098
1980 466
525 851
816 395
1821 671
808 174
1622 121
898 113
898 1704
790 127
1045 1583
1200 748
1625 620
508 1361
591 73
93 1090
261 1752
145 1356
1730 1810
857 1123
159 657
135 1222
1610 1837
1360 1776
1983 1510
488 534
1566 1371
1946 886
584 1859
808 563
659 673
1174 822
1862 627
1686 1411
328 1497
1835 1147
789 494
1078 148
111 1812
1672 1764
1042 1616
1214 1483
1774 1243
1021 874
112 1097
1198 527
456 681
1164 1237
173 179
1056 663
1702 240
196 570
1011 1533
1792 573
237 1384
1953 1091
739 1616
1923 270
181 461
965 1974
1136 349
718 1347
1874 1667
1530 308
801 962
668 785
1470 279
129 1282
1405 1819
1547 1570
1326 1457
499 1063
308 1699
129 1538
1995 1387
604 1042
1076 1452
862 408
153 1235
771 765
1547 650
339 702
1467 1179
443 1385
1970 327
1267 862
1594 217
281 1787
1771 1529
1219 1917
1784 1085
1032 1203
1202 133
1801 892
1021 744
1408 796
961 1955
277 939
764 763
1504 315
952 67
966 1042
1727 1055
1967 1751
873 138
778 247
1902 489
1209 1167
1152 1366
225 832
1254 682
948 608
1616 1706
634 1545
334 942
499 892
1266 1156
578 1082
985 1829
1876 703
437 1145
13 653
745 1492
1606 51
788 1276
927 970
996 1902
851 1832
415 600
1425 1926
1089 773
1286 1441
1002 1641
429 1212
453 1148
1601 1986
1370 809
130 1540
611 349
1325 562
165 1714
382 425
953 443
687 1494
611 1913
219 1562
777 65
346 1009
1785 185
1599 790
500 1155
912 1226
124 478
1565 1568
474 968
880 1832
1506 1323
1333 1012
673 1204
187 184
1412 1259
270 1274
1659 28
814 1845
682 252
68 1878
698 1361
1244 1753
829 1522
1532 655
127 1972
1454 915
1727 1940
960 751
642 380
365 541
1058 1380
1664 1357
707 1037
555 1280
1481 842
880 1726
160 57
199 1677
1062 920
1093 68
1040 122
285 344
1436 415
750 702
1223 855
1301 1500
1765 1686
54 322
2 1897
77 1026
161 418
519 1007
1397 480
818 1003
345 627
1127 1656
1076 19
270 65
315 1577
89 1919
1679 546
827 584
1065 1876
701 1085
406 1584
255 811
606 1020
784 41
336 680
563 24
705 1562
1092 506
1418 137
1978 649
628 1184
1343 774
172 575
969 1242
1585 522
134 1499
1984 912
849 764
123 400
1176 324
1681 2
1126 791
1844 394
1765 709
95 1150
570 285
1481 1899
688 1302
1650 279
1625 1079
41 1981
464 497
1935 1302
1537 1096
257 1558
1616 1874
790 1068
1371 1626
1902 486
1771 1907
1661 113
1478 1503
526 1723
1572 1985
1668 1185
1848 325
280 310
282 1244
1754 819
480 285
403 1016
1248 254
1558 1272
1184 1949
779 1661
1241 894
1997 1469
1228 1742
1421 1816
419 212
18 1833
866 1433
535 1377
1752 1939
830 1298
1164 1866
1147 1415
1396 1336
1044 848
1583 149
976 799
993 82
1794 96
1824 643
1227 373
1209 283
806 905
355 1920
831 1617
1558 1896
1633 433
526 1591
1533 396
421 691
1682 1235
1136 1036
687 563
1804 1743
398 1498
1805 1773
950 843
810 1576
972 117
1623 169
1397 1430
1500 425
1224 131
868 438
1376 82
1378 235
1664 798
1544 622
1930 223
146 1744
1262 1688
1302 223
766 223
347 146
789 1325
876 1238
219 795
1505 360
352 1101
956 388
1277 712
582 1876
1833 527
404 770
267 966
733 1734
1858 1048
211 1709
1263 106
593 1986
1283 1071
112 111
750 1337
1666 1103
1145 1444
1520 1874
227 259
675 31
541 792
752 1037
197 1309
1950 1480
419 266
292 1506
67 834
1101 1500
402 1971
531 1209
1532 203
1 1360
1195 876
1049 640
943 1618
452 122
1664 1361
1987 1624
1540 24
394 1566
1019 1385
1095 212
1184 1060
404 820
75 1511
1902 221
1412 1369
215 1564
466 413
236 1075
1306 1284
147 1672
167 249
211 1125
26 745
270 1366
1373 1037
1824 1903
1217 836
1206 39
578 1098
1041 649
1468 532
998 498
1281 1990
1741 655
826 1471
142 1806
352 502
1821 1695
1396 215
927 406
500 1565
688 1521
110 1759
1390 319
1677 1452
754 1526
1693 1016
1976 239
850 1418
856 1279
1259 1206
607 972
827 1285
748 677
981 1715
42 500
147 1279
1692 274
1460 546
1203 288
238 1188
906 1102
1982 1881
668 1963
1467 1936
1911 1425
869 1998
229 847
652 1208
1948 1762
894 246
1577 845
1033 87
87 735
1386 1288
1267 135
584 832
1828 1809
1900 1879
88 1464
1304 1339
1776 2000
305 962
118 1400
189 139
164 796
1853 243
659 162
656 590
413 81
868 564
1197 1768
1160 761
603 1852
1865 648
235 1391
953 1300
1716 1201
1563 804
708 1362
1610 1644
576 832
29 946
1590 1062
314 620
1375 682
1459 1715
1194 1521
219 971
958 1926
1592 1298
1231 280
1449 188
399 1225
1548 295
1525 819
1631 411
1680 431
1737 1321
1270 371
1980 460
202 1340
687 170
793 442
194 1217
1715 6
1445 1534
1101 1791
923 865
50 1290
1070 1894
1906 1227
976 1827
1082 1440
792 989
568 804
961 756
1532 1053
1598 158
1900 500
1899 1476
792 93
182 972
1261 395
1299 61
1494 673
766 1577
1542 200
356 1920
1062 453
622 667
58 291
1963 230
1727 543
708 1844
1408 723
1953 1317
142 1662
1735 1934
429 1750
1221 1212
91 1771
1359 1966
723 639
1520 247
879 136
1123 1495
245 1438
1481 837
902 1976
1312 1018
220 11
541 992
1540 1241
46 1934
978 276
1080 383
10 1061
962 915
1712 556
976 1563
533 924
1169 1548
205 1503
706 1868
1939 260
1752 1653
1807 1012
144 701
663 1984
1569 535
1980 1241
1049 1349
1380 15
900 1667
1917 1848
1742 1242
700 1382
1369 1599
805 1330
798 1209
276 1331
981 1320
257 630
1549 1422
1492 1849
711 1034
1894 1880
1557 344
1607 1394
122 1519
1459 1664
1828 145
363 1520
553 722
1167 1799
80 1756
879 1084
1617 1636
731 631
337 994
1181 1035
26 1474
124 665
175 1241
1611 966
1360 1021
795 550
1200 1310
249 953
1256 259
19 71
619 618
55 1801
1227 492
689 719
260 456
1986 1554
1377 1521
1753 352
725 891
1263 912
1376 12
1837 1215
1465 919
979 1299
1204 806
708 178
1563 79
504 549
514 158
1033 1221
101 230
404 556
69 968
770 1642
1020 696
410 947
597 1940
674 1720
913 1360
1422 683
1564 1225
21 1779
679 1949
1732 313
443 1372
310 1357
1382 172
1730 427
296 1800
1061 701
371 1294
794 1677
1369 1657
1648 1495
634 123
448 289
1819 123
1595 1937
1053 1659
534 424
923 1392
546 242
480 515
440 261
94 1769
184 543
1993 1776
1190 607
1162 1283
523 1831
1080 198
280 1610
1517 189
1927 1165
762 1981
1752 1914
179 748
1568 327
1493 42
1015 1093
8 439
411 1786
1634 64
1800 645
1453 307
93 159
1854 1557
1726 1243
1559 944
1622 358
975 705
993 307
1762 1517
1266 1077
1017 560
1781 129
112 103
1832 585
1178 1640
438 570
117 690
1813 1631
1483 1737
1182 145
1403 1094
1493 194
1969 1048
1955 1251
967 708
842 277
1220 530
1097 599
1373 1868
197 835
37 165
1680 1745
519 309
1725 1593
1844 1900
444 865
674 525
513 1700
1677 478
1817 15
613 1587
154 1807
1430 712
146 676
1867 917
597 644
1409 1662
33 1798
111 1810
1958 1686
1605 1289
1847 1031
383 1779
1339 95
240 767
406 1261
1950 1178
439 660
577 360
856 335
1060 1971
1604 316
386 1713
1019 642
1420 1461
43 1094
414 1569
1325 282
1400 552
460 108
1480 1675
668 321
1786 288
1861 728
987 1256
1367 1622
1017 612
862 1962
1535 1233
1044 113
1574 1563
1958 279
523 1350
843 1218
241 1781
1256 1312
1044 37
132 1363
1878 1463
1869 1700
1147 1078
1107 372
68 1766
51 820
1336 1133
1636 797
246 917
1179 434
910 947
1392 1379
1120 541
1427 25
1422 1236
132 311
822 859
379 50
1473 1404
1154 1641
453 1363
1089 1381
1303 1827
827 299
1640 851
569 247
1851 905
1378 289
636 1096
334 1973
295 1471
920 397
1490 1601
237 429
1407 897
1756 21
316 104
1845 1274
558 1232
1463 655
1441 725
753 246
1135 163
1643 684
789 685
102 25
664 1427
684 39
1041 411
313 271
944 1719
617 1505
71 796
933 1971
1869 1478
805 502
1917 2
1701 553
357 149
1611 1076
1806 358
1426 1600
1314 640
776 1832
854 1940
57 881
1930 1631
1965 1604
186 975
121 1038
1276 306
71 1818
552 239
1503 944
850 410
661 1905
1777 1170
1901 1214
1977 1899
948 1426
1707 1121
174 672
570 1431
1905 473
1904 1561
1134 1939
500 493
238 1975
1692 1205
1743 1393
467 1132
1866 832
1021 1402
767 1590
1975 772
1403 132
295 203
1064 1629
582 362
274 870
957 368
1665 1776
1311 534
981 1553
1206 620
1475 581
1154 284
460 430
1280 232
312 194
181 785
158 1173
1735 760
1057 1955
167 1069
1827 1327
938 204
1751 1407
1334 1554
1100 5
526 1197
78 584
366 239
122 490
181 123
1926 936
2 1505
392 43
1188 1380
954 1335
1021 234
1846 1553
1188 1840
356 1761
1764 1806
662 1380
1658 101
1982 705
1664 592
1366 1345
368 578
567 604
1548 1449
1615 1866
1613 1203
143 1828
364 603
931 1734
1242 1127
841 188
789 706
1183 1724
114 443
1165 461
1908 106
195 155
1701 507
491 1009
215 164
1535 208
417 534
530 712
1245 1072
959 752
752 501
1013 62
1938 987
493 1661
508 1922
923 1826
830 529
907 1565
865 1666
1017 1566
1991 1728
1535 1383
307 1422
253 377
1739 559
280 419
1751 1048
1978 1574
314 1967
819 1197
137 1488
634 11
996 1556
952 1864
1179 902
90 1984
271 845
1525 417
445 1406
196 1202
799 1593
1280 331
1195 1590
1313 969
92 1882
928 525
1798 443
1102 1846
1177 1349
1837 548
454 3
1247 1523
1037 535
1054 449
947 1658
693 816
182 1905
11 1936
182 440
158 1774
471 1053
1393 848
72 690
52 98
1953 1929
1464 347
1425 1319
1935 1516
1093 1003
1571 681
1274 1137
568 1838
131 1215
1395 17
1495 15
1785 1499
905 1951
1352 1749
1631 1319
1574 862
224 244
1452 976
258 938
729 493
961 1161
1235 754
353 1461
1952 1859
177 1294
1151 877
1720 239
1857 1765
180 1482
543 1417
1794 160
547 715
167 679
1522 144
298 163
1964 211
675 1426
1824 1878
1086 1536
1969 947
128 364
439 1928
60 724
1502 290
1453 1080
111 1800
1340 1756
1135 492
1892 1340
1774 104
1488 1734
506 923
1821 151
874 1233
542 469
1614 1361
1667 846
315 1173
558 1812
1406 1988
1038 1223
619 1190
757 1999
510 1405
168 995
1600 665
1023 1716
311 1058
1911 755
250 208
1395 612
1195 1646
198 1202
535 1075
605 507
859 1869
1406 406
1993 869
1585 1223
1686 925
837 1121
176 1237
533 839
1321 1368
1405 1250
1235 1500
1577 1651
1934 1052
1714 387
811 801
170 910
672 797
828 1190
521 478
932 705
352 1480
1068 1582
1130 192
1774 972
70 1363
1088 1411
1670 547
532 1398
832 387
1229 1197
442 52
1285 520
1935 337
1749 277
1818 1665
615 947
626 1828
562 997
596 365
713 851
1771 927
1688 386
1970 858
733 1197
332 262
1556 344
927 448
331 1853
1763 221
52 407
880 1794
1278 1053
1313 1378
380 728
935 233
1529 1910
653 567
1374 1550
1343 1996
509 55
578 1993
693 421
1553 1156
508 1121
1981 1496
1600 763
1380 1503
1984 1621
260 561
1019 1770
1423 309
1298 1839
753 160
1765 415
557 882
841 255
906 928
560 1232
185 1737
1019 1899
891 504
382 841
1736 202
991 1908
1895 727
1586 1519
662 14
622 513
675 1643
318 951
1160 1543
597 1225
1114 22
563 397
751 134
499 398
566 1890
1330 649
825 69
1008 1310
1251 1444
5 726
464 1188
591 1911
507 5
1516 292
1388 1752
1977 1106
1978 1032
1106 370
12 1589
1599 1742
908 1646
473 1953
870 784
955 285
404 133
375 367
93 1974
1999 1636
417 875
1569 271
606 116
803 321
1365 727
1253 1717
910 1663
806 1041
260 464
736 686
262 1986
259 453
100 456
1312 1988
942 29
219 1303
751 1644
1250 69
1670 981
292 1269
1772 1430
1404 86
1798 934
1962 460
1448 13
596 1520
1226 1624
669 1447
723 1936
1184 76
1372 1734
1013 973
481 1434
328 1016
1184 300
1433 256
517 1386
575 6
72 161
1004 178
597 1279
1629 1421
682 715
1949 103
185 783
147 913
1666 887
876 1597
1705 1269
1898 1414
1897 1220
1317 1749
1319 185
828 1421
1538 801
749 539
1638 1713
564 1934
1747 649
421 870
500 470
478 187
530 1216
1450 1801
1186 797
1933 1212
982 1032
397 764
1972 264
1667 1543
1143 1607
517 1974
1006 44
429 637
76 899
1066 1655
864 1008
1754 1799
602 923
440 1013
1845 426
1602 1586
98 966
994 305
1581 1220
1055 1664
173 1010
842 1124
235 747
895 490
1471 570
141 796
709 1302
426 154
651 365
885 1066
1161 1481
1551 1960
318 1169
367 527
399 1766
1742 1149
446 1926
481 1974
1982 917
1941 737
1533 567
405 1906
1072 1160
959 248
467 281
286 233
1209 1988
1056 1508
1842 990
971 833
1203 306
1917 1659
656 1405
1161 1287
1308 438
831 826
294 1736
1395 908
495 113
1824 1457
1512 970
1234 1322
1061 1930
687 1246
962 1448
1078 1943
1985 1085
687 1681
1352 1460
1508 1492
122 425
199 1776
132 1066
1533 1770
579 334
1670 1928
343 804
1835 1303
1890 173
1762 1201
1768 1058
1768 1102
574 406
1724 1974
648 961
1209 1009
1512 1677
817 1406
660 876
1167 830
310 967
1904 504
1 174 4 31 55 97 2 168 1 5 3 4 7 16 10 2 8 3 14 1 286 2 1 38 6 1 108 2 58 137 102 1 1 27 1 67 1 15 1 69 279 4 32 8 1 5 1 5 1 2 3 3 1 50 306 1 270 2 5 11 11 2 132 48 18 2 3 2 24 557 2 2 22 1 2 94 17 5 2 222 2 2 1 18 1 1 106 15 26 61 45 1 50 119 14 389 1 1 15 106 5 7 10 8 1 136 6 22 4 102 4 30 6 66 2 2 2 1 85 4 2 370 1 17 37 29 9 9 6 274 57 39 60 100 15 1 85 1 49 16 161 105 19 2 21 35 6 1 171 144 3 1 63 34 10 6 1 184 261 242 5 1 46 2 20 53 3 10 48 104 81 5 14 1 21 67 69 48 13 33 3 39 4 1 37 9 39 22 65 7 8 140 8 9 6 47 60 1 2 93 18 24 193 1 91 34 147 1 83 7 8 38 1 35 14 24 31 219 103 14 37 68 96 189 1 230 28 269 55 8 1 100 3 4 3 9 18 129 66 8 164 360 92 149 51 1 34 3 4 82 106 88 2 2 11 2 69 3 1 15 331 10 1 41 1 1 18 1 102 15 4 2 1 5 1 7 2 1 3 1 16 6 112 5 59 5 1 1 6 4 17 194 1 4 18 6 1 24 15 19 67 59 1 1 366 64 27 3 9 3 37 4 2 2 1 1 16 10 1 51 99 1 1 83 5 106 121 127 1 1 1 1 5 334 1 341 1 6 36 33 1 7 38 292 6 99 36 32 11 196 15 2 1 1 1 70 186 4 3 4 2 42 24 1 3 1 3 1 2 18 9 42 2 1 2 4 3 51 1 2 72 576 1 1 1 333 68 6 1 10 20 35 3 121 1 1 77 86 19 54 6 2 37 3 415 31 16 4 117 20 226 168 1 310 2 259 11 17 50 20 22 1 33 118 541 165 1 4 112 56 1 60 1 46 4 39 126 22 9 56 3 5 64 6 72 2 93 8 25 1 10 4 56 3 1 90 26 96 1 319 4 2 1 14 92 2 14 506 48 10 41 60 4 29 1 3 1 37 102 24 1 1 1 3 1 1 8 297 42 1 2 72 17 2 18 49 15 61 53 9 74 3 1 91 3 1 177 126 137 87 1 35 3 5 25 88 87 1 2 3 18 299 8 3 25 525 8 1 242 186 49 2 275 17 29 11 2 4 1 7 1 142 4 1 3 271 227 7 340 35 2 1 9 6 216 75 1 289 1 88 180 52 1 7 2 1 31 106 1 2 7 1 111 35 7 47 3 3 58 1 232 10 26 11 302 1 57 1 2 9 5 567 4 1 6 4 9 5 1 43 1 1 9 9 38 1 170 1 1 1 89 1 9 73 1 220 2 58 57 1 11 12 1 1 1 14 5 60 1 38 72 1 2 13 293 5 5 5 30 3 4 3 8 1 226 1 8 424 172 30 4 1 39 17 55 24 172 1 456 94 13 20 92 1 31 39 2 62 10 194 1 2 370 4 134 1 5 1 19 223 1 43 14 17 26 3 2 1 7 1 86 100 19 2 2 15 77 60 1 3 46 35 2 1 3 76 17 36 8 2 3 65 66 37 49 1 325 108 6 1 1 10 7 7 1 56 46 1 2 1 10 9 44 4 107 1 1 2 4 73 4 59 1 1 354 12 1 9 19 6 143 19 11 1 426 62 97 75 1 47 1 2 2 80 275 25 3 1 4 2 57 2 12 1 1 622 19 1 11 2 313 1 38 7 28 37 4 87 36 14 19 3 10 47 34 5 5 72 10 4 481 1 182 21 90 318 4 3 472 2 2 1 4 110 1 2 56 4 16 7 3 63 1 1 2 6 59 124 14 116 18 107 114 304 1 6 540 1 359 5 7 199 1 6 1 18 8 91 94 152 32 8 9 11 18 8 152 28 1 1 2 7 11 1 28 1 2 1 80 2 147 42 262 229 1 7 149 2 2 214 2 5 34 22 17 73 58 5 51 1 299 47 1 253 2 1 48 50 8 102 267 20 97 1 450 1 3 2 63 109 3 16 13 44 21 1 2 2 1 18 60 1 44 95 323 134 10 19 1 6 2 2 79 1 1 2 2 10 25 68 11 104 34 535 147 57 2 4 1 5 82 2 22 3 4 7 2 61 2 190 20 6 58 1 4 5 106 27 9 11 113 43 6 2 33 37 1 8 36 1 11 127 88 6 102 112 4 2 1 2 2 2 48 34 9 37 47 9 19 12 50 55 1 3 12 1 8 2 69 72 2 259 5 1 321 39 7 70 9 2 3 2 28 73 24 1 233 6 99 10 11 48 160 1 3 1 14 28 3 1 221 29 7 8 266 142 2 13 6 5 2 2 33 1 22 222 118 243 2 32 32 5 2 1 11 83 2 1 141 2 107 219 236 1 2 9 6 5 116 50 267 25 4 4 9 3 1 393 13 38 13 2 19 4 6 4 13 54 2 1 8 53 303 1 2 6 45 1 2 8 44 26 1 1 1 3 1 3 1 4 262 1 1 211 10 53 68 5 97 7 1 10 1 3 71 71 4 14 1 3 2 10 8 2 40 4 21 57 1 16 151 1 2 172 1 116 17 2 2 94 186 169 1 70 5 4 23 27 25 400 2 1 47 69 31 74 71 1 29 30 10 2 2 13 2 2 1 29 1 90 1 375 1 5 13 1 5 1 72 13 154 110 43 322 2 10 16 3 33 2 19 224 399 9 373 117 2 4 29 2 75 87 48 119 3 82 201 146 34 19 101 52 5 20 62 64 66 20 1 1 235 13 156 2 38 13 1 1 337 50 153 24 213 51 2 2 140 3 29 243 44 371 17 1 1 96 1 1 80 545 1 98 21 53 1 86 126 4 1 215 2 8 422 1 7 16 188 211 1 8 3 1 1 79 1 97 380 11 6 1 168 2 1 280 60 3 1 18 68 3 5 51 3 1 13 6 5 93 24 5 5 17 41 363 1 58 10 255 1 83 6 1 260 2 9 10 8 7 10 11 182 84 33 1 105 1 104 1 2 10 26 6 59 3 42 39 318 501 4 6 250 1 130 1 189 6 2 3 1 2 194 69 10 117 148 3 4 16 1 279 20 46 8 1 1 252 2 67 1 4 6 2 104 1 4 40 3 3 45 391 54 14 1 3 86 51 2 30 6 14 357 2 122 276 7 71 6 121 144 12 11 9 1 168 1 7 219 21 1 40 1 83 4 3 58 3 1 50 6 1 2 107 1 22 3 164 75 1 1 92 1 6 17 14 3 148 2 3 128 19 3 1 26 43 7 10 8 1 282 116 9 2 1 150 401 55 1 27 2 73 96 10 1 1 2 3 5 36 81 1 2 352 1 32 4 1 1 34 285 164 1 1 418 3 9 40 4 10 1 424 6 58 262 1 3 26 1 1 54 29 2 17 238 1 3 144 26 1 1 1 29 29 95 1 2 4 5 168 1 166 396 92 22 2 16 142 48 8 10 11 3 188 24 3 33 64 8 96 113 1 427 158 20 1 48 449 1 98 48 9 5 1 78 1 224 261 6 1 49 2 1 5 32 2 281 50 2 223 5 4 24 3 2 12 110 31 1 271 2 81 162 311 1 4 6 2 12 99 378 31 16 29 1 2 73 54 3 7 1 1 35 1 113 10 20 10 4 6 8 300 5 18 224 1 67 76 10 283 52 41 54 34 14 20 105 1 2 288 3 71 1 1 15 5 106 33 18 4 1 1 5 5 116 502 23 56 20 7 50 81 16 1 2 1 5 13 46 27 313 5 36 1 64 179 1 336 1 345 1 25 17 1 1 4 3 3 13 1 4 14 1 1 7 5 8 73 178 3 1 1 11 76 34 363 88 71 222 1 1 2 76 27 227 245 1 26 2 1 237 51 28 15 1 3 39 1 13 83 2 1 342 17 12 194 62 20 6 1 1 210 3 371 1 24 6 224 28 1 279 2 103 198 58 10 11 3 25 11 206 145 44 2 61 133 72 18 234 1 2 2 5 3 31 3 61 230 1 87 1 10 4 7 1 9 5 7 1 7 5 12 91 1 1 1 59 8 122 53 1 46 27 61 1 57 1 183 71 1 211 20 10 4 203 7 3 45 373 18 179 1 77 242 12 2 146 89 5 10 12 3 15 30 89 97 253 9 12 25 255 1 2 10 157 3 8 305 37 41 12 28 3 1 7 9 423 1 300 3 6 1 4 115 71 95 1 1 1 1 1 5 2 2 9 48 86 262 90 13 1 25 10 10 5 4 1 4 99 17 17 2 64 36 17 59 3 110 91 15 1 13 4 47 4 3 9 1 4 2 1 73 5 99 1 1 2 31 6 1 1 26 7 4 1 18 8 6 109 1 73 3 3 1 26 12 64 17 1 199 4 50 181 13 30 17 90 1 184 1 12 1 13 16 2 12 1 1 102 1 16 30 78 46 355 2 7 12 7 2 1 514 275 148 314 53 5 191 6 2 173 1 3 6 1 1 3 18 7 110 83 20
