2000 4000
345 780
1153 250
1683 156
1744 149
379 653
376 212
824 423
1032 129
795 1312
1930 294
1560 759
1897 139
1332 1849
1762 248
1464 1922
258 969
62 1279
1913 1247
1490 927
508 582
942 1378
285 226
1765 446
1072 438
1120 1483
1762 1309
288 1158
730 718
1011 794
272 838
1859 512
49 1813
1330 1888
271 579
475 1330
802 93
508 129
711 483
127 1315
835 1693
290 139
287 1030
1502 1721
1563 651
327 272
1599 1903
1999 441
1758 1187
1634 96
1781 97
1647 270
1358 509
1114 1018
882 1594
477 695
1492 1015
595 1986
640 1029
1298 1293
1992 183
1510 727
243 420
1273 558
411 221
1347 152
1662 877
1024 1684
927 132
27 1940
1136 1362
1194 1820
1436 1577
1891 1089
1036 895
42 1432
1521 1935
469 1824
466 1542
623 1955
235 1130
1491 64
591 217
1211 919
298 1692
346 817
1549 640
1123 756
1824 1639
1325 1377
45 500
687 1978
756 1796
1945 462
255 270
1073 660
774 13
509 654
459 1978
758 87
1294 506
1611 1615
760 117
87 1552
1534 951
1392 624
234 410
923 1854
164 1635
1019 482
1512 1473
1216 410
1600 1081
794 1164
1921 659
813 1247
193 577
1014 1958
1772 157
1834 1396
1283 1400
206 138
1324 1785
1177 1450
446 738
1538 1526
1274 708
751 882
704 1702
422 136
1266 541
481 222
92 1332
1481 1910
1844 815
950 419
1241 991
757 788
1394 1689
757 1753
560 1274
547 783
865 1332
1285 1887
105 1177
877 74
1917 1605
956 948
1281 1029
1850 955
956 1025
916 1388
1561 1318
1009 645
213 801
1068 1985
645 757
263 306
1146 139
884 1737
1808 1571
1934 1375
199 1126
1753 967
676 1040
121 3
252 792
1691 1797
185 694
1028 1208
1876 1388
1685 491
1884 1890
1400 1253
1787 600
416 639
1009 1889
1999 603
1561 1945
1790 1417
1671 1493
782 1206
784 1778
1280 1294
1887 1207
377 1089
1885 802
1207 503
111 783
883 1577
655 726
1097 1362
1963 282
641 1578
1686 1512
1671 629
1921 215
1183 97
1614 1212
284 291
245 857
1224 601
1854 867
1620 785
869 1260
711 82
816 1574
1716 1591
1713 1476
1713 1540
260 1413
309 688
1591 190
756 1357
1519 882
591 1080
585 335
1807 174
1927 947
100 24
1775 799
695 262
1347 520
842 432
225 405
409 463
1914 1541
200 1901
1766 513
560 627
641 1393
255 470
165 226
686 1483
1054 1347
230 1999
1635 893
1959 331
632 51
189 1843
1674 833
1408 1002
509 553
1902 548
835 593
1909 717
1312 1465
1269 1998
1618 5
1660 233
1389 552
160 194
507 1571
732 584
97 1537
421 436
1841 1009
1980 16
392 487
1321 1699
1138 1887
1650 1710
775 69
1799 306
146 1304
735 754
1736 140
118 1486
1204 999
385 1310
173 1911
638 1861
236 302
808 971
1165 1951
361 1551
43 224
990 519
1639 570
1811 986
667 373
156 1631
252 345
527 1841
855 1543
1494 1078
372 1791
1584 643
880 81
730 1966
1266 216
1865 926
1488 1796
1216 1426
1826 1082
1644 394
719 1156
1603 1295
150 1700
761 153
1897 1642
1830 1757
537 583
1100 1218
1992 705
363 665
692 1012
1229 972
877 1676
1700 850
1841 1142
498 1110
391 1657
1436 868
609 1679
44 751
859 1856
1789 844
1782 102
1988 1136
1711 1568
526 564
1805 587
39 1336
1897 293
120 318
1603 358
1211 323
1324 72
145 24
1865 1065
1680 392
830 1412
709 1874
1385 1081
729 529
1428 1860
1628 638
1246 1299
1042 888
971 1843
1495 1328
37 673
928 1095
1039 1355
1578 784
70 865
1271 1697
1132 579
893 1289
103 875
977 784
1790 1421
968 1603
253 6
1978 1296
1440 445
327 124
336 1087
1445 1402
1282 1847
559 393
1518 1237
1780 1852
671 154
486 1528
858 696
1890 69
335 1977
1055 895
264 1600
1973 921
762 823
819 213
1930 801
364 875
836 88
992 1418
576 1244
146 1125
1517 1245
24 657
285 987
389 1815
367 1895
1238 1126
232 1702
1460 655
710 94
59 1114
408 554
1261 254
134 807
356 777
597 738
1427 1739
446 294
911 1198
1714 1882
891 1596
602 859
1946 1909
1078 503
386 1537
258 1695
1517 509
1376 452
786 1082
435 527
1767 606
94 1277
1800 898
293 1391
973 1261
1734 1144
76 1125
1844 1627
1017 631
1041 425
1054 685
856 1239
441 1285
1652 309
297 1256
1560 1915
956 341
697 423
210 597
557 1880
1746 1937
1765 1542
746 1164
272 1622
1149 1542
1145 1605
1738 821
1458 982
1718 1465
977 837
1506 1555
1665 1949
697 295
1398 307
271 643
1995 504
948 1050
1830 453
391 983
74 379
199 649
599 1882
1154 301
1178 1707
791 402
1902 1041
1058 299
665 1817
1903 483
462 1118
636 69
1772 1428
942 1678
990 832
834 1861
360 617
1806 76
1975 1351
179 774
1956 674
319 449
1457 401
377 96
1266 1973
1427 541
4 644
1913 1807
959 1958
918 410
1694 1464
1340 66
52 162
688 246
806 185
456 1350
906 593
442 1895
840 651
1881 1595
1933 658
1938 1182
1469 294
296 1683
679 808
1244 1897
769 1430
129 58
217 702
1616 1857
1948 680
859 1931
1468 1143
1032 1041
1656 154
736 1451
1096 1753
760 1327
581 1909
160 1249
1299 1366
865 360
1019 1070
336 842
807 1154
1501 1169
1804 1681
1339 602
1808 1074
756 1293
1416 948
856 47
1134 401
822 1947
1170 1555
557 432
1541 588
498 217
900 1708
1236 1392
1998 400
1067 1101
54 160
1854 1173
119 693
1099 1061
673 900
1002 567
255 1497
1458 945
95 1299
1215 205
1182 1484
1955 1304
904 234
79 700
1690 899
1662 1065
1332 651
628 1466
1720 349
1787 1200
209 1345
352 1320
1828 1885
1691 434
878 124
564 1277
473 51
1761 847
1837 1041
1958 851
1533 1165
621 202
700 1639
1479 742
978 340
814 789
621 1196
1022 219
1001 570
332 256
1840 944
1698 1716
271 130
388 69
1799 1510
1567 1863
611 179
744 819
972 1641
1358 148
1191 1943
998 1237
880 1364
1850 1299
1847 668
740 218
94 422
191 125
1754 202
718 975
1460 970
1416 286
605 1410
1742 15
1562 766
1091 1484
864 827
1443 1358
884 1770
1926 1259
1722 1176
1962 382
1931 1513
588 1172
83 668
947 1557
449 1198
514 861
1874 738
1709 634
428 301
1964 1075
600 981
1203 784
1387 1849
1151 1657
1358 444
926 1263
1669 1289
297 1567
644 72
1279 897
1708 663
1618 135
1764 1360
1464 396
1571 1867
73 60
1342 846
1826 1968
684 172
384 142
1529 318
1077 1928
258 1661
1114 1456
977 1262
1494 468
1538 724
1638 641
1154 1958
635 1044
1568 1851
1454 699
1794 1373
1629 1912
1687 916
80 1921
1403 1530
1729 1753
328 1516
1178 215
904 756
1655 262
1592 678
207 493
446 1160
457 1678
30 105
821 235
893 1559
1787 47
1858 1153
438 1519
574 336
115 1447
1443 525
811 1411
1466 1801
1548 1175
25 467
128 1397
1683 965
653 516
1191 455
1099 652
2000 1317
1702 1914
951 1561
57 1113
1203 310
1034 109
811 719
472 1202
1553 94
436 1239
1224 1584
714 194
929 894
1304 221
1000 1839
1356 1818
1062 1173
1996 63
1357 1083
396 853
1298 1227
607 1909
147 941
1780 1042
404 122
1563 1044
905 476
251 433
1591 1295
985 1183
1350 825
574 1717
148 1806
1884 1758
1171 1784
1223 1186
1733 1322
644 1223
875 1565
1881 368
296 514
686 779
493 336
1919 257
1371 227
1952 1302
1796 1499
1015 629
194 1455
1352 354
1007 608
388 779
686 1988
225 726
538 1536
1996 1939
286 1326
1641 1388
1469 1081
933 1452
951 592
997 977
1850 221
942 1367
1594 779
1558 1006
262 36
157 180
1326 298
513 164
1071 947
872 1866
1586 1989
450 172
1083 425
1117 391
271 1836
531 533
1521 1943
940 1016
1571 1032
1061 1434
1477 968
150 392
70 1049
604 1285
658 295
1504 88
1442 409
673 1012
794 860
1396 546
877 851
1543 148
125 1421
866 982
29 294
1303 876
1579 1318
1115 588
630 833
1338 1462
812 126
1070 759
1492 779
1269 1560
18 209
1630 30
432 1409
15 218
1829 1677
1045 811
661 503
361 1220
1612 879
41 336
963 1983
235 1288
750 255
26 1243
924 340
648 1097
669 1870
1000 144
507 1359
1572 1504
1390 154
129 400
155 1113
203 829
732 1370
455 755
1212 1753
1772 211
451 830
1997 176
302 1451
1324 711
446 1179
748 1353
1032 1666
566 829
1294 82
695 883
1408 295
1825 1114
933 1951
1614 1706
195 828
1749 1453
283 1438
122 1736
1885 296
968 1261
1539 1379
1145 747
1974 696
1073 1404
707 148
1220 1606
1321 1175
656 38
1374 1908
935 179
1171 1118
636 1358
1291 1199
638 1186
182 470
1476 1439
1686 942
1200 939
510 1784
256 549
1260 1017
1653 1863
878 389
831 1675
486 1821
1857 1750
1404 438
535 209
945 684
294 451
1527 384
1503 1950
132 1816
1217 341
828 89
977 1714
434 1862
1429 1979
1041 1963
1931 1760
902 256
1252 1074
708 1722
1731 182
1367 749
1572 973
237 190
1836 555
863 390
1895 49
1064 1134
1090 304
1732 1871
1728 512
1557 1486
883 199
311 653
1822 1543
278 1937
1207 465
1255 1034
523 739
836 1305
437 1377
442 1618
116 1476
36 1409
1752 67
1256 738
493 814
31 612
1997 867
1817 635
618 1814
119 1585
1237 378
852 1994
897 1874
1371 1173
1111 791
1777 1187
181 1860
886 3
1013 320
1550 1582
63 1870
980 1926
1744 155
383 187
1630 1122
173 716
280 1191
248 44
666 622
478 642
1277 327
1604 1067
1781 40
1190 1987
1279 518
437 642
1980 1772
1432 1779
1239 661
1210 43
1294 1631
524 575
1860 833
1372 1726
1494 1325
77 692
12 140
1443 591
405 1514
25 1677
895 1231
989 920
487 1422
584 529
1136 234
327 512
853 1393
1132 1717
471 73
291 424
520 1504
1876 703
673 1471
1699 476
1588 264
677 122
1389 1437
1690 90
1469 359
414 977
1298 787
1202 1109
1941 1723
1893 18
1135 846
1663 366
1039 866
1968 686
491 1166
79 1719
248 1885
814 55
1064 1804
1153 98
1212 336
1685 956
1357 1761
1073 236
1684 506
837 143
1968 1795
153 1655
719 1696
1296 127
712 1171
315 1311
794 726
430 1205
1268 631
141 694
15 53
1154 767
62 1179
974 251
1129 718
797 1517
1307 1742
460 400
615 1142
806 333
77 1645
902 161
1508 736
1107 549
778 369
1999 677
45 1085
526 798
552 1124
1700 107
1094 74
1252 782
490 515
635 843
139 1220
1804 40
807 1781
533 1685
1400 264
461 595
1294 1382
1234 1714
1912 1034
508 618
416 334
429 724
927 1368
1955 1190
909 635
497 911
1708 1984
98 1543
675 285
1520 534
89 82
1200 366
1923 390
1202 1398
1311 155
668 1230
635 258
420 59
312 1330
259 264
1227 1897
1172 1130
492 1660
1421 904
963 367
1642 1657
711 448
1128 1089
434 1018
693 1917
1852 1473
1243 1647
17 1023
520 776
112 1138
1422 554
725 960
1366 1298
376 600
503 721
1219 387
1334 1906
1181 555
1520 764
948 574
406 1694
1828 986
1042 636
1872 1594
117 1010
1594 588
1399 1542
1520 36
1672 281
1439 508
1307 1536
108 1128
1448 1421
640 532
336 583
824 841
1035 542
813 949
1807 1284
771 288
182 708
295 1156
415 38
1436 974
709 505
1539 499
1613 1240
1170 554
674 1838
1472 654
752 1774
1882 1637
590 1263
1582 69
81 1475
1033 1076
102 1420
59 1823
1592 458
1137 284
1478 920
1430 104
393 1971
1137 1308
1783 804
1304 1087
1018 256
1785 902
956 1820
2 1588
1471 1671
1043 1666
318 989
835 1989
1499 1685
1584 1330
1545 526
876 1798
333 1560
1236 671
1317 569
144 450
449 1009
1080 1714
117 1950
845 688
1299 1087
1894 1480
680 1149
805 1162
1441 1287
908 52
1888 655
578 482
554 1549
242 1093
1626 1087
1089 1788
748 591
1595 453
1037 1838
1323 1206
133 1521
1017 1473
1264 1632
1511 1767
68 121
80 1786
1405 129
1127 340
1666 829
118 1950
1542 1189
1357 586
1769 1542
1215 908
1380 317
1290 1419
843 952
1949 489
1546 1568
1987 1916
1540 1607
704 1606
885 1515
1581 1911
1462 968
1280 1966
957 322
1055 1887
937 754
711 677
869 477
465 288
1862 410
1522 754
1012 239
277 179
161 1736
1028 595
1477 794
524 1228
1625 1133
1288 558
343 94
1811 1344
410 681
1030 839
411 907
1296 735
1059 706
75 1003
468 1400
1148 1805
1673 824
1417 669
1818 1760
282 920
1130 1554
976 114
350 440
1409 789
1787 909
1826 1859
1901 1301
1637 1871
1355 302
1768 1958
383 1243
759 1540
1892 188
66 1479
1398 917
1515 1411
326 1456
301 937
551 1562
781 853
488 1671
564 1265
1680 1540
68 670
1236 1608
416 130
1570 1094
266 1098
218 1684
1499 968
1165 1424
23 1526
1252 1368
398 61
1308 736
495 841
990 960
754 373
1794 1564
594 1363
1861 279
114 888
695 1583
258 1327
1047 1597
1078 1402
329 1366
565 1743
1009 252
63 1698
1430 509
1682 1204
1512 862
538 1437
1855 1441
296 177
43 1179
438 1176
1070 1568
206 1198
513 958
308 1104
545 664
1681 1102
1003 1756
1356 167
338 1569
1434 1253
1953 261
46 1092
1797 917
1378 1727
415 694
1947 994
616 1081
636 368
1516 1949
1319 398
488 1190
269 1355
277 1809
617 580
1100 1443
315 1148
906 432
1589 1882
257 253
894 188
869 1571
151 1215
1491 1292
1722 654
35 1021
1601 1159
1329 1761
1155 454
1027 1110
813 603
1114 1656
1951 809
1726 973
1997 966
71 1093
1659 557
1664 723
1736 1673
370 358
1006 505
1874 1989
912 682
1701 1967
481 500
252 575
690 412
1653 1970
1884 582
343 1135
1349 761
1046 1283
1401 1540
1690 930
245 739
1944 1965
1319 1610
248 16
1544 303
141 947
1691 333
86 1254
1456 1289
1858 899
589 1225
1561 1457
192 200
583 958
1920 1740
57 1209
421 494
35 1129
1921 1968
460 1609
560 1365
1444 1134
970 384
562 1808
819 759
184 199
1110 534
942 620
932 1983
287 1730
336 1042
712 1652
491 330
1671 1771
1089 337
162 1298
1839 1709
797 1222
1626 1537
659 1506
99 1963
355 1648
1113 1381
740 1415
1795 1393
644 1842
520 786
1970 498
997 1405
115 1678
268 369
1551 1518
1407 1566
1479 1345
1907 1559
1592 416
585 1646
1742 327
1663 559
425 1241
915 899
1956 626
929 1159
1204 1387
1803 824
388 1722
1283 1339
610 1139
1241 108
1805 597
931 1544
1958 748
635 1567
1082 1778
187 791
1156 1833
1957 596
1646 42
1269 1874
1950 1574
158 1620
965 234
1054 1299
656 1014
576 1890
1713 773
1522 606
1480 1579
1485 1780
1532 1433
685 528
1199 743
1229 1947
1130 1523
275 976
729 1659
727 774
1239 747
1816 954
1545 1034
1090 1890
111 1140
1693 23
543 1936
628 1071
85 1957
1413 1947
623 610
1361 1407
1437 462
1722 1517
1309 32
1907 1425
1462 76
1960 502
1010 1760
1785 626
1694 1873
397 1259
1082 694
1623 1315
1925 661
816 1014
1050 1021
553 759
690 799
197 606
1564 1624
1087 177
546 1237
1696 726
1731 1077
1048 963
1180 1157
1140 153
1485 1250
1532 334
1083 1602
1868 1749
767 643
793 999
1648 1361
189 1247
1452 1450
1652 454
1152 1164
715 383
1773 1111
324 1282
494 191
1101 1365
60 286
1759 274
1883 1425
106 1792
1862 108
1967 831
368 265
887 1439
1333 881
1617 580
980 451
1092 1104
290 1249
273 1896
762 979
759 1620
46 1258
1638 888
1608 692
451 837
719 538
176 1115
670 1831
255 105
1085 1247
720 1414
1382 1169
1391 501
815 1316
1852 749
510 1960
669 1619
1222 630
797 1165
1118 1086
364 1586
1748 1490
708 207
1103 1635
917 1391
894 1818
288 1891
989 1306
1592 1051
302 1142
144 1750
300 190
254 1972
1331 1661
1077 47
1500 1456
336 520
169 1799
232 1763
744 188
325 1536
532 962
207 1130
1867 928
700 627
1600 1284
1930 441
12 794
474 701
465 61
1605 701
902 762
975 710
500 900
779 1671
1744 1775
1268 1807
1948 1602
547 637
1986 1853
515 1421
1191 167
83 1377
1736 211
1710 543
1356 1408
546 1055
1328 239
385 1934
1951 1336
689 227
437 120
1210 153
1009 1255
30 1182
1687 1052
1421 1864
1798 1695
44 566
1857 456
1473 1056
415 82
1607 1381
275 481
634 1608
1366 1587
1938 633
1038 1696
1930 654
370 403
381 813
741 962
678 646
367 1181
1008 646
1983 1977
533 299
485 931
581 703
1565 1879
360 1335
1192 610
1990 1753
250 649
131 125
850 459
1423 1112
1812 1494
462 1810
353 733
1874 1999
1261 1604
902 79
1420 571
10 1697
1152 151
835 1752
1511 1802
1414 601
519 1489
210 208
175 308
28 76
110 171
630 1629
298 1686
1845 1497
521 947
1581 1877
1578 119
972 571
1605 995
308 897
814 1550
1650 1532
149 1544
279 1883
142 800
1859 1152
1905 79
1616 1402
96 1278
866 1637
1692 197
1683 1858
1409 1937
255 1387
1095 1614
863 331
1654 1306
1080 1593
1372 1560
51 899
38 410
93 1875
455 24
835 1594
627 92
1006 1351
1601 427
1697 860
1465 1537
1201 575
1741 1734
1514 1933
627 1599
1451 1674
1 1804
1989 1194
1930 514
395 115
1020 1030
1972 60
72 1561
985 1593
768 1944
215 922
246 1620
388 159
721 969
599 1453
861 818
23 390
1670 1465
533 1475
734 1929
1772 1136
1636 1443
886 296
1226 866
1660 193
1995 511
1340 1810
753 1885
445 889
879 809
436 1457
595 1584
124 793
243 1166
1897 535
1798 692
683 121
639 1542
367 922
1540 1082
1147 1017
1052 1932
1217 166
1087 459
268 1098
1853 1746
1317 1149
686 1114
490 709
1526 380
875 402
703 424
234 816
1830 1249
225 1376
1827 1614
1544 1946
1282 1088
220 1207
1198 244
277 1376
1244 522
1693 1713
1377 1743
1042 1055
1570 1871
33 1714
500 484
1109 1734
1550 1587
1625 1622
365 393
1724 372
1497 134
1849 220
1803 386
1234 1598
1461 969
207 1928
1072 311
839 545
1875 563
683 305
261 414
1798 1447
1412 1345
86 17
182 692
502 1779
33 1122
267 415
183 1320
1866 1587
839 1423
1726 418
159 991
1643 1493
14 1632
1323 1397
1647 616
1226 1503
1214 253
326 1906
1766 291
874 1386
522 497
953 1242
884 601
364 664
859 1832
593 271
1274 1074
153 591
63 27
678 1350
1235 1578
1106 1430
653 789
1971 523
1497 1331
429 991
1496 1688
712 447
199 1754
180 252
521 256
1872 1718
86 37
973 1002
1847 1762
443 839
731 483
171 1968
1787 661
1491 1204
1825 342
586 168
1729 163
198 882
765 888
656 317
1686 62
1937 715
1906 1337
1434 1409
1737 1563
540 1924
1561 1955
1038 225
689 208
1312 937
1979 236
474 1486
1747 1300
56 1847
958 631
1551 137
524 446
1367 1635
393 598
760 22
1075 1237
1160 835
755 316
1684 1764
698 1524
490 1209
1772 302
1345 99
499 957
1382 443
1795 14
1095 277
495 403
1386 650
1495 685
1065 1456
1552 1113
432 294
32 1605
1769 1212
1647 1053
514 963
342 364
1776 987
916 1892
377 687
143 253
1329 1727
1297 903
1849 246
764 1333
1263 441
222 1995
1191 416
278 1096
571 1946
1492 1359
867 1231
985 723
1389 1660
1702 844
446 791
1865 1218
1232 1554
591 1047
1724 1652
1828 1611
979 1617
449 146
314 506
1275 1662
625 1864
1006 1009
71 383
591 167
539 308
629 686
1441 1005
414 420
1060 312
1718 306
805 672
41 350
250 885
869 1841
1207 102
462 1988
1339 914
1229 281
1720 1212
937 1710
717 826
163 78
503 1485
1788 1227
559 98
298 1321
1188 233
22 117
1394 766
1232 1
1520 1287
1042 1939
1585 628
124 94
1057 231
514 246
959 1143
1259 1179
278 900
480 741
1889 1374
923 1900
875 322
1868 1407
1977 1601
1936 1446
1105 1050
1150 1512
1452 1175
463 1234
1186 212
95 1812
1568 1019
1819 1612
1191 1271
1516 782
525 1914
961 742
474 1044
252 556
244 1967
585 374
1709 583
31 1341
1741 1870
704 160
255 1728
1492 1620
1718 1596
1286 870
742 174
1182 1481
1842 1482
80 1253
1956 1309
668 1952
433 778
356 174
918 1472
315 708
1997 597
1309 605
1605 1902
329 606
1570 698
982 169
1408 549
1539 1000
247 1589
707 1321
725 473
1093 931
626 279
935 1196
843 1395
787 1715
1344 781
1170 148
1257 761
1211 1517
50 414
603 1505
675 512
1261 820
444 83
1834 1267
139 1929
221 1611
1582 356
691 1987
942 631
1802 859
1837 455
731 681
670 1385
155 1171
1831 1418
1416 502
1516 598
164 1276
742 1144
1989 444
75 39
126 955
1663 544
1493 1257
1444 1304
1005 644
300 1663
280 965
1808 1826
393 1822
1640 1351
76 114
383 1942
345 1264
1241 697
1891 111
105 155
1431 1578
1197 663
246 1390
1085 1343
1307 1413
901 1110
810 323
1277 86
153 790
1131 204
963 1014
1809 463
510 66
1899 367
615 1374
1546 822
1423 1547
1750 1113
1233 547
1535 1753
1079 174
1684 1269
1084 809
1394 427
993 548
871 1866
695 1945
1594 1537
1614 1052
1273 1328
1635 1675
1507 1250
1803 787
1267 1560
339 116
560 999
783 399
557 604
1302 770
118 1096
706 362
1969 1618
945 1000
884 1263
181 574
1966 353
810 560
1575 536
711 1768
763 1564
1741 622
1936 88
967 773
943 68
1155 1190
383 3
1377 283
236 1852
1420 516
693 1537
1171 1465
1121 1736
1499 1008
5 1852
1342 631
850 691
1861 1475
1152 18
276 313
392 1292
724 227
1062 909
1922 1243
1840 1011
310 767
1075 720
338 1788
1409 1895
1739 1125
123 458
304 984
1834 1412
1199 159
589 1554
127 303
641 1871
732 463
673 687
1259 796
1129 452
1613 16
1135 64
1281 1095
1441 756
1074 850
1924 146
1793 48
789 1694
664 568
919 1984
244 522
1288 1960
334 1838
1291 602
814 444
788 15
299 651
204 312
687 1594
614 1030
902 57
166 744
867 235
1429 974
1115 1184
559 1781
565 1475
1802 1427
513 694
258 39
1165 1289
1527 1917
1740 1009
1454 192
1477 67
1003 274
474 723
3 552
1905 706
374 369
1720 196
812 570
214 371
133 1676
116 1584
1718 8
1120 917
1386 1804
1845 1414
877 1849
468 450
71 1676
1369 494
493 160
1174 813
886 1223
1609 230
1998 92
1613 496
77 1174
767 652
548 134
1319 984
953 33
801 1604
1416 363
659 291
549 221
441 309
48 930
329 413
1981 1284
1145 440
131 1680
412 1185
403 662
1247 662
1456 703
399 1274
1690 679
321 434
1158 192
1672 1715
1779 1954
39 133
1953 832
1001 92
1511 673
848 1147
1649 228
338 1275
864 1495
1772 1348
282 298
382 25
241 590
873 1477
1621 1146
1654 1932
1213 1993
1185 674
1461 1082
1272 1469
1240 1628
1624 1245
1711 198
1598 1136
32 395
826 1923
157 1928
576 1159
3 646
987 384
479 264
941 1403
142 1919
1844 567
1028 907
1708 83
1242 322
708 65
174 328
1107 1007
371 1721
1423 603
1628 1734
1605 660
418 209
1026 863
465 29
890 1937
533 1384
1353 1071
902 578
239 860
1209 922
1708 153
584 412
344 1383
1557 91
1623 589
1381 1098
530 931
1951 428
820 1348
99 1370
346 1615
244 1812
232 84
735 871
1125 306
1413 492
1435 572
171 200
260 881
1607 647
2000 423
875 1793
498 642
293 1993
209 804
1469 368
598 731
915 1979
1563 1258
1024 1225
1465 823
57 137
1223 310
1703 1647
423 93
1573 461
1337 1605
1291 42
1368 301
1110 1518
814 1537
1284 723
123 1033
1154 577
996 1632
375 561
1157 1029
1097 383
468 792
700 1906
540 1611
804 1131
263 1248
96 36
1565 795
378 1576
809 73
113 173
1531 1897
116 1879
1601 1693
262 959
318 283
1444 1793
1635 666
140 790
961 1998
1474 1039
1989 1019
919 479
1189 1919
375 1129
411 1036
1163 1120
1145 398
555 249
1435 1865
123 1044
211 1531
847 970
1226 768
1981 1222
803 874
1072 34
1456 241
1441 993
483 1467
236 1968
949 121
1888 934
930 304
921 676
995 607
737 1018
325 1045
1196 314
1614 141
350 1457
426 1905
1367 1737
1083 48
1958 416
839 1892
1735 1176
394 45
1477 821
1891 1617
1757 588
1679 1413
181 186
343 1914
1912 1309
822 1046
1884 1031
7 480
483 1134
766 547
1767 122
1021 1854
1830 670
339 1447
1503 277
813 581
1771 1156
1153 1528
728 1302
41 115
1462 1295
779 732
199 433
1910 1044
51 367
1051 844
139 93
350 253
1887 1970
1475 263
1422 742
1532 1529
1012 991
382 1450
2 1226
1673 1470
1745 1159
1129 1674
380 1330
1120 1755
1948 981
660 1652
837 778
1095 1162
1286 1377
149 1009
388 1731
1892 1069
1508 1902
490 811
1265 365
1617 406
922 1935
231 1056
1198 1325
202 1076
1779 334
1190 1119
959 392
303 22
1441 1507
798 410
1644 526
1878 779
1108 4
1711 811
671 1234
214 876
1519 529
1078 590
1128 1164
1464 300
1956 1937
629 517
642 1387
1254 990
1897 1887
438 1687
714 1204
877 371
1886 243
21 984
1505 1076
46 298
1759 1478
1977 759
1649 547
1776 498
321 265
579 1723
1335 1042
1981 901
1925 517
707 1341
1372 584
1240 48
1574 647
380 105
1574 132
1173 1070
1460 1992
1193 1102
305 1077
1409 129
952 1982
1926 1962
1904 399
1741 479
281 1446
1479 1013
193 907
575 944
565 1786
1031 279
1779 715
1241 1509
1761 549
1877 317
203 1588
371 320
80 330
1859 493
223 751
646 337
1306 1422
899 334
82 1332
1458 255
1725 1469
122 1035
941 1165
1058 1664
220 1561
1751 654
1396 248
884 1089
1334 487
682 1408
241 1528
1687 1112
1911 994
616 1012
393 1218
1651 220
149 1563
269 138
1712 1838
1471 1253
948 55
613 1507
1813 550
173 1379
936 35
792 1319
7 97
357 602
1468 1487
1788 1520
59 1119
1674 1323
714 841
1239 1863
1519 60
1610 932
648 1656
1849 1255
967 1640
411 1967
1682 1391
75 517
327 1395
47 1347
1398 1106
781 148
449 886
1819 1035
537 1282
85 1664
254 1272
205 705
1500 1419
1316 275
493 83
1974 1939
163 846
335 259
1436 528
535 1429
1447 330
862 121
1986 1467
1660 579
1421 417
270 541
440 1557
1461 1709
1191 126
49 1835
556 449
539 701
769 482
1278 970
754 720
452 1289
499 1793
1053 172
1061 24
400 919
1293 1372
983 1601
129 82
578 290
1119 1382
1263 1751
1098 573
1422 1751
733 905
1120 435
566 1182
1338 539
746 583
576 593
692 1573
1979 963
1876 119
1844 1997
143 1040
1623 718
713 73
1274 564
1880 1199
1301 1863
1383 1543
1141 1801
1673 1639
1084 70
1093 389
1513 1498
865 750
152 240
477 1312
1829 371
110 877
1335 136
1858 1946
933 772
945 83
1782 1721
1175 1847
1514 1194
502 1217
725 1213
1133 92
1693 608
1686 745
139 1091
483 485
1529 747
427 800
189 1270
1443 501
1279 109
693 934
1817 271
825 1778
1472 1097
952 1746
283 859
545 1184
1538 332
1329 808
501 93
425 344
1917 1463
1812 759
1363 478
854 1025
1142 1132
1290 683
1602 1726
436 1556
1835 1233
633 31
33 1736
1300 1440
1927 1968
1803 1402
332 377
428 1716
459 851
1433 1091
538 549
861 1844
1532 798
25 923
1494 8
1341 934
1346 619
1434 1185
208 1480
1179 894
1525 400
471 201
1682 1619
827 1842
1747 1509
983 1469
1673 1228
187 224
735 564
543 1226
1740 1130
549 1875
1404 338
1272 140
320 1939
958 161
846 694
964 1736
938 1462
805 1804
9 875
1419 1961
1383 945
1136 1962
517 319
49 1215
3 945
1065 1251
1859 307
1643 1748
250 658
661 1737
58 1437
279 1074
1062 794
1722 1962
1392 539
433 1820
1655 1602
1869 1467
1437 587
860 549
607 1537
1420 894
1086 1160
1020 848
617 137
1985 94
284 466
263 822
1772 562
140 69
847 1387
236 1101
823 676
1088 181
1916 1690
359 762
895 1548
65 326
726 337
353 158
619 159
1563 939
944 892
254 1929
181 295
1891 1610
1643 336
1781 780
458 1486
106 528
282 1145
1955 919
1145 381
1821 247
1152 1923
1349 1284
1063 1102
1972 1393
212 906
362 1932
1792 933
113 253
178 112
577 44
193 273
41 1567
127 959
613 1449
862 775
1147 482
1975 1923
814 681
1227 1399
419 896
1090 48
758 539
804 1784
1631 868
1293 1851
1774 463
1124 386
236 1886
1558 720
1895 1617
711 835
821 1756
1024 1468
1920 790
585 1078
1079 109
55 1949
1327 147
1109 1313
1388 961
1686 574
810 1673
1893 1293
137 1673
1749 1580
1433 266
1560 747
1575 1014
27 1162
1990 556
223 777
1916 1979
834 494
1025 1151
604 383
604 195
1813 1753
1729 373
105 259
188 274
732 726
484 1534
1552 859
59 1498
1304 448
1712 1932
28 1400
806 586
1568 297
1986 385
720 1464
908 1613
1391 372
1556 517
34 667
525 1551
498 1235
407 1819
836 136
556 120
289 1249
1476 1035
1776 1228
147 1323
465 275
1446 1018
878 1452
598 1270
822 1867
574 1971
1090 1198
872 1306
1167 896
1982 1333
845 771
1522 731
654 1286
88 849
1641 817
448 747
425 1504
1736 85
1335 863
1494 1343
1588 1914
584 966
1669 1059
1487 20
1195 909
1885 592
938 1218
384 1533
1698 859
1380 180
1191 514
1080 131
1212 1245
1026 89
1673 583
49 181
1390 593
213 1767
525 657
1679 274
1168 351
493 438
1217 1893
1858 518
613 1167
924 577
1136 354
293 593
1255 759
997 1042
1958 1989
1824 1790
91 625
1187 63
493 726
959 1555
2000 1752
788 1400
1799 919
800 1547
1465 751
1976 1290
956 187
68 1615
1840 308
1192 1699
581 1163
1030 684
1061 1975
1731 281
1903 1293
1179 676
551 1757
706 712
404 875
263 242
1037 543
709 949
271 1024
1558 749
9 475
1029 447
1507 1705
135 1846
1025 1602
1835 1127
425 353
1850 1617
1406 235
358 1297
903 1665
1524 1672
1870 1682
711 1991
181 1075
144 1942
1752 234
1466 532
193 1668
1671 1794
718 536
1437 1414
1106 1436
1021 1682
1225 963
1238 1903
1025 715
1839 491
1643 90
431 1106
1114 937
1844 44
1221 1570
1275 468
3 40
625 715
461 378
127 464
865 1632
1954 359
1962 1958
478 678
182 543
150 1468
901 893
564 1930
1263 201
128 1496
53 14
1545 1422
1307 1357
852 1449
1208 1569
153 1688
1233 778
365 945
1381 411
1490 1628
257 717
1470 1628
1052 1245
1377 1752
720 1956
374 185
667 144
1686 1207
1428 1098
1018 762
104 236
587 1873
946 1897
1719 1169
1708 160
369 670
1066 1258
543 823
1427 1132
722 447
9 469
1158 1900
913 316
776 1510
702 496
1042 1720
1075 190
1961 771
1068 687
1446 980
1501 145
805 1223
1012 1259
117 1927
1599 1812
1826 152
524 1377
1571 884
1207 799
1195 393
266 1374
339 1330
706 839
1753 1561
709 65
65 493
1076 291
336 1537
726 474
1364 28
1799 75
296 31
699 1849
772 586
1717 1708
972 463
1530 950
1684 1871
1362 1739
577 855
1689 1632
334 985
1032 170
1801 1722
393 812
162 973
590 1211
1854 1477
1371 1821
1385 1730
40 1996
834 1274
443 923
1887 681
1701 1448
356 632
1689 547
1256 1015
65 161
963 1826
1314 1029
19 1755
300 162
561 562
1705 1675
1400 1262
532 1535
270 1058
378 198
483 1354
1568 1150
132 17
912 1686
1564 1254
1650 1334
1227 82
529 1213
1633 304
770 1801
582 1660
1227 1754
11 1750
1293 1024
1094 1282
800 112
551 392
592 596
1498 1759
155 1605
209 1060
1609 543
99 9
1494 1027
1455 229
1528 1224
1645 50
1657 589
311 457
1261 1352
1398 1518
358 1772
228 1763
191 548
1314 90
1790 1585
1227 1626
706 1069
1743 985
10 1548
1005 1452
1964 1556
1507 978
1535 1055
1980 123
697 83
1088 1831
1834 1087
1004 507
232 1282
1383 925
631 902
1109 1901
845 1926
571 114
1137 482
165 472
451 439
483 436
1941 1903
518 659
1704 609
619 681
1768 941
1593 493
1563 706
1203 1508
3 559
1680 1193
1781 140
452 1554
1084 891
504 1084
1603 1219
1406 1123
1978 1250
1806 611
1836 700
217 1096
1364 1161
1000 1307
540 1484
652 1746
639 399
705 572
390 1168
326 484
1863 1468
1861 65
1082 83
967 591
1662 719
216 1542
639 1324
72 572
1792 476
1448 1244
1543 1033
1837 6
1741 366
564 89
975 1512
553 897
611 636
614 583
1533 1513
1699 1971
1715 1756
577 1026
26 1545
196 1250
1457 1890
538 479
237 1789
741 303
1504 1998
1998 753
101 1939
1870 169
1736 1579
1931 1028
840 1662
851 574
221 16
588 757
81 1395
1894 80
1160 78
1536 1192
1120 839
208 204
670 1914
870 233
89 1472
1773 1130
629 1868
236 595
940 1385
179 44
113 454
1633 1664
1303 805
1010 196
1315 1635
1254 1040
28 54
1529 1201
379 342
103 963
441 1865
427 1370
1956 238
1022 82
924 1540
1673 1188
61 1343
745 926
391 1563
1109 764
1843 1070
186 347
1306 1205
456 291
1573 1450
1300 1004
1619 70
796 672
1946 194
562 668
591 444
594 714
1811 1491
1237 923
739 1514
1124 1348
1977 305
1138 1406
107 1378
435 1360
495 1965
1581 31
1650 1738
1915 1932
420 753
1473 1752
662 247
1982 1197
1221 1938
1681 1465
348 1251
1636 635
888 855
316 1877
119 1190
796 798
1768 905
547 1999
1060 1639
1850 1322
575 1512
1205 877
854 851
897 142
620 46
107 840
1633 1866
202 918
1859 1488
426 271
768 707
54 1351
258 1141
54 1876
140 1572
1420 1187
539 1321
156 1424
1665 1811
461 354
1659 1677
1816 1382
402 1305
1105 825
819 1783
1384 467
1678 1529
1674 1476
1154 1560
1018 94
914 1612
849 1011
1929 1261
18 1189
297 431
1678 1083
467 29
419 1953
838 1116
1201 1364
500 1826
276 1417
117 540
1919 916
809 964
838 413
318 1701
388 1518
693 419
1342 1989
1890 1754
1332 1403
8 1222
309 1815
1615 557
272 432
390 1433
1214 1150
1195 230
1476 1890
652 1584
712 92
1049 231
402 355
1421 350
1552 1899
46 1759
1209 1823
815 70
1439 340
822 1082
172 47
782 1869
1910 411
216 1732
1969 755
815 1991
1176 376
928 1806
1089 1231
1226 1120
407 372
1208 55
949 948
1328 1310
1453 985
136 1922
148 420
1352 953
1471 1186
499 1369
520 874
280 637
726 1171
978 672
1539 1034
687 450
1218 514
24 138
531 1845
1658 1987
533 1368
463 785
1659 944
1276 1712
176 614
316 1466
339 600
793 1926
1247 951
439 281
1791 831
441 72
789 1310
1338 1616
1194 1067
887 1332
1176 362
359 1403
1532 1865
420 749
105 352
1814 760
421 1066
1725 1716
835 1722
100 1651
514 1561
1780 1007
1869 702
697 1647
1134 710
1855 1631
332 513
128 1627
1777 1966
618 86
1736 451
1733 1668
251 576
1934 70
1197 1268
1436 993
942 248
1365 1453
571 1898
1148 896
1289 1187
1927 572
1221 1323
1221 307
1367 756
1547 1753
1268 1544
283 140
261 124
513 152
814 1707
1127 317
425 1166
1741 1954
1024 1562
470 636
722 950
806 932
455 1190
1882 907
107 1303
695 524
1927 1837
1066 734
1741 1459
315 567
534 1397
644 439
988 383
682 566
1952 892
1299 1719
1285 1595
387 980
479 951
1390 1928
988 1121
1506 416
37 410
1651 534
1143 1080
97 164
264 1207
1894 299
1442 1859
243 602
1818 848
1660 481
283 444
348 464
1468 1590
942 651
1548 1333
1994 245
639 1385
183 1124
1016 1887
1481 632
79 370
1207 934
1091 1704
22 1429
787 1655
1695 651
960 504
1467 374
579 857
1376 657
493 1032
533 1029
1538 1681
1846 454
841 1632
1387 890
388 1943
1883 1628
141 1881
1736 721
183 956
535 1222
1855 299
1048 163
867 296
1267 421
45 2
337 1059
1366 425
70 314
613 513
72 1588
1707 1522
802 1385
1362 245
1637 1723
519 517
809 743
906 390
1270 411
886 828
992 739
1427 1320
1116 511
849 135
140 1292
1726 468
990 1252
1620 69
166 388
1022 976
445 89
441 1621
76 982
1797 540
1043 382
716 226
963 1218
170 1878
1333 238
549 1897
1771 889
170 873
680 1691
1770 1475
233 1412
1867 1848
214 359
663 743
1395 1302
244 563
1361 606
875 1826
936 98
550 1437
1197 140
1579 1373
296 1999
1224 784
1248 1247
1325 646
1119 1444
1590 1830
1226 83
132 1426
592 1189
719 1768
349 669
83 897
1873 1748
1191 1258
1539 1026
179 1118
192 968
854 1089
564 885
682 1620
1417 1664
1302 1141
1702 612
1459 101
552 1586
909 1163
1871 1473
802 361
366 953
674 1885
1604 573
210 347
1904 567
1334 408
478 530
195 484
1269 648
1299 1747
859 910
1317 1005
713 5
1431 1231
1781 687
103 1590
1289 921
737 1896
831 1898
24 144
1076 1759
75 351
797 1967
1806 493
1356 711
1744 1312
383 1731
591 83
1793 1305
993 90
138 634
858 306
1532 460
787 302
1814 517
1445 564
1509 382
75 1068
1193 417
1108 305
968 1542
604 888
1520 1057
1378 18
1592 20
615 1560
1232 1872
164 360
339 1620
1256 1482
1591 959
1407 324
1908 322
1502 1243
1584 1802
185 359
1294 948
442 1347
1413 182
1724 1975
343 320
489 1765
1523 1103
674 1898
1514 1930
1346 560
771 575
1006 747
1313 1892
77 364
1180 1752
1796 1062
73 12
1658 579
1952 998
1445 1269
1703 1707
988 1472
1053 516
770 180
1161 1513
1212 365
1031 131
557 1114
240 1746
1562 1067
825 1820
335 86
622 1500
1375 221
680 357
1922 686
929 1339
528 249
1069 595
1087 726
1049 827
1046 1303
1907 1937
934 1326
570 507
569 1298
405 1331
1999 1230
1194 444
1089 1180
1777 348
380 106
575 551
925 86
83 524
1654 764
430 1710
823 446
1400 415
701 424
696 856
1445 753
1475 84
1982 1442
1811 1893
915 184
913 1521
542 1957
1591 19
147 1342
853 1663
213 945
1086 625
189 78
1520 643
1188 1146
1627 1954
835 269
326 1518
1315 294
21 64
1063 1951
11 1146
1294 1163
425 1078
1014 1075
1833 1781
1415 1206
205 868
793 592
1462 995
1023 612
1947 930
1649 420
1734 151
935 970
974 661
963 65
343 881
695 1201
204 657
1738 1764
71 222
1712 902
1564 1017
1352 1872
1248 1802
1991 1026
425 1553
1443 62
1775 1353
547 925
1492 1432
1944 926
1151 1959
905 56
1824 768
1447 62
1350 733
1581 725
659 322
283 45
1019 650
1229 1451
1653 1004
732 149
556 253
499 1019
1751 1800
1619 290
568 1976
397 990
1359 31
587 1916
215 46
400 524
1728 1638
574 1563
1311 195
1832 1406
728 1845
1313 1624
1497 153
544 542
49 1105
145 1612
1527 728
1913 1980
108 1159
1565 559
1686 1681
443 1913
837 875
1667 443
1788 1584
1856 1492
598 1667
1820 1721
518 38
759 1849
1582 690
1849 1704
1800 1208
1080 282
1294 1369
298 1631
539 1768
1459 219
943 508
1724 1570
763 796
1597 661
1472 1753
1897 339
1489 1515
934 1385
1719 1607
642 562
1664 260
671 838
346 1562
1613 1994
779 759
1466 1006
608 1785
1758 1622
1981 262
748 670
1691 814
1116 1735
260 1797
1283 1632
1746 1918
1574 337
1613 1449
1943 1836
588 1578
1595 1566
1988 165
413 892
19 1665
168 1576
459 1525
100 47
1681 1581
1335 1637
233 850
1396 996
1500 1854
1861 1598
1181 1155
376 895
490 1442
1246 1660
839 659
861 1357
984 746
1492 946
10 796
401 903
1993 383
132 352
1399 1712
362 130
102 836
1322 164
1721 75
872 889
1174 723
1977 1064
914 238
1327 47
1912 1889
1766 468
1343 1054
1136 726
1036 1715
954 1122
178 385
1006 528
747 1620
90 1626
524 775
1305 1803
575 195
1517 1117
978 508
1737 1260
1708 215
1352 1539
1560 1914
973 37
1850 1619
1237 1335
323 1524
1998 803
1282 1969
1585 939
1864 927
1745 778
251 749
1434 1868
1684 918
1249 1977
1593 201
1114 1377
1576 1873
861 229
395 353
1312 772
1677 1102
546 1524
121 1319
822 29
181 267
1590 1386
438 1514
1365 1900
1426 1706
657 1344
240 754
903 238
1171 849
803 1050
425 168
974 1642
157 776
1218 1601
1452 979
1478 175
1940 45
966 1364
624 1062
1284 756
1161 23
765 289
1256 857
1172 170
1438 1989
490 1801
1139 391
1576 328
402 1920
364 102
1463 1670
886 938
1669 1188
418 13
1827 1278
1094 754
508 793
85 646
124 917
803 888
780 1354
547 1070
657 313
1043 401
986 1831
523 1986
759 582
901 42
380 1313
183 1091
1372 1687
989 378
235 1634
1671 665
1494 1973
1405 567
1356 489
1969 1214
1445 176
1227 855
516 453
1826 591
89 1290
438 591
1449 1445
1469 2000
701 1655
496 129
292 203
1900 1842
1012 752
1918 515
709 1019
703 114
1375 1848
1790 1915
1603 408
65 835
722 369
147 58
1272 33
1589 1018
421 1283
982 1648
587 1583
1312 271
902 1114
292 1746
1804 482
405 666
241 784
959 549
18 949
1273 1642
921 1901
1692 822
1039 792
891 1559
1401 1668
910 1410
834 167
1696 720
1582 1977
159 102
473 1028
1103 1738
1287 1003
526 539
841 1266
308 145
1683 1347
1594 299
821 1553
1129 1580
1213 1474
511 1917
1631 1754
794 1705
257 553
810 1369
818 153
1777 1922
807 422
666 898
1512 1435
2000 2000 2000 2000 2000 2000 2000 2000 2000 2000 2000 2000 2000 2000 2000 2000 2000 2000 2000 2000 2000 2000 2000 2000 2000 2000 2000 2000 2000 2000 2000 2000 2000 2000 2000 2000 2000 2000 2000 2000 2000 2000 2000 2000 2000 2000 2000 2000 2000 2000 2000 2000 2000 2000 2000 2000 2000 2000 2000 2000 2000 2000 2000 2000 2000 2000 2000 2000 2000 2000 2000 2000 2000 2000 2000 2000 2000 2000 2000 2000 2000 2000 2000 2000 2000 2000 2000 2000 2000 2000 2000 2000 2000 2000 2000 2000 2000 2000 2000 2000 2000 2000 2000 2000 2000 2000 2000 2000 2000 2000 2000 2000 2000 2000 2000 2000 2000 2000 2000 2000 2000 2000 2000 2000 2000 2000 2000 2000 2000 2000 2000 2000 2000 2000 2000 2000 2000 2000 2000 2000 2000 2000 2000 2000 2000 2000 2000 2000 2000 2000 2000 2000 2000 2000 2000 2000 2000 2000 2000 2000 2000 2000 2000 2000 2000 2000 2000 2000 2000 2000 2000 2000 2000 2000 2000 2000 2000 2000 2000 2000 2000 2000 2000 2000 2000 2000 2000 2000 2000 2000 2000 2000 2000 2000 2000 2000 2000 2000 2000 2000 2000 2000 2000 2000 2000 2000 2000 2000 2000 2000 2000 2000 2000 2000 2000 2000 2000 2000 2000 2000 2000 2000 2000 2000 2000 2000 2000 2000 2000 2000 2000 2000 2000 2000 2000 2000 2000 2000 2000 2000 2000 2000 2000 2000 2000 2000 2000 2000 2000 2000 2000 2000 2000 2000 2000 2000 2000 2000 2000 2000 2000 2000 2000 2000 2000 2000 2000 2000 2000 2000 2000 2000 2000 2000 2000 2000 2000 2000 2000 2000 2000 2000 2000 2000 2000 2000 2000 2000 2000 2000 2000 2000 2000 2000 2000 2000 2000 2000 2000 2000 2000 2000 2000 2000 2000 2000 2000 2000 2000 2000 2000 2000 2000 2000 2000 2000 2000 2000 2000 2000 2000 2000 2000 2000 2000 2000 2000 2000 2000 2000 2000 2000 2000 2000 2000 2000 2000 2000 2000 2000 2000 2000 2000 2000 2000 2000 2000 2000 2000 2000 2000 2000 2000 2000 2000 2000 2000 2000 2000 2000 2000 2000 2000 2000 2000 2000 2000 2000 2000 2000 2000 2000 2000 2000 2000 2000 2000 2000 2000 2000 2000 2000 2000 2000 2000 2000 2000 2000 2000 2000 2000 2000 2000 2000 2000 2000 2000 2000 2000 2000 2000 2000 2000 2000 2000 2000 2000 2000 2000 2000 2000 2000 2000 2000 2000 2000 2000 2000 2000 2000 2000 2000 2000 2000 2000 2000 2000 2000 2000 2000 2000 2000 2000 2000 2000 2000 2000 2000 2000 2000 2000 2000 2000 2000 2000 2000 2000 2000 2000 2000 2000 2000 2000 2000 2000 2000 2000 2000 2000 2000 2000 2000 2000 2000 2000 2000 2000 2000 2000 2000 2000 2000 2000 2000 2000 2000 2000 2000 2000 2000 2000 2000 2000 2000 2000 2000 2000 2000 2000 2000 2000 2000 2000 2000 2000 2000 2000 2000 2000 2000 2000 2000 2000 2000 2000 2000 2000 2000 2000 2000 2000 2000 2000 2000 2000 2000 2000 2000 2000 2000 2000 2000 2000 2000 2000 2000 2000 2000 2000 2000 2000 2000 2000 2000 2000 2000 2000 2000 2000 2000 2000 2000 2000 2000 2000 2000 2000 2000 2000 2000 2000 2000 2000 2000 2000 2000 2000 2000 2000 2000 2000 2000 2000 2000 2000 2000 2000 2000 2000 2000 2000 2000 2000 2000 2000 2000 2000 2000 2000 2000 2000 2000 2000 2000 2000 2000 2000 2000 2000 2000 2000 2000 2000 2000 2000 2000 2000 2000 2000 2000 2000 2000 2000 2000 2000 2000 2000 2000 2000 2000 2000 2000 2000 2000 2000 2000 2000 2000 2000 2000 2000 2000 2000 2000 2000 2000 2000 2000 2000 2000 2000 2000 2000 2000 2000 2000 2000 2000 2000 2000 2000 2000 2000 2000 2000 2000 2000 2000 2000 2000 2000 2000 2000 2000 2000 2000 2000 2000 2000 2000 2000 2000 2000 2000 2000 2000 2000 2000 2000 2000 2000 2000 2000 2000 2000 2000 2000 2000 2000 2000 2000 2000 2000 2000 2000 2000 2000 2000 2000 2000 2000 2000 2000 2000 2000 2000 2000 2000 2000 2000 2000 2000 2000 2000 2000 2000 2000 2000 2000 2000 2000 2000 2000 2000 2000 2000 2000 2000 2000 2000 2000 2000 2000 2000 2000 2000 2000 2000 2000 2000 2000 2000 2000 2000 2000 2000 2000 2000 2000 2000 2000 2000 2000 2000 2000 2000 2000 2000 2000 2000 2000 2000 2000 2000 2000 2000 2000 2000 2000 2000 2000 2000 2000 2000 2000 2000 2000 2000 2000 2000 2000 2000 2000 2000 2000 2000 2000 2000 2000 2000 2000 2000 2000 2000 2000 2000 2000 2000 2000 2000 2000 2000 2000 2000 2000 2000 2000 2000 2000 2000 2000 2000 2000 2000 2000 2000 2000 2000 2000 2000 2000 2000 2000 2000 2000 2000 2000 2000 2000 2000 2000 2000 2000 2000 2000 2000 2000 2000 2000 2000 2000 2000 2000 2000 2000 2000 2000 2000 2000 2000 2000 2000 2000 2000 2000 2000 2000 2000 2000 2000 2000 2000 2000 2000 2000 2000 2000 2000 2000 2000 2000 2000 2000 2000 2000 2000 2000 2000 2000 2000 2000 2000 2000 2000 2000 2000 2000 2000 2000 2000 2000 2000 2000 2000 2000 2000 2000 2000 2000 2000 2000 2000 2000 2000 2000 2000 2000 2000 2000 2000 2000 2000 2000 2000 2000 2000 2000 2000 2000 2000 2000 2000 2000 2000 2000 2000 2000 2000 2000 2000 2000 2000 2000 2000 2000 2000 2000 2000 2000 2000 2000 2000 2000 2000 2000 2000 2000 2000 2000 2000 2000 2000 2000 2000 2000 2000 2000 2000 2000 2000 2000 2000 2000 2000 2000 2000 2000 2000 2000 2000 2000 2000 2000 2000 2000 2000 2000 2000 2000 2000 2000 2000 2000 2000 2000 2000 2000 2000 2000 2000 2000 2000 2000 2000 2000 2000 2000 2000 2000 2000 2000 2000 2000 2000 2000 2000 2000 2000 2000 2000 2000 2000 2000 2000 2000 2000 2000 2000 2000 2000 2000 2000 2000 2000 2000 2000 2000 2000 2000 2000 2000 2000 2000 2000 2000 2000 2000 2000 2000 2000 2000 2000 2000 2000 2000 2000 2000 2000 2000 2000 2000 2000 2000 2000 2000 2000 2000 2000 2000 2000 2000 2000 2000 2000 2000 2000 2000 2000 2000 2000 2000 2000 2000 2000 2000 2000 2000 2000 2000 2000 2000 2000 2000 2000 2000 2000 2000 2000 2000 2000 2000 2000 2000 2000 2000 2000 2000 2000 2000 2000 2000 2000 2000 2000 2000 2000 2000 2000 2000 2000 2000 2000 2000 2000 2000 2000 2000 2000 2000 2000 2000 2000 2000 2000 2000 2000 2000 2000 2000 2000 2000 2000 2000 2000 2000 2000 2000 2000 2000 2000 2000 2000 2000 2000 2000 2000 2000 2000 2000 2000 2000 2000 2000 2000 2000 2000 2000 2000 2000 2000 2000 2000 2000 2000 2000 2000 2000 2000 2000 2000 2000 2000 2000 2000 2000 2000 2000 2000 2000 2000 2000 2000 2000 2000 2000 2000 2000 2000 2000 2000 2000 2000 2000 2000 2000 2000 2000 2000 2000 2000 2000 2000 2000 2000 2000 2000 2000 2000 2000 2000 2000 2000 2000 2000 2000 2000 2000 2000 2000 2000 2000 2000 2000 2000 2000 2000 2000 2000 2000 2000 2000 2000 2000 2000 2000 2000 2000 2000 2000 2000 2000 2000 2000 2000 2000 2000 2000 2000 2000 2000 2000 2000 2000 2000 2000 2000 2000 2000 2000 2000 2000 2000 2000 2000 2000 2000 2000 2000 2000 2000 2000 2000 2000 2000 2000 2000 2000 2000 2000 2000 2000 2000 2000 2000 2000 2000 2000 2000 2000 2000 2000 2000 2000 2000 2000 2000 2000 2000 2000 2000 2000 2000 2000 2000 2000 2000 2000 2000 2000 2000 2000 2000 2000 2000 2000 2000 2000 2000 2000 2000 2000 2000 2000 2000 2000 2000 2000 2000 2000 2000 2000 2000 2000 2000 2000 2000 2000 2000 2000 2000 2000 2000 2000 2000 2000 2000 2000 2000 2000 2000 2000 2000 2000 2000 2000 2000 2000 2000 2000 2000 2000 2000 2000 2000 2000 2000 2000 2000 2000 2000 2000 2000 2000 2000 2000 2000 2000 2000 2000 2000 2000 2000 2000 2000 2000 2000 2000 2000 2000 2000 2000 2000 2000 2000 2000 2000 2000 2000 2000 2000 2000 2000 2000 2000 2000 2000 2000 2000 2000 2000 2000 2000 2000 2000 2000 2000 2000 2000 2000 2000 2000 2000 2000 2000 2000 2000 2000 2000 2000 2000 2000 2000 2000 2000 2000 2000 2000 2000 2000 2000 2000 2000 2000 2000 2000 2000 2000 2000 2000 2000 2000 2000 2000 2000 2000 2000 2000 2000 2000 2000 2000 2000 2000 2000 2000 2000 2000 2000 2000 2000 2000 2000 2000 2000 2000 2000 2000 2000 2000 2000 2000 2000 2000 2000 2000 2000 2000 2000 2000 2000 2000 2000 2000 2000 2000 2000 2000 2000 2000 2000 2000 2000 2000 2000 2000 2000 2000 2000 2000 2000 2000 2000 2000 2000 2000 2000 2000 2000 2000 2000 2000 2000 2000 2000 2000 2000 2000 2000 2000 2000 2000 2000 2000 2000 2000 2000 2000 2000 2000 2000 2000 2000 2000 2000 2000 2000 2000 2000 2000 2000 2000 2000 2000 2000 2000 2000 2000 2000 2000 2000 2000 2000 2000 2000 2000 2000 2000 2000 2000 2000 2000 2000 2000 2000 2000 2000 2000 2000 2000 2000 2000 2000 2000 2000 2000 2000 2000 2000 2000 2000 2000 2000 2000 2000 2000 2000 2000 2000 2000 2000 2000 2000 2000 2000 2000 2000 2000 2000 2000 2000 2000 2000 2000 2000 2000 2000 2000 2000 2000 2000 2000 2000 2000 2000 2000 2000 2000 2000 2000 2000 2000 2000 2000 2000 2000 2000 2000 2000 2000 2000 2000 2000 2000 2000 2000 2000 2000 2000 2000 2000 2000 2000 2000 2000 2000 2000 2000 2000 2000 2000 2000 2000 2000 2000 2000 2000 2000 2000 2000 2000 2000 2000 2000 2000 2000 2000 2000 2000 2000 2000 2000 2000 2000 2000 2000 2000 2000 2000 2000 2000 2000 2000 2000 2000 2000 2000 2000 2000 2000 2000 2000 2000 2000 2000 2000 2000 2000 2000 2000 2000 2000 2000 2000 2000 2000 2000 2000 2000 2000 2000 2000 2000 2000 2000 2000 2000 2000 2000 2000 2000 2000 2000 2000 2000 2000 2000 2000 2000 2000 2000 2000 2000 2000 2000 2000 2000 2000 2000 2000 2000 2000 2000 2000 2000 2000 2000 2000 2000 2000 2000 2000 2000 2000 2000 2000 2000 2000 2000 2000 2000 2000 2000 2000 2000 2000 2000 2000 2000 2000 2000 2000 2000 2000 2000 2000 2000 2000 2000 2000 2000 2000 2000 2000 2000 2000 2000 2000 2000 2000 2000 2000 2000 2000 2000 2000 2000 2000 2000 2000 2000 2000 2000 2000 2000 2000 2000 2000 2000 2000 2000 2000 2000 2000 2000 2000 2000 2000 2000 2000 2000 2000 2000 2000 2000 2000 2000 2000 2000 2000 2000 2000 2000 2000 2000 2000 2000 2000 2000 2000 2000 2000 2000 2000 2000 2000 2000 2000 2000 2000 2000 2000 2000 2000 2000 2000 2000 2000 2000 2000 2000 2000 2000 2000 2000 2000 2000 2000 2000 2000 2000 2000 2000 2000 2000 2000 2000 2000 2000 2000 2000 2000 2000 2000 2000 2000 2000 2000 2000 2000 2000 2000 2000 2000 2000 2000 2000 2000 2000 2000 2000 2000 2000 2000 2000 2000 2000 2000 2000 2000 2000 2000 2000 2000 2000 2000 2000 2000 2000 2000 2000 2000 2000 2000 2000 2000 2000 2000 2000 2000 2000 2000 2000 2000 2000 2000 2000 2000 2000 2000 2000 2000 2000 2000 2000 2000 2000 2000 2000 2000 2000 2000 2000 2000 2000 2000 2000 2000 2000 2000 2000 2000 2000 2000 2000 2000 2000 2000 2000 2000 2000 2000 2000 2000 2000 2000 2000 2000 2000 2000 2000 2000 2000 2000 2000 2000 2000 2000 2000 2000 2000 2000 2000 2000 2000 2000 2000 2000 2000 2000 2000
