2000 4000
1228 1637
1825 703
537 1145
801 646
1687 1209
348 790
1745 1087
1636 1489
361 1730
1468 193
823 1202
975 134
1300 1434
1362 258
1791 5
399 1739
1025 1019
1740 334
1914 574
1864 1833
1651 284
1113 1025
364 1685
768 620
1381 1745
317 1397
1290 739
1439 1129
430 1213
1045 1043
1481 1945
1436 1475
1796 1965
1374 1530
1434 647
354 1978
1590 1789
1912 261
627 206
1538 159
14 1750
1692 1597
1127 1244
1683 15
1379 39
492 344
985 131
1660 1469
1010 1016
1895 1722
762 1800
99 774
759 1826
784 1895
1406 513
1377 1283
661 1841
242 663
1063 786
145 839
1302 1668
878 239
415 992
294 996
649 1563
1722 1435
14 938
1855 248
1860 1086
1636 1814
1765 1004
957 1027
1841 914
480 1257
1856 365
426 1358
1405 1864
171 1904
174 1818
1302 195
1682 1261
1233 1575
791 977
1477 812
44 1706
347 208
783 465
1064 1058
1454 230
1288 1964
1601 1168
1761 142
584 554
1426 274
1391 1233
270 642
1906 1508
1994 1903
541 516
870 79
269 47
13 1321
1531 1629
1602 973
597 1891
1315 1730
397 697
899 451
171 86
1920 1115
1852 1826
478 804
801 1958
65 513
1898 1278
300 351
263 1448
1144 1936
1977 1380
565 767
566 1591
1564 1655
1201 746
29 435
1844 1671
109 1175
1063 1207
1579 615
1930 1297
546 392
35 135
1696 612
1969 994
482 1414
386 1695
1015 325
671 1891
1761 1471
636 1622
1628 1191
1784 992
583 430
867 865
1962 1690
1635 792
1747 1164
1525 48
354 1487
1768 1285
640 1509
1656 1232
691 436
1455 486
1153 816
1305 1567
1534 508
908 64
1129 394
1011 1312
159 1128
230 321
505 989
182 1047
984 1445
86 1925
450 1896
1971 195
1948 488
475 999
1390 751
1090 180
1951 1195
1366 38
831 1304
1799 1101
1482 138
1557 1518
821 1022
1778 1860
1527 541
1024 1242
1395 246
1796 125
99 1357
1826 656
636 595
1723 296
1618 1030
1638 820
1759 787
1606 701
794 1527
1063 104
1146 185
236 1246
319 964
821 368
1876 1341
1353 322
367 1994
1030 1782
208 1667
591 1813
1729 201
820 1258
1142 263
1038 1849
56 294
450 120
292 1069
114 1087
1735 1787
1739 86
510 1373
1956 1251
573 1819
1462 1534
1339 1135
730 1356
1137 1713
993 1157
1994 1604
470 1923
384 1262
419 802
1015 664
395 303
1323 104
1525 1887
1669 1042
915 674
1775 1043
73 638
1549 1057
663 1121
86 117
914 1471
1623 574
654 1931
1700 799
140 1888
641 1449
1774 870
758 27
1856 1741
545 14
1458 1238
219 1820
1864 1037
669 1556
283 1898
1151 1282
1273 1921
1326 1290
1794 529
1184 1164
294 660
279 1079
1018 413
1016 1470
1662 301
936 1099
602 906
578 201
1903 1061
1967 1386
1862 1737
224 1415
43 987
784 1332
1963 1774
934 721
1366 1642
1260 300
597 1064
1704 176
899 193
252 249
338 1863
1755 838
1851 902
764 1658
1016 247
1284 399
594 67
1365 221
1672 1456
921 672
1143 622
1842 728
1450 209
1655 718
109 1272
1254 83
14 1030
1122 1120
1488 343
95 1668
236 1801
459 691
707 829
179 326
681 1374
1458 1627
1257 118
941 285
1581 156
688 1820
413 50
528 1087
119 1074
1032 795
1038 502
620 1851
593 4
997 198
1690 1114
1503 1829
703 640
1755 853
1162 1807
744 516
398 1072
486 262
220 770
479 937
110 1852
1013 736
415 1954
1950 278
439 100
113 731
800 838
1703 137
1310 489
896 484
1111 1202
1153 475
748 1658
821 1988
1566 243
547 1334
181 1371
1020 1552
1627 50
1540 1287
1643 615
199 19
138 625
1874 1743
1045 759
419 187
1005 1503
108 307
1195 1203
1271 290
1882 1496
1979 1440
523 518
1797 939
1114 169
1220 530
1539 435
1850 1781
1989 27
1834 1321
1403 837
1060 103
347 1138
507 1870
1149 1548
1756 1900
1815 1900
1627 1799
1115 189
1857 1905
1669 425
615 556
1216 1412
1722 1988
1771 1423
3 1009
1751 231
1050 1528
220 1033
403 686
563 1205
142 1733
1581 1915
1304 1113
1676 976
1840 555
576 1079
183 1670
947 528
308 186
1291 1415
741 698
1659 1627
1373 1535
764 455
243 1134
1340 228
328 254
1662 1490
1038 1925
1162 520
1076 952
1710 279
114 1301
883 1409
1697 705
1390 29
423 1091
1872 661
1436 941
368 1821
1774 190
1779 816
1144 1405
1094 843
384 1805
994 735
726 618
1970 84
1371 1258
226 1430
1770 1221
1456 1778
161 242
866 831
160 1845
434 510
629 1136
1134 1302
556 1736
435 1406
1513 753
393 1578
1192 367
1858 1366
132 791
815 1137
1565 1073
1638 1303
1845 1204
344 1966
614 419
1460 1294
1137 1548
141 1495
1088 152
928 102
1958 1992
1091 55
763 1582
244 369
1235 811
788 112
361 1373
85 1659
1226 689
1246 400
1867 988
1620 1157
146 365
1961 723
1925 543
1788 1135
983 1967
1246 1468
887 1380
297 1602
978 751
583 1495
499 100
771 253
236 1675
69 800
365 1587
1763 1148
1862 1313
201 1911
771 1701
9 1571
334 1074
309 297
97 1577
623 11
1320 268
1904 1729
769 1109
1856 391
172 1775
950 1086
1047 1263
902 327
1656 1491
1581 459
189 1373
30 1195
1257 579
1911 991
1145 542
1824 1070
952 1795
114 546
1816 1305
814 1601
827 1011
1810 1925
1341 595
218 298
1501 582
1065 1095
1743 1603
366 384
1295 1586
1902 227
179 1650
1061 1435
1428 997
1573 216
955 378
35 1223
1307 605
1134 288
423 203
1874 437
250 108
168 892
1141 665
1633 1188
640 812
15 1703
640 915
994 400
336 1647
737 1298
1096 1586
382 183
1313 573
950 390
50 526
1984 553
1446 53
383 1033
893 686
1991 410
1769 217
214 76
1724 570
1876 248
1305 1184
258 383
1301 1453
1413 1952
1418 880
1112 882
1876 845
55 1793
986 1731
1215 1081
162 1596
1779 1294
1395 478
1011 496
934 1280
35 772
522 1199
336 868
1631 368
1305 1552
1128 1076
1873 230
1042 1434
1547 1134
380 1723
1883 486
1210 291
223 5
1489 1407
1536 1117
209 1231
1691 567
1338 848
587 1479
1381 1048
313 1808
797 1503
1495 1461
664 449
343 327
1205 1126
1399 1375
1494 1985
1691 629
1260 968
956 1905
44 63
1404 1745
489 1542
1841 629
1187 1674
9 1130
104 970
594 849
108 1623
1268 1103
571 163
1170 1174
701 1158
922 1177
1052 486
900 344
1458 979
512 1105
1617 1748
1047 830
1304 936
13 1646
983 444
300 960
719 254
1946 1523
478 1709
485 80
1095 1016
1766 1105
904 548
982 1347
1679 8
678 1171
4 1976
890 16
187 1108
810 115
781 1421
991 1014
920 1063
1147 1296
1944 1432
1128 352
1314 294
551 1432
201 109
209 860
1682 42
545 1664
1508 1575
510 915
1148 1781
1580 325
645 1606
1794 1220
1085 1257
1917 828
159 1081
1842 1628
1840 518
1223 1235
1551 732
1569 178
326 593
868 1415
400 1932
770 1095
1442 669
1795 1427
184 1613
232 607
828 1776
1360 1351
22 1431
1874 1623
1113 1930
1970 387
1337 827
1425 86
1435 942
398 1326
1406 1853
19 1427
198 1181
1248 874
810 1080
1751 881
1463 84
382 222
1886 21
25 954
1422 1223
772 1372
404 1041
1021 1444
1181 1823
884 1971
468 775
1511 1622
1970 514
1864 1827
1949 1444
588 1660
1507 1323
1896 1823
53 1022
476 1246
1640 1960
1403 944
699 1453
1166 59
1456 1749
727 1504
281 1812
1472 656
1714 1487
473 1623
517 877
869 1196
860 1560
282 683
1311 1514
1003 1637
1369 787
1553 8
363 760
122 914
661 31
480 1766
1498 160
102 1868
1510 1841
1959 871
1289 1323
1155 1555
1728 265
238 1848
642 814
1108 1085
859 1478
455 631
15 1525
531 1856
556 1234
1885 236
316 625
751 1413
1407 1001
185 1448
1423 1612
1203 508
652 203
1243 1457
1844 460
1616 763
770 754
253 1549
1850 75
1437 1685
957 948
1800 739
62 432
1889 1947
587 183
298 1041
909 338
1365 527
1109 1679
245 568
532 1936
1680 1386
255 360
1739 757
1059 1833
715 557
335 1343
1785 1283
1164 197
1124 1383
788 1173
1588 1936
1348 572
1562 899
1068 240
1795 722
522 513
1941 1522
424 1487
533 803
554 259
1539 837
1905 1152
57 538
1837 1071
1079 1589
678 1576
322 1775
750 1525
198 1241
470 1609
93 715
1924 1978
1815 319
1337 191
808 348
1306 609
1891 1045
1922 386
943 765
1857 1748
1988 1625
1163 1452
1554 1646
299 1890
1518 1810
891 1648
118 789
658 870
574 1398
1699 429
1788 29
1666 683
135 1469
1877 1171
617 182
1032 570
512 1039
1014 905
634 565
717 404
1860 1984
1083 377
363 1217
1734 1523
1529 437
1100 1493
1228 151
48 535
830 25
1064 1365
1277 1751
552 824
815 1402
1197 1913
74 327
738 1698
737 329
727 953
751 187
1002 1205
1099 378
1112 1128
443 775
1488 410
1797 1366
288 4
1052 414
276 920
314 1541
65 59
1339 771
699 1298
182 409
1517 1276
65 1011
937 1208
1234 1396
83 1076
1649 384
327 1060
186 354
1574 565
1591 1412
548 1775
1679 735
1228 1307
127 1004
835 1441
382 1520
1665 1440
685 1691
665 1659
1080 717
150 204
1263 500
717 1076
1752 1191
1996 1343
652 1053
898 1385
1132 1899
259 1906
1430 1597
208 85
1333 702
1851 1025
1309 972
963 979
1919 1624
1768 366
1228 1655
1797 1029
1799 1390
1947 1623
1659 86
1880 954
1798 1286
874 1641
1958 1377
485 969
1695 1251
1128 468
1890 1215
14 750
124 1925
48 836
1322 381
1805 1808
1402 1716
471 1342
1612 1721
6 495
933 621
1823 478
118 969
214 1405
47 207
28 714
801 58
1866 982
1226 338
1113 1424
1018 1013
732 712
114 246
126 2000
1145 439
948 1994
1601 1219
362 74
825 1414
1950 1176
1758 935
887 1315
311 1727
441 965
1078 967
1409 1904
1445 185
538 117
1942 1210
474 1492
1658 1355
1146 583
746 494
895 887
1521 204
18 99
223 1577
456 102
784 1797
313 1715
1236 548
1237 632
1802 452
1769 910
917 215
1713 220
1983 1869
1321 1524
505 868
765 394
469 1829
599 1729
491 1081
658 311
1307 49
873 1823
1697 1535
97 9
142 1122
882 998
1938 1702
289 113
1598 934
1758 1691
1339 1341
1847 1692
125 789
206 934
1184 538
112 38
119 188
1308 1141
1496 822
1831 1922
1714 1289
1259 525
710 1007
944 1033
1022 1880
1665 1422
415 1228
1913 1902
51 337
352 956
1530 229
984 506
1058 1399
806 1580
353 1553
119 1599
363 1707
244 1199
1591 886
250 1438
839 407
75 737
1190 1277
1572 657
861 1861
1243 672
91 534
1740 527
262 1625
12 262
1301 374
1081 153
64 775
976 1173
385 1616
1915 559
1767 905
884 1594
904 647
1533 1623
462 1869
36 1630
1474 557
1205 406
521 1461
1294 1986
1170 1260
957 1446
1181 1059
783 541
850 1506
1584 1740
1810 1687
1536 1445
1317 1103
1686 1646
1238 1734
662 1282
1795 1048
1003 635
425 1868
1249 911
395 1026
536 1515
1067 1327
331 1781
862 266
395 1260
1700 931
1718 483
772 1877
1644 1257
473 81
1050 497
114 139
1586 1769
1540 400
1087 1371
1046 1455
1499 1865
1477 1380
1396 252
1178 1272
704 501
1074 769
898 1748
887 523
1952 28
1378 1173
481 690
196 306
796 185
929 1315
1760 1741
978 1818
1723 629
222 365
1593 820
1170 926
935 370
538 637
781 565
281 1277
1940 856
1166 940
64 1606
1888 1166
350 530
1673 1300
743 878
740 1328
750 384
312 1835
1881 1643
1126 1321
512 622
1845 974
1237 349
1324 994
1415 1004
1185 1446
1747 1251
90 1735
737 485
53 462
1846 39
502 1614
290 1978
727 1896
932 1615
895 824
1880 796
20 1993
1334 1741
639 1183
105 773
447 1925
111 1697
1682 595
746 582
1695 723
302 946
1844 1164
134 1549
1806 1758
777 1899
1283 1154
19 1411
424 172
812 551
1771 1357
424 1189
1796 533
1984 474
1631 710
1508 871
1050 276
1873 191
434 998
275 335
1360 83
1482 1295
42 511
1624 1054
1549 469
142 14
1015 1916
196 1174
968 1762
1904 23
814 1959
518 1741
1185 313
1156 553
267 1262
1427 1367
726 1145
1877 686
325 340
1027 268
139 1101
451 593
1082 912
356 161
1697 667
1300 221
1408 237
1840 1838
145 1711
399 154
1211 1512
544 399
38 1923
1238 296
504 645
1938 1644
1286 1782
1015 300
839 104
528 1883
665 683
1794 151
1782 229
1081 787
564 1795
637 405
1636 1586
1290 387
1621 95
1091 1637
1377 1181
303 230
419 1125
1440 64
851 784
10 1024
736 1139
84 293
355 821
312 1036
1213 1068
1457 1618
1408 630
1019 824
80 1958
1866 1828
1470 1772
535 1914
1887 1516
802 1604
1104 852
1141 235
164 825
996 890
1985 914
298 241
178 1293
1743 143
796 519
1814 1794
766 142
280 1246
1304 988
389 1610
1008 68
1823 1321
753 1120
1086 359
1709 1499
99 1071
665 1462
1283 1928
1593 1915
161 871
244 1474
682 734
895 1555
129 1214
1706 492
1207 1151
70 1697
241 1872
120 1503
522 1549
1052 1573
137 1640
1882 1734
595 628
1631 1310
404 1254
1402 1205
1212 583
439 239
1419 941
771 232
25 13
92 1965
1444 1791
1625 334
773 1032
1577 1228
1378 1471
914 764
1231 1245
1163 904
639 1537
727 1090
1198 1676
1110 785
1719 35
359 265
59 1934
738 739
828 1930
853 555
546 1512
1809 1439
1730 1177
1568 1610
1346 196
555 1540
1996 1261
410 321
1445 126
139 798
646 813
1176 1551
1658 981
557 886
140 1802
157 17
925 1109
979 1172
1581 644
1736 1560
730 669
126 1222
845 1780
1155 1415
590 682
1511 1140
1071 1468
1541 693
49 795
1821 765
1494 249
507 894
1355 1626
1009 1407
1610 1257
640 1588
212 363
49 138
560 1010
1103 166
1728 1471
1289 1316
128 414
11 948
20 1691
1199 1570
1495 1319
1180 1411
1952 1005
1187 586
1920 711
871 119
581 1920
1473 590
1093 665
782 956
1310 1782
1086 858
975 956
1565 1854
1469 435
1249 884
1471 1989
1676 300
895 1473
877 187
443 1244
944 916
1197 1628
189 543
683 809
1213 936
1616 1117
1532 491
1420 1997
965 1440
1199 803
1532 963
751 91
1749 1903
1738 1193
1750 70
589 1491
137 1030
106 1419
246 797
100 75
1630 122
795 478
1237 1332
1426 1182
672 934
717 110
596 1184
37 799
1570 1240
1467 289
74 469
401 296
1548 776
806 46
1200 69
720 1885
1176 321
1653 1564
1418 1957
1376 171
122 1706
1242 1011
1143 247
56 1809
729 749
879 1358
1062 185
1424 389
462 1637
1138 1147
89 419
980 1570
1517 664
1014 608
4 626
1087 506
823 1589
1853 669
672 372
1850 1484
1717 574
1577 823
1038 1789
1017 1618
1146 628
34 1037
128 1155
349 622
987 634
928 373
876 351
556 1300
1651 570
803 891
1402 1080
248 1183
134 972
14 625
1409 1351
1108 137
959 821
185 277
1746 943
291 73
480 1761
624 973
715 1777
1922 103
1991 1834
1994 1544
62 119
223 1298
1714 1755
1674 840
1127 1055
1149 1284
103 1661
73 1632
1012 1815
1472 1296
290 797
840 216
1363 382
1366 1496
1500 388
1805 668
702 1899
1447 466
460 90
48 788
36 886
570 231
124 1180
1699 1891
1069 407
1014 918
1742 1670
128 1603
690 900
489 1436
461 582
1458 549
1334 1492
1169 1987
1347 399
619 958
1934 1445
1599 250
499 190
131 1619
359 1476
801 629
1370 1757
1528 398
1235 311
1941 1138
140 722
1693 1129
362 923
671 463
536 1562
1986 1536
779 217
1188 1002
1965 668
897 690
430 1900
1224 1507
1396 1099
678 343
128 477
1931 784
1826 1713
1476 1568
382 556
881 528
204 1960
1648 825
1150 824
1840 288
490 1508
1335 1344
998 1036
651 1061
1398 1434
1185 1135
1241 327
957 1247
1677 226
927 1586
1816 1353
651 1434
1237 1820
854 56
1450 1844
552 694
1935 650
1081 291
139 1718
791 194
935 257
1386 126
1683 1368
713 268
1818 1388
1860 87
62 437
167 1042
129 1076
33 1252
673 1570
1607 1914
1518 1198
882 1280
1254 161
1837 1709
1979 828
568 733
1255 1112
600 1612
669 389
1114 1544
138 587
700 987
1574 1425
480 312
853 726
1435 1967
1441 483
1188 1713
1471 245
1998 1878
1093 46
798 1289
1513 509
69 793
1464 761
741 163
354 666
1769 135
1811 1401
1297 1613
1973 1936
1890 559
1958 1574
1794 217
40 241
1007 93
322 1120
612 1729
1256 1135
1115 1675
1134 1983
511 1668
668 81
1713 1812
936 826
903 1637
1849 1995
1919 264
224 1323
930 1364
888 785
288 1228
19 267
1599 659
1261 1866
903 1080
1969 159
912 295
1926 1459
1328 667
1141 1395
1246 1467
717 1255
366 474
1484 1870
602 115
522 840
1721 812
627 1550
1691 1044
212 953
677 597
1534 1655
796 1192
1405 962
458 1070
216 1901
628 924
336 1457
481 1199
1072 1023
1601 208
1957 1890
1053 8
1077 1961
863 912
1494 901
57 739
593 876
207 1640
1722 1306
1744 581
680 84
565 1482
1910 1170
1874 1501
270 1097
1828 1467
1416 536
1810 901
337 823
888 1391
1877 1476
69 1194
825 434
349 1488
1121 953
843 1598
1062 1184
1837 616
710 1641
1810 311
1217 1032
1177 933
1210 1629
1295 578
815 1435
950 1972
1771 1547
1307 731
1240 1669
1535 1798
1135 142
925 1885
706 275
1520 997
1888 240
38 124
1100 1069
515 1938
1279 934
751 1042
1012 1298
1640 975
1853 1692
904 867
21 1861
1560 1728
1771 382
463 722
1214 1182
981 1496
807 115
1473 226
1595 49
1842 1080
261 763
1578 1827
166 559
1356 1275
1157 1158
984 737
698 1214
1042 49
1733 1183
620 1395
1931 1225
295 516
757 1950
1762 822
348 852
536 462
18 834
1300 197
1971 1190
411 417
1232 1895
1941 984
114 364
77 1114
1874 802
1140 605
481 1083
1197 326
1445 1123
215 1821
347 1669
1621 250
1686 1733
1781 632
422 338
1972 1289
283 1700
1510 341
1873 1610
1294 159
685 154
105 122
1221 1089
281 1947
1150 1919
1856 600
821 74
240 915
814 1364
605 1231
1090 1893
868 1995
68 1947
1943 160
1577 1846
391 1167
1617 1496
630 1516
1591 1432
1777 165
481 176
288 173
368 783
1256 45
1557 1460
1683 1270
295 623
44 689
1146 1294
1460 1825
274 1639
1293 9
1748 568
556 617
77 354
1661 407
1892 65
1332 1590
1123 1449
1456 1196
1199 893
408 1139
1714 1224
630 1677
905 70
1874 1797
1408 541
1455 536
833 1348
414 1626
1708 142
846 1068
79 1647
891 387
1720 577
215 1920
455 1051
1485 818
1563 52
1155 1690
1560 1547
1684 1979
558 282
370 995
901 1210
1437 1134
1626 894
314 1747
644 1784
664 1816
392 1313
289 341
111 958
431 1334
1210 398
36 965
492 408
1504 1215
897 1162
146 465
1185 371
558 342
1966 1360
885 90
846 946
835 1407
1122 878
1112 507
1568 525
604 69
567 872
13 1411
567 328
637 158
255 1978
427 1181
1374 1360
1006 825
1196 815
826 1523
1817 1752
1066 1862
1833 1892
1732 612
1781 1228
379 1599
1128 1189
1346 1249
656 1005
606 372
1818 976
932 817
1818 1884
1559 1444
168 1202
1416 239
1202 1
1273 1947
474 1708
1904 1793
1056 1953
769 322
936 1037
449 1269
1622 1763
493 407
1084 108
225 1885
6 1712
1011 1292
1104 1376
335 809
1618 1942
95 1407
394 463
494 630
1911 1922
332 1341
1664 1024
88 31
271 1607
1388 1180
1789 199
346 46
58 1845
325 520
335 797
36 1931
551 1833
1269 1090
1424 778
1577 318
1955 795
1575 1173
514 456
561 688
700 424
74 617
130 519
1994 914
305 1916
1518 126
1246 717
1275 852
1218 296
1015 574
1865 1046
300 698
1430 1707
1046 1751
1538 990
74 1490
1972 1195
455 465
1930 1325
9 396
747 181
170 948
74 1881
1136 1169
536 639
230 1983
1208 113
1048 1415
1564 732
365 1202
1909 1769
397 1947
1045 885
655 1711
1167 1000
627 705
463 10
1948 838
1252 1475
930 1030
9 1783
643 158
902 1721
1766 1345
1262 219
1233 1794
1404 1025
1822 1239
1878 669
10 162
1239 1031
1821 1760
124 1541
592 1308
1986 709
550 1886
1951 315
731 1759
119 1486
1689 182
1574 469
425 615
520 1205
415 1396
1374 1248
759 1432
1515 1559
1769 268
1871 136
958 1960
415 760
723 439
617 1803
1345 1758
222 555
1516 1365
1907 428
1635 1077
753 1515
1668 778
53 1491
815 428
31 1651
1400 679
1982 722
1489 1836
1578 1287
1039 1833
1101 857
436 908
1703 150
886 1990
54 718
1469 425
1045 772
487 686
149 405
1389 1770
550 1619
319 1451
568 761
1484 1142
921 428
831 625
759 675
1299 176
1109 1598
1375 967
1282 1267
89 375
1403 28
1935 1157
822 1589
604 236
497 163
1811 1367
362 697
805 1051
1354 1549
946 23
1814 178
1884 1713
1627 102
1285 586
969 641
1711 1601
1596 101
656 266
2 1304
1725 962
1642 472
1671 1836
328 1610
878 1349
1698 1825
1340 1704
608 1131
1784 941
1081 643
1894 1152
372 137
892 1881
834 1022
361 294
207 1827
258 1973
1923 499
1626 1374
659 1518
1331 1227
1719 1646
495 888
1922 664
455 866
1486 769
1568 137
859 850
1108 1732
471 1237
442 1296
1991 818
1015 471
1206 840
759 693
262 239
1671 1499
308 1820
1678 986
723 1688
676 68
865 1548
887 848
1704 1612
1841 972
284 763
1518 1629
166 1903
612 1515
552 1890
286 521
1904 1752
13 1178
960 1674
1288 800
1117 1363
1913 1302
808 1957
429 256
1820 1944
1198 1934
15 1216
453 1445
1104 819
1432 1950
1310 1138
255 827
1555 676
849 300
1601 852
746 936
1599 91
1962 1304
1241 97
727 1988
536 1609
441 1877
1767 1181
443 1535
1518 281
1352 1456
1611 552
638 1372
43 1911
768 1980
1650 1282
1627 1830
1358 127
1289 248
527 912
1366 1170
832 1729
887 109
1491 1212
1558 1259
904 202
166 293
751 791
185 1109
607 1054
1614 1134
1092 763
1349 183
665 1599
736 1943
1447 1840
543 1741
74 1990
873 1938
1222 1493
830 1117
1794 565
1377 451
251 1253
222 528
1095 1073
1673 945
516 669
531 906
1935 235
1479 626
1826 1265
1308 1789
404 1537
608 442
1746 1493
157 117
423 616
667 1550
147 1278
96 773
854 200
665 1718
1823 1496
1122 652
111 817
428 1116
1273 200
665 1172
1534 1135
870 878
476 1522
1042 388
1457 96
1121 1271
1808 1344
1372 1207
1112 1804
448 1166
739 487
1481 159
1846 308
1118 1336
243 1870
1454 458
295 1763
1325 1733
341 1349
1084 1593
725 1334
807 1907
1297 1092
1146 526
1847 943
1441 939
1086 818
1069 1049
1193 1364
101 649
1314 342
1466 564
1675 1749
1757 1736
782 1288
1473 1298
189 1558
822 1646
835 1053
718 1774
334 71
1264 1195
1799 433
1274 242
1840 548
1282 1435
1684 636
719 1071
67 1191
847 38
47 1006
1402 1371
153 1102
1384 1618
513 1998
46 378
625 1920
510 599
1102 986
1586 60
461 1155
218 818
515 1197
1305 732
1394 348
844 344
1236 90
1169 1053
1432 1857
799 1137
1752 1516
1911 221
748 616
562 173
1441 1182
1195 823
120 317
1211 618
135 468
228 1384
167 553
1068 1882
1492 890
468 817
1820 861
998 161
1533 900
649 1350
1173 912
641 1175
1870 1527
751 1228
1927 868
607 992
1117 1918
1773 1594
687 182
83 872
166 182
1508 3
1115 1966
918 1016
95 879
1761 781
45 1345
405 1624
495 751
217 1870
425 1543
621 607
1697 1195
891 1978
799 1341
1454 337
589 272
393 1849
1030 1619
159 188
1906 467
481 206
1612 108
717 1162
709 1149
676 1551
1878 1975
1874 136
62 1192
899 1713
83 5
840 470
1240 493
1055 635
1103 1831
1617 583
1107 1896
1115 1646
1439 1912
1123 139
1163 109
739 919
854 924
198 596
804 603
192 240
170 720
1629 569
1610 1840
1515 1893
1527 1356
1609 1306
1997 490
283 984
1510 1569
1444 1974
1319 786
1234 72
1092 1470
1088 1604
1552 1675
1701 1479
1333 1632
1863 1814
798 1760
1004 732
835 779
1587 353
60 787
35 502
536 1058
718 879
45 1448
1657 1686
1180 1526
525 66
306 1919
266 348
1054 656
123 603
1453 365
207 181
525 130
269 735
1312 1526
304 1174
1916 1616
577 34
130 1420
1638 1252
1555 136
394 1503
1669 1382
681 1337
25 989
835 421
200 1283
1095 598
1753 32
1807 696
1604 1685
1072 340
1610 1434
818 180
1867 1946
1384 1380
369 636
1004 1958
427 374
478 999
1541 1559
121 1200
1323 1862
1980 326
209 1786
398 521
577 705
1132 1386
1903 1369
774 1933
1340 330
1754 1014
1884 1646
262 1396
663 652
694 977
1939 196
972 1611
356 938
892 437
462 168
1921 1748
1267 1556
105 1158
1390 470
1266 1735
990 1188
1895 1769
307 1190
484 1233
377 936
1293 811
849 929
624 1970
365 1645
270 401
1959 987
1439 1039
880 1841
1499 1770
415 1115
842 1037
1145 1443
1047 1787
1921 337
1689 1125
1039 1484
1288 1600
1214 426
244 1398
155 1067
1669 50
1041 1844
816 1818
1273 1003
1202 1483
1612 1968
619 967
885 1165
1755 513
1220 360
1113 716
1945 1482
1938 1143
291 1031
456 1699
474 208
1762 1787
1893 816
1633 1305
440 1783
270 397
751 1772
1821 192
1010 91
8 386
1095 1672
1040 477
1359 955
824 983
392 1848
471 1979
1653 458
761 1484
30 523
1514 1741
72 1630
998 279
38 1629
1312 374
1760 1744
1327 937
1605 1150
750 640
919 59
1875 1598
413 122
553 635
1823 435
323 1695
181 1135
1543 923
168 457
22 585
1519 1465
721 541
771 990
1069 557
1075 123
825 860
1888 828
1360 1534
1825 1969
1584 884
311 866
880 1937
104 45
1484 704
1973 948
1817 1761
1649 439
621 589
795 106
823 655
50 26
1667 1984
716 22
453 658
1019 2000
417 508
319 61
1400 672
1359 931
710 1710
1510 866
465 1022
1373 481
923 170
566 1834
804 242
67 160
95 65
1505 363
1826 328
1093 593
167 1466
1796 376
204 1792
91 1433
984 1931
942 1800
1980 742
1840 1862
238 736
169 784
163 1011
994 884
5 1958
1931 1772
147 506
430 1849
1123 249
616 1952
1610 1028
901 349
1551 1348
1455 289
336 1785
684 1656
1662 1649
1366 392
684 952
79 63
893 228
98 181
1042 1461
1917 456
571 1250
1847 1758
1791 324
1143 1442
669 132
1952 84
913 203
462 221
1309 1560
1404 236
397 114
408 390
1439 1783
975 1592
90 1581
69 915
204 55
1348 1486
1434 479
284 1717
44 424
450 1451
662 461
594 843
1872 1120
792 693
36 1417
673 575
1941 715
1640 49
45 1867
524 510
1759 904
440 1910
1948 1705
431 379
460 1153
950 581
1932 264
1616 722
749 602
109 1013
1402 700
1611 1951
1354 583
1939 1367
260 1951
1034 1603
288 920
1675 391
1208 713
1855 529
121 1754
1535 935
1398 682
125 196
1845 1577
690 1003
600 583
722 1519
1969 1725
1565 670
505 440
339 1230
1765 1839
623 1368
1334 1479
95 1230
1812 1172
1873 775
958 15
901 73
1167 8
129 1392
1998 1907
896 1461
1168 851
1293 701
1834 1193
1469 422
528 748
717 474
436 408
949 981
1489 193
1981 836
1735 1956
1583 1750
1476 148
294 730
795 456
1606 556
1070 687
669 1435
1893 320
1571 444
1420 1645
147 1508
132 1349
1299 1801
720 1298
1850 21
894 967
484 731
1151 1735
406 761
1681 357
477 388
1258 416
1778 184
455 1037
1063 127
1995 1060
1651 863
258 919
1371 1074
652 1066
143 293
1520 394
7 749
869 1567
1264 1751
1943 491
177 717
1441 1474
1178 808
1829 1822
1850 1666
161 751
555 407
1005 1752
630 1776
94 1187
488 139
1166 806
1065 501
1166 415
311 1456
1036 514
1011 474
819 213
1393 657
1060 1851
1215 1650
1427 492
1210 50
78 1888
1505 411
633 1811
1341 117
754 133
816 260
370 875
1425 1529
371 1237
582 59
313 841
1174 1443
903 889
1202 1939
829 1085
709 187
771 1505
923 1618
1403 763
1484 1427
1329 794
919 1642
1614 1249
204 246
1337 1453
175 1467
1291 1754
532 1294
1583 1066
5 207
1284 625
601 1765
1941 1603
1988 1322
1124 1757
1618 224
698 17
1825 957
1058 47
1585 1042
1593 980
1351 1079
1416 946
203 1754
944 1432
1626 780
359 1474
220 174
57 857
446 1927
379 1173
563 52
491 549
285 1534
961 1702
1195 75
625 636
889 1761
119 664
772 1539
1380 220
1906 852
72 11
810 749
82 1552
588 1719
1171 1284
328 651
1258 800
1004 1813
1616 1666
1414 964
1162 1418
1227 1991
1543 75
152 274
1508 354
9 4
599 1542
575 1887
728 337
97 1626
482 483
1879 999
400 1862
145 998
237 1072
1281 1858
550 1240
295 1362
567 1874
648 448
1605 288
1763 924
1356 1172
192 137
842 669
1733 1024
991 1690
1472 755
1255 1538
777 412
758 1638
714 1035
1409 292
56 380
97 589
499 1187
1191 1385
771 51
1987 1621
79 1446
1553 1961
712 1317
1392 481
1182 1166
1817 366
349 1664
1490 1993
1125 972
1960 576
1591 475
302 476
548 199
1486 1890
59 1546
1284 1076
863 335
587 50
273 37
588 802
1483 1398
1821 994
457 751
207 1687
144 1368
172 126
1786 1955
59 22
415 1434
492 684
1697 1213
370 1808
1525 284
407 1187
380 72
1558 1863
860 1782
620 301
1695 385
1862 1688
529 458
55 596
372 1390
1245 820
1462 1084
1517 27
562 1438
1652 1872
513 471
310 1689
87 1788
1569 1237
967 1864
836 1140
610 214
1967 491
1213 855
1754 1360
670 370
1871 1147
454 444
1946 505
1031 763
1572 932
633 1367
1702 301
1054 367
561 1804
1515 50
217 1892
1387 1830
425 1256
1886 1020
91 1709
543 1921
896 623
1788 1934
1661 616
1580 1712
560 1429
923 459
1924 1841
44 572
645 292
1428 406
1647 1491
818 992
1771 368
35 345
420 379
1782 41
691 1883
1091 568
556 120
1204 1852
1793 535
411 1330
13 616
1477 143
1747 1860
1518 1332
1576 1685
1172 173
1305 288
24 634
385 1837
1207 1172
64 327
1545 1441
665 408
1076 824
71 1909
659 193
1771 606
1677 1885
1179 1948
1258 1741
1610 991
21 641
994 1801
1176 1149
1930 866
248 1098
185 1750
578 409
1254 1464
1001 676
866 1346
1958 59
288 311
438 1536
889 1229
1664 1058
185 1077
762 708
1788 1541
1459 391
1058 975
1840 75
1300 293
1750 474
1400 791
648 751
169 1198
464 587
400 107
918 1899
1794 1202
1489 1789
980 1019
1541 1374
1561 942
1949 360
1681 504
731 1519
1243 1323
1767 1888
1139 1219
1304 1282
179 870
883 972
503 471
741 1948
254 995
609 668
1029 1629
311 906
537 115
387 339
246 1912
1575 199
1978 1464
1929 288
1939 693
33 308
1258 1387
809 1190
178 1152
744 1494
630 1574
992 1731
1862 954
934 824
1669 745
1172 1561
813 1754
757 780
119 338
1657 452
1032 1062
210 36
825 962
921 1228
1883 802
155 232
232 1771
39 1410
1276 284
1336 191
158 118
1421 858
1260 1205
1889 561
1948 6
140 39
267 1591
249 869
555 948
492 1091
1184 660
846 974
705 1151
648 938
1996 1560
1505 1621
1783 1638
1284 1029
544 400
991 1349
792 1302
698 1636
130 753
113 938
1331 1081
1809 1508
308 1653
1052 1441
286 108
1518 1133
618 200
1630 1424
1211 1873
1272 690
974 1875
538 525
1398 553
882 1547
585 1153
1001 160
1880 143
156 308
473 592
1749 243
1696 1450
544 1929
611 536
350 1185
266 752
1891 51
1479 1131
1191 968
1303 869
873 5
1730 1566
434 995
199 1421
92 1801
1940 477
1139 1672
139 1493
806 294
1444 1944
298 1753
264 1737
904 736
392 561
619 288
1819 699
208 1374
1640 466
211 1776
548 1416
1367 347
1272 1033
1311 1050
1699 216
1668 1165
1805 1930
1735 610
964 1502
1080 741
328 336
961 1492
929 1976
564 429
1037 874
420 1819
876 1053
1261 1979
57 1406
445 1724
1496 974
228 1765
707 306
1121 515
868 1259
484 1263
1559 995
1344 376
1961 921
1199 1857
994 116
886 1419
870 645
1098 922
1154 1557
1027 1912
1935 1041
968 1915
395 1144
667 510
1834 1810
938 1264
1837 451
1822 1594
1220 1325
1347 1443
535 1896
1535 733
696 1095
1263 672
1648 367
1564 256
614 1929
592 1015
256 1926
566 162
1719 1417
614 1144
1308 20
1490 115
330 905
493 1127
1853 662
1645 569
801 840
1117 1527
149 1047
962 1696
202 1105
1411 1841
1256 749
1623 471
1414 1480
491 182
1573 1703
1010 361
452 1226
851 227
1529 210
1010 754
832 709
299 723
800 1672
647 117
1662 1359
90 466
838 1988
49 131
665 494
1647 391
1844 824
452 4
384 1661
811 1885
1430 1746
531 652
297 1149
408 43
435 1745
389 1206
181 892
151 1902
1608 1619
49 189
1874 1484
1258 827
217 1600
495 103
922 367
1461 1678
71 870
1322 1190
116 359
915 150
1015 890
186 244
1443 1069
84 1159
1739 141
336 469
1543 895
1079 428
40 197
205 18
1836 813
1856 1300
1357 545
198 1414
1505 312
1563 1350
912 1246
1715 647
1844 661
1567 636
377 1331
1591 1353
813 376
104 1348
336 360
1754 1765
88 649
1559 1458
1590 751
814 1285
1157 231
776 235
158 980
949 510
839 93
1042 1736
1690 689
1389 1943
1162 627
1707 139
728 1420
1815 721
412 981
1620 1719
1739 75
1131 1199
532 966
1974 573
144 153
908 1228
1174 702
1271 82
908 1573
1709 215
1635 1797
1799 1772
321 1333
538 671
1670 762
1569 712
765 754
1363 264
10 688
1298 847
780 1148
1323 368
1896 689
1095 1859
1928 1107
1441 774
1091 1666
751 1674
1360 1298
480 996
1060 1640
608 1112
1618 351
284 288
371 439
1334 67
807 1790
1590 1090
1951 257
1343 1808
2 1425
1273 642
591 356
1792 459
1000 113
1189 746
1669 1934
1065 915
54 351
1283 589
1198 407
70 632
765 363
1213 97
564 1905
993 1728
682 1796
1736 1327
1534 1839
1484 1134
1375 1356
1595 1083
536 852
309 637
1247 1971
180 810
1940 952
831 1958
1196 653
527 1571
1983 1597
961 1085
878 16
358 1131
1395 1148
599 1597
166 1697
1796 901
1002 1027
1525 1305
1800 1384
1478 1357
93 1495
1902 1226
1439 742
1524 1085
1699 88
1245 753
928 1567
1574 286
690 1104
288 219
1220 1958
1758 251
1401 954
987 312
1342 1039
136 908
1680 1786
1187 294
562 50
787 1708
1013 1414
84 945
617 988
1094 598
634 1636
385 473
511 1167
1028 707
1977 752
134 1492
934 1131
145 369
1998 843
920 1940
648 803
1163 867
98 622
1016 1036
233 1098
1076 1360
166 1781
1906 497
271 554
1967 949
327 1111
1240 1209
375 1540
1573 1024
645 1422
1903 1501
1533 982
525 1271
20 467
1337 1973
100 1137
709 957
176 1405
1015 967
1133 1211
646 1416
627 534
211 349
1632 877
99 1797
415 1038
182 568
1406 175
280 1544
1870 1993
804 795
1608 1154
214 232
1838 613
1778 777
150 487
691 1161
1448 1861
1228 756
154 1670
628 845
1645 1339
627 245
138 1953
486 1935
1940 1890
1266 1305
1336 1409
1189 1419
548 550
521 1171
442 583
736 1358
1553 1297
1828 1823
533 399
418 1348
504 184
202 1359
1333 1883
807 387
722 1298
1414 1152
251 1620
983 908
241 759
23 1367
1609 1732
1758 1504
564 275
321 955
294 1244
1781 1033
1493 241
144 1919
51 1779
738 532
1109 1309
535 1326
1594 1700
118 269
869 613
505 799
1687 1044
692 1500
1158 666
1787 1412
1580 1215
1604 560
1999 721
1036 917
172 1784
1180 373
761 1503
761 1754
1514 100
1476 1984
576 1567
131 1424
1308 1163
1047 581
1780 774
1457 258
1270 415
898 177
1587 1020
444 394
371 1759
1698 138
588 690
1305 142
805 261
43 433
786 969
1706 98
862 217
385 765
1241 1561
965 122
49 58
1193 227
1814 1772
437 1125
145 1352
809 1904
582 1634
1144 1492
105 403
787 774
253 1417
349 877
248 923
742 1298
1171 455
1663 660
1314 661
834 1039
1349 1975
1180 1300
207 1822
1006 1975
666 493
299 1085
1277 1811
850 1396
569 1900
1078 1896
1306 379
101 141
1415 1502
1274 667
1971 1907
941 1544
554 1965
1568 1589
807 1383
509 504
1239 282
338 1602
864 1979
481 53
323 191
149 1215
1731 521
1031 1126
1661 1894
164 500
627 81
15 509
1735 1418
1806 372
1918 308
142 1419
1299 630
981 651
205 1371
1369 951
1110 972
375 625
1280 265
1985 1641
1951 701
1491 237
1572 1467
366 1970
1984 26
12 1546
312 12
234 1337
903 1071
187 1024
1205 1783
1153 1209
36 823
1619 1411
1019 702
1622 1237
778 467
1393 495
126 265
758 759
929 645
546 788
649 247
1299 1799
356 387
649 1634
985 729
802 1035
1744 833
1803 8
1376 1711
1388 336
1821 1230
22 48
661 1601
1428 1539
1497 174
1832 38
1086 112
840 524
1772 1839
464 1239
192 596
1897 732
765 1914
1265 1156
1646 1213
113 1191
1370 858
569 318
378 297
323 302
1885 1448
1948 215
602 1192
482 1039
1890 1773
1525 134
243 1541
1674 1185
1237 815
837 1450
1054 17
1842 1518
1442 492
784 415
539 1426
53 815
1843 830
496 1202
166 910
1106 1806
1330 1661
825 1301
540 1346
206 736
966 640
946 990
1797 1931
626 549
576 993
1492 735
1591 1497
789 878
1608 1349
1779 1818
1509 1742
1729 637
798 1318
610 1055
799 498
1982 1713
1256 1592
344 532
365 230
844 1811
269 1551
532 824
677 1625
568 512
1667 1478
926 1861
1112 524
790 638
656 1822
1732 1795
389 936
1542 457
442 676
1693 1464
14 1226
852 803
1186 1668
1048 811
49 981
770 1958
1122 1238
444 1216
161 728
494 806
1196 740
145 954
749 316
1736 598
1935 475
222 1335
1797 1446
1692 1389
213 1020
1173 836
1841 38
780 1470
944 653
1193 1669
1045 1347
692 288
492 1382
1876 664
1964 157
1192 1726
790 205
1047 1017
1855 1650
961 555
1754 1008
1610 1485
589 724
1111 1108
1681 283
1070 1220
416 114
1731 1140
1073 1911
1729 1235
1965 646
631 590
873 1839
679 1067
1226 154
1865 153
603 1690
1766 1639
1201 1384
593 1484
373 905
528 34
1192 1387
240 1965
1465 1641
1505 207
676 750
291 1340
1466 1895
238 187
1222 63
1783 1496
1942 1551
1039 1419
905 1065
1678 1597
953 942
626 573
1904 676
1972 1709
1991 1156
1294 1672
1499 614
324 1782
1569 539
633 713
482 918
53 426
4 1302
1544 310
207 310
240 577
112 1762
35 73
1343 1971
937 1331
424 1849
228 114
1148 1830
1217 1340
247 1530
786 954
1278 1111
406 152
108 1002
401 1707
389 1087
1083 123
586 1525
1896 163
584 334
1097 511
709 1781
1663 476
515 1694
1715 1162
1503 877
763 1695
260 478
1262 350
549 708
1082 1906
1544 734
415 1732
1802 1754
1748 1456
454 1754
971 805
1070 527
328 679
1565 991
1334 1990
1242 966
491 1079
180 1999
1402 1838
271 1894
429 855
425 950
1724 1092
558 72
461 388
1625 931
1379 924
338 499
1738 754
1150 152
1430 963
1493 582
782 767
1453 1800
166 1159
1971 1654
913 473
1473 927
1450 739
929 817
1624 794
468 1749
830 1835
1393 1889
908 941
1297 764
231 682
1591 727
89 648
1247 789
1721 731
927 32
1643 334
1158 1083
1298 951
172 726
1666 1568
175 1218
907 1146
1654 966
1364 840
1119 546
1454 1033
19 756
1996 223
20 1821
247 1646
357 534
1348 952
717 1042
1583 358
1646 27
1176 1586
1295 998
1128 194
1098 365
1845 1207
1894 289
680 1282
1781 162
489 135
1171 1800
472 587
1880 563
686 637
1595 1780
1489 1492
1158 904
839 1220
1091 617
18 258
1404 402
722 1598
1937 1340
1737 376
1006 39
273 560
861 1473
968 1503
140 1401
1177 1004
1987 1249
1014 673
525 1537
341 512
869 1823
1919 403
75 191
151 1806
1120 1105
1041 1053
1810 1370
571 574
324 788
112 88
305 439
29 1397
1925 2
1446 1805
287 185
34 260
839 996
1951 991
1251 457
1403 1149
1460 612
154 959
400 963
1017 652
1414 1361
516 710
989 203
588 945
48 226
98 1481
594 441
729 1724
865 747
1011 1166
764 1764
429 695
1486 701
1484 1489
1862 170
68 1161
1489 384
1864 1525
664 248
251 1497
1181 675
1874 1610
907 1387
686 1177
703 90
682 1638
1698 1458
85 947
1301 1035
1265 916
726 556
206 145
1460 580
1075 717
998 914
1649 797
926 1268
1612 1164
1466 575
182 1231
1030 1301
87 381
560 1389
23 704
509 1439
1911 1046
33 669
1489 82
997 522
312 1113
91 887
143 1753
1205 1669
851 833
1051 428
665 259
1937 1306
1900 194
1900 1182
475 554
1218 1998
1594 1764
1127 1232
19 1160
1844 35
1185 695
1475 1639
1220 1911
1962 626
519 1885
503 1532
1986 1048
1404 359
36 541
1831 648
1299 905
523 1484
30 863
1925 1520
1403 1410
1660 1334
1407 1535
1671 1653
145 994
724 1569
389 57
1898 1723
1901 210
435 1115
755 36
420 1195
1193 1948
599 1880
1305 1771
1984 1927
1360 1908
1489 1617
1746 978
408 964
1859 333
1030 1920
793 1851
1107 244
1587 1959
1120 795
857 401
879 328
1647 925
47 327
1540 1471
1230 511
1558 1456
1864 3
932 1871
1422 108
443 984
794 1213
2000 2000 2000 2000 2000 2000 2000 2000 2000 2000 2000 2000 2000 2000 2000 2000 2000 2000 2000 2000 2000 2000 2000 2000 2000 2000 2000 2000 2000 2000 2000 2000 2000 2000 2000 2000 2000 2000 2000 2000 2000 2000 2000 2000 2000 2000 2000 2000 2000 2000 2000 2000 2000 2000 2000 2000 2000 2000 2000 2000 2000 2000 2000 2000 2000 2000 2000 2000 2000 2000 2000 2000 2000 2000 2000 2000 2000 2000 2000 2000 2000 2000 2000 2000 2000 2000 2000 2000 2000 2000 2000 2000 2000 2000 2000 2000 2000 2000 2000 2000 2000 2000 2000 2000 2000 2000 2000 2000 2000 2000 2000 2000 2000 2000 2000 2000 2000 2000 2000 2000 2000 2000 2000 2000 2000 2000 2000 2000 2000 2000 2000 2000 2000 2000 2000 2000 2000 2000 2000 2000 2000 2000 2000 2000 2000 2000 2000 2000 2000 2000 2000 2000 2000 2000 2000 2000 2000 2000 2000 2000 2000 2000 2000 2000 2000 2000 2000 2000 2000 2000 2000 2000 2000 2000 2000 2000 2000 2000 2000 2000 2000 2000 2000 2000 2000 2000 2000 2000 2000 2000 2000 2000 2000 2000 2000 2000 2000 2000 2000 2000 2000 2000 2000 2000 2000 2000 2000 2000 2000 2000 2000 2000 2000 2000 2000 2000 2000 2000 2000 2000 2000 2000 2000 2000 2000 2000 2000 2000 2000 2000 2000 2000 2000 2000 2000 2000 2000 2000 2000 2000 2000 2000 2000 2000 2000 2000 2000 2000 2000 2000 2000 2000 2000 2000 2000 2000 2000 2000 2000 2000 2000 2000 2000 2000 2000 2000 2000 2000 2000 2000 2000 2000 2000 2000 2000 2000 2000 2000 2000 2000 2000 2000 2000 2000 2000 2000 2000 2000 2000 2000 2000 2000 2000 2000 2000 2000 2000 2000 2000 2000 2000 2000 2000 2000 2000 2000 2000 2000 2000 2000 2000 2000 2000 2000 2000 2000 2000 2000 2000 2000 2000 2000 2000 2000 2000 2000 2000 2000 2000 2000 2000 2000 2000 2000 2000 2000 2000 2000 2000 2000 2000 2000 2000 2000 2000 2000 2000 2000 2000 2000 2000 2000 2000 2000 2000 2000 2000 2000 2000 2000 2000 2000 2000 2000 2000 2000 2000 2000 2000 2000 2000 2000 2000 2000 2000 2000 2000 2000 2000 2000 2000 2000 2000 2000 2000 2000 2000 2000 2000 2000 2000 2000 2000 2000 2000 2000 2000 2000 2000 2000 2000 2000 2000 2000 2000 2000 2000 2000 2000 2000 2000 2000 2000 2000 2000 2000 2000 2000 2000 2000 2000 2000 2000 2000 2000 2000 2000 2000 2000 2000 2000 2000 2000 2000 2000 2000 2000 2000 2000 2000 2000 2000 2000 2000 2000 2000 2000 2000 2000 2000 2000 2000 2000 2000 2000 2000 2000 2000 2000 2000 2000 2000 2000 2000 2000 2000 2000 2000 2000 2000 2000 2000 2000 2000 2000 2000 2000 2000 2000 2000 2000 2000 2000 2000 2000 2000 2000 2000 2000 2000 2000 2000 2000 2000 2000 2000 2000 2000 2000 2000 2000 2000 2000 2000 2000 2000 2000 2000 2000 2000 2000 2000 2000 2000 2000 2000 2000 2000 2000 2000 2000 2000 2000 2000 2000 2000 2000 2000 2000 2000 2000 2000 2000 2000 2000 2000 2000 2000 2000 2000 2000 2000 2000 2000 2000 2000 2000 2000 2000 2000 2000 2000 2000 2000 2000 2000 2000 2000 2000 2000 2000 2000 2000 2000 2000 2000 2000 2000 2000 2000 2000 2000 2000 2000 2000 2000 2000 2000 2000 2000 2000 2000 2000 2000 2000 2000 2000 2000 2000 2000 2000 2000 2000 2000 2000 2000 2000 2000 2000 2000 2000 2000 2000 2000 2000 2000 2000 2000 2000 2000 2000 2000 2000 2000 2000 2000 2000 2000 2000 2000 2000 2000 2000 2000 2000 2000 2000 2000 2000 2000 2000 2000 2000 2000 2000 2000 2000 2000 2000 2000 2000 2000 2000 2000 2000 2000 2000 2000 2000 2000 2000 2000 2000 2000 2000 2000 2000 2000 2000 2000 2000 2000 2000 2000 2000 2000 2000 2000 2000 2000 2000 2000 2000 2000 2000 2000 2000 2000 2000 2000 2000 2000 2000 2000 2000 2000 2000 2000 2000 2000 2000 2000 2000 2000 2000 2000 2000 2000 2000 2000 2000 2000 2000 2000 2000 2000 2000 2000 2000 2000 2000 2000 2000 2000 2000 2000 2000 2000 2000 2000 2000 2000 2000 2000 2000 2000 2000 2000 2000 2000 2000 2000 2000 2000 2000 2000 2000 2000 2000 2000 2000 2000 2000 2000 2000 2000 2000 2000 2000 2000 2000 2000 2000 2000 2000 2000 2000 2000 2000 2000 2000 2000 2000 2000 2000 2000 2000 2000 2000 2000 2000 2000 2000 2000 2000 2000 2000 2000 2000 2000 2000 2000 2000 2000 2000 2000 2000 2000 2000 2000 2000 2000 2000 2000 2000 2000 2000 2000 2000 2000 2000 2000 2000 2000 2000 2000 2000 2000 2000 2000 2000 2000 2000 2000 2000 2000 2000 2000 2000 2000 2000 2000 2000 2000 2000 2000 2000 2000 2000 2000 2000 2000 2000 2000 2000 2000 2000 2000 2000 2000 2000 2000 2000 2000 2000 2000 2000 2000 2000 2000 2000 2000 2000 2000 2000 2000 2000 2000 2000 2000 2000 2000 2000 2000 2000 2000 2000 2000 2000 2000 2000 2000 2000 2000 2000 2000 2000 2000 2000 2000 2000 2000 2000 2000 2000 2000 2000 2000 2000 2000 2000 2000 2000 2000 2000 2000 2000 2000 2000 2000 2000 2000 2000 2000 2000 2000 2000 2000 2000 2000 2000 2000 2000 2000 2000 2000 2000 2000 2000 2000 2000 2000 2000 2000 2000 2000 2000 2000 2000 2000 2000 2000 2000 2000 2000 2000 2000 2000 2000 2000 2000 2000 2000 2000 2000 2000 2000 2000 2000 2000 2000 2000 2000 2000 2000 2000 2000 2000 2000 2000 2000 2000 2000 2000 2000 2000 2000 2000 2000 2000 2000 2000 2000 2000 2000 2000 2000 2000 2000 2000 2000 2000 2000 2000 2000 2000 2000 2000 2000 2000 2000 2000 2000 2000 2000 2000 2000 2000 2000 2000 2000 2000 2000 2000 2000 2000 2000 2000 2000 2000 2000 2000 2000 2000 2000 2000 2000 2000 2000 2000 2000 2000 2000 2000 2000 2000 2000 2000 2000 2000 2000 2000 2000 2000 2000 2000 2000 2000 2000 2000 2000 2000 2000 2000 2000 2000 2000 2000 2000 2000 2000 2000 2000 2000 2000 2000 2000 2000 2000 2000 2000 2000 2000 2000 2000 2000 2000 2000 2000 2000 2000 2000 2000 2000 2000 2000 2000 2000 2000 2000 2000 2000 2000 2000 2000 2000 2000 2000 2000 2000 2000 2000 2000 2000 2000 2000 2000 2000 2000 2000 2000 2000 2000 2000 2000 2000 2000 2000 2000 2000 2000 2000 2000 2000 2000 2000 2000 2000 2000 2000 2000 2000 2000 2000 2000 2000 2000 2000 2000 2000 2000 2000 2000 2000 2000 2000 2000 2000 2000 2000 2000 2000 2000 2000 2000 2000 2000 2000 2000 2000 2000 2000 2000 2000 2000 2000 2000 2000 2000 2000 2000 2000 2000 2000 2000 2000 2000 2000 2000 2000 2000 2000 2000 2000 2000 2000 2000 2000 2000 2000 2000 2000 2000 2000 2000 2000 2000 2000 2000 2000 2000 2000 2000 2000 2000 2000 2000 2000 2000 2000 2000 2000 2000 2000 2000 2000 2000 2000 2000 2000 2000 2000 2000 2000 2000 2000 2000 2000 2000 2000 2000 2000 2000 2000 2000 2000 2000 2000 2000 2000 2000 2000 2000 2000 2000 2000 2000 2000 2000 2000 2000 2000 2000 2000 2000 2000 2000 2000 2000 2000 2000 2000 2000 2000 2000 2000 2000 2000 2000 2000 2000 2000 2000 2000 2000 2000 2000 2000 2000 2000 2000 2000 2000 2000 2000 2000 2000 2000 2000 2000 2000 2000 2000 2000 2000 2000 2000 2000 2000 2000 2000 2000 2000 2000 2000 2000 2000 2000 2000 2000 2000 2000 2000 2000 2000 2000 2000 2000 2000 2000 2000 2000 2000 2000 2000 2000 2000 2000 2000 2000 2000 2000 2000 2000 2000 2000 2000 2000 2000 2000 2000 2000 2000 2000 2000 2000 2000 2000 2000 2000 2000 2000 2000 2000 2000 2000 2000 2000 2000 2000 2000 2000 2000 2000 2000 2000 2000 2000 2000 2000 2000 2000 2000 2000 2000 2000 2000 2000 2000 2000 2000 2000 2000 2000 2000 2000 2000 2000 2000 2000 2000 2000 2000 2000 2000 2000 2000 2000 2000 2000 2000 2000 2000 2000 2000 2000 2000 2000 2000 2000 2000 2000 2000 2000 2000 2000 2000 2000 2000 2000 2000 2000 2000 2000 2000 2000 2000 2000 2000 2000 2000 2000 2000 2000 2000 2000 2000 2000 2000 2000 2000 2000 2000 2000 2000 2000 2000 2000 2000 2000 2000 2000 2000 2000 2000 2000 2000 2000 2000 2000 2000 2000 2000 2000 2000 2000 2000 2000 2000 2000 2000 2000 2000 2000 2000 2000 2000 2000 2000 2000 2000 2000 2000 2000 2000 2000 2000 2000 2000 2000 2000 2000 2000 2000 2000 2000 2000 2000 2000 2000 2000 2000 2000 2000 2000 2000 2000 2000 2000 2000 2000 2000 2000 2000 2000 2000 2000 2000 2000 2000 2000 2000 2000 2000 2000 2000 2000 2000 2000 2000 2000 2000 2000 2000 2000 2000 2000 2000 2000 2000 2000 2000 2000 2000 2000 2000 2000 2000 2000 2000 2000 2000 2000 2000 2000 2000 2000 2000 2000 2000 2000 2000 2000 2000 2000 2000 2000 2000 2000 2000 2000 2000 2000 2000 2000 2000 2000 2000 2000 2000 2000 2000 2000 2000 2000 2000 2000 2000 2000 2000 2000 2000 2000 2000 2000 2000 2000 2000 2000 2000 2000 2000 2000 2000 2000 2000 2000 2000 2000 2000 2000 2000 2000 2000 2000 2000 2000 2000 2000 2000 2000 2000 2000 2000 2000 2000 2000 2000 2000 2000 2000 2000 2000 2000 2000 2000 2000 2000 2000 2000 2000 2000 2000 2000 2000 2000 2000 2000 2000 2000 2000 2000 2000 2000 2000 2000 2000 2000 2000 2000 2000 2000 2000 2000 2000 2000 2000 2000 2000 2000 2000 2000 2000 2000 2000 2000 2000 2000 2000 2000 2000 2000 2000 2000 2000 2000 2000 2000 2000 2000 2000 2000 2000 2000 2000 2000 2000 2000 2000 2000 2000 2000 2000 2000 2000 2000 2000 2000 2000 2000 2000 2000 2000 2000 2000 2000 2000 2000 2000 2000 2000 2000 2000 2000 2000 2000 2000 2000 2000 2000 2000 2000 2000 2000 2000 2000 2000 2000 2000 2000 2000 2000 2000 2000 2000 2000 2000 2000 2000 2000 2000 2000 2000 2000 2000 2000 2000 2000 2000 2000 2000 2000 2000 2000 2000 2000 2000 2000 2000 2000 2000 2000 2000 2000 2000 2000 2000 2000 2000 2000 2000 2000 2000 2000 2000 2000 2000 2000 2000 2000 2000 2000 2000 2000 2000 2000 2000 2000 2000 2000 2000 2000 2000 2000 2000 2000 2000 2000 2000 2000 2000 2000 2000 2000 2000 2000 2000 2000 2000 2000 2000 2000 2000 2000 2000 2000 2000 2000 2000 2000 2000 2000 2000 2000 2000 2000 2000 2000 2000 2000 2000 2000 2000 2000 2000 2000 2000 2000 2000 2000 2000 2000 2000 2000 2000 2000 2000 2000 2000 2000 2000 2000 2000 2000 2000 2000 2000 2000 2000 2000 2000 2000 2000 2000 2000 2000 2000 2000 2000 2000 2000 2000 2000 2000 2000 2000 2000 2000 2000 2000 2000 2000 2000 2000 2000 2000 2000 2000 2000 2000 2000 2000 2000 2000 2000 2000 2000 2000 2000 2000 2000 2000 2000 2000 2000 2000 2000 2000 2000 2000 2000 2000 2000 2000 2000 2000 2000 2000 2000 2000 2000 2000 2000 2000 2000 2000 2000 2000 2000 2000 2000 2000 2000 2000 2000 2000 2000 2000 2000 2000 2000 2000 2000 2000 2000 2000 2000 2000 2000 2000 2000 2000 2000 2000 2000 2000 2000 2000 2000 2000 2000 2000 2000 2000 2000 2000 2000 2000 2000 2000 2000 2000 2000 2000 2000 2000 2000 2000 2000 2000 2000 2000 2000 2000 2000 2000 2000 2000 2000 2000 2000 2000 2000 2000 2000 2000 2000 2000 2000 2000
