1856 2586
1349 1334
641 849
754 360
335 1838
435 68
933 965
560 962
61 349
69 1243
223 700
791 297
287 1703
1094 1851
368 1126
1494 1287
369 646
780 630
1517 1161
1844 841
621 1238
308 534
965 1216
1831 558
977 386
474 860
1167 473
1333 658
1483 810
306 3
926 1630
616 127
1623 581
1855 23
47 1556
428 1261
1438 1009
144 1107
235 1672
79 248
961 1825
475 683
1331 131
397 981
65 870
596 223
586 505
1579 327
809 991
311 1157
1757 2
1351 770
65 1391
555 393
1640 1597
579 1438
420 1143
432 1504
889 1231
767 1136
352 1805
546 124
1665 32
95 161
1464 324
1320 918
1170 181
588 1635
154 948
673 1424
1414 709
58 1088
1140 1070
1062 1076
520 1409
1564 226
1749 1314
1732 927
453 635
1776 107
281 494
1038 1338
1671 735
1058 1054
1 1569
531 1363
1224 63
779 1112
1149 513
728 1746
1835 1678
156 1430
734 1469
1684 1004
1201 844
1507 1356
1525 640
694 847
674 1358
1178 760
1496 1120
1344 833
1814 1413
1160 1493
1041 1010
1531 250
359 840
1285 323
902 1679
1549 382
1383 246
1343 33
1543 1160
998 64
870 176
809 641
564 870
1536 401
1026 1780
1004 896
1710 238
353 812
1211 1786
1406 352
1022 724
476 1714
1409 1334
446 368
620 689
1560 1089
1472 393
389 746
121 1559
740 802
1237 801
1311 1528
296 813
451 1553
688 1493
1282 1679
1510 1270
1207 617
723 1015
1331 1011
540 1379
550 1270
1783 1510
602 1280
245 1720
629 345
1669 1742
363 970
1648 247
257 306
127 1543
886 1280
237 714
348 658
374 1462
882 184
360 852
844 214
1732 924
1357 110
1669 16
1484 1666
309 1039
1170 1197
863 1119
670 693
1276 1273
649 530
1425 1029
1237 1559
726 1415
1032 1438
941 758
60 379
92 1072
1767 304
795 1453
265 1568
617 108
801 1258
1358 967
1748 161
988 1175
250 267
967 1405
900 787
441 535
1400 494
892 670
1093 1767
1320 1766
1263 1364
1033 81
1347 596
1666 843
574 321
161 76
1802 945
1375 1840
258 566
1384 1448
431 21
35 300
1318 69
1854 777
741 1430
1460 1367
1302 1695
1754 490
161 1755
332 266
1446 161
158 1377
426 173
1338 737
238 1378
1172 393
410 988
1094 106
901 1211
1238 1768
368 122
1262 98
971 1593
597 478
507 1412
1273 649
120 1442
761 1341
579 1409
1279 1808
666 1105
136 1713
1703 1214
451 654
1065 741
912 478
326 685
355 74
583 1292
1180 1293
1756 650
1730 811
915 954
631 1570
242 724
1092 589
987 1487
1352 1428
385 1303
876 412
1030 637
1851 773
779 1629
1 801
199 221
745 1155
928 844
267 1541
1385 694
1438 462
1671 1272
117 937
857 950
1652 993
893 1581
339 23
1186 104
1753 119
112 310
811 1370
1580 287
1250 1741
373 1262
1536 573
1799 941
169 866
568 1300
1422 234
891 68
1765 898
427 1701
595 1454
993 675
1740 111
342 274
182 153
1100 711
381 887
565 339
970 645
1324 1461
1184 1150
50 1635
626 1309
1118 1430
1035 397
995 1382
1804 1449
1596 83
153 640
376 207
273 979
1509 837
492 598
1399 855
1299 1460
1095 30
1567 1790
1622 1670
1640 222
1499 671
1237 868
401 1211
1443 889
1490 500
1564 1513
1340 433
1613 370
736 1661
1756 741
1610 672
1520 1573
1100 519
803 1618
1346 1243
262 451
784 83
1014 539
365 521
792 636
29 165
1565 1159
1657 1109
993 1055
503 187
1526 1264
1757 87
1160 332
1284 1427
1766 1561
1295 837
540 1478
845 1743
1198 1569
576 1467
963 940
450 735
1514 779
1033 1118
1556 1373
1682 272
162 1181
1578 972
48 410
303 69
791 818
1043 117
440 1728
212 1417
1355 105
1244 1223
522 608
620 268
943 827
385 1317
1467 1667
1144 1780
930 400
837 75
220 714
640 857
1388 1846
1381 1129
908 1686
670 910
350 1792
1507 1386
1254 1228
1716 706
1656 1427
135 214
1235 13
1212 1602
63 1370
1063 393
115 939
625 1774
711 616
799 1211
676 1264
88 347
1768 1668
364 712
1548 237
1398 164
1567 235
1564 1361
382 1133
417 660
519 541
1830 652
1850 1464
210 1578
310 788
1709 1529
846 1662
778 1043
569 732
1520 650
959 1290
811 146
266 599
580 848
395 898
468 1516
1783 621
1138 1580
1518 1123
1411 296
1505 1504
772 1028
677 1830
300 1416
1824 1436
290 802
1518 1191
1260 542
1300 821
747 509
64 1184
1252 664
1233 1528
1420 1597
1016 1299
558 22
1777 1070
520 1470
164 487
387 442
1343 333
279 180
1667 1670
785 1555
1601 506
1812 947
567 698
469 640
848 1720
88 908
1042 862
980 358
825 1159
1430 1231
493 1629
179 1364
1537 611
1294 290
779 1534
1362 1608
424 1511
675 1460
1471 205
1042 1044
915 580
639 1842
1335 1195
601 1841
716 1654
1376 434
290 1726
1745 583
907 1580
1774 244
1509 918
1352 1839
310 1268
742 1084
1419 653
1552 1485
202 1389
1401 1829
869 680
1507 320
1347 964
1509 1363
1126 1588
1170 1544
1339 199
1476 691
1076 1197
647 994
770 376
732 657
366 743
1620 1309
262 1610
1737 141
648 55
1810 1107
1617 1759
1036 247
1816 1333
1073 286
527 1273
360 641
1295 1014
1638 1649
448 1841
753 1653
1787 1737
270 1783
996 997
1576 916
214 1114
1854 785
310 534
1597 319
1445 752
1487 1603
1415 1054
305 1641
1070 1223
658 1207
513 1792
1104 852
1624 273
718 1113
1170 380
48 785
889 139
363 1828
1506 498
1664 1330
1823 1582
146 228
815 1735
1460 586
1516 1113
1219 723
1336 446
724 1138
182 1060
499 1410
906 1493
459 1016
321 600
492 551
469 1135
361 815
1630 394
1214 1817
1672 501
360 1204
517 131
113 1652
1256 570
1183 130
671 246
1460 1189
315 596
234 1138
1524 405
1237 1423
1386 964
1501 7
1132 1724
1785 389
970 390
1694 700
1617 512
1367 570
91 401
1092 612
127 158
569 578
790 1295
1163 908
642 1522
1109 1663
744 530
1435 759
705 155
751 1308
1571 804
1149 438
463 456
1167 1018
1403 41
993 714
375 290
571 584
1747 597
731 1453
1805 356
392 738
532 71
1322 1471
230 1282
1723 185
733 387
972 311
38 224
800 880
363 1655
1595 967
1049 1241
1751 554
1820 794
421 1309
1090 1661
1376 1005
1757 1645
296 240
599 147
1595 1218
97 1310
633 1330
1323 561
1164 211
666 571
1509 1079
684 1700
544 347
748 132
1201 1844
386 213
1057 508
476 1557
1517 1557
903 371
124 579
1615 321
1133 1252
983 1090
1423 49
923 1527
974 1673
627 888
1737 719
971 246
1660 1591
51 298
1523 472
286 1226
1713 1601
1056 1146
1727 667
1056 961
913 262
1533 1634
1708 1810
1672 1789
915 25
875 1277
279 1441
1821 696
282 1522
329 987
297 1074
483 1645
284 1188
562 23
427 951
1113 1115
1280 447
715 1032
1443 1304
17 1489
1140 552
872 560
1304 1726
130 1092
1630 207
1683 146
581 497
792 741
957 299
603 233
396 771
1607 1785
396 1813
1463 1114
996 1192
579 289
1570 1621
1686 1726
1404 569
1635 1763
887 876
363 1229
1519 934
892 1603
1777 1672
77 1854
1213 1617
1625 148
1159 572
1547 1059
58 445
850 725
999 944
887 1399
75 1161
295 622
659 962
1395 1610
233 333
1787 244
1004 1301
1723 825
1056 584
1345 1053
370 89
1591 71
874 285
1234 1384
676 1449
1658 1239
253 1315
1070 427
1639 545
263 1359
1142 696
1133 1013
328 514
779 807
1760 1490
1052 348
556 1391
1452 1792
1546 497
917 124
1478 1348
1827 1297
1517 1685
12 282
702 1008
331 577
326 237
1274 399
304 1028
486 316
1039 340
1853 1293
718 585
1449 930
1460 460
282 464
465 99
140 1787
651 929
647 1290
1404 1843
171 1185
1325 1432
637 298
444 297
1474 1803
1184 600
540 588
1237 169
1069 842
1346 654
781 248
1598 1609
1128 966
493 1736
1443 408
495 1563
935 1038
840 1126
9 87
867 141
1442 601
1001 1086
1544 1553
1042 905
422 1319
401 14
1528 1389
1658 160
260 527
1555 965
1565 871
806 827
159 549
792 1074
1209 1245
1631 1591
775 1488
1799 367
794 1698
1719 1076
1544 1299
995 717
1841 934
544 1105
146 1613
248 1852
1771 1271
1410 781
1608 1611
409 429
1667 1439
706 1504
1581 1817
1769 308
1098 1011
675 307
19 1633
1448 1316
1454 1409
716 364
1689 695
1592 1421
1460 705
749 961
265 1664
1487 1560
196 495
1492 1188
1688 270
387 519
291 151
932 582
717 1378
553 1613
1014 503
663 26
1412 1824
1223 766
276 1046
1051 1014
1530 1579
1562 1671
1065 1735
1027 241
1532 1141
471 1483
776 513
1390 603
548 1088
1477 675
606 1031
105 830
175 1581
1737 554
58 999
734 1818
583 453
1515 865
434 1125
819 13
1180 786
184 719
248 733
1536 35
1489 169
1224 825
1207 530
1260 1808
479 1467
605 1360
1689 198
748 176
306 370
1785 494
405 12
265 489
271 317
365 145
917 1777
634 1115
1501 204
363 478
985 1733
1770 643
1273 134
1324 280
668 400
1112 961
1532 1784
1170 28
1474 1276
1370 1439
1700 1824
1539 546
235 685
1278 568
1055 1584
543 1640
1324 891
1353 1245
996 1328
306 1665
1684 283
141 66
1235 1737
573 946
1478 1194
1691 1482
40 282
614 977
1023 1624
1144 444
1280 280
186 1781
417 251
1455 300
1642 203
665 214
419 453
1516 1514
1100 500
1245 1854
1438 316
1099 988
1070 1782
1373 735
239 1543
391 532
1475 1433
884 957
997 1378
1647 281
1135 1650
3 1
1827 1536
477 967
1170 194
1539 1489
979 1475
1232 130
1466 1476
476 1127
529 848
197 276
332 361
943 754
1783 139
94 1509
1779 300
388 974
599 1500
1853 1579
1841 756
1751 1012
1399 902
361 898
30 42
1033 1261
1709 1448
832 1200
1237 1700
1805 1845
1103 10
1737 57
1211 981
1778 1598
1266 344
215 411
705 899
659 873
1232 1375
1621 1232
1152 515
189 1462
148 1582
1618 157
783 1267
164 376
363 512
320 244
1172 1466
119 1817
1294 530
1438 943
173 1271
709 710
911 639
785 527
127 1588
212 288
363 888
1244 727
1800 1232
1490 1173
947 450
465 1313
1156 1107
836 1197
970 1621
95 196
1687 281
336 1113
85 276
84 806
479 1263
1718 1560
1386 1779
1031 768
1387 1264
220 682
1551 251
852 4
537 422
680 363
439 1026
1683 825
223 474
1469 1733
1844 1276
1145 706
1006 1001
1604 672
1522 675
1159 1834
1424 263
1121 248
573 1173
702 1388
1394 850
132 497
1376 621
1309 1817
1499 1636
1263 298
220 14
370 921
641 342
1143 410
1779 1414
167 305
688 1556
814 975
870 1303
58 1032
801 293
625 358
1712 257
1372 823
1725 717
1148 331
1442 848
128 1035
1197 1628
430 790
1214 1108
946 1478
1287 415
147 44
1136 1841
1200 992
1543 853
442 138
1633 1031
599 1701
809 1333
1794 969
1777 513
485 1449
1191 312
1450 667
899 537
726 1427
1631 1778
527 1410
678 1712
643 357
1225 334
393 285
312 1722
624 766
739 1081
1670 1171
974 441
416 663
1756 1473
1449 10
974 1559
837 1275
1044 209
1750 980
1430 644
156 900
1559 955
95 220
877 1258
964 954
1706 1559
1486 1395
272 1439
227 862
1724 191
1051 1361
839 1654
1271 895
527 711
687 857
21 1015
991 1806
55 797
134 1164
857 919
449 1730
80 894
626 1444
1030 16
1401 1015
792 1251
383 922
1646 450
135 835
582 1793
656 960
67 1467
1273 424
1016 1332
186 205
1740 173
1573 1721
1055 874
1225 1460
1804 493
1699 1725
755 430
1503 229
300 390
997 638
1176 729
36 933
1213 1690
177 1237
1249 196
1125 984
83 387
1041 882
1821 1247
535 670
1451 1692
252 1156
70 200
875 712
300 1438
1251 1699
440 994
1752 164
353 527
1087 1847
1437 1536
1656 1135
713 1295
180 1586
49 1525
1354 742
173 910
943 1110
1113 817
1329 923
1252 1734
516 1677
1701 1312
541 1046
420 240
1470 966
445 747
1133 1119
1329 736
1438 1338
282 1461
708 1108
79 1016
126 1746
850 1623
1591 53
565 1082
595 1231
1717 914
1590 1095
254 478
1463 55
1030 930
1080 434
77 454
664 666
217 1490
1293 1120
944 1821
576 897
1851 96
313 1738
364 785
97 788
1243 1237
86 1792
1686 299
728 1573
1592 66
1787 1532
1191 1109
1305 1094
256 370
1280 551
742 1777
1057 1140
712 481
454 1505
1563 1037
1734 1722
221 691
1439 700
605 773
1131 726
1653 1159
444 1698
54 381
1013 1209
209 1020
618 1675
1210 1062
1060 779
175 997
1688 194
1172 720
632 1048
1524 323
1680 997
25 403
282 699
1627 1853
1585 334
302 175
808 468
775 1627
1200 513
558 1101
1366 425
1233 1842
126 1221
279 1731
297 1408
312 784
1284 1831
1363 741
711 1370
1141 595
59 1597
1214 418
1783 1384
305 283
1532 1566
592 1176
1438 277
289 1038
240 467
758 1280
476 869
699 1000
1729 24
816 1116
391 677
1636 512
396 36
577 1286
1761 439
841 1061
1334 686
209 1314
1349 1331
591 899
1826 1299
1243 1561
296 1775
1230 1609
201 1222
452 689
330 1216
673 426
1684 1478
1495 635
74 1733
1635 1280
1056 528
642 396
608 134
1671 931
1136 1467
4 1753
134 1294
1810 1621
256 1257
533 593
453 1293
695 735
1409 1309
1283 171
777 551
1829 1056
7 1737
1479 1798
1453 160
498 1125
985 925
560 379
89 600
1697 1810
917 95
1305 596
1621 1600
1625 420
1288 4
1045 601
1077 620
1002 689
1712 166
1775 285
5 312
1119 1540
900 476
1462 702
1202 1129
1759 1675
1656 205
617 91
1805 856
1085 1304
1124 1650
939 504
930 212
1106 460
153 281
510 1599
851 253
1429 1562
1585 1279
188 1108
1407 1066
697 1278
1275 1333
1640 1110
862 1242
1054 1533
1454 409
1089 587
870 790
213 129
792 786
646 381
627 20
1702 818
805 547
289 525
1512 1362
1434 1670
286 1748
978 934
294 785
1457 1381
1363 728
609 551
648 1832
1117 1772
1079 1772
1487 109
1631 1829
1393 324
831 15
137 710
903 727
173 1466
1537 989
43 463
749 320
1489 1637
1503 479
134 711
1744 1175
1568 243
911 1080
629 699
865 554
829 752
437 841
824 1563
1095 231
1264 200
1444 1589
674 643
1827 1787
1375 34
25 598
456 565
1626 1819
1268 631
295 1068
1406 382
1560 1068
1066 1438
444 548
1770 174
1673 908
611 263
1831 411
1070 641
1355 598
458 869
205 831
923 804
1306 1763
1758 1433
1101 642
1295 1301
622 455
1521 1583
784 1518
938 418
1163 811
669 162
1401 933
1564 629
741 844
191 918
1496 1102
1184 1449
807 1854
508 1478
621 27
546 1822
1378 250
238 171
987 1538
1687 413
1749 484
1104 203
304 43
1389 532
1423 251
895 1286
621 806
1197 149
744 188
1032 1536
1308 864
299 1482
1853 467
1099 796
1419 812
1402 391
1613 1574
731 169
1204 1830
395 869
38 1311
89 968
93 1442
975 1242
547 641
1805 484
116 894
943 301
1165 1238
594 12
319 263
885 1581
616 53
1449 596
1815 936
513 629
1252 1554
1827 1693
226 1071
993 684
1349 1571
1340 514
1528 990
878 1436
1050 617
1111 1104
16 1794
1827 1654
723 909
519 1562
1427 936
152 403
783 1693
806 1192
1643 1851
1460 1319
501 578
1805 1287
1170 1703
549 1086
1130 667
164 1039
1457 1686
1336 410
963 1837
1767 1167
994 644
1111 1025
894 147
377 793
206 604
1758 662
929 770
1054 1122
1092 689
277 11
485 1136
1247 946
647 335
527 1270
1560 1337
350 1696
150 1287
1520 1368
214 1799
1014 248
845 922
513 309
1294 848
494 1595
574 389
1804 1202
1850 1241
406 145
1455 383
207 523
919 1280
728 1327
610 1607
1481 221
894 1525
970 1632
573 242
909 250
1571 101
52 852
700 930
1371 190
958 1582
618 801
574 969
1827 1125
241 843
765 1752
572 70
649 1056
1023 293
629 576
293 384
893 1762
941 1456
1631 1644
80 892
1378 1498
1749 1157
1774 512
1215 249
1720 798
1699 281
581 1171
1411 999
521 820
343 756
1156 1650
534 1147
377 1523
1215 894
1154 319
1506 1205
400 1597
1531 793
1200 735
683 655
618 1025
1599 1779
1587 1727
606 235
709 163
286 391
1693 1698
807 651
1725 265
1566 1177
472 385
1611 308
694 811
731 29
1685 733
1594 669
279 269
1639 920
1553 1579
1600 404
61 399
318 1782
1364 289
530 172
818 1261
272 1641
1384 912
1805 1154
1692 280
957 1399
1704 1322
893 599
1454 1138
1200 1279
1612 86
1147 1348
1478 1850
517 1322
97 505
1511 25
1720 1734
314 1361
1740 923
1330 1810
509 230
1848 1116
1611 818
1075 925
1197 711
124 806
296 1578
176 739
1317 258
1176 321
275 887
1507 502
346 1095
787 429
1598 1615
1102 1427
607 762
56 711
847 1384
600 1384
1727 89
1119 1024
1486 1217
303 413
716 1528
1403 581
142 1813
761 1408
1672 1053
449 1810
1279 1187
307 1400
1042 1821
1011 634
117 491
1420 258
222 997
389 1645
752 616
496 1039
1178 857
1600 46
1763 307
1114 1767
1602 1347
1027 1715
1277 511
933 1342
96 1034
671 1455
1468 1541
1158 1424
1184 1681
1056 394
491 444
1222 817
537 732
1268 1298
1853 1045
869 703
480 938
1134 1085
814 132
1588 701
378 1007
388 1777
1531 1661
100 992
497 623
357 1787
1583 1170
1255 109
659 433
306 1395
864 1083
1019 657
975 1550
1827 160
602 96
1492 1367
1350 1804
712 760
1711 1442
1266 904
807 876
1 1413
42 662
780 580
764 168
1424 619
1266 1040
1686 761
667 1805
1152 766
927 208
1800 402
1713 1555
457 1613
1447 1697
1326 888
1645 1771
1680 828
513 1611
976 1102
752 852
1578 330
1724 505
400 1454
908 1173
1478 970
840 1724
1253 1014
1289 549
1569 1064
1426 1535
521 616
75 109
11 1153
1611 246
1362 743
916 769
1374 326
762 458
233 37
718 1564
1740 422
510 574
1295 125
225 77
1410 1029
160 433
967 1338
1267 224
1560 146
700 354
976 32
1644 168
1120 1325
662 1145
1129 625
461 1364
1052 1529
97 1200
1265 1090
15 120
151 1228
118 176
844 833
745 124
54 368
1332 1063
1852 686
247 1759
930 1526
878 932
538 1472
1017 1250
607 75
1253 538
814 102
444 1007
824 1170
1679 1107
289 230
716 1777
581 405
981 1331
1309 834
1019 631
317 209
957 1511
1856 181
1131 868
263 84
141 723
1042 1669
208 963
1508 335
330 1058
1161 249
968 296
801 1740
1227 571
199 144
846 529
1628 1322
972 665
773 253
681 209
1618 1009
228 614
789 1479
359 1661
178 899
160 1409
1635 1057
1130 87
547 565
958 1833
936 1328
690 1251
1827 1352
1102 304
822 259
763 1656
128 550
608 1562
931 1685
975 1303
888 1246
212 1138
1787 722
520 879
913 796
703 637
87 1817
899 123
1117 389
801 1313
624 1594
1559 1007
728 1197
758 1401
962 1792
235 1266
38 671
1389 91
890 25
1355 83
825 988
505 256
1326 189
2 1747
433 1307
1397 98
637 88
905 1144
1302 45
1277 1272
202 251
1685 39
593 427
526 1229
1281 1552
1784 1091
616 954
305 82
1339 696
551 1231
1672 1113
1732 801
1686 1148
1669 9
475 132
193 76
1324 1369
1771 1792
1565 1663
1774 667
1366 1185
963 1797
451 1213
74 462
316 1619
1014 1236
337 1764
1547 974
601 1371
315 1573
1287 1797
505 264
652 309
1456 1592
1754 433
208 348
669 406
1684 431
1113 563
1179 1094
1096 1273
351 1606
1411 214
575 1416
1773 1750
292 144
1791 310
58 1725
1153 230
1052 1678
1429 364
341 1737
1621 1061
1062 944
1735 1353
1600 1302
982 1180
1320 693
1507 1572
129 1120
836 475
1440 485
1768 1199
1009 1185
781 769
1545 726
1152 1035
1776 1123
203 629
72 1720
1646 1424
1622 559
438 615
1669 1672
1429 1019
1506 1250
459 522
477 1125
1336 400
588 346
1023 557
300 630
690 1140
252 160
1428 505
1377 980
1127 1640
789 1396
117 1638
330 616
1184 1729
1798 185
679 1360
435 908
1562 228
900 1182
1754 1039
1631 662
442 756
1465 1412
419 1787
632 592
1137 1515
891 1369
921 56
1449 1479
77 268
1726 952
1744 426
1742 1347
1030 1648
1362 1496
1329 1607
600 804
611 1308
472 410
1589 251
580 44
1790 661
1026 561
870 961
716 601
932 1823
840 1097
1159 1680
1010 1605
193 1146
1038 730
1040 534
322 1543
1789 369
219 1541
1245 1161
1599 1736
247 470
1667 582
207 899
8 703
433 939
1543 616
412 1686
72 541
502 1346
1344 817
577 564
236 1457
1632 1302
94 1062
1607 1512
840 610
536 1310
24 1035
773 586
1836 443
389 1331
822 586
149 1429
365 1549
1527 1283
1037 1007
1200 1638
168 811
58 1621
1672 1810
547 1657
1734 530
514 793
501 1798
279 751
694 1291
41 114
1811 1497
1527 32
1590 1225
711 1409
870 192
748 1583
1737 816
142 1538
1404 801
1805 1399
492 78
551 1666
90 16
1091 1720
436 711
143 823
1802 279
284 513
1374 705
564 767
1457 579
939 928
1169 697
1166 837
635 146
186 350
1850 870
974 373
1023 861
259 281
283 1810
1396 360
1524 1191
678 1379
170 42
1648 619
444 1082
721 1065
1682 883
1001 1621
425 1
536 1614
112 1624
1547 403
543 1443
1536 490
85 1167
1254 1093
1025 194
105 126
935 1001
589 1784
1703 423
1765 1471
44 941
1295 1308
1425 1618
1320 997
134 858
1399 221
1087 1687
489 941
165 680
279 1623
31 4
1805 1297
137 1685
732 1027
208 866
600 866
411 1075
482 179
488 1014
1747 295
579 689
1321 1353
677 374
1001 1488
1223 1155
111 35
1655 1065
1288 1316
1014 308
574 1192
1206 686
1483 1815
1337 684
1151 809
1660 1097
1417 1044
198 881
642 195
233 1844
1798 1755
1111 342
1802 1421
455 1046
672 382
1743 1437
469 628
1385 649
1507 1669
1485 1613
567 621
436 1398
1581 1080
574 1559
1595 243
228 107
698 1684
896 555
391 527
1036 416
1444 1256
102 1146
1424 318
412 600
1574 1113
1380 824
973 1370
1833 206
31 1746
1788 169
458 407
399 804
1853 603
1652 212
1152 1424
15 1810
1481 1220
217 227
767 648
1228 1524
750 854
209 1005
1059 928
712 628
796 1312
1657 351
135 1475
1851 954
379 513
1623 1639
152 896
947 305
1748 308
1577 1319
855 1683
245 145
284 1218
728 1799
802 489
1041 1571
1335 1259
123 669
317 1010
1012 597
20 1710
261 1243
573 1138
133 1618
103 1842
95 1078
1605 1018
564 1465
1716 534
1190 330
1191 231
300 304
702 1851
1229 537
1824 408
1415 230
1197 1191
751 1215
1510 98
1142 573
537 243
1223 1218
741 1451
1803 1707
498 1142
588 398
1186 1163
980 387
1480 398
1328 174
1506 321
757 1370
611 514
444 188
711 1342
1677 1559
1672 983
782 1467
1659 435
1023 1214
414 897
10 738
1050 1674
1569 1217
614 366
1691 1139
1046 579
881 850
590 837
1780 1069
1047 1297
440 357
1728 1494
133 675
1738 684
1045 1220
476 1072
1392 35
1162 518
920 414
1639 1243
1801 1312
1575 1121
991 551
12 154
124 47
395 956
1008 211
144 54
300 99
1350 1676
374 399
1296 29
632 892
1149 396
1764 17
1668 190
724 515
372 1612
1037 1607
798 514
433 1630
320 1421
285 1496
1605 1399
1214 1120
551 1243
636 93
1179 34
325 1842
723 1767
460 558
1768 6
1342 216
717 707
13 278
130 1541
183 1004
203 511
1264 707
51 1001
764 970
1487 881
1138 1796
511 962
960 1018
1397 324
934 398
395 261
571 184
644 1741
583 914
1049 454
918 1841
1483 1660
57 1580
585 1211
1100 1817
1237 160
962 50
42 232
1003 1129
324 146
1575 219
679 551
29 1617
1439 1491
1288 704
303 1506
889 408
1506 49
1168 1420
1502 1684
665 424
617 1086
802 560
1435 1007
1170 670
1084 1497
1471 255
916 1346
1655 1340
375 1675
1532 497
621 1717
99 1304
988 1075
873 248
1095 1563
1245 24
526 328
971 1240
1080 1534
209 1516
136 1815
482 629
621 1591
1457 1054
979 957
1392 1830
501 1757
1461 942
822 986
1851 300
1070 549
1536 1189
503 670
1706 1793
1008 593
544 919
1549 613
640 524
1829 1415
1351 570
1166 534
1006 573
906 463
204 799
1361 1786
443 55
295 1067
427 1680
96 1262
575 1520
162 1558
1469 777
1021 1293
793 533
858 1154
223 72
614 1669
1189 627
1545 216
1093 590
18 168
143 480
1534 1440
601 1363
1458 742
1559 1482
1841 900
1187 1772
614 494
373 37
960 1547
1109 93
31 1767
837 1837
521 1259
962 1705
640 1736
513 368
1459 531
873 846
1357 1727
1088 1441
419 1431
151 1524
1733 1067
1308 604
1200 305
1354 1221
1208 188
843 702
865 773
1047 774
1788 891
1124 579
1566 1174
970 246
786 846
1098 1138
1066 534
692 344
269 903
1339 1737
1286 1552
1692 1623
1783 281
1849 141
1487 1536
1289 200
1225 598
827 1852
934 565
1194 976
949 1179
488 1542
796 93
512 1777
160 534
10 1790
934 1269
240 1570
228 1296
1248 670
1005 1598
93 898
1159 858
1756 1533
478 229
564 1383
614 233
73 1317
196 842
69 1484
1193 536
1556 852
1365 154
433 1795
1535 804
1333 1162
735 1184
372 882
209 1616
1230 1526
1303 416
1526 1397
1430 473
379 988
1570 742
1076 953
278 1733
245 1177
1097 33
426 857
1217 1409
1217 512
1207 1372
791 1795
1128 1172
1117 1418
843 923
351 859
1739 1578
1809 305
1538 599
699 1243
1335 719
1614 668
665 755
1048 1197
1353 1094
1814 1359
1834 449
884 378
362 1524
697 793
599 823
1589 1255
932 1149
1271 30
1254 855
734 1342
218 1449
989 1038
62 1792
1196 181
623 948
534 530
664 1735
300 643
1803 533
1393 383
970 1254
1200 647
669 350
1013 700
134 215
997 1002
826 613
583 1817
72 927
938 880
263 1042
253 126
1545 345
132 59
542 1544
1132 177
381 556
1552 1509
995 1586
375 1819
156 1842
1311 569
293 322
564 1164
637 870
1807 499
1495 1181
1852 1529
1777 579
559 351
458 1297
1331 607
1036 923
1376 1108
1758 551
1619 731
1128 618
1282 970
1074 1637
887 247
1347 1490
1837 509
99 328
163 1344
1762 1376
798 1552
1034 1838
854 933
1285 206
814 1757
687 1473
1835 1576
873 1473
1486 338
531 1038
855 506
63 863
126 767
838 776
52 466
1476 1542
1203 289
289 1145
1795 1196
1632 1574
110 81
297 1090
1434 525
568 1490
892 1773
717 1651
433 279
675 682 675 676 676 676 679 677 676 676 677 682 697 676 675 675 676 679 679 676 682 691 679 675 675 678 676 676 675 675 675 675 678 679 675 682 675 682 680 684 686 675 676 689 679 678 675 675 675 675 684 676 675 687 678 679 679 675 676 676 676 676 675 676 676 678 676 679 676 702 675 675 676 692 682 692 687 677 676 678 680 676 675 675 676 676 677 682 676 676 675 678 675 675 683 675 681 678 681 677 676 682 676 678 676 676 677 676 683 679 675 678 679 687 678 688 677 679 676 675 676 677 675 675 676 675 676 676 676 678 676 708 692 675 676 675 683 678 675 676 677 696 677 684 675 675 688 678 676 677 676 677 675 680 676 675 692 677 676 675 684 675 678 675 675 678 676 678 675 676 688 676 675 679 676 678 675 676 677 677 677 675 678 686 679 675 676 675 678 675 675 676 682 676 686 682 678 675 679 675 678 676 682 681 675 680 675 683 675 680 676 675 677 675 675 679 676 676 680 685 678 695 675 678 688 680 677 676 678 675 675 676 675 676 675 676 691 685 676 675 679 675 675 675 675 675 675 675 680 683 677 676 676 680 676 678 676 675 676 676 675 675 675 676 675 675 680 686 677 676 676 675 676 682 676 677 676 692 676 695 675 683 675 675 677 675 677 676 675 678 677 685 675 676 686 675 675 679 675 675 678 677 679 675 675 675 675 675 677 679 681 675 678 678 675 678 675 675 675 675 675 675 676 684 676 677 677 678 678 678 678 675 676 675 678 676 678 676 678 676 679 681 677 676 676 675 679 680 677 675 680 675 676 676 693 676 675 675 676 675 675 676 675 675 675 675 676 676 679 677 679 678 675 675 680 675 675 676 675 676 676 675 681 676 675 679 675 675 675 675 675 678 678 676 675 693 680 675 675 675 675 679 676 678 676 676 676 675 676 675 675 675 677 683 677 676 678 676 676 675 676 675 677 675 691 675 675 683 677 675 684 693 675 676 678 677 679 676 680 675 675 677 679 675 675 677 676 676 677 675 675 685 675 690 676 678 676 675 678 676 677 693 681 684 677 677 675 676 675 676 678 675 675 676 677 676 678 679 676 680 676 678 677 685 675 679 676 690 675 675 678 676 675 675 676 676 677 675 676 675 676 675 675 678 675 675 676 676 675 676 685 675 675 675 675 677 678 677 675 676 675 679 676 676 695 677 675 681 677 675 675 675 676 675 675 683 675 677 676 675 675 676 703 678 682 675 678 677 675 679 675 676 676 679 684 677 676 690 681 675 680 680 676 675 677 676 676 678 677 691 677 701 675 675 675 685 676 679 675 675 684 675 675 683 677 675 678 675 679 676 676 680 680 683 678 675 680 675 675 675 675 675 675 681 676 676 677 675 676 675 675 684 676 675 677 675 675 677 675 685 675 677 678 677 675 676 675 675 675 676 681 678 678 676 675 675 675 695 677 675 675 685 675 675 676 677 675 676 675 675 676 676 679 675 679 682 675 675 675 679 678 675 677 675 675 676 675 676 675 675 686 675 675 676 704 675 675 678 676 675 676 686 678 676 676 676 676 675 684 675 679 677 675 678 675 675 676 678 675 675 680 676 676 679 675 675 675 676 677 678 675 675 676 688 676 675 675 676 679 683 676 676 676 675 677 680 679 675 677 676 676 675 675 677 675 676 676 677 679 677 675 675 675 676 676 676 675 677 675 683 677 675 702 676 675 676 676 675 677 676 675 676 676 676 677 675 675 678 675 676 694 677 675 677 681 676 675 679 675 677 675 676 676 675 675 675 678 680 677 675 675 675 675 676 678 675 679 675 685 679 675 676 692 675 679 675 675 677 675 678 675 677 676 700 675 679 676 675 698 676 680 677 676 675 675 677 675 696 676 677 675 676 681 676 677 676 675 677 676 675 678 680 678 675 678 676 676 675 676 676 677 675 676 682 675 676 675 676 681 677 676 678 675 676 680 675 678 676 675 675 703 676 675 678 676 675 677 675 677 678 675 679 677 677 676 676 675 675 675 676 692 677 675 687 675 680 684 675 675 675 679 677 678 676 676 676 683 677 677 675 676 680 675 675 675 675 675 675 675 682 678 679 675 677 693 676 677 676 678 675 680 675 681 675 676 675 678 677 677 687 675 685 677 675 683 675 675 679 681 676 676 677 676 675 676 676 675 678 677 681 675 675 686 675 682 679 675 677 675 675 676 680 676 675 680 675 676 676 675 675 679 676 675 678 692 678 677 675 675 676 675 676 677 675 679 676 694 677 675 676 679 685 676 677 678 676 675 678 690 675 675 681 675 675 681 677 678 676 675 676 676 676 675 676 679 679 680 676 693 675 677 675 681 676 675 675 675 675 675 675 675 675 678 675 675 675 676 679 677 676 676 679 676 676 681 680 675 677 677 675 677 675 679 676 675 675 687 677 679 675 681 677 676 675 675 675 686 684 678 675 680 676 677 676 685 675 677 676 677 675 676 683 675 675 675 676 677 675 675 675 686 675 677 681 677 677 679 675 675 678 680 675 675 675 677 680 676 682 675 675 682 677 677 676 677 677 677 678 675 678 682 675 675 686 675 675 682 675 677 675 677 675 675 677 675 681 677 676 675 676 676 675 678 677 677 677 682 676 700 675 679 676 676 675 676 675 675 676 677 675 685 682 675 678 675 676 678 677 680 675 675 676 679 675 689 677 678 675 675 679 675 675 684 675 681 676 675 676 676 675 675 675 676 675 676 677 675 676 675 676 678 677 675 675 683 685 675 675 677 676 675 677 675 675 675 676 678 675 676 679 675 677 675 676 679 676 675 675 677 677 676 679 675 680 675 676 675 676 683 677 675 675 676 675 684 690 679 676 681 677 682 675 678 675 676 675 677 680 676 677 675 684 675 676 675 676 677 677 675 675 676 675 677 676 682 675 676 678 675 676 679 676 675 675 675 677 675 681 675 679 678 678 675 684 675 676 676 675 675 682 678 675 676 676 677 676 675 677 676 675 676 676 681 692 676 679 676 677 675 677 675 682 675 675 680 675 678 675 683 675 676 676 680 680 677 675 675 676 675 676 693 675 675 675 675 676 678 677 678 678 677 675 675 676 681 690 675 676 692 675 675 677 675 678 678 681 678 684 679 676 675 680 675 675 676 675 676 677 675 676 679 675 682 677 675 678 676 676 675 675 679 676 685 676 676 675 676 675 675 675 675 675 676 676 677 675 675 677 678 675 680 677 675 675 692 677 675 675 675 675 677 677 675 694 676 675 676 675 675 675 678 675 676 689 676 685 677 675 675 676 676 676 677 675 676 680 675 676 676 675 684 677 676 685 675 683 675 680 678 681 675 681 675 677 675 688 705 675 676 676 677 675 677 678 675 675 675 680 675 675 676 675 675 677 675 675 677 685 677 676 680 677 677 692 691 675 675 679 675 676 675 675 680 675 681 675 678 676 676 675 677 684 675 675 675 675 676 675 675 677 684 676 677 675 676 675 675 676 675 676 679 689 675 675 677 678 679 692 675 681 678 675 675 676 675 675 677 676 675 676 675 675 675 679 702 677 678 675 675 675 675 676 675 675 681 676 677 679 676 682 675 677 676 682 675 678 678 679 687 675 675 679 677 676 675 676 675 677 675 677 675 676 676 676 675 681 675 675 678 675 675 677 675 685 676 676 675 691 677 676 676 682 680 677 679 682 682 677 675 675 675 675 678 678 675 676 676 676 681 701 675 683 676 676 676 676 676 675 677 679 676 678 701 675 675 675 679 676 679 676 687 677 676 676 675 676 675 675 675 693 681 675 678 677 676 677 676 678 676 695 676 676 675 676 679 675 676 678 675 676 676 677 675 676 679 676 676 675 675 675 675 676 676 677 676 676 680 676 675 687 676 677 675 677 681 675 675 677 676 675 676 675 680 675 675 676 677 678 676 676 677 676 691 675 675 675 678 677 680 675 676 675 677 675 676 675 681 675 684 679 686 676 678 675 688 675 687 675 675 676 681 676 675 677 675 675 675 675 676 676 675 677 678 675 676 680 675 678 675 678 676 675 675 678 675 681 675 676 676 677 680 675 677 675 675 676 677 678 675 678 676 682 679 675 675 676 677 678 676 675 678 676 694 677 675 676 675 678 681 677 675 676 676 675 676 676 675 676 678 675 677 677 679 678 677 680 687 677 676 679 675 675 677 675 676 678 678 681 678 675 675 675 675 675 680 678
