1 389
389 1685
1685 1711
1711 377
377 1240
1240 1711
377 1042
1042 1129
1129 878
878 1318
1318 1228
1228 1864
1864 1635
1635 1098
1098 181
181 668
668 1851
1851 987
987 715
715 1596
1596 287
287 693
693 236
236 401
401 1558
1558 236
1558 1940
1940 524
524 211
211 1940
524 897
897 914
914 84
84 1626
1626 261
261 1664
1664 1626
261 1752
1752 305
305 1947
1947 1106
1106 1072
1072 1077
1077 1106
1072 1995
1995 1778
1778 8
8 1995
8 1012
1012 1368
1368 8
1012 949
949 1471
1471 364
364 1021
1021 1471
1021 881
881 1028
1028 1756
1756 881
1028 1085
1085 1657
1657 651
651 1085
651 414
414 1517
1517 1171
1171 894
894 1328
1328 1133
1133 894
1328 1369
1369 464
464 1078
1078 1369
1078 1270
1270 1706
1706 221
221 482
482 1706
221 615
615 1835
1835 1417
1417 615
1835 1805
1805 1759
1759 815
815 1776
1776 294
294 815
1776 1222
1222 487
487 1921
1921 74
74 90
90 34
34 1526
1526 90
34 1738
1738 829
829 157
157 912
912 1588
1588 1229
1229 1490
1490 1730
1730 1087
1087 679
679 1214
1214 1620
1620 237
237 1105
1105 14
14 1625
1625 1105
14 1544
1544 1453
1453 318
318 713
713 1721
1721 1697
1697 1974
1974 416
416 1960
1960 1974
416 1831
1831 436
436 1972
1972 754
754 1792
1792 1290
1290 1083
1083 909
909 1737
1737 1617
1617 788
788 1824
1824 625
625 788
1824 517
517 743
743 1779
1779 1014
1014 743
1779 811
811 977
977 223
223 811
977 337
337 440
440 977
337 1896
1896 575
575 1230
1230 1896
1230 655
655 1901
1901 1720
1720 655
1901 1016
1016 351
351 1684
1684 1016
351 359
359 1314
1314 351
359 1612
1612 390
390 1570
1570 938
938 1891
1891 954
954 1191
1191 1891
954 1980
1980 505
505 33
33 1862
1862 453
453 1064
1064 36
36 453
36 939
939 1560
1560 1925
1925 783
783 1586
1586 345
345 804
804 1176
1176 1513
1513 804
1176 1135
1135 707
707 178
178 1475
1475 825
825 465
465 584
584 825
465 1379
1379 1918
1918 1804
1804 1850
1850 284
284 858
858 1521
1521 1093
1093 802
802 1505
1505 1935
1935 496
496 1121
1121 1380
1380 83
83 1121
1380 627
627 1865
1865 1380
627 332
332 1633
1633 1680
1680 1101
1101 1633
1680 1955
1955 1827
1827 1562
1562 62
62 1908
1908 682
682 1164
1164 995
995 1422
1422 391
391 1859
1859 1879
1879 812
812 30
30 1879
812 1888
1888 69
69 1248
1248 1370
1370 787
787 982
982 311
311 787
311 1515
1515 299
299 311
299 1303
1303 1653
1653 786
786 6
6 1653
786 1905
1905 1147
1147 786
1905 889
889 137
137 1606
1606 1272
1272 1070
1070 1606
1272 711
711 1651
1651 1433
1433 428
428 1743
1743 1949
1949 1294
1294 1349
1349 1970
1970 1294
1349 406
406 529
529 1504
1504 986
986 260
260 1860
1860 986
260 945
945 722
722 853
853 775
775 717
717 1401
1401 775
717 1059
1059 206
206 717
1059 1906
1906 764
764 1398
1398 1331
1331 764
1331 189
189 827
827 1535
1535 506
506 1208
1208 719
719 506
1208 240
240 1333
1333 1208
240 587
587 29
29 999
999 346
346 965
965 609
609 1000
1000 965
609 1175
1175 1007
1007 489
489 1153
1153 1978
1978 489
1153 930
930 1277
1277 136
136 141
141 1277
141 102
102 614
614 219
219 1257
1257 659
659 1882
1882 329
329 54
54 1440
1440 329
54 1287
1287 1241
1241 536
536 676
676 562
562 1691
1691 755
755 1994
1994 887
887 501
501 1429
1429 1808
1808 583
583 1968
1968 26
26 583
26 796
796 363
363 26
796 1844
1844 1113
1113 1486
1486 72
72 1113
1486 877
877 77
77 1486
877 1437
1437 1330
1330 194
194 1503
1503 239
239 1599
1599 1253
1253 111
111 1599
1253 472
472 445
445 1774
1774 847
847 445
1774 936
936 1338
1338 1124
1124 490
490 1126
1126 1124
490 871
871 602
602 490
871 1174
1174 1073
1073 586
586 794
794 663
663 1317
1317 629
629 929
929 366
366 235
235 493
493 579
579 996
996 122
122 826
826 1990
1990 661
661 234
234 1996
1996 176
176 1145
1145 1996
176 1937
1937 1890
1890 1514
1514 1937
1514 642
642 1640
1640 1546
1546 644
644 1449
1449 1306
1306 643
643 1010
1010 172
172 1281
1281 687
687 824
824 991
991 452
452 353
353 1040
1040 64
64 650
650 1189
1189 681
681 91
91 934
934 962
962 1553
1553 1571
1571 1982
1982 1802
1802 1618
1618 373
373 1609
1609 944
944 264
264 1050
1050 900
900 1902
1902 718
718 900
718 860
860 325
325 1611
1611 426
426 393
393 1883
1883 426
1883 1373
1373 890
890 725
725 511
511 1992
1992 1616
1616 1218
1218 1771
1771 104
104 486
486 1771
104 1801
1801 1415
1415 1399
1399 1555
1555 1936
1936 1919
1919 820
820 1936
1919 339
339 188
188 612
612 572
572 709
709 557
557 728
728 186
186 103
103 1898
1898 186
1898 1047
1047 1255
1255 1878
1878 283
283 1255
1878 839
839 1953
1953 1878
1953 1868
1868 58
58 558
558 376
376 58
376 1500
1500 1461
1461 352
352 1793
1793 1461
352 884
884 1786
1786 352
884 574
574 443
443 974
974 1676
1676 443
974 1242
1242 1100
1100 433
433 1506
1506 1431
1431 271
271 1807
1807 770
770 214
214 1788
1788 1787
1787 1125
1125 1080
1080 567
567 568
568 1080
568 1590
1590 1679
1679 167
167 1899
1899 581
581 167
581 933
933 1048
1048 405
405 1537
1537 1048
405 1580
1580 882
882 1981
1981 230
230 1840
1840 1148
1148 230
1840 1634
1634 607
607 1268
1268 1634
607 202
202 1058
1058 883
883 563
563 1223
1223 1378
1378 48
48 640
640 1378
48 1030
1030 1780
1780 48
1030 591
591 368
368 1699
1699 1810
1810 1470
1470 656
656 1693
1693 1293
1293 672
672 1693
1293 677
677 46
46 1371
1371 307
307 7
7 1530
1530 307
7 1945
1945 603
603 193
193 1225
1225 1591
1591 1497
1497 724
724 1436
1436 1497
724 1377
1377 765
765 1438
1438 671
671 765
671 1539
1539 686
686 266
266 1646
1646 749
749 1542
1542 303
303 992
992 160
160 1545
1545 289
289 946
946 1545
946 1673
1673 789
789 488
488 1673
789 1674
1674 700
700 1579
1579 1036
1036 700
1036 1969
1969 849
849 1289
1289 956
956 1187
1187 714
714 1854
1854 1165
1165 424
424 1092
1092 218
218 1492
1492 776
776 95
95 1534
1534 1719
1719 1024
1024 1989
1989 372
372 1858
1858 1536
1536 297
297 1770
1770 1536
297 701
701 994
994 610
610 859
859 994
859 322
322 628
628 851
851 199
199 187
187 1872
1872 199
187 1108
1108 1487
1487 1215
1215 1262
1262 1487
1215 1602
1602 395
395 1407
1407 1692
1692 395
1407 927
927 447
447 21
21 927
447 327
327 224
224 1494
1494 379
379 224
379 980
980 1837
1837 1247
1247 738
738 408
408 1065
1065 1372
1372 408
1372 256
256 123
123 1829
1829 1740
1740 1861
1861 521
521 250
250 1110
1110 1313
1313 1217
1217 1155
1155 1459
1459 1598
1598 200
200 1319
1319 120
120 200
1319 865
865 1841
1841 1319
865 151
151 1965
1965 865
151 1724
1724 1139
1139 721
721 1543
1543 1641
1641 721
1641 451
451 1904
1904 1641
451 51
51 1195
1195 1783
1783 990
990 314
314 522
522 340
340 314
522 697
697 227
227 976
976 354
354 227
354 767
767 816
816 263
263 1172
1172 1441
1441 131
131 475
475 1376
1376 750
750 254
254 313
313 1755
1755 531
531 940
940 757
757 623
623 1393
1393 437
437 1038
1038 429
429 412
412 220
220 344
344 291
291 1090
1090 483
483 1394
1394 641
641 195
195 1026
1026 641
195 1645
1645 1660
1660 195
1645 127
127 1950
1950 761
761 857
857 335
335 1789
1789 696
696 1260
1260 1150
1150 274
274 1843
1843 1595
1595 274
1843 518
518 1670
1670 1843
518 756
756 832
832 282
282 1803
1803 468
468 282
468 1986
1986 1261
1261 1315
1315 1283
1283 1261
1315 1900
1900 1766
1766 1473
1473 87
87 1529
1529 658
658 1466
1466 1830
1830 1234
1234 348
348 1830
1234 621
621 633
633 183
183 423
423 1178
1178 1104
1104 1661
1661 1178
1104 1574
1574 1342
1342 1104
1574 1209
1209 492
492 960
960 1480
1480 1739
1739 82
82 1480
82 856
856 1848
1848 343
343 1767
1767 777
777 1682
1682 1767
1682 1079
1079 1761
1761 132
132 1812
1812 1761
132 116
116 1233
1233 115
115 868
868 1233
868 723
723 117
117 19
19 723
19 384
384 242
242 1243
1243 975
975 1934
1934 1818
1818 225
225 548
548 873
873 703
703 1203
1203 143
143 571
571 608
608 1088
1088 571
608 1204
1204 268
268 1412
1412 1374
1374 669
669 304
304 1182
1182 166
166 958
958 1182
958 1819
1819 16
16 958
1819 649
649 385
385 192
192 1491
1491 781
781 192
1491 1263
1263 142
142 1336
1336 1263
1336 381
381 1408
1408 108
108 382
382 1605
1605 319
319 630
630 1300
1300 1917
1917 1062
1062 1913
1913 86
86 216
216 1563
1563 75
75 449
449 924
924 1597
1597 333
333 441
441 1695
1695 1663
1663 1366
1366 1732
1732 670
670 708
708 1885
1885 922
922 326
326 358
358 922
326 604
604 24
24 1569
1569 745
745 324
324 1997
1997 971
971 1186
1186 158
158 512
512 774
774 1074
1074 144
144 1763
1763 1298
1298 144
1298 173
173 564
564 310
310 515
515 1004
1004 830
830 1932
1932 251
251 762
762 1350
1350 251
1350 598
598 1363
1363 1735
1735 1584
1584 478
478 1735
478 698
698 737
737 478
698 852
852 31
31 1613
1613 1205
1205 1060
1060 504
504 843
843 957
957 1091
1091 361
361 537
537 1091
537 1321
1321 1615
1615 1624
1624 617
617 1158
1158 350
350 981
981 1158
981 532
532 1728
1728 341
341 1162
1162 463
463 226
226 1162
463 93
93 1409
1409 458
458 93
1409 1367
1367 1206
1206 1628
1628 988
988 828
828 213
213 369
369 1922
1922 619
619 369
619 1601
1601 1008
1008 1877
1877 55
55 32
32 684
684 229
229 1718
1718 684
229 763
763 1479
1479 229
763 1130
1130 276
276 763
1130 1423
1423 1252
1252 1130
1252 1177
1177 1259
1259 1252
1177 417
417 1054
1054 1152
1152 18
18 1267
1267 1152
18 550
550 1733
1733 129
129 1744
1744 182
182 1034
1034 1525
1525 182
1034 1508
1508 365
365 626
626 1427
1427 252
252 1654
1654 1427
252 279
279 622
622 1916
1916 1094
1094 566
566 841
841 1764
1764 566
841 247
247 1032
1032 469
469 342
342 1032
469 910
910 594
594 1226
1226 388
388 462
462 1226
388 1432
1432 435
435 388
1432 1180
1180 547
547 171
171 1474
1474 415
415 632
632 1049
1049 1143
1143 1987
1987 281
281 1067
1067 1987
281 554
554 1146
1146 281
1146 1387
1387 1383
1383 1157
1157 1387
1383 1235
1235 624
624 1190
1190 473
473 398
398 867
867 473
867 1402
1402 508
508 1354
1354 1603
1603 508
1354 823
823 1056
1056 1127
1127 1881
1881 1608
1608 1244
1244 1678
1678 1608
1244 94
94 315
315 1353
1353 94
1353 185
185 1245
1245 1809
1809 727
727 732
732 1809
732 49
49 570
570 1345
1345 613
613 53
53 262
262 1138
1138 280
280 1483
1483 1138
1138 53
53 1345
1345 106
106 570
570 732
1809 902
902 1245
1245 1353
94 739
739 1244
1608 551
551 1881
1881 1056
1056 1354
508 867
473 624
624 1383
1387 660
660 1146
1987 1049
1049 415
415 171
171 1180
1180 1410
1410 1432
1226 910
910 65
65 469
1032 841
566 968
968 1094
1094 622
622 252
1427 59
59 626
626 1508
1508 422
422 1034
182 129
129 550
550 1988
1988 18
1152 417
417 1516
1516 1177
684 1821
1821 32
32 1877
1877 1601
1601 439
439 619
369 989
989 213
213 988
988 1206
1206 1409
93 1688
1688 463
1162 1728
1728 981
1158 1624
1624 1122
1122 1615
1615 1199
1199 1321
1321 371
371 537
1091 843
843 1060
1060 1613
1613 852
852 869
869 698
1735 598
598 1140
1140 1350
251 729
729 1932
1932 1004
1004 310
310 1041
1041 564
564 1298
144 774
774 158
158 971
971 324
324 1569
1569 1168
1168 24
24 326
922 1993
1993 1885
1885 670
670 1910
1910 1732
1732 1288
1288 1366
1366 1695
1695 1027
1027 441
441 1221
1221 333
333 924
924 1137
1137 449
449 1358
1358 75
75 1622
1622 1563
1563 86
86 112
112 1913
1913 1785
1785 1062
1062 1300
1300 1160
1160 630
630 1605
1605 150
150 382
382 1408
1408 1336
1263 1194
1194 1491
192 821
821 385
385 321
321 649
649 301
301 1819
1182 937
937 304
304 238
238 669
669 1576
1576 1374
1374 268
268 569
569 1204
1204 410
410 608
571 1979
1979 143
143 703
703 548
548 1818
1818 975
975 242
242 19
723 1677
1677 868
1233 132
1761 748
748 1079
1079 1696
1696 1682
1767 1848
1848 82
1480 793
793 960
960 298
298 492
492 1574
1178 979
979 423
423 716
716 183
183 1396
1396 633
633 1716
1716 621
621 653
653 1234
1830 658
658 916
916 1529
1529 1473
1473 1029
1029 1766
1766 1315
1261 468
282 756
756 527
527 518
274 1185
1185 1150
1150 696
696 335
335 1600
1600 857
857 1950
1950 1645
641 483
483 273
273 1090
1090 344
344 691
691 220
220 429
429 437
437 623
623 479
479 757
757 1334
1334 940
940 1755
1755 254
254 1806
1806 750
750 555
555 1376
1376 1592
1592 475
475 1441
1441 1002
1002 1172
1172 816
816 354
227 522
314 1783
1783 560
560 1195
1195 451
721 1724
1724 1389
1389 151
200 1929
1929 1598
1598 1155
1155 1313
1313 250
250 1557
1557 521
521 513
513 1861
1861 1829
1829 44
44 123
123 1325
1325 256
256 135
135 1372
408 1247
1247 980
980 45
45 379
224 402
402 327
327 1284
1284 447
927 153
153 1407
395 1215
1487 187
199 628
628 859
994 297
1536 1914
1914 1858
1858 1989
1989 771
771 1024
1024 1534
1534 665
665 95
95 1492
1492 1092
1092 1165
1165 714
714 956
956 849
849 1036
700 789
1673 1360
1360 946
1545 1556
1556 160
160 303
303 749
749 266
266 1539
1539 1520
1520 671
765 724
1497 1225
1225 1337
1337 193
193 1945
1945 15
15 7
307 46
46 1293
1693 1470
1470 1823
1823 1810
1810 368
368 1030
1378 563
563 1058
1058 692
692 202
202 89
89 607
1634 88
88 1840
230 882
882 611
611 1580
1580 1434
1434 405
1048 581
167 1590
1590 806
806 568
1080 1787
1787 214
214 1807
1807 208
208 271
271 1506
1506 403
403 433
433 1242
1242 674
674 974
443 706
706 574
574 454
454 884
1461 1583
1583 1500
1500 52
52 376
58 378
378 1868
1868 156
156 1953
1255 1898
186 557
557 1238
1238 709
709 1307
1307 572
572 188
188 1198
1198 339
339 892
892 1919
1936 1399
1399 1801
1801 1444
1444 104
1771 1616
1616 1784
1784 1992
1992 1418
1418 511
511 890
890 1883
426 325
325 1275
1275 860
860 1712
1712 718
900 264
264 1609
1609 1484
1484 373
373 107
107 1618
1618 1815
1815 1802
1802 1571
1571 962
962 1614
1614 934
934 681
681 650
650 1224
1224 64
64 353
353 991
991 687
687 172
172 1309
1309 1010
1010 1306
1306 592
592 1449
1449 1546
1546 1875
1875 1640
1640 1514
1937 836
836 176
1996 637
637 234
234 1715
1715 661
661 826
826 109
109 122
122 579
579 235
235 929
929 1317
1317 1920
1920 663
663 121
121 794
794 1073
1073 871
1124 1232
1232 1338
1338 1774
445 1253
1599 1503
1503 1330
1330 877
1113 796
583 480
480 1808
1808 535
535 1429
1429 573
573 501
501 1942
1942 887
887 864
864 1994
1994 1691
1691 495
495 562
562 100
100 676
676 808
808 536
536 1287
1287 1469
1469 54
329 659
659 1501
1501 1257
1257 614
614 141
1277 1153
489 1445
1445 1007
1007 609
965 999
999 587
587 1478
1478 240
506 953
953 1535
1535 189
189 35
35 1331
764 1059
775 722
722 260
986 146
146 1504
1504 769
769 529
529 1349
1294 1743
1743 1433
1433 711
711 758
758 1272
1606 139
139 137
137 1905
1653 299
787 589
589 1370
1370 69
69 812
1879 391
391 995
995 1095
1095 1164
1164 773
773 682
682 62
62 1827
1827 1680
1633 627
1121 1935
1935 802
802 1681
1681 1093
1093 685
685 1521
1521 284
284 1523
1523 1850
1850 1918
1918 465
825 178
178 1057
1057 707
707 1176
804 1586
1586 1025
1025 783
783 952
952 1925
1925 939
939 1926
1926 36
453 33
33 1604
1604 505
505 954
1891 1109
1109 938
938 390
390 359
1016 466
466 1901
655 1053
1053 1230
1896 1120
1120 337
811 740
740 1779
743 1824
788 1063
1063 1617
1617 909
909 1290
1290 754
754 436
436 409
409 1831
1831 177
177 416
1974 1003
1003 1697
1697 713
713 1453
1453 14
1105 1249
1249 237
237 1485
1485 1620
1620 679
679 1730
1730 1229
1229 912
912 829
829 34
90 162
162 74
74 190
190 1921
1921 533
533 487
487 1776
815 1924
1924 1759
1759 1835
615 1456
1456 221
1706 1078
1369 1930
1930 1328
894 203
203 1171
1171 414
414 618
618 651
1085 1548
1548 1028
881 207
207 1021
1471 556
556 949
949 1220
1220 1012
1995 330
330 1072
1106 1144
1144 1947
1947 539
539 305
305 261
1626 1946
1946 84
84 541
541 914
914 524
1940 753
753 1558
236 1909
1909 693
693 1596
1596 1103
1103 715
715 1851
1851 1322
1322 668
668 1098
1098 1864
1864 1213
1213 1228
1228 878
878 290
290 1129
1129 377
1711 389
389 514
514 814
814 1428
1428 1749
1749 814
1749 1324
1324 1944
1944 1749
1324 1561
1561 1825
1825 1324
1561 231
231 259
259 1246
1246 1775
1775 1414
1414 1246
1775 803
803 1952
1952 1099
1099 516
516 620
620 1099
516 1344
1344 730
730 516
1344 1181
1181 875
875 1593
1593 1967
1967 1781
1781 1554
1554 1538
1538 813
813 1043
1043 147
147 523
523 1043
147 1760
1760 943
943 1352
1352 1857
1857 943
1352 782
782 1443
1443 1352
782 1251
1251 4
4 782
4 1747
1747 1210
1210 1273
1273 1404
1404 1210
1404 1707
1707 119
119 926
926 879
879 1762
1762 110
110 879
1762 1304
1304 1326
1326 148
148 1874
1874 1512
1512 1912
1912 1132
1132 1636
1636 1912
1132 819
819 1167
1167 1928
1928 895
895 1167
1928 747
747 37
37 1966
1966 302
302 5
5 1966
302 347
347 733
733 1961
1961 1876
1876 885
885 1655
1655 1876
885 1729
1729 838
838 736
736 1698
1698 1849
1849 736
1849 963
963 79
79 1849
963 1796
1796 427
427 963
1796 704
704 1873
1873 1419
1419 1159
1159 525
525 1757
1757 1753
1753 1847
1847 1343
1343 1173
1173 180
180 1773
1773 1173
180 1111
1111 1250
1250 180
1111 1296
1296 1644
1644 43
43 1476
1476 1714
1714 1884
1884 1933
1933 908
908 1365
1365 1933
908 1751
1751 498
498 520
520 1751
498 1750
1750 1550
1550 174
174 39
39 9
9 1202
1202 1278
1278 507
507 1019
1019 1278
1019 1639
1639 862
862 1019
862 164
164 1136
1136 599
599 253
253 1051
1051 1532
1532 272
272 1462
1462 383
383 1552
1552 1196
1196 1039
1039 249
249 1231
1231 499
499 807
807 911
911 349
349 861
861 606
606 1547
1547 392
392 606
1547 1855
1855 1866
1866 1395
1395 1323
1323 258
258 1708
1708 509
509 275
275 1717
1717 534
534 1964
1964 126
126 948
948 1800
1800 484
484 1549
1549 542
542 1299
1299 355
355 457
457 23
23 1754
1754 835
835 896
896 923
923 1768
1768 932
932 270
270 233
233 1425
1425 1193
1193 1894
1894 1507
1507 1573
1573 1683
1683 179
179 731
731 549
549 1643
1643 731
549 538
538 1488
1488 1702
1702 1531
1531 667
667 1037
1037 970
970 50
50 1518
1518 657
657 285
285 1097
1097 645
645 1577
1577 40
40 645
1577 10
10 972
972 1577
10 973
973 822
822 10
973 434
434 1316
1316 955
955 434
1316 1845
1845 1722
1722 1846
1846 966
966 840
840 413
413 22
22 288
288 413
22 432
432 1364
1364 1006
1006 1777
1777 1364
1006 209
209 485
485 1832
1832 209
485 1977
1977 552
552 396
396 605
605 1009
1009 1123
1123 1833
1833 1009
1123 1746
1746 1375
1375 1071
1071 114
114 163
163 1871
1871 1839
1839 163
1839 1149
1149 985
985 494
494 80
80 133
133 1511
1511 1509
1509 1285
1285 1958
1958 215
215 248
248 1958
215 245
245 590
590 648
648 245
590 553
553 387
387 1834
1834 2
2 1842
1842 1742
1742 1033
1033 1842
1742 204
204 68
68 921
921 1266
1266 726
726 1813
1813 1112
1112 1489
1489 1496
1496 1527
1527 184
184 1439
1439 772
772 467
467 1201
1201 397
397 467
397 1421
1421 1632
1632 636
636 96
96 1632
96 1254
1254 1188
1188 168
168 1690
1690 1454
1454 1828
1828 1446
1446 113
113 191
191 1694
1694 11
11 191
11 1649
1649 1594
1594 837
837 1649
1594 1572
1572 257
257 1020
1020 1572
257 1096
1096 1658
1658 1184
1184 1018
1018 1927
1927 159
159 1018
159 1668
1668 1420
1420 810
810 421
421 1183
1183 470
470 577
577 356
356 951
951 842
842 175
175 1457
1457 842
175 1838
1838 1442
1442 175
1838 1102
1102 1280
1280 1838
1280 941
941 984
984 1826
1826 540
540 510
510 790
790 540
510 1954
1954 1405
1405 503
503 1355
1355 846
846 265
265 833
833 497
497 1134
1134 1311
1311 1271
1271 1134
1311 1292
1292 845
845 1068
1068 1292
845 309
309 699
699 1705
1705 205
205 1061
1061 411
411 1413
1413 595
595 759
759 1347
1347 702
702 1291
1291 444
444 893
893 1154
1154 444
893 1286
1286 1519
1519 947
947 1468
1468 1023
1023 947
1023 526
526 903
903 1023
903 1578
1578 1814
1814 1151
1151 1578
1814 1510
1510 1332
1332 942
942 588
588 601
601 942
588 1499
1499 1836
1836 1081
1081 380
380 1836
380 1447
1447 105
105 1452
1452 1169
1169 316
316 1798
1798 1971
1971 1565
1565 1055
1055 1971
1565 99
99 795
795 1335
1335 1119
1119 217
217 1022
1022 1637
1637 870
870 1022
870 1589
1589 998
998 870
1589 477
477 374
374 559
559 678
678 474
474 1575
1575 746
746 1656
1656 1666
1666 631
631 1701
1701 1607
1607 130
130 1939
1939 662
662 317
317 1302
1302 76
76 317
1302 664
664 1237
1237 891
891 1870
1870 735
735 1713
1713 1142
1142 1566
1566 967
967 1320
1320 1985
1985 874
874 935
935 1687
1687 124
124 308
308 561
561 124
561 128
128 844
844 561
844 442
442 1667
1667 844
1667 780
780 1704
1704 1907
1907 296
296 418
418 438
438 296
438 1216
1216 198
198 460
460 918
918 784
784 817
817 809
809 792
792 1116
1116 1741
1741 690
690 1956
1956 1741
1956 1131
1131 269
269 964
964 1131
964 1076
1076 1075
1075 635
635 1117
1117 1585
1585 635
1585 1089
1089 1822
1822 399
399 720
720 1822
720 1045
1045 1991
1991 866
866 27
27 1392
1392 1765
1765 394
394 1400
1400 1999
1999 1031
1031 1400
1999 1114
1114 1893
1893 639
639 360
360 1893
639 983
983 1820
1820 639
1820 419
419 1856
1856 978
978 1797
1797 73
73 1481
1481 1797
73 85
85 1015
1015 56
56 85
1015 950
950 654
654 1790
1790 647
647 1943
1943 710
710 760
760 1791
1791 169
169 63
63 1816
1816 1282
1282 197
197 1587
1587 125
125 293
293 328
328 961
961 70
70 328
70 673
673 81
81 70
673 689
689 312
312 850
850 689
312 1568
1568 12
12 1361
1361 17
17 1540
1540 1567
1567 1464
1464 1179
1179 459
459 1044
1044 1983
1983 1386
1386 97
97 41
41 1310
1310 1745
1745 41
1310 1411
1411 1455
1455 1975
1975 1339
1339 145
145 705
705 1522
1522 831
831 448
448 456
456 831
448 320
320 201
201 448
320 1467
1467 1869
1869 320
1467 854
854 876
876 1467
854 1346
1346 543
543 375
375 1581
1581 1727
1727 78
78 450
450 1219
1219 1533
1533 450
1219 1161
1161 1941
1941 1686
1686 338
338 969
969 712
712 1381
1381 232
232 118
118 680
680 931
931 1630
1630 680
931 855
855 1460
1460 60
60 855
1460 1426
1426 1301
1301 1156
1156 362
362 848
848 1156
848 92
92 243
243 848
92 1731
1731 1312
1312 1638
1638 1258
1258 565
565 1465
1465 997
997 565
1465 1931
1931 1269
1269 57
57 1931
57 1170
1170 899
899 57
899 1276
1276 1128
1128 805
805 1046
1046 1001
1001 420
420 801
801 1001
420 1477
1477 582
582 1795
1795 255
255 582
1795 1118
1118 791
791 1652
1652 306
306 295
295 1207
1207 306
1207 800
800 1811
1811 1782
1782 906
906 1811
1782 818
818 695
695 1782
818 585
585 1709
1709 818
1709 1265
1265 246
246 528
528 502
502 580
580 1197
1197 455
455 1264
1264 1671
1671 42
42 734
734 913
913 576
576 1013
1013 154
154 331
331 741
741 500
500 1648
1648 741
500 675
675 1772
1772 1362
1362 545
545 1011
1011 652
652 593
593 1359
1359 1889
1889 872
872 13
13 1889
872 1502
1502 212
212 578
578 471
471 47
47 446
446 471
446 1528
1528 1621
1621 1948
1948 1675
1675 688
688 1948
1675 1430
1430 1886
1886 1723
1723 20
20 888
888 244
244 1524
1524 1863
1863 431
431 1450
1450 1403
1403 431
1450 300
300 1163
1163 386
386 1341
1341 1163
386 1963
1963 1610
1610 357
357 1963
1610 797
797 1348
1348 1424
1424 797
1348 367
367 1541
1541 1348
367 1852
1852 1703
1703 1495
1495 476
476 752
752 1495
476 1650
1650 785
785 66
66 1382
1382 1973
1973 751
751 1340
1340 1627
1627 1390
1390 1903
1903 1880
1880 1390
1903 920
920 1984
1984 1700
1700 920
1984 886
886 1493
1493 292
292 1384
1384 3
3 425
425 1035
1035 1357
1357 425
1357 71
71 1482
1482 1559
1559 71
1482 1669
1669 267
267 196
196 519
519 1976
1976 925
925 1915
1915 241
241 925
241 959
959 1867
1867 1758
1758 546
546 1066
1066 1472
1472 1665
1665 1066
1066 1710
1710 546
546 1867
1867 241
925 1631
1631 1976
1976 161
161 519
519 267
267 1482
71 742
742 1357
425 1384
1384 1748
1748 292
292 886
886 138
138 1984
920 165
165 1903
1390 1340
1340 1973
1973 66
66 1650
1650 1388
1388 476
1495 1852
1852 666
666 367
797 863
863 1610
1963 530
530 386
1163 1450
431 1416
1416 1863
1863 1406
1406 1524
1524 993
993 244
244 20
20 1886
1886 1675
1948 1528
1528 798
798 446
471 212
212 101
101 1502
1502 779
779 872
1889 1295
1295 1359
1359 404
404 593
593 1011
1011 1362
1362 766
766 1772
1772 500
741 154
154 1107
1107 1013
1013 913
913 152
152 734
734 616
616 42
42 1672
1672 1671
1671 455
455 580
580 528
528 1265
1265 140
140 1709
1811 1207
306 791
791 1795
582 420
1001 1458
1458 1046
1046 1128
1128 899
1931 928
928 1465
565 1799
1799 1258
1258 1312
1312 92
1156 1426
1426 744
744 1460
855 1887
1887 931
680 232
232 712
712 1498
1498 969
969 1817
1817 338
338 1941
1941 1689
1689 1161
1161 905
905 1219
450 1727
1727 1200
1200 1581
1581 543
543 854
831 705
705 1339
1339 155
155 1975
1975 1411
1411 1351
1351 1310
41 1297
1297 97
97 1983
1983 459
459 1998
1998 1179
1179 1567
1567 17
17 1897
1897 1361
1361 638
638 12
12 312
689 1951
1951 673
328 1211
1211 293
293 336
336 125
125 197
197 901
901 1282
1282 63
63 1791
1791 1327
1327 760
760 1943
1943 1853
1853 647
647 654
654 1015
85 1582
1582 73
1797 1856
1856 1820
1893 907
907 1114
1114 1726
1726 1999
1400 28
28 394
394 1463
1463 1765
1765 27
27 1991
1991 720
1822 1585
635 1076
1076 1086
1086 964
1131 1451
1451 1956
1741 1236
1236 1116
1116 222
222 792
792 817
817 1435
1435 784
784 1115
1115 918
918 198
198 1895
1895 1216
1216 25
25 438
296 1704
1704 1667
124 935
935 1985
1985 967
967 1142
1142 735
735 228
228 1870
1870 1237
1237 1302
317 1939
1939 1607
1607 1642
1642 1701
1701 1564
1564 631
631 1656
1656 1052
1052 746
746 491
491 1575
1575 646
646 474
474 559
559 477
477 1308
1308 1589
1022 1959
1959 217
217 1335
1335 1551
1551 795
795 1329
1329 99
99 1448
1448 1565
1971 683
683 1798
1798 1169
1169 38
38 1452
1452 1447
1447 430
430 380
1836 588
942 1510
1510 880
880 1814
1578 544
544 903
947 694
694 1519
1519 893
444 702
702 759
759 400
400 595
595 1957
1957 1413
1413 1061
1061 1705
1705 309
309 1938
1938 845
1292 1794
1794 1311
1134 833
833 846
846 503
503 597
597 1405
1405 510
540 1385
1385 1826
1826 1192
1192 984
984 1280
842 356
356 1166
1166 577
577 1183
1183 810
810 1734
1734 1420
1420 159
1018 1082
1082 1184
1184 1096
1096 1356
1356 257
1572 1736
1736 1594
1649 1391
1391 11
191 407
407 113
113 1828
1828 1690
1690 1188
1188 96
1632 397
467 1439
1439 286
286 184
184 1496
1496 1112
1112 726
726 134
134 1266
1266 68
68 1742
1842 1834
1834 1017
1017 387
387 590
245 98
98 215
1958 1227
1227 1285
1285 1279
1279 1509
1509 133
133 494
494 778
778 985
985 1239
1239 1149
1149 799
799 1839
163 1962
1962 114
114 1375
1375 1123
1009 396
396 1911
1911 552
552 1212
1212 1977
1977 1256
1256 485
209 1769
1769 1006
1364 22
413 966
966 1722
1722 1316
434 277
277 973
645 634
634 1097
1097 657
657 50
50 1037
1037 1531
1531 1141
1141 1702
1702 538
538 917
917 549
731 1683
1683 600
600 1573
1573 1894
1894 323
323 1193
1193 1659
1659 1425
1425 1892
1892 233
233 370
370 270
270 1005
1005 932
932 923
923 835
835 1069
1069 1754
1754 457
457 1647
1647 355
355 542
542 484
484 948
948 1964
1964 1717
1717 509
509 258
258 1923
1923 1323
1323 1866
1866 1547
606 349
349 915
915 911
911 499
499 1623
1623 1231
1231 1039
1039 1552
1552 1462
1462 1662
1662 272
272 1051
1051 599
599 164
164 149
149 862
1278 9
9 174
174 1305
1305 1550
1550 498
1751 1397
1397 908
1933 1714
1714 43
43 1274
1274 1644
1644 1111
1173 481
481 1343
1343 596
596 1847
1847 1757
1757 1159
1159 1725
1725 1419
1419 704
704 1619
1619 1796
736 1729
1729 278
278 885
1876 170
170 1961
1961 834
834 733
733 302
1966 898
898 37
37 210
210 747
747 768
768 1928
1167 1132
1912 67
67 1512
1512 1629
1629 1874
1874 1326
1326 1762
879 119
119 1404
1210 4
943 147
1043 1538
1538 61
61 1554
1554 904
904 1781
1781 919
919 1967
1967 875
875 1344
1099 334
334 1952
1952 1775
1246 231
231 461
461 1561
814 1084
1084 514
514 1
