39 1566
1645 213
1252 1413
1010 1817
1235 16
396 108
1461 1692
158 986
1066 1546
1620 544
847 870
1240 266
1558 1562
1386 41
1849 833
1593 1328
1082 262
1430 1721
316 1738
252 1081
651 1527
1414 1379
1026 1769
58 628
1160 709
1822 449
532 164
1974 794
1088 242
1017 1486
1607 1786
1272 1410
1455 237
530 1402
1959 1290
1906 1917
202 709
377 935
1445 905
1080 905
127 290
1454 709
1832 197
1863 1599
1482 1489
1238 299
585 154
170 117
1329 609
1892 130
1310 1729
206 305
1182 66
402 1614
1798 762
61 1385
1737 1987
159 783
1866 880
1052 1469
1383 802
848 182
282 1671
1418 674
1473 1231
1671 1428
385 474
159 1728
1000 1417
1928 453
744 939
1976 56
902 677
1193 527
103 1338
1924 1380
1058 986
399 993
881 1902
1026 1198
267 1437
1915 1423
1820 428
1625 1112
807 127
447 1430
1798 880
1703 564
1513 761
222 1974
1782 1979
1247 769
1366 450
1492 866
1617 1957
1367 1529
1609 459
240 909
47 264
261 1278
843 683
249 1755
365 373
1310 1335
1358 57
571 248
812 800
996 1
1467 818
1663 1831
796 838
903 867
1327 854
705 1784
1956 1212
642 1541
834 1229
497 1602
634 1274
664 339
966 1321
273 264
613 17
789 369
1153 484
92 1273
1090 469
847 1213
728 261
36 403
62 47
1082 865
71 87
722 1406
1129 785
848 811
395 1834
1976 1809
966 57
1675 886
255 94
801 1274
1089 1125
751 851
1064 32
1465 1082
432 980
84 935
1401 711
699 742
565 88
835 1540
293 1312
532 562
1935 681
1157 72
125 1204
316 746
1998 1703
711 125
181 1011
1659 1323
1958 59
1070 1008
111 1489
488 52
794 1125
1252 1662
1178 1210
1077 1115
271 1667
1144 1828
1892 1100
1477 314
478 1739
18 455
800 905
624 76
424 1074
782 740
597 749
1686 939
1450 476
913 760
278 740
1194 740
1909 1241
47 1829
1980 571
1634 1680
1398 89
923 740
1477 1802
181 582
1666 939
1544 818
1223 1136
826 325
1396 1875
1852 428
1832 1962
201 1856
258 830
1487 1755
101 1823
848 1472
1510 1543
847 1997
304 779
506 1914
1475 1676
217 18
159 603
370 519
1747 24
851 1163
1935 979
492 1238
485 1742
1854 1716
1730 1255
1946 1620
1897 799
1732 927
1335 168
756 923
478 1232
1590 259
618 427
160 1067
469 1501
1884 1112
1106 435
1079 1594
318 767
1261 725
1695 1796
1505 800
101 1114
1391 332
664 701
877 1680
194 1723
1143 1138
768 1270
344 820
615 683
304 618
1653 404
1866 85
1263 1809
1845 1976
1454 1488
645 1299
964 1099
1515 970
1636 787
1701 1704
1082 236
1170 472
1462 1255
991 1255
1409 629
643 1041
1733 742
159 348
317 704
30 634
1253 274
17 1319
1848 211
1396 218
1959 480
511 1660
1142 1480
968 81
453 1132
818 1116
1140 1
248 887
540 74
90 1944
1814 353
575 1041
677 733
1770 234
612 620
675 218
7 425
1148 265
1828 29
1870 1905
240 1335
1332 1066
1015 803
1023 779
1091 1148
658 889
1117 1489
1861 237
1100 1480
343 1940
881 951
1670 1422
1719 343
251 1900
851 529
275 747
1199 800
524 299
1416 1786
899 1431
1446 328
1017 1067
278 1994
101 785
471 216
1977 543
337 412
170 56
1885 1701
1720 1006
506 1473
797 599
1039 489
902 954
1116 1856
1762 702
644 1843
901 1723
652 1929
1707 1790
1613 866
165 819
1356 727
1512 859
1329 181
1964 1693
946 1492
1629 616
1331 1667
1289 1424
579 1491
765 1155
1415 880
1209 60
295 1319
830 1051
1267 1448
1681 455
946 377
1498 1142
1179 1851
767 1339
1720 1004
1019 675
679 1900
175 1571
1391 868
1716 1402
269 688
944 761
1899 1203
900 1756
1932 5
525 793
1860 792
1137 805
1073 1776
445 929
1745 946
1851 1703
1771 536
867 1923
551 1273
21 1158
1500 94
824 1246
964 446
655 1660
926 830
1823 1710
1155 354
527 1648
1459 1913
1737 1319
160 1095
292 451
1904 265
1091 1235
432 1069
912 1492
1115 59
773 27
1214 122
1507 680
1252 615
333 1416
166 674
746 1393
1216 261
1070 192
946 1721
1056 32
1362 1356
1495 1944
62 713
1555 1757
1860 220
1042 1058
801 476
1689 1821
1696 1402
577 1406
1383 1259
519 1915
1441 378
1280 903
1192 629
358 846
1160 1338
499 427
879 946
1336 520
1942 950
341 560
1969 1978
242 1615
1489 1620
1219 823
125 1785
205 435
1591 1580
1468 1541
1878 1371
538 472
443 1375
588 176
235 973
538 1036
1477 102
1003 826
1363 1210
1287 1619
1121 1255
556 624
120 1074
1824 439
564 1809
1010 1278
786 671
1562 860
511 128
361 755
568 489
845 1182
1490 1403
1570 887
1676 571
973 709
302 596
331 177
637 1655
63 304
833 1299
439 1522
625 866
831 191
1574 1787
169 1642
1520 412
118 702
881 626
178 491
1663 1677
1858 1585
461 1713
590 1181
397 1265
600 631
1127 903
101 1642
1973 1612
1106 764
734 207
437 1985
1624 718
1816 608
156 1608
235 1793
347 1319
1700 897
338 1661
1788 1297
1878 997
111 1503
1640 645
1779 1057
1949 946
499 1603
1396 570
979 1132
1490 603
1640 276
1634 1518
1493 441
1990 476
169 1480
658 1209
258 1806
1082 173
1727 600
692 509
594 891
341 180
1614 280
1942 935
1722 1829
909 1729
1209 926
719 1912
347 1930
902 1541
793 56
717 629
346 1742
1145 377
1419 149
47 1978
1737 879
210 1210
651 373
23 1080
1677 1326
392 645
1822 1053
1828 1187
75 833
701 906
705 559
1236 1643
1178 959
1498 215
1244 472
1363 87
1147 453
1103 1265
1920 1710
1324 702
1469 1119
563 1755
717 98
713 412
1832 596
179 1786
709 596
7 66
747 803
895 846
1363 96
1555 1783
153 1221
1756 1580
175 1516
860 297
1730 441
605 350
1581 299
1629 448
151 183
1208 1890
637 331
1986 426
565 1586
730 1847
653 1700
1364 248
128 484
216 1676
407 491
1224 377
1816 513
883 133
792 136
556 762
1248 1762
982 1021
383 1259
1766 599
1935 301
43 361
1564 1425
667 535
1904 1417
1224 564
1652 1619
1719 755
1023 168
443 1833
347 1642
338 642
845 105
530 897
532 463
650 1097
563 122
506 73
1540 297
871 1109
47 332
938 636
1052 1386
991 34
1634 1454
1302 700
339 1746
1252 44
732 740
1084 1891
1788 130
1153 427
1298 1933
340 260
1695 1281
1555 866
300 351
1032 297
694 955
1162 1198
841 1365
1283 1867
670 127
1327 901
842 1828
413 1195
1429 1648
1935 473
1669 339
1895 1351
681 1671
338 800
452 305
396 1309
166 1041
197 924
4 1977
566 540
182 669
1118 1829
1272 1092
1313 1488
1084 1349
1361 190
1179 1895
810 1156
254 18
1971 1259
347 590
1415 1979
346 331
1747 750
860 1110
433 185
493 866
1133 1862
1938 522
1629 1152
773 402
369 1792
678 721
358 799
523 1944
464 1809
222 1131
413 302
1525 115
1245 1309
1554 799
1310 1661
872 1136
766 905
712 203
862 218
913 326
181 1874
1885 800
700 1680
240 1822
1014 1927
1262 608
1418 683
936 389
260 1915
1752 1867
1860 1948
360 950
1719 801
1886 1146
1852 527
44 740
379 1359
1093 1146
722 645
1480 905
1490 1461
208 1074
853 284
416 1051
717 961
1972 339
47 660
632 433
219 1261
446 1755
227 1501
651 1700
1845 1041
1932 108
1229 489
749 1102
1932 1442
1273 286
798 1667
1526 1809
1870 393
136 878
1333 1829
1397 1070
252 1157
430 16
1712 538
354 1301
171 1462
1248 1857
189 696
1588 1671
392 1131
1176 185
1155 425
1845 421
1142 1716
1501 1618
1949 661
1204 598
101 666
1673 32
1169 939
1732 276
1627 1116
1750 1843
8 629
1587 1022
316 1318
842 494
794 1238
1861 574
1615 629
1632 1261
1235 1221
1982 1756
751 1325
1562 1583
1895 343
510 1522
142 1847
1634 704
1515 50
1648 453
306 1273
1343 803
1297 1261
1026 1813
549 1583
1070 1421
1780 787
1832 267
545 1181
182 1723
1410 1393
1601 120
316 664
1633 1269
314 1109
708 1244
1738 216
765 922
1452 1965
1490 1630
1185 411
1662 430
1023 167
841 996
415 1929
1789 760
1447 1721
1084 341
206 1701
476 1667
448 403
1372 1756
843 1286
441 1212
389 709
1474 158
1477 1280
57 1842
1526 291
1918 1795
1273 1423
217 1468
1663 744
608 1556
934 1491
181 1731
1824 1385
1407 1677
473 98
698 147
1846 1004
1897 1541
211 1102
1003 325
1358 1964
1253 920
1754 550
722 1233
1467 656
749 727
721 1386
889 704
845 364
1112 1098
379 581
884 424
482 195
997 1417
1415 1172
946 683
1991 594
167 1116
1758 284
1929 1693
1462 1406
30 354
557 1145
1428 1121
106 991
489 1491
1083 1231
1 794
22 509
1290 755
1421 1729
1737 1755
634 1693
1758 1857
1552 1119
27 1203
1347 1097
460 1041
664 314
1258 775
556 867
1433 701
1676 76
1311 1097
356 1632
1079 127
1377 1619
484 90
715 1325
707 1012
1692 1427
809 1398
770 1125
538 1773
1631 1566
819 599
205 1074
1289 1715
1451 1767
897 154
1462 1932
2 215
1115 760
561 1393
1989 986
1796 1147
573 1843
13 1181
411 52
963 899
1272 725
597 1887
1911 1446
1272 1194
288 634
982 1347
809 876
53 1259
786 1515
797 1520
262 60
635 99
1638 1594
2 1491
1010 1309
653 1559
1890 431
1860 961
1627 1496
370 183
1074 1492
1719 12
1513 154
470 1829
894 1817
525 778
1104 275
1851 586
250 1580
1358 132
688 1726
1901 1663
1895 729
312 1804
1106 9
249 517
1749 1091
235 513
902 994
750 455
323 893
1982 342
1897 1154
156 670
1033 1917
671 1814
254 115
1511 819
656 1619
1144 1594
1144 188
639 350
1866 654
403 1057
566 1133
1736 1786
662 1212
382 1620
711 1126
478 916
1881 202
1154 905
597 507
674 629
402 339
1976 1394
913 342
1386 725
1084 273
525 509
915 799
1066 870
486 1027
1028 1755
1462 776
481 314
1136 1203
192 170
1816 935
122 72
1094 1662
435 645
1801 489
1926 1312
1292 1921
1255 1427
418 799
62 1602
914 1238
1854 1177
1681 767
1393 1386
504 942
842 962
490 232
1360 929
1579 811
158 820
1622 1555
17 1190
572 188
869 1066
36 1716
1764 197
418 1138
969 1372
1634 261
1167 178
1060 1365
1727 1178
1645 193
1418 1585
926 390
765 1797
903 1886
1374 683
1246 1300
1239 190
1798 1835
911 1086
890 1616
233 1616
637 1842
902 1677
783 1427
273 680
282 1017
63 199
1556 1290
540 1654
323 1957
458 1056
792 584
416 536
924 1923
1339 1906
1517 1136
1925 1372
1044 1809
583 1566
797 1165
247 653
454 629
591 98
1523 484
516 1128
1601 1830
303 1091
1318 1592
323 1083
1358 835
692 643
320 830
164 1915
881 482
570 176
1887 87
929 2
298 541
863 411
1090 999
1507 737
461 1284
1829 1119
1907 1585
19 66
442 592
647 755
1206 325
222 1219
403 890
312 792
957 1086
357 229
1107 1491
1912 16
597 326
73 1434
1335 1322
1189 303
423 729
1798 325
221 1006
1663 1349
1609 1940
1010 853
1719 524
1343 917
638 318
668 1477
403 899
1972 13
420 1566
230 1278
1948 66
306 1488
1684 1620
182 1284
374 1216
1399 1826
1908 514
707 35
1179 421
25 1132
1014 542
1490 818
984 216
1332 1435
1528 1231
565 1796
1024 1512
1878 1043
650 516
1334 746
649 1704
651 892
909 1769
400 143
341 1299
863 592
453 412
1252 1998
395 1542
1893 1430
1390 1761
1886 1821
1368 1990
143 683
288 1900
1987 1480
17 836
13 280
132 1772
187 1701
1246 746
823 1177
659 307
1879 1907
375 1908
1178 1246
396 302
1324 1006
1776 1792
951 1694
471 549
1349 915
734 1199
253 286
37 190
356 1030
847 637
1017 1537
233 1261
1682 753
1021 1132
1192 977
449 1097
1528 1842
1403 369
497 1396
146 629
368 366
1430 939
1600 1086
1509 1291
1153 823
506 1063
516 425
312 172
897 32
1312 96
1107 202
635 1825
972 1904
1567 921
1785 1460
1822 1510
215 1234
769 906
526 866
694 1769
1631 1856
546 1583
731 860
903 1614
101 1596
1399 80
1162 938
1946 1334
931 1119
1130 217
925 1021
530 144
1957 90
1619 1488
471 1890
1308 1716
1209 41
819 1235
1971 1395
1728 641
653 1963
74 154
1661 297
1535 1488
1411 1213
1280 840
668 353
47 1615
19 1809
1434 1915
1645 1907
1129 1105
72 1742
1641 314
635 859
1083 977
62 1672
1161 1541
1312 143
1841 1230
649 1319
240 141
1104 875
438 1119
1122 1720
1407 330
92 1314
1850 202
1635 1187
1235 377
1852 1675
1790 1032
870 787
1394 950
691 259
194 761
1229 536
583 1693
1197 563
597 1899
1480 120
1402 1212
164 1496
1411 1357
1822 1459
1124 1978
6 950
848 338
1703 24
1806 49
900 1431
93 1942
1034 177
1862 890
859 592
968 1641
1820 1543
1510 800
1780 1051
177 431
1333 907
528 1904
1361 1923
357 1929
1088 331
171 893
1258 278
956 497
1474 814
281 431
1161 730
42 1309
1260 1755
1973 837
1310 1420
653 1183
1699 1616
1808 709
1948 237
1863 1041
1482 1729
1094 447
335 1747
125 1712
903 835
1642 704
1931 900
1280 1005
1991 1590
1726 147
692 1126
423 416
1045 947
573 1987
1698 1286
1129 1891
1088 426
347 583
1814 290
1578 261
580 1074
1651 1745
1631 1259
1178 105
966 1021
1932 763
506 180
1131 1097
1419 1515
1339 34
437 601
10 1222
6 1248
1351 1790
1965 1701
350 2
262 484
916 868
524 1
867 1428
1344 190
692 1360
1641 42
421 1464
631 305
1997 1580
1500 1228
202 1021
375 1117
1255 1571
573 785
1298 876
1625 1079
1086 599
1821 895
92 1410
709 1437
1609 65
82 1930
1991 1503
1609 828
897 307
1900 183
1836 1599
1592 1097
341 477
1167 1514
1333 891
1333 1454
1552 96
538 902
1117 789
21 1090
511 1116
1887 1620
22 1451
836 257
1637 1136
925 1446
1490 1310
1295 629
903 706
601 210
964 1097
1913 800
783 1203
1628 1265
1888 1900
410 1231
677 1394
559 824
995 1667
1564 168
201 261
1727 1301
285 674
623 859
1773 679
1680 369
1870 1404
1458 701
1112 1643
437 1718
1415 1668
1385 701
478 1651
1106 1255
1558 1194
93 875
366 1917
1878 1028
653 1819
801 404
1727 167
1045 601
193 439
352 1481
1993 1222
1659 827
151 99
1402 970
832 1456
864 13
482 58
240 37
234 814
843 1381
1700 1785
1699 1427
445 52
651 1657
1413 369
385 1014
956 1798
1867 741
768 1737
1593 94
963 1390
1798 769
231 935
285 527
328 1086
1782 1280
421 1213
352 931
720 89
835 1027
1158 115
1942 176
257 1116
269 689
556 527
1302 1427
985 1365
326 721
1867 160
1234 1585
518 377
1802 403
1401 1930
269 1627
435 1857
7 1614
1206 1857
1503 430
349 1585
36 177
1252 958
956 512
298 1021
1198 750
704 13
918 830
1852 645
356 304
1845 1076
1367 634
1878 742
1081 702
139 1238
1072 1244
1824 1742
567 946
1100 430
169 1070
1286 431
1341 868
463 1216
1867 1452
880 1264
265 42
83 1452
1526 1724
341 952
3 452
452 124
124 515
515 788
788 1536
1536 550
550 984
984 1952
1952 553
553 186
186 447
447 1451
1451 393
393 391
391 1632
1632 1996
1996 965
965 1099
1099 995
995 368
368 885
885 1992
1992 1947
1947 271
271 1424
1424 1205
1205 457
457 807
807 1748
1748 1083
1083 508
508 1028
1028 1439
1439 1559
1559 359
359 512
512 737
737 1170
1170 1155
1155 1970
1970 1930
1930 1461
1461 1303
1303 1869
1869 70
70 285
285 1342
1342 1733
1733 985
985 858
858 1198
1198 1135
1135 15
15 1518
1518 49
49 250
250 246
246 706
706 1565
1565 908
908 1697
1697 1185
1185 1311
1311 287
287 1751
1751 1378
1378 1864
1864 762
762 744
744 387
387 45
45 567
567 739
739 1156
1156 1941
1941 1696
1696 617
617 391
617 766
766 1244
1244 1254
1254 123
123 1539
1539 663
663 682
682 785
785 962
962 914
914 984
914 1487
1487 795
795 1166
1166 1621
1621 1768
1768 982
982 1002
1002 973
973 1306
1306 1448
1448 1503
1503 994
994 1450
1450 578
578 1793
1793 992
992 326
326 1046
1046 199
199 1584
1584 1546
1546 1321
1321 749
749 389
389 1408
1408 1044
1044 294
294 1478
1478 1561
1561 436
436 151
151 1837
1837 1983
1983 251
251 640
640 1612
1612 1188
1188 1471
1471 105
105 1548
1548 861
861 1166
861 1346
1346 533
533 728
728 698
698 1225
1225 632
632 1603
1603 621
621 793
793 1486
1486 1743
1743 1771
1771 1196
1196 693
693 1079
1079 585
585 691
691 682
691 1034
1034 1180
1180 1196
1180 856
856 264
264 68
68 1055
1055 999
999 1304
1304 1945
1945 1330
1330 1890
1890 405
405 907
907 321
321 827
827 463
463 901
901 655
655 951
951 1421
1421 739
951 1997
1997 198
198 296
296 938
938 15
938 483
483 965
483 256
256 1483
1483 219
219 408
408 720
720 1351
1351 1445
1445 1628
1628 39
39 1126
1126 1112
1112 698
1112 1779
1779 139
139 703
703 331
331 690
690 1650
1650 473
473 1641
1641 1377
1377 1528
1528 1081
1081 1236
1236 882
882 915
915 444
444 791
791 855
855 1460
1460 539
539 196
196 1587
1587 563
563 239
239 1689
1689 1271
1271 839
839 1532
1532 615
615 5
5 518
518 547
547 253
253 1525
1525 1060
1060 1149
1149 309
309 1510
1510 322
322 972
972 274
274 200
200 1959
1959 1675
1675 581
581 1157
1157 775
775 1775
1775 88
88 1405
1405 669
669 337
337 1011
1011 1103
1103 1887
1887 512
1887 504
504 666
666 518
666 665
665 888
888 1037
1037 112
112 928
928 1363
1363 870
870 616
616 1251
1251 1855
1855 1959
1855 874
874 1642
1642 1511
1511 1123
1123 1905
1905 1957
1957 1172
1172 277
277 1345
1345 1089
1089 771
771 1454
1454 580
580 587
587 545
545 1665
1665 955
955 542
542 180
180 324
324 548
548 1728
1728 448
448 1812
1812 979
979 397
397 1623
1623 1076
1076 1810
1810 1668
1668 616
1668 485
485 1113
1113 162
162 343
343 777
777 355
355 184
184 153
153 394
394 1949
1949 467
467 1861
1861 1239
1239 735
735 390
390 281
281 594
594 1410
1410 965
1410 1805
1805 1485
1485 626
626 1354
1354 817
817 763
763 856
763 1254
763 348
348 568
568 825
825 214
214 586
586 1995
1995 1921
1921 1011
1921 1744
1744 916
916 1749
1749 414
414 84
84 623
623 1724
1724 1646
1646 1344
1344 1730
1730 1353
1353 35
35 494
494 1590
1590 1089
1590 461
461 1877
1877 642
642 965
642 1916
1916 1933
1933 1881
1881 526
526 490
490 1445
490 1114
1114 1236
1114 643
643 528
528 1163
1163 310
310 110
110 1449
1449 402
402 1600
1600 463
1600 1189
1189 1441
1441 481
481 901
481 220
220 611
611 1626
1626 1304
611 382
382 1657
1657 1244
1657 1903
1903 1966
1966 1627
1627 1836
1836 1364
1364 1107
1107 1707
1707 1777
1777 1664
1664 514
514 877
877 923
923 961
961 1141
1141 1999
1999 1268
1268 919
919 175
175 1588
1588 549
549 1874
1874 84
1874 462
462 138
138 1065
1065 332
332 1456
1456 862
862 417
417 697
697 1779
697 1937
1937 690
1937 1457
1457 1897
1897 7
7 1926
1926 454
454 567
454 696
696 1686
1686 1772
1772 1542
1542 65
65 759
759 1341
1341 1735
1735 588
588 1353
588 934
934 1093
1093 1605
1605 86
86 1360
1360 1927
1927 239
1360 1517
1517 136
136 1699
1699 1128
1128 1169
1169 663
1169 409
409 559
559 969
969 1911
1911 225
225 562
562 739
562 1933
562 1223
1223 70
225 344
344 1048
1048 1899
1899 1544
1544 1305
1305 1765
1765 318
318 1058
1058 1683
1683 720
1683 589
589 537
537 1933
537 1797
1797 1931
1931 1027
1027 85
85 990
990 1899
990 1007
1007 1578
1578 410
410 1984
1984 1356
1356 1731
1731 67
67 1859
1859 78
78 496
496 1896
1896 1910
1910 488
488 393
488 410
1910 639
639 140
140 191
191 229
229 911
911 1228
1228 241
241 1375
1375 163
163 753
753 949
949 523
523 736
736 882
523 214
949 947
947 1494
1494 1007
947 1653
1653 474
474 374
374 1467
1467 1382
1382 730
730 1211
1211 267
267 1297
1297 741
741 879
879 1962
1962 1126
1962 387
879 1987
1987 1147
1147 1836
1147 1893
1893 584
584 590
590 361
361 11
11 1644
1644 893
893 917
917 406
406 454
406 980
980 145
145 1524
1524 1344
1524 984
980 311
311 1890
980 137
137 1540
1540 9
9 1398
1398 731
731 976
976 1139
1139 1374
1374 1440
1440 808
808 1955
1955 10
10 1979
1979 568
1979 1607
1607 64
64 124
10 793
10 969
10 908
10 505
505 470
470 1601
1601 365
365 1200
1200 1158
1158 390
1158 1733
1200 918
918 1753
1753 1990
1990 1967
1967 79
79 342
342 1509
1509 1227
1227 1506
1506 1827
1827 1942
1942 758
758 1016
1016 646
646 35
646 408
646 212
212 1405
212 1824
1824 998
998 301
301 682
301 1404
1404 779
779 213
213 710
710 1726
1726 1466
1466 988
988 1413
1413 546
546 1059
1059 957
957 1934
1934 1610
1610 276
276 362
362 1429
1429 475
475 49
475 1582
1582 1670
1670 414
1670 632
1670 989
989 1495
1495 1950
1950 505
1950 434
434 372
372 1658
1658 873
873 477
477 157
157 1954
1954 575
575 649
649 1846
1846 394
1846 745
745 1475
1475 849
849 1888
1888 1078
1078 1661
1661 912
912 230
230 174
174 1378
174 1662
1662 1868
1868 380
380 413
413 1553
1553 606
606 710
1553 1976
1976 1297
1976 515
1976 1872
1872 1781
1781 1520
1520 1981
1981 1654
1654 442
442 805
805 1342
805 1811
1811 268
268 563
268 578
268 921
921 1375
1811 1481
1481 953
953 513
513 492
492 396
396 1804
1804 1989
1989 1654
1989 817
1989 1779
1989 1664
1989 1825
1825 1605
1804 1909
1909 223
223 1013
1013 170
170 1071
1071 1502
1502 30
30 1387
1387 1964
1964 896
896 414
896 6
6 36
36 1224
1224 1043
1043 1171
1171 1063
1063 1678
1678 155
155 1757
1757 275
275 1669
1669 686
686 308
308 1400
1400 1591
1591 1353
1591 161
161 583
583 466
466 266
266 782
782 928
782 1025
1025 937
937 1050
1050 526
937 1610
937 1279
1279 298
298 1463
1463 798
798 1603
798 1215
1215 974
974 359
1215 1440
1463 973
1463 71
71 113
113 1005
1005 992
1005 646
113 894
894 1476
1476 772
772 33
33 1649
1649 114
114 289
289 405
289 1164
1164 25
25 223
25 1717
1717 211
211 738
738 714
714 654
654 1187
1187 195
195 80
80 600
600 616
600 660
660 885
660 622
622 229
622 570
570 146
146 1598
1598 1105
1105 1747
1747 1511
1747 492
1747 1371
1371 205
205 927
927 802
802 1512
1512 983
983 1228
1512 75
75 1805
1512 400
400 1569
1569 681
681 778
778 1056
1056 1669
1056 123
1056 1426
1426 1849
1849 461
1426 933
933 1550
1550 604
604 81
81 1734
1734 1324
1324 1924
1924 166
166 500
500 1589
1589 1230
1230 737
1589 521
521 1985
1985 464
464 1013
464 119
119 80
119 393
521 1966
521 1171
521 1646
500 1715
1715 1472
1472 128
128 726
726 1364
726 572
572 44
44 367
367 1353
367 594
367 1505
1505 1861
1505 898
898 1813
1813 1604
1604 954
954 789
789 1285
1285 579
579 1264
1264 586
1264 173
173 941
941 1773
1773 456
456 146
1773 1859
1773 1152
1152 1316
1316 594
1316 1582
1316 885
1152 1652
1652 1031
1031 1340
1340 560
560 1131
1131 961
1131 1992
560 321
560 1120
1120 152
152 1760
1760 295
295 618
618 1534
1534 329
329 1763
1763 1456
1763 757
757 553
757 219
757 1903
757 1169
1763 1793
329 1705
1705 1776
1776 29
29 1678
29 1122
1122 907
29 358
358 724
724 822
822 59
59 821
821 459
459 207
207 789
207 1400
207 531
531 1603
531 783
783 1801
1801 334
334 255
255 1610
255 1260
1260 199
1260 817
1260 669
255 368
255 849
334 193
193 1403
1403 1709
1709 205
1709 1545
1545 754
754 1425
1425 1184
1184 1511
1184 390
1184 1340
1425 1503
1425 706
1425 1149
754 1105
1545 445
445 242
242 340
340 862
340 485
340 97
97 978
978 1750
1750 1000
1000 1264
1000 791
1000 951
1000 228
228 150
150 1894
1894 419
419 1758
1758 670
670 1936
1936 593
593 384
384 1881
593 1001
1001 1133
1133 27
27 1061
1061 360
360 1245
1245 1675
360 1058
27 760
760 1844
1844 55
55 948
948 1040
1040 1293
1293 505
1293 741
1293 542
1293 59
1040 1596
1596 1473
1473 3
1473 657
657 804
804 1636
1636 351
351 446
446 422
422 604
422 1536
446 1206
1206 1697
1206 712
712 1930
1206 1826
1826 1160
1160 1902
1902 1035
1035 144
144 95
95 133
133 997
997 730
997 1611
1611 1530
1530 19
19 1750
19 932
932 958
958 23
23 1188
23 1478
23 686
23 389
958 1405
958 267
958 783
932 1388
1388 1157
1388 1820
1820 228
1820 667
667 254
254 211
1820 1038
1038 898
1038 1519
1519 1913
1913 607
607 1508
1508 518
1508 1012
1012 770
770 1947
770 828
828 581
828 614
614 1656
1656 1760
1656 1220
1220 542
1220 550
1220 1986
1986 628
628 865
865 720
628 1147
628 1424
1986 1219
1219 211
1220 391
1656 1975
1975 586
1975 1708
1708 1103
1708 1956
1956 502
502 9
502 1882
1882 230
1882 1880
1880 1689
1880 496
1880 888
1882 1118
1118 1016
1118 664
664 930
930 1850
1850 231
231 1484
1484 1749
231 1776
231 591
591 989
591 1497
1497 875
875 57
57 524
524 1194
1194 1108
1108 1303
1108 97
1108 1307
1307 1665
1108 6
1108 448
524 520
520 14
14 1199
1199 1078
1199 1030
1030 429
429 508
429 79
429 519
519 1885
1885 1959
1885 405
1885 1418
1418 1481
1418 1493
1493 965
1885 1139
1885 1168
1168 788
1885 271
1885 1323
1323 243
243 1369
1369 1613
1613 436
1613 1482
1482 152
1613 191
1613 1741
1741 49
1741 1691
1691 857
857 1150
1150 1003
1003 1684
1684 1568
1568 138
1568 1799
1799 1370
1370 1128
1370 1518
1799 559
1799 50
50 1540
1799 1850
1150 1476
1150 1373
1373 438
438 487
487 15
487 730
487 547
438 402
438 1151
1151 165
165 1326
1326 1679
1679 1953
1953 467
1953 1651
1651 1485
1651 1759
1759 1392
1392 1511
1759 815
815 364
364 139
815 730
1651 672
672 1951
1951 1337
1337 1994
1994 1217
1217 1359
1359 1504
1504 313
313 1974
1974 1535
1535 745
1535 1531
1531 492
1531 731
1531 1213
1213 816
816 1802
1802 1069
1069 1606
1606 673
673 1850
1606 1775
1069 445
1069 1683
1802 44
1531 1251
1531 1664
1974 729
729 1020
1020 723
723 649
723 549
723 1937
1020 976
1020 121
121 306
306 925
925 822
925 1886
1886 1099
1886 1269
1269 416
416 452
416 1398
416 256
416 989
1269 1377
1269 1994
1886 1572
1572 948
1572 1085
1085 1574
1574 534
534 197
197 1170
534 381
381 165
534 1436
1436 1303
1436 146
1436 1075
1075 1691
1075 166
1075 294
306 1152
306 811
811 1608
1608 38
38 205
38 155
38 588
38 840
840 1624
1624 609
609 923
1624 871
871 1687
1687 315
315 971
971 79
315 1939
1939 213
1939 714
315 930
315 1251
315 568
315 1569
1687 40
40 1351
1687 1204
1204 557
557 1142
1142 1128
1142 720
1142 1011
557 1536
557 1827
1204 522
522 1189
522 102
102 739
102 863
863 1513
1513 1276
1276 698
1513 386
386 1997
386 1036
1036 1734
1036 1294
1294 1504
1294 1405
1294 1827
1036 533
1036 1141
1036 1910
386 1797
522 943
943 31
31 1919
1919 1100
1100 1987
1100 821
1919 1257
1257 893
1257 1963
1963 1314
1314 1750
1257 1603
1919 533
1919 1990
943 960
960 998
960 762
960 1996
960 697
1687 1883
1883 479
479 1943
1943 1602
1602 1270
1270 221
221 1398
221 1889
1889 910
910 975
975 1414
1414 1190
1190 1922
1922 1925
1925 1377
1925 158
158 662
662 1019
1019 103
103 1463
1019 854
854 1056
854 605
605 672
605 1458
1458 1398
1458 759
1458 162
1019 889
889 1201
1201 570
1201 610
610 994
610 1705
889 982
889 351
1019 233
233 114
233 659
659 772
659 957
1019 509
509 514
509 867
867 840
867 1776
867 1946
1946 719
719 194
194 513
194 165
719 463
867 1871
1871 1883
867 1163
509 1159
1159 648
648 1186
1186 173
1186 271
648 1447
1447 151
648 380
648 1812
648 1384
1384 320
320 1062
1062 732
732 858
732 1778
1778 146
1778 893
1778 174
1062 1176
1176 1330
1176 49
1062 1503
1062 1453
1453 1296
1296 1839
1839 703
1839 1718
1718 1586
1586 418
418 731
418 1653
418 1360
1586 398
398 401
401 1525
401 1661
398 1714
1714 1877
1714 296
1714 663
1586 1035
1296 994
1296 1774
1774 678
678 999
678 853
853 874
853 993
993 644
644 1369
644 1795
1795 730
1795 454
1774 1242
1242 263
263 618
263 136
1242 741
1296 1007
1296 834
834 224
224 858
224 531
224 626
834 1877
834 231
1453 1124
1124 781
781 1111
1111 1959
1111 577
577 293
293 1891
1891 270
270 766
270 801
801 1744
1891 876
876 1864
876 595
595 918
595 922
922 550
595 1171
1891 1888
1891 633
633 1348
1348 184
1348 69
69 1034
69 234
234 1351
69 864
864 684
684 722
722 663
722 228
722 70
722 696
722 1205
684 1826
684 1690
1690 897
897 1803
1803 1675
1803 563
1803 251
1803 1896
1803 802
1803 998
1803 1601
897 227
227 748
748 54
54 904
904 1049
1049 1557
1557 249
249 1374
249 617
1049 1467
1049 113
904 805
54 1139
54 526
748 959
959 872
872 1980
1980 1190
872 288
288 784
784 1435
1435 1217
1435 1511
1435 148
148 1559
784 1304
288 1977
1977 877
1977 1420
1420 959
1420 689
689 227
689 1605
1420 448
1420 1413
1977 1623
1977 445
288 500
288 272
272 729
272 870
272 146
272 1773
959 1157
227 1818
1818 579
1818 1998
1998 762
1998 781
1818 1741
227 776
776 1740
1740 1853
1853 1064
1064 205
1064 348
1853 1730
1853 984
1740 806
806 1812
806 1249
1249 1883
1249 1592
1592 838
838 450
450 1631
1631 671
671 1376
1376 1575
1575 1313
1313 1163
1313 1587
1575 671
1376 998
1376 1308
1308 923
1308 1800
1800 954
1800 380
1800 1534
1800 1185
1308 680
680 1455
1455 1282
1282 777
680 1311
680 1548
680 655
1308 1994
1308 1034
671 850
850 1303
671 918
671 48
48 582
582 1475
582 512
582 174
582 1976
582 1628
582 1351
582 529
529 51
51 1355
1355 858
529 1134
1134 1859
1134 95
1134 518
48 276
1631 308
450 1400
450 1457
450 980
838 978
1249 1569
806 394
806 657
806 979
1740 1936
776 1173
1173 589
1173 388
388 858
388 1476
776 1942
776 1264
227 1448
227 1071
227 1268
897 1453
1690 1191
1191 928
864 840
864 1537
1537 1999
1348 1834
1834 1170
1834 481
1834 1943
633 1570
1570 1577
1577 1956
1577 130
130 551
551 1597
1597 1141
551 1068
1068 374
1068 295
1068 1776
551 549
551 1838
1838 1679
130 1506
1577 1012
633 1865
1865 390
633 507
507 1593
1593 1285
293 1344
577 1769
1769 1214
1214 1811
1214 118
118 660
577 1454
781 1793
1453 1553
320 677
677 2000
2000 214
2000 376
376 1354
376 987
987 505
987 1345
2000 1433
1433 396
1433 1432
1432 1519
677 567
320 1655
1655 1171
1159 954
1159 1911
662 1646
662 1101
1101 1029
1029 982
1029 1087
1087 214
1029 329
1029 1675
158 84
158 1913
158 503
503 1681
1681 332
1681 1335
1335 505
1335 1638
1638 585
1335 1988
1988 1357
1357 503
1357 724
1988 1476
1681 991
991 1251
991 153
1681 760
1922 1311
1922 55
1922 1992
1190 1487
1190 1305
1190 80
1190 542
1190 1610
975 445
975 1733
975 1875
1875 33
1875 1869
910 1114
1889 1893
1270 1340
1602 229
479 552
552 1481
552 622
1883 1356
1883 274
1883 126
126 219
1883 779
871 1673
1673 1896
1673 1538
1538 231
1538 1824
1538 844
844 1008
1008 710
1008 1914
1914 967
967 53
53 1743
53 1001
967 1297
1914 1722
1722 1218
1218 1320
1320 1559
1218 1603
1722 652
652 893
652 1400
1914 1424
1914 992
1914 1409
1409 1207
1207 205
1207 1225
1409 196
844 1960
1960 209
209 663
209 1726
1960 1749
844 1995
1624 944
944 583
944 715
715 877
715 590
944 772
944 998
840 584
1608 1187
1608 405
811 1193
1193 1095
1095 617
1193 528
811 79
121 982
121 1921
121 989
729 1545
1974 1466
1974 1905
1974 9
1974 608
608 1518
608 208
208 1096
1096 1052
1052 542
1052 586
1096 1987
208 1160
208 1823
1823 1323
1823 1877
1823 241
1974 88
313 204
204 581
313 985
313 262
262 1443
1443 884
884 1285
884 730
1443 911
1443 1921
1504 1015
1015 1466
1015 1364
1015 500
1504 1651
1359 1863
1863 1030
1217 938
1994 774
774 1519
1994 1793
1994 972
1994 1059
1951 390
1951 1166
1951 621
672 407
407 1812
407 927
1651 962
1651 1107
1953 1083
1679 1771
1679 1285
1326 104
104 539
1326 1760
165 1254
165 660
165 1898
1898 1534
1898 1509
1898 1232
1232 383
383 793
383 1514
1514 1452
1452 1196
1452 1928
1928 882
1928 245
245 434
245 1067
1067 1669
1067 469
469 627
627 1783
1783 1354
1783 1639
1639 1413
1783 1351
627 1130
1130 502
627 281
627 1044
469 1059
469 829
829 587
829 1678
469 828
1067 985
383 1478
383 1947
1151 1239
1151 1753
1151 563
1151 1691
1151 1595
1595 1997
1595 345
345 1992
438 1364
1373 33
1373 580
1373 429
1150 1371
857 1554
1554 1225
1554 1211
857 187
187 928
187 1781
1691 1674
1674 1873
1873 391
1873 632
1674 1163
1674 73
73 1155
1674 8
8 417
8 225
8 1520
1613 955
1613 1056
1369 948
1323 1653
1323 985
1323 1481
519 510
510 1279
510 1534
510 1815
1815 1364
1815 1009
1009 1959
1009 1702
1702 752
752 602
602 1093
602 448
602 1637
1637 1107
1637 1725
1725 603
603 114
603 1890
1725 1544
602 419
602 230
752 277
1702 1311
1009 133
429 655
14 654
14 1765
57 1968
1968 1605
1968 1410
1968 647
647 1961
1961 1826
647 1047
1047 1955
1047 555
555 460
460 1303
460 123
555 586
555 948
1047 1285
1047 105
1047 1180
875 1456
1850 348
1850 1804
930 77
77 941
77 1709
930 157
930 1039
1039 1525
1039 1959
664 490
664 19
1118 274
502 1675
1956 496
1708 643
1708 1560
1560 244
244 436
244 468
468 1899
244 972
1560 714
1560 1738
1738 508
1738 558
558 1059
1560 580
1975 1483
614 713
713 1706
1706 1861
828 349
349 681
349 1460
828 1576
1576 1650
1576 1837
828 1647
1647 619
619 578
619 462
619 45
1647 1171
770 116
116 1780
1780 901
116 131
131 932
116 1445
770 988
1012 39
1508 397
1508 1315
1315 1133
1315 1342
1315 1984
1508 1517
607 1937
1913 11
1519 365
1519 579
1388 837
837 1053
1053 760
1053 1055
1053 1846
1053 1930
837 97
837 172
172 981
981 976
981 223
981 179
179 1413
837 1969
1969 317
317 1499
1499 1048
1499 749
317 898
1969 1924
1388 982
1611 1503
997 938
133 870
133 1410
95 230
95 501
501 1279
95 474
144 716
716 1356
716 1016
144 1610
1035 685
685 1228
685 80
1035 753
1035 616
1035 549
1902 728
1902 442
1160 1573
1573 779
1573 496
1573 1650
351 630
630 463
804 1442
1442 214
1442 1650
657 344
657 1454
657 334
657 1460
657 71
948 1412
1412 1183
1183 220
1183 1734
1183 419
1844 1416
1416 1503
1844 585
760 1525
27 1356
27 198
27 389
27 726
1133 951
1133 1331
1331 1523
1523 1281
1281 999
1001 220
1001 695
695 1330
695 1011
695 982
1001 893
593 362
593 1457
593 1350
1350 241
1350 253
1350 1448
593 257
257 1016
257 1551
1551 1285
257 1046
593 825
593 15
670 1661
1758 789
1758 5
1894 738
150 1536
150 36
228 70
228 515
1750 731
242 1113
445 1603
445 791
1403 477
334 332
783 327
327 1805
327 615
531 210
210 741
210 1861
210 1646
210 329
59 1728
822 12
12 1954
12 332
12 1685
1685 372
1685 940
940 1093
1685 791
1685 466
1685 1970
822 1034
822 1812
358 319
319 1342
319 533
358 1743
1776 67
1705 1083
329 1152
1534 1202
1202 1502
1202 1512
618 296
618 1698
1698 640
1698 1505
1698 790
790 665
1698 690
618 852
852 1440
1760 1172
1760 20
20 1835
1835 1733
1835 1749
152 1330
152 1909
152 961
1120 1675
1120 1464
1464 788
1652 1966
1152 1105
173 368
1264 136
579 1872
579 1749
1285 420
420 554
554 184
420 1532
1285 785
1604 953
1604 253
1604 849
1813 693
898 894
367 1630
1630 1949
44 1165
1165 394
1165 163
572 195
572 1479
1479 26
26 452
26 184
726 238
238 858
128 492
128 587
128 410
1472 855
1472 737
1472 1405
1715 1305
500 451
451 1153
1153 1170
166 1196
166 1836
1324 408
1324 1967
1734 397
604 363
363 1054
1054 1876
1876 1311
363 1948
1948 1353
1948 153
1948 309
363 907
1550 1063
933 1404
1426 642
1569 463
400 1382
1512 879
927 310
205 963
963 162
963 7
963 762
963 112
1105 518
1105 914
1598 1275
1275 1771
146 1964
570 655
570 1361
1361 561
561 466
561 36
561 1405
561 1934
561 1644
1361 741
1361 359
660 655
600 136
80 576
576 138
576 996
996 1553
996 745
996 1791
1791 1999
576 175
80 1930
1187 1295
1295 444
1295 1007
1295 1711
1711 817
654 28
28 1451
28 984
654 1449
714 1779
738 730
1717 917
289 1405
1649 406
33 1916
772 665
1476 1198
113 475
71 1658
71 999
71 1025
71 214
1463 163
298 461
1279 908
1025 1672
1672 372
1672 161
1672 737
782 1250
1250 495
495 1757
495 1225
1250 1542
466 1646
583 68
161 371
371 1920
1920 1999
1920 253
1920 1952
371 1460
1591 1532
1400 920
920 331
920 1931
308 1999
686 1869
686 1058
1669 1877
1669 1854
1854 1517
1757 348
1757 587
155 953
1063 1893
1063 1139
1063 1033
1033 394
1033 301
1063 546
1171 1247
1247 862
1247 907
1043 632
1224 344
36 1819
1819 1966
1964 1377
1964 1126
1964 1653
1502 415
415 827
415 915
1502 1166
1502 1689
170 201
201 61
61 788
61 279
279 274
201 355
1013 136
1909 611
396 85
396 1345
805 1367
1367 1582
442 283
283 409
283 1503
442 337
442 1840
1840 1060
1840 812
812 1562
1562 496
812 915
1981 1034
1981 1478
1981 1548
1520 1185
1872 1971
1971 972
1971 1995
1872 361
413 1881
1868 448
1868 1548
1888 362
1888 559
849 337
1475 405
745 1605
1846 1540
575 985
1954 1170
1954 735
157 766
1658 1244
434 911
1495 586
1495 285
362 928
362 1027
276 788
276 1966
276 1113
1934 1140
1140 1143
1143 1731
1140 1027
546 1305
546 947
1413 393
1726 669
710 1172
710 1996
779 1060
779 985
301 1451
301 246
301 703
301 1584
998 1542
212 585
1827 1744
1827 588
1506 253
1506 1784
1784 1364
1784 390
1506 1147
1227 374
342 1675
79 1777
1990 15
1990 1454
365 1805
365 394
1601 1949
1601 1188
505 318
1955 877
1440 1007
1374 1581
1581 1657
1139 870
1139 397
1139 70
1398 137
9 728
1540 186
917 621
893 691
11 78
11 548
361 791
1147 1517
879 1696
741 1266
1266 1034
1297 1351
374 682
374 389
474 321
474 1002
947 1666
1666 162
753 955
753 465
465 542
465 1890
753 1065
1375 1972
1972 1244
1972 1548
1375 1897
1375 1855
241 151
1228 1103
911 1707
229 1103
229 1930
229 1983
140 655
639 1378
1910 972
496 390
1356 1771
1356 1768
1984 793
1984 1485
1578 1169
1007 1612
85 274
85 142
142 3
142 1646
142 1449
85 1627
1027 992
1027 624
624 1559
1931 1933
1931 1877
1797 739
1058 1060
1058 277
1305 1517
1899 559
1048 408
1911 626
1169 444
1128 1739
1739 728
1739 274
1699 436
1605 35
1093 766
1735 691
1542 1771
454 962
454 1546
1926 962
7 274
1457 855
862 856
138 663
462 1559
462 1018
1018 1587
1018 1346
919 807
1141 1351
961 817
877 1749
514 533
1707 1641
1707 1471
1107 1539
1107 436
1107 691
1627 1563
1563 1470
1470 526
1966 1166
1903 698
220 907
1449 1697
110 962
110 1642
310 915
1933 447
1933 1126
1916 1487
1916 542
1916 322
461 1733
494 1890
1353 749
1646 855
916 874
1744 1363
1744 1113
1995 1263
1263 1439
586 1779
825 1890
568 504
1485 1930
594 1970
281 91
91 1239
153 994
355 870
343 563
162 1487
162 1696
1810 504
397 1277
1277 1527
1527 1089
1527 693
1277 666
1812 151
180 1905
542 737
955 1689
545 112
587 1546
580 219
580 1833
1833 1632
580 5
580 928
1089 1112
1172 791
1172 578
1905 447
1511 1733
1511 908
888 855
888 1864
88 775
88 563
309 1112
1149 1771
1525 512
1525 1807
1807 1303
253 617
1532 139
855 1185
1081 447
690 908
690 493
493 1254
1483 858
405 512
1771 994
1743 1424
533 1448
105 1559
436 457
1561 1748
1561 1768
1478 391
1166 1952
914 965
785 452
1254 567
1751 1869
1303 1748
512 553
359 452
