2000 4000
1656 1301
1634 1499
443 1821
1215 592
1922 1102
274 1432
181 1373
1262 1392
895 1552
1325 199
1305 407
1908 26
901 1351
1899 384
856 1844
304 670
127 1311
1042 679
397 293
1216 614
1916 1429
707 1899
1631 818
388 148
537 50
250 1472
1594 280
642 96
258 1181
1713 210
71 260
1539 1627
502 1990
781 1926
64 1838
555 1396
1586 1465
1716 1719
849 782
1161 1515
446 1591
1185 1619
1246 406
1361 756
1741 1035
8 1797
10 1828
1400 1256
1969 1383
1103 1957
130 684
983 1389
1398 391
1361 1284
1885 858
960 1305
1688 265
744 1396
722 605
506 1007
1052 134
1529 963
743 1256
87 1191
1322 1871
715 925
870 979
4 1597
1696 1235
656 1901
1696 781
1100 948
1087 776
1722 541
1371 71
464 598
902 170
1157 1486
135 1043
1604 1265
1661 1685
33 609
1964 1199
1837 1193
1717 297
158 977
711 1225
70 1719
23 207
552 1827
378 300
216 1618
1415 1731
72 1392
1876 889
1933 1423
1488 477
492 710
1887 606
648 1580
1385 1084
344 994
1847 384
807 1619
1771 1480
1177 727
1567 678
1796 1583
1960 1041
745 1078
1335 782
483 273
365 1994
142 1903
973 564
1226 1168
1727 1385
983 471
1166 429
1177 1511
149 477
1315 597
176 639
569 998
70 1388
1457 870
1356 472
645 1919
1354 1336
301 470
72 1226
1443 1301
1941 684
349 1021
1209 1750
589 1352
1837 555
1682 835
1028 1160
263 1631
12 1546
1346 768
598 660
831 1245
142 1364
1572 1035
18 1251
1347 960
125 1199
272 252
1189 149
252 1180
1744 1916
718 1796
1281 162
410 722
1431 219
148 378
1397 511
104 1003
1541 1316
1488 1171
1762 1660
1299 369
1054 593
103 293
1710 870
153 738
1640 913
116 376
243 738
621 292
28 915
1223 1412
1039 1881
1534 1528
1694 37
1464 1764
1819 449
1296 1923
986 1339
697 1461
1104 348
499 127
1520 1003
1867 368
224 1903
698 1407
1160 1725
1078 1335
1026 1075
729 840
92 1399
427 1787
1101 1933
839 1439
1418 689
1003 317
783 649
808 1646
1637 1113
1857 279
1754 1715
1135 1132
1134 1150
1864 121
154 478
1964 864
201 1695
1700 266
1491 968
1466 227
1886 1895
1810 539
1115 337
1650 1761
102 1353
1508 1430
1626 433
1528 903
1231 1778
1149 829
56 871
883 335
1599 1226
649 1238
1054 960
1825 431
1066 1032
1844 1687
304 1026
1513 1569
1215 885
57 1355
849 544
752 340
43 1154
1228 617
623 1786
1376 1041
1566 1192
1112 526
1738 1113
278 1196
1866 495
1528 14
890 1200
1736 274
690 1180
1433 699
259 537
226 175
537 778
1001 397
1906 371
1841 1186
625 1835
888 972
1515 1168
1436 865
1595 328
1349 1724
215 1839
815 1353
1782 108
328 1972
838 366
1317 971
1046 326
1021 822
1815 84
1146 1268
1339 515
905 1878
1122 115
1291 1533
389 184
691 611
1541 1372
1582 1302
1767 1216
1753 55
803 1281
661 295
356 148
457 39
1693 1803
786 145
1998 1301
1467 1362
1307 1704
1828 1224
719 960
206 575
426 805
1679 984
1827 502
986 1445
1647 251
1755 1081
1630 1502
213 98
901 924
1901 165
1000 1235
139 162
509 115
402 656
1337 706
1463 1226
920 1586
1908 371
1434 1205
968 1775
1804 686
22 8
1439 1644
925 1683
881 1156
1161 257
7 1254
803 1279
671 1808
803 371
974 797
647 1334
155 1372
1205 1821
1194 324
1185 983
1074 1466
1041 1493
963 1822
423 66
42 700
309 1868
1653 1574
685 510
608 1241
1807 639
1781 45
459 590
495 758
49 987
86 68
1112 1905
1815 1458
591 1526
388 1198
625 301
489 1244
1639 801
1460 1524
1552 651
1670 346
1531 718
686 681
1722 1911
804 968
798 862
1242 840
995 1547
1800 1306
116 870
1927 1596
820 649
423 1995
1727 1165
320 614
1862 1126
919 1498
275 1725
1655 16
392 1194
785 612
542 395
819 1842
557 398
321 422
172 1540
675 1185
519 778
255 157
1752 234
1729 447
1912 902
681 796
279 1061
1104 1335
225 3
1349 1227
1565 1750
1002 1744
771 323
269 1107
1067 1564
1300 585
1904 1357
1443 746
1855 843
1152 351
350 36
370 793
43 1270
1224 786
1424 1260
588 501
718 1989
1249 1627
66 269
1989 1736
268 611
1123 1393
828 874
1456 1262
470 217
1599 957
263 1737
1816 1278
166 1535
630 1757
885 1273
808 1845
1112 1504
859 1101
299 623
1844 975
395 1858
1608 707
530 1801
371 194
249 1829
636 514
790 1215
331 1816
1188 1443
485 205
1918 247
508 886
1639 145
1328 722
292 1739
1958 420
1964 1036
148 769
266 966
766 581
1126 1019
1626 1900
1578 954
747 1334
480 499
1617 1711
1526 1503
786 992
1535 1157
884 1391
1908 318
1133 1753
787 726
69 449
415 332
1131 322
363 1141
362 821
1871 1612
1587 1963
1513 1879
886 149
776 1286
403 1810
1963 519
1746 1479
1269 725
564 1749
1112 1213
1821 481
1736 1509
1117 527
915 1933
892 917
133 1030
1643 837
1542 145
538 807
714 994
517 522
617 1885
1331 1805
1762 1888
1055 633
1575 56
1214 616
813 1260
1025 915
712 622
1784 1706
76 1340
1593 862
605 642
1371 1600
733 1390
1975 343
1213 501
1947 1068
374 1857
1831 1476
468 1968
1006 1894
1862 1857
1680 609
1490 419
1510 382
191 1001
1867 788
501 218
1189 1215
1518 748
1680 1745
218 1809
1025 580
1832 1336
1925 509
475 51
1879 639
381 175
28 1263
799 55
1789 1761
1761 1218
182 1622
865 1640
616 1516
1791 1129
205 1491
1629 1640
367 1654
1256 1708
1184 419
251 295
215 1717
1058 340
1096 837
1768 535
419 1744
639 193
1759 746
1587 1599
315 1277
1560 1993
370 1149
1036 715
1580 10
1353 550
1862 405
749 714
386 881
217 711
1537 1933
1713 437
1951 1547
783 973
188 617
870 110
903 689
1148 885
758 712
1591 962
1624 1266
687 389
811 148
1153 100
813 697
1854 1746
1749 1103
1645 1641
1495 605
410 974
320 47
1363 616
1469 1077
314 303
597 502
759 327
395 1065
1042 1415
1105 1798
669 1367
1797 1473
1950 273
1428 1266
712 1256
1414 1037
1296 1961
806 413
348 1844
1788 1220
1943 505
1105 1991
720 1819
1708 39
1398 1825
1697 1166
1448 2
623 894
587 1570
1963 1668
1248 53
514 660
1543 1894
1871 399
756 585
1768 707
137 1955
729 1889
328 793
1496 496
436 1925
1635 1290
1643 686
380 1755
1759 1465
509 1371
766 1342
1347 627
117 1144
1441 1689
1820 697
393 1513
672 882
65 1542
1995 1217
11 137
1826 232
33 1188
1168 152
468 884
312 1154
531 1658
458 1745
1199 1789
1615 1271
1878 1324
307 1280
191 1201
197 1394
1390 1950
667 572
145 554
1419 423
663 418
946 31
1339 11
1777 94
1453 1436
35 1377
1079 1342
1652 264
1994 195
109 453
1165 1873
1481 789
1812 567
779 1296
1217 533
1531 123
962 1493
1639 1726
739 549
91 1873
953 1665
1390 1792
662 164
1489 146
1433 1806
1635 1531
212 1309
125 1807
1914 1330
369 1933
1669 621
986 931
479 1817
1450 1287
826 1850
1992 93
911 1781
111 283
1261 1732
544 1906
1560 132
164 575
1140 1219
214 495
1739 1110
342 1934
590 45
1516 1307
766 760
1365 344
1375 495
95 1313
719 1663
1344 41
50 188
1094 584
1414 1961
1796 7
377 498
1219 478
1550 1390
1456 1381
1368 228
4 1095
1801 340
668 182
763 1058
766 1563
1080 1965
553 164
1024 1739
1218 968
230 596
241 1295
1197 1320
11 1751
4 288
45 1554
394 845
51 1536
100 317
975 1875
1681 317
366 227
731 998
1166 1823
859 614
37 1066
595 637
167 508
594 63
647 1625
1231 1255
1170 143
1075 696
565 1755
1684 1755
906 1564
37 960
555 946
1917 896
965 1973
1699 513
1603 916
589 87
1711 1648
1268 225
1049 1789
259 1720
1288 214
202 380
1264 807
213 811
1877 1933
405 270
1563 663
861 1278
1602 1580
1037 900
1931 274
1334 348
201 177
975 349
1729 1846
1508 46
75 1630
864 581
466 1497
922 1188
10 1757
345 1624
1603 658
1341 831
934 732
458 1331
489 987
1918 445
1034 1424
1275 188
1320 1020
823 1335
1251 1445
1550 1400
1629 1436
1236 806
1730 145
551 679
1925 293
1888 155
121 1564
1852 1994
1726 1037
866 1674
1520 79
1336 1268
1460 1650
1804 1445
1541 773
1556 1520
777 1619
1132 1081
1817 1584
1152 940
726 863
388 1845
1124 594
900 575
1472 557
728 995
1700 1307
1699 1601
1155 168
1999 1831
1571 950
1151 406
1547 494
1669 1681
1162 962
1666 3
1717 1228
1182 1874
578 1284
714 519
1300 411
891 1111
995 273
1844 625
989 1448
1501 434
1625 512
481 1214
821 813
336 825
1856 1059
1396 1613
1142 655
1637 1820
959 369
1554 754
1711 1209
379 1558
1210 789
182 451
804 1454
1577 1799
1915 1555
699 976
97 1145
1906 48
1002 1403
1326 93
1640 1306
146 1531
1554 173
1361 1385
1976 988
200 1367
727 1174
1186 127
611 1674
1506 657
190 1523
1061 1264
383 111
1604 1712
79 432
751 471
1579 1955
327 1102
882 662
1 1882
1388 882
1850 873
1061 1607
675 1395
225 1627
1933 1937
1889 583
531 943
1195 1908
1430 1723
1104 1474
76 1388
1453 1260
1628 1748
990 699
1623 161
329 1637
1461 1534
1231 1894
84 963
393 326
1134 1176
1395 1526
1230 120
1966 1854
1736 1425
1948 248
283 1461
942 650
207 406
171 1155
1959 1246
374 278
1874 216
239 998
752 1034
726 82
181 1138
1021 1697
235 689
1203 697
69 1427
349 1071
1487 245
1437 12
720 1539
742 1165
1386 489
1062 30
1008 1457
669 1297
799 1410
407 1752
363 1051
42 283
1115 285
916 227
359 744
621 338
1625 61
1569 913
1781 1040
962 1492
1357 386
875 648
1624 336
1947 65
951 270
1178 1742
13 1928
351 1255
630 847
1690 416
1787 1226
939 599
572 679
279 1611
410 1391
1052 298
1316 1327
1528 702
303 1902
1226 1760
437 438
1688 298
429 878
1754 1059
1092 1186
869 1951
999 842
975 407
684 1324
1744 1170
1420 507
1890 1050
1921 172
746 1291
1340 1805
484 372
1121 1498
919 1661
463 1210
1250 1985
1577 1441
915 446
1869 1620
988 1454
1568 834
108 914
1357 687
759 897
1904 1747
115 1735
892 1166
598 1001
219 1169
1520 62
1319 184
694 136
521 49
589 1699
1031 1841
579 1226
750 1822
250 903
948 964
1203 375
1652 637
1032 652
1389 597
686 345
1993 860
778 1635
887 1816
1432 267
1509 1392
1868 1047
101 373
422 1438
394 405
681 822
1381 332
572 1012
714 1025
166 842
1931 752
1933 1657
845 1845
1721 1307
32 88
120 1493
994 1211
1573 255
146 1102
334 1569
1399 536
546 1157
477 520
1199 879
805 1698
683 1738
506 1140
1398 916
1443 813
496 219
1161 1059
1835 438
1530 836
1330 857
762 1444
1320 1255
485 293
111 1508
1680 832
192 426
582 1849
1550 877
1577 269
1659 930
1347 1654
1972 1790
1232 1292
334 867
364 483
1880 1402
603 1537
373 718
395 676
1587 1743
109 584
1868 158
1652 1931
1779 1925
281 493
89 1081
110 307
1451 325
1933 671
1589 1517
705 1576
374 17
88 1605
8 1173
473 325
1929 1374
1490 866
150 47
1420 1117
1404 310
980 324
954 1202
1343 987
1969 5
1871 1696
333 1153
1995 128
856 229
1839 1019
1337 1369
1245 1622
1053 493
57 1106
1118 1214
90 680
1007 762
101 1811
774 943
1659 972
532 1775
1545 921
1143 462
426 852
891 122
1455 1921
70 1609
283 388
355 1576
893 451
798 427
456 1470
1237 481
623 1202
647 1861
555 140
1655 919
1505 1397
362 1322
744 1256
880 194
1504 266
1861 246
862 197
490 1522
231 1780
146 1703
386 419
1465 1806
1377 864
1593 1119
1649 106
1545 1910
1667 1168
563 1108
676 1364
781 430
1156 1514
434 495
726 1913
1412 1588
470 1288
678 896
148 1344
1094 11
40 51
641 1623
581 444
762 199
590 1589
574 1223
738 1918
1818 1203
1451 1096
1347 1455
492 1653
1922 1479
609 223
1988 13
1940 6
1619 263
614 911
443 630
1044 344
1469 886
1608 1200
1057 1814
495 1593
585 1624
1736 1785
301 1739
1548 629
63 1708
805 1888
1697 567
1658 1950
1104 1313
1604 817
1293 1616
122 531
496 1859
437 322
1196 1770
622 481
1320 1091
889 997
805 418
487 1952
1800 1340
1297 861
1962 1909
994 407
1028 802
489 1117
719 826
1009 187
1064 259
4 458
455 1144
395 1323
124 1849
328 496
233 1462
557 495
607 1037
1833 1690
1530 291
1145 869
962 477
1612 1184
1662 1849
518 12
657 1318
1887 744
1160 1303
795 1380
565 265
1514 1190
760 1635
1891 551
952 862
1302 1171
1049 37
763 272
11 630
1107 325
1474 1678
384 851
1072 1959
594 454
613 1349
952 693
1841 660
1774 1356
1205 1395
211 278
948 812
800 960
1800 1397
1534 40
1879 1553
1497 1037
1331 1298
1661 504
812 159
170 352
1569 47
1522 443
1471 167
1680 1851
1287 1161
1941 612
707 1317
499 623
1768 433
782 1731
118 1731
161 41
663 1421
1331 1614
501 1724
377 102
1401 1893
1779 333
1257 1396
75 975
1008 1975
1280 1676
1632 1751
1468 99
496 1279
1217 1087
1291 723
51 514
405 1311
1069 1997
611 563
396 793
521 817
596 864
1237 466
1303 1964
419 1362
210 602
348 1993
902 1365
1163 74
300 609
1908 1244
232 1156
1859 50
1498 1279
687 343
1619 1136
1744 1183
1497 1810
652 96
914 624
1889 819
1018 1021
1116 1562
1277 196
1898 792
1410 229
1420 130
1505 1239
250 1861
1610 1481
549 883
1545 771
123 1385
1747 1970
481 1967
69 1958
933 1144
510 704
352 347
776 1335
291 1072
693 261
708 74
1927 1835
338 24
1502 1702
1298 815
590 1566
1981 471
865 1199
284 702
1015 1929
1248 1487
958 1559
787 1210
1972 1222
323 1242
1532 1558
336 1236
760 1235
231 424
419 1035
772 743
1743 1053
1017 652
1706 1231
134 1758
1035 1568
1252 1200
161 946
1246 378
1016 443
813 1839
1784 1428
1561 867
1684 936
1085 684
353 1020
1272 230
1281 512
1307 1628
1491 224
500 718
1050 1517
1189 1287
1084 1169
1641 1394
1929 594
848 1715
561 1335
668 655
869 787
1872 712
1480 1099
1506 952
1899 354
9 1020
900 957
1895 822
718 1445
1792 829
1934 175
1630 469
1777 932
310 1191
570 256
646 1576
1950 703
565 332
785 958
1298 1290
278 1388
908 1027
441 1208
1160 1593
229 1743
1722 1548
567 1658
760 372
164 391
1578 845
1590 620
1206 657
1510 1013
926 424
1894 1865
103 172
1535 1293
1945 1837
1869 1685
1993 1857
1338 1245
1864 360
1201 483
1962 1058
754 684
1268 1462
1448 1791
1249 631
223 1004
1411 801
978 67
1908 474
812 1174
1189 274
1089 790
1267 1151
1659 1426
1319 966
1046 1325
73 636
1868 473
1323 1425
1219 313
34 1135
1857 1909
1111 262
1492 1094
800 1778
809 1198
1146 260
782 1526
1465 1677
1449 1304
1395 276
1462 1576
1211 1880
1823 1333
903 1079
1409 1299
173 709
1543 1567
693 623
810 604
1711 1939
1924 9
446 945
330 778
1480 941
895 1548
1459 210
1542 1055
631 771
501 159
669 225
687 1305
1817 1613
1367 1783
22 802
1486 237
577 1187
1993 1129
1444 1008
507 879
1595 1512
1784 1748
643 409
1645 169
1167 610
1393 245
1619 1198
1903 794
1275 773
1548 927
391 732
223 416
777 1253
972 987
742 113
951 1859
1169 184
327 366
1091 1152
1750 195
1881 161
1380 1048
1916 245
1586 1631
1102 1591
630 369
1514 1587
697 505
1938 1665
1968 949
1381 1263
108 781
585 1584
175 777
1166 531
630 1261
1652 1680
1732 25
1183 457
388 1453
994 1388
818 479
1753 757
346 1940
1778 1387
586 710
191 701
925 595
264 273
1244 1473
734 63
1320 598
1741 916
1241 313
306 585
299 1768
1915 102
1506 171
344 435
1958 727
1818 1537
523 1281
1734 348
804 43
466 961
1871 1458
1754 790
555 1262
965 981
364 1904
1205 1784
707 437
1275 1494
895 477
839 183
148 649
795 571
966 1921
793 599
1761 1731
1181 605
907 420
1201 94
393 1726
478 1749
1363 1007
570 1826
1727 1705
75 508
1041 1328
138 140
933 140
942 352
862 653
1058 1023
514 1190
1190 1454
1639 1430
1558 666
1996 983
1644 1485
532 390
1716 1529
1618 412
881 453
624 1833
1629 1572
768 272
483 262
390 442
897 94
1342 1005
1370 354
126 921
1326 301
583 900
1410 111
1818 1101
1989 481
988 1822
1096 1427
1511 19
1906 1364
1207 258
278 1823
1876 1364
1742 636
1519 1455
1756 76
1682 1699
1004 667
1400 1851
459 123
890 1033
40 456
1954 1305
665 1233
490 998
1278 1126
570 1291
1723 1810
1931 1183
1987 1396
149 563
1166 1653
1579 432
1628 1827
1278 1547
166 1749
1375 146
157 12
838 301
522 1819
1741 280
88 1477
792 199
909 1906
533 560
1062 49
404 902
350 1471
606 520
1041 1586
1189 1216
938 104
1510 1677
1387 1024
130 1851
962 516
1909 409
532 73
761 1282
1983 1265
954 1704
1180 1865
1632 1559
554 1161
1435 376
833 967
1614 1431
1193 1344
1122 130
220 1942
995 107
1971 661
1801 15
842 1131
487 351
1447 409
1534 1733
363 134
1258 1081
735 1838
1600 1613
921 1639
1913 1940
715 570
2000 39
49 620
417 900
1344 948
680 1500
1056 1911
642 1063
796 1444
177 353
1007 1393
1840 1888
1584 1079
953 1051
626 1425
406 736
241 1433
1759 688
437 1616
1812 149
1562 1974
1740 1824
742 996
1601 1481
597 1586
1573 1538
325 670
1850 1792
1580 1813
1386 1671
455 1838
1667 1007
338 41
1003 45
830 765
166 1003
1047 1024
1250 1856
1099 1615
1334 745
1286 896
1466 466
876 501
1943 492
704 1953
5 692
905 1849
187 562
520 130
827 783
1643 1404
1942 1970
1277 1408
160 592
239 196
720 1875
1046 1757
620 1205
552 1947
1456 1963
1099 339
431 202
402 790
191 92
270 1769
1195 1955
958 760
212 531
1128 1507
1680 1521
503 220
1632 559
1262 1565
821 1
176 1663
273 1553
805 1301
807 664
937 55
1275 550
1123 245
763 1343
201 1580
1313 736
261 880
1641 1052
19 1801
483 730
1826 1914
599 1437
968 933
1410 143
1197 1226
554 1227
1555 652
1145 1617
919 1006
1084 88
1158 302
506 888
1097 1776
991 1954
99 1204
252 1413
1652 1027
380 1552
431 1684
1545 101
1663 1990
1923 732
1830 130
1929 1494
414 1262
939 1026
1163 1793
1851 545
791 1417
389 519
1167 930
1090 1392
1015 431
1871 756
962 503
1168 665
855 1388
299 605
1603 541
303 839
455 923
1931 1083
272 346
226 1185
1436 1344
1290 1677
921 184
315 1819
1506 1351
795 390
1101 321
1087 1633
302 385
1557 529
232 1272
19 249
1900 1199
253 1428
596 4
1338 1523
74 1862
494 23
43 1181
151 1908
1948 1960
640 552
791 1632
264 410
1193 1527
291 1198
1237 414
1607 903
237 1188
1212 1933
1346 738
1837 1649
689 1272
1190 1109
1903 1368
152 983
1352 993
1522 1538
435 1800
1088 1427
910 306
1805 1397
1060 462
1766 431
815 391
1232 946
160 828
1072 830
929 1229
1075 1129
1325 1796
411 1304
1825 1592
463 960
1250 405
978 1969
227 1402
205 1517
1456 112
1424 1835
1187 1529
1562 583
261 1731
257 733
351 1876
377 134
805 465
168 218
692 1138
342 414
1571 722
1148 410
1406 981
811 725
1599 1775
1297 1962
923 847
1426 262
730 1291
108 912
1036 1120
1230 187
68 301
1740 1810
1233 900
174 399
1499 1098
1764 1492
1632 1599
980 122
1404 1702
1334 1679
162 1472
556 823
406 460
289 833
543 1832
598 839
641 1394
1630 205
1446 1067
901 379
1939 1513
124 74
1495 563
778 1390
1696 548
1101 1182
1820 306
828 258
1467 1873
134 1335
112 911
925 1990
7 932
1863 1909
212 1033
1844 1570
1548 1634
1099 992
1655 71
1574 1457
1404 162
702 591
1121 1826
847 1182
1463 866
887 655
277 1901
988 821
1943 1035
714 1050
767 907
19 1588
1488 1417
1362 98
271 867
1460 526
1377 633
1841 1918
1382 64
155 444
1538 1229
878 1774
30 58
37 1625
1882 572
1527 306
1815 1982
226 609
226 441
894 243
1253 1952
1205 1447
1965 1473
119 1444
669 1606
1923 480
690 832
192 1348
330 404
13 406
1323 521
1047 1153
1130 195
707 237
1964 1584
1526 657
1420 18
466 704
1874 1172
1753 1675
1810 1969
1126 1872
1734 1633
1169 61
235 825
1449 865
651 1857
1219 1044
778 1765
665 589
677 779
1208 1805
1075 313
1205 759
1508 1606
1568 192
857 162
189 791
760 1908
1119 868
1321 86
895 499
473 599
1427 426
1734 362
49 1515
1575 649
656 1437
1598 666
444 1842
1321 1314
839 631
1623 811
1586 755
271 1507
180 519
210 61
1448 76
1495 371
611 1422
308 872
1634 17
385 1172
56 1860
934 1332
737 884
1783 1918
1705 1697
1187 1161
777 918
1190 635
883 521
676 627
641 1977
1227 1188
1327 1554
1076 69
1675 642
228 409
1424 35
422 1542
523 1396
590 1240
35 507
41 1159
445 1337
816 1417
1661 383
1162 1896
553 1827
284 1957
483 1574
859 1944
1034 1445
866 244
1719 406
1674 799
563 1119
75 553
828 119
454 1588
281 268
1846 1970
1765 1484
345 1507
1748 776
1049 176
810 541
288 1094
1872 522
557 724
1855 427
736 967
110 1045
689 1662
1617 1101
148 35
999 1344
83 1697
251 337
1999 323
1105 597
534 1058
1432 1354
1341 1648
875 854
161 1172
22 430
1802 1709
540 1394
1974 1829
1549 138
367 1358
1898 1702
269 1749
1247 1002
1223 83
1778 1906
1663 864
732 1791
262 1208
247 640
962 73
1029 290
337 1363
1697 1382
1615 340
1190 1723
1717 1532
1646 906
1953 1436
1265 1814
666 764
763 1332
786 1071
792 1374
1112 1305
173 1716
1973 1012
1738 745
183 1830
1573 402
1711 1684
206 373
159 770
418 207
1772 930
427 1805
1837 501
22 1488
1436 697
939 608
1656 592
17 1026
641 1499
1725 1002
1772 1319
892 949
81 525
49 1341
1688 601
905 30
962 749
1766 59
659 1305
1647 1841
1359 898
481 1648
216 1871
537 1046
17 1880
853 1970
258 1168
811 1588
1968 912
1384 194
1757 1306
1501 1211
322 203
1128 947
1862 1926
842 1310
626 1565
351 1523
1557 1814
1540 869
1490 507
1545 311
1689 1494
4 1592
1585 1211
1798 57
1057 1649
987 1104
980 1408
912 1103
701 866
256 1667
568 1711
506 412
1086 1435
1787 959
1821 130
1396 1313
1630 1380
45 204
1550 1437
1309 1934
1667 290
1682 990
940 1692
504 1160
74 923
1343 585
421 577
1202 1578
367 1853
1101 936
393 1756
748 823
752 1707
487 1141
1035 1426
1944 1936
1722 1424
1356 1232
1976 575
1377 125
993 454
1170 1935
915 1176
1553 1947
762 1222
1017 98
1930 1213
495 1644
1505 979
1492 600
1832 110
252 865
346 398
760 1002
1321 1495
1264 280
1460 253
1354 1984
1602 1384
183 1230
967 1625
255 1582
1590 599
402 1601
1275 323
1822 1400
968 1616
1286 159
1299 1646
757 1490
28 387
817 992
390 1439
667 1865
631 421
1468 1436
140 381
1989 15
1884 516
1619 1902
1687 1861
1221 833
456 1689
608 374
993 1828
1697 801
285 1392
1540 68
769 1537
83 1144
28 1358
873 1723
44 24
1060 1709
1954 1256
53 1835
473 1278
402 295
680 222
1029 267
418 1960
1975 348
794 1658
1185 1841
391 624
909 1551
1146 1934
123 44
1559 1716
306 325
1576 1439
1895 1008
1236 1402
69 907
1141 1559
993 473
1452 1809
1773 620
1974 1791
740 134
1287 125
259 1147
1762 726
1762 1378
843 135
1244 1099
225 1838
467 221
293 934
1562 196
1202 961
665 741
1 134
638 1117
644 1670
1017 1439
1322 1472
1625 1606
1215 1544
1125 949
1880 77
1962 1459
660 300
561 589
536 651
1251 1192
524 1226
1986 783
55 107
983 507
1390 71
1360 1922
1653 916
1655 447
241 1334
432 607
618 1085
386 1241
1262 1754
1870 681
1522 1269
1531 958
1852 986
510 943
344 1
1124 1878
1593 981
1795 281
1741 1495
1133 1963
873 517
1149 400
568 972
76 430
1783 1564
1653 1549
994 862
2 970
1680 126
1097 387
982 8
1228 1718
430 1890
1334 345
509 1377
1007 33
90 1721
241 1089
1968 534
1463 1587
580 1850
1232 748
902 1461
716 214
1930 1871
1172 286
52 866
712 1142
907 1460
360 1723
171 1380
1217 1770
1671 1995
699 278
525 287
638 631
1235 1439
885 722
1584 233
533 100
1783 1897
550 1227
757 1795
242 1254
11 1049
545 1958
1878 1976
1511 245
635 1240
1138 486
795 1261
1317 479
156 1840
547 355
1154 1479
632 1434
347 1622
734 839
1426 416
16 1412
940 1253
1490 1919
1421 488
322 1397
55 1178
81 1609
1339 720
1792 380
159 1510
1512 308
1424 888
1363 275
1664 1523
401 1134
1543 248
603 1315
1645 1452
473 1563
1383 784
1205 1175
1861 1114
1593 1354
433 1687
152 1246
1234 126
54 387
668 1984
896 1732
209 515
39 76
589 1452
1120 1084
231 1225
1645 135
972 1536
1485 362
1179 267
1864 1037
992 1023
1943 930
1212 1949
1316 1775
405 802
1179 1850
897 1355
1626 1405
729 1907
396 1030
1846 1380
98 816
1878 384
1487 1574
1418 877
1329 908
1138 1109
1471 1358
276 1116
609 686
1169 662
1567 272
550 1106
410 1943
1619 1878
369 1672
1524 292
990 1807
1024 1713
1102 1828
1895 316
845 1111
1082 787
1336 861
288 746
1339 1766
1027 133
325 708
1141 1626
1511 932
1771 130
1790 600
749 967
1213 1815
1175 1696
425 1058
1171 566
112 1012
1094 883
1303 1701
340 1243
839 1740
1862 1388
1994 123
159 243
509 1094
299 1819
1147 982
110 1927
1561 565
387 1428
1608 1031
538 1836
1389 1822
1970 63
928 1098
809 1042
1398 101
750 205
1183 1564
1156 86
1674 193
413 767
49 1236
1621 1919
747 712
212 50
444 692
1259 779
999 158
11 1984
519 1558
1149 1958
1990 1587
136 1070
423 1323
1214 1777
1001 1048
788 481
606 1300
766 1768
812 1007
273 1805
311 293
1148 141
639 1379
1921 756
983 988
336 1211
1755 1884
1356 1155
468 684
368 1948
765 638
1615 1104
982 1104
819 147
925 1588
1393 1486
498 69
1895 1374
1342 648
800 27
295 604
813 183
12 1539
1576 897
1021 15
1229 1050
760 234
1792 1568
1065 1951
291 618
905 1197
1661 1426
1105 93
693 35
250 34
851 1253
1180 412
450 1316
507 1501
96 907
1658 1225
1084 214
674 999
209 856
743 1848
1574 1593
970 1620
727 1383
21 1020
1011 1077
1272 1185
287 415
95 926
1652 1612
1200 1933
626 565
1801 633
1578 407
1916 1627
745 1718
1125 1022
1177 142
977 1744
1334 1933
375 212
530 853
309 1896
1376 1507
1864 1919
11 7
940 394
1988 1111
1900 862
332 1788
628 796
1623 1975
1608 1906
1972 1281
460 1644
187 1340
1316 725
1439 512
1077 305
1292 461
586 1324
6 1025
1498 1267
1306 1989
1394 1154
1228 969
324 991
1854 359
1516 843
482 265
1965 1123
693 1590
1033 311
1983 516
1894 1946
1399 996
26 1029
164 1672
1656 1832
652 1494
515 1780
876 243
1267 1189
355 323
1137 308
1818 1182
1960 1497
272 951
1836 808
963 1016
587 367
328 1792
515 1362
1942 318
78 1090
20 127
409 453
285 282
705 1772
1208 463
1644 944
431 398
1213 1851
712 338
468 98
1139 1690
1650 1253
1138 214
496 246
1726 356
41 1158
414 689
1002 1202
1680 356
568 1651
1417 758
1674 1547
671 358
336 1498
1013 161
559 809
603 1980
1749 606
1485 1752
566 942
1918 1793
1415 24
1964 363
179 535
1988 1192
1759 457
513 1089
233 523
1903 1966
1957 76
700 1662
1744 1356
1152 156
964 1840
517 1453
1949 1418
128 1509
1411 516
1186 1148
1928 866
1347 1206
1883 1648
1291 1486
180 113
148 1253
572 1024
1291 769
630 1547
1995 1568
829 116
1166 186
1559 977
130 1491
63 413
708 1347
792 1164
767 1528
1397 1112
1361 1861
1359 1622
1909 1127
953 1009
1727 293
642 1418
255 1016
1306 10
1114 178
773 1736
1859 510
1336 430
1802 1416
857 874
695 272
2000 1378
305 513
938 1431
17 1558
1727 47
913 1741
1782 600
123 1134
1383 1674
46 531
720 1955
1899 225
1174 1064
558 1417
1255 1488
1989 1463
1843 1334
1142 691
793 1176
1233 801
1060 1264
1193 1883
1893 1471
1211 17
306 1189
559 1755
1951 309
1861 1841
917 1865
712 1338
583 755
98 1969
124 1842
930 1964
1035 405
1566 1712
1517 1233
305 205
1298 127
1315 1615
956 1702
967 1877
700 576
1125 147
1376 1488
1656 1340
1326 131
620 1376
1923 1971
56 656
1827 656
1917 1768
976 1221
1014 767
858 187
207 1844
578 1001
1603 628
158 447
1834 668
1292 832
996 1214
1506 1571
356 530
899 419
1093 552
1382 220
576 116
753 898
44 1148
836 1925
929 696
445 1211
1135 144
48 1861
202 619
950 779
1536 1494
461 1994
613 1396
115 333
990 579
675 332
806 1690
922 838
1316 1069
1557 1963
1881 1116
1070 309
401 999
323 828
1871 436
214 837
1682 997
1395 1885
1276 1378
470 1002
1284 1922
347 1074
743 1079
1889 356
1526 262
900 150
1707 1753
1701 80
1898 294
215 1364
295 406
308 1488
687 768
237 236
1449 1040
685 513
1346 703
1884 1964
661 1699
1956 886
676 1187
1120 1326
1911 1040
555 1728
488 385
1275 1174
1129 95
1958 1286
897 1289
861 1119
1349 233
1043 47
685 1905
159 14
1335 1893
73 1352
1496 383
681 1553
797 841
634 1133
180 1420
1327 1657
1805 97
1201 1581
178 1595
1691 1080
1614 1148
1021 1280
1129 833
541 794
937 449
1942 167
930 680
1598 1305
1331 27
965 452
385 1440
615 1095
1744 1082
46 827
1850 1551
1136 408
1886 1714
1600 1998
556 1432
473 233
522 692
804 355
944 625
1205 1958
1294 449
174 660
24 97
1649 279
1606 1468
737 470
549 1485
437 1834
1325 1952
1962 308
284 1477
1963 1216
1060 754
73 1225
1973 772
1735 1671
163 1586
1708 159
493 72
220 658
1375 1121
354 1001
1465 1715
572 1430
214 1620
1290 1739
1403 296
1181 321
1841 157
1148 1164
1714 185
1299 1961
66 1540
587 1936
1153 76
400 526
1388 1010
390 578
672 1645
920 481
1758 634
703 529
27 1957
1586 600
1013 119
839 800
1311 462
1803 240
939 1014
837 1492
383 561
1201 1134
1383 1339
1481 854
1420 1857
298 1000
1304 1569
465 448
558 1223
1603 917
1009 1957
1994 940
1576 1553
993 677
1029 1467
1791 398
303 320
451 123
882 1170
712 477
1476 194
577 762
1457 208
1410 1734
1681 1640
1160 96
636 929
1473 453
1375 896
1990 1169
1305 1430
364 1496
1661 1076
1963 1113
270 12
1512 1547
796 1609
896 1621
1696 1513
812 674
1776 706
1608 1296
1589 238
958 880
1212 1483
814 18
1058 1011
444 767
398 608
393 717
364 339
361 924
1644 1545
1171 1907
799 1763
816 728
13 961
849 1297
827 510
1068 1818
1081 898
535 1754
1086 637
289 572
947 854
1640 1234
1286 1957
983 1430
560 173
1461 393
347 1350
1862 97
377 56
1428 1367
1916 818
1308 1822
792 1539
1492 754
212 1019
1212 461
814 1786
873 1327
580 618
576 509
305 1309
1125 1762
1179 1634
946 1986
269 800
716 1719
817 368
1744 1745
810 1015
22 1045
1755 1733
1641 83
1998 1484
1094 1096
1034 1364
1353 828
502 1302
1505 1813
77 1265
1738 1483
63 433
855 1978
1841 1119
1441 264
1592 1206
568 1052
787 226
1758 631
1145 1980
54 286
1661 888
1270 767
1931 295
1080 1032
149 306
617 683
1460 1523
282 1257
1457 206
1026 1104
918 460
1329 471
37 360
754 1642
268 1124
1035 1752
1304 201
1946 1632
1565 22
668 373
1421 713
14 926
934 980
1549 623
1761 32
909 1553
1903 951
843 37
1286 274
8 1316
1166 1685
1872 283
232 1144
1016 1920
1898 1187
1674 883
951 448
446 1480
1066 1483
1052 640
867 413
1715 1035
1727 390
1185 1035
1986 263
374 318
674 1936
27 1318
1050 487
1809 993
607 234
852 1217
850 600
1503 1398
155 1897
690 97
682 963
1199 1508
1633 181
723 1708
1672 1687
322 688
418 1744
850 1371
268 1852
72 356
1298 578
1628 1952
1432 1833
776 1524
1150 698
1080 1576
981 1846
389 1790
1592 1183
1226 1981
544 1567
1673 293
1493 15
1837 1629
89 1185
1285 1870
852 1001
1109 611
951 719
1304 1334
195 578
1895 1953
1276 213
1814 41
596 157
1622 1544
1569 573
1028 295
888 45
650 10
864 286
499 1260
408 1171
956 1708
1341 1540
38 219
1332 1183
1722 1223
441 1775
884 920
712 813
1406 1307
1119 1897
865 783
520 838
337 8
922 1217
857 766
845 1961
904 653
1843 932
548 711
1605 713
1562 1879
921 332
310 1174
517 531
501 1709
193 629
1166 656
1554 1104
1343 1558
1946 1256
891 1361
1462 1114
1847 925
813 1149
1351 108
773 1632
645 1137
1452 458
823 150
1163 141
766 990
507 654
199 274
944 905
1362 137
1440 316
1422 305
347 1340
1220 1886
1336 1318
1673 141
1274 1742
842 1288
563 1711
629 510
1891 431
1705 1472
676 1392
1231 979
1956 1356
738 308
901 583
171 61
1136 1133
947 1249
1060 1566
317 791
874 735
1985 1651
1646 1415
301 724
1634 488
1648 266
1294 1219
162 1340
146 1918
1782 483
350 250
217 1199
461 1842
1422 50
203 1470
864 1690
1339 1366
1315 1135
1738 1470
294 194
639 417
42 1870
1499 1490
516 1635
808 429
384 517
1089 1428
60 884
1133 941
375 501
253 1113
336 835
1699 1958
1741 1469
1104 957
433 935
398 473
758 1591
1333 813
693 1107
172 1449
1729 44
102 873
717 879
798 915
1653 184
1586 1152
1251 1830
1193 565
636 1902
1885 273
1191 1158
769 1789
224 1119
466 1085
1571 1064
1022 534
1771 1009
146 1063
866 435
51 16
1681 417
380 795
1273 1909
270 1814
799 172
72 950
1584 963
982 274
1315 116
1336 402
696 212
67 1246
665 1778
1018 1611
351 1082
930 12
350 1455
93 906
987 656
14 389
219 1609
1792 1016
1638 353
473 1525
445 1219
1542 1501
473 61
1287 1699
1987 40
1432 1010
1465 1478
917 739
148 1217
1069 1701
962 738
77 1307
1396 396
1960 886
326 1495
69 1224
615 1462
1553 877
800 877
84 475
11 201
432 775
466 191
1899 823
1147 74
1637 174
758 1607
1958 821
1352 990
223 28
957 1862
108 360
696 1992
1649 1735
1366 521
32 213
1735 871
251 1189
1169 833
971 1919
519 1231
221 820
1714 402
1980 863
991 1658
696 1637
1359 1547
903 234
1141 777
743 1392
374 341
1317 862
871 1889
639 97
292 1866
611 1286
440 1662
1003 1864
1743 473
837 396
1567 556
1404 1512
616 1769
1699 1248
1599 936
901 1570
1871 916
593 571
834 557
1749 323
652 1316
1865 938
1951 882
686 1539
1124 1863
1221 1023
117 453
1340 652
780 166
864 185
861 1376
893 1369
340 895
78 1951
1744 845
1245 455
1580 750
1018 79
1335 1287
596 503
576 1083
1557 1302
1944 1212
1595 58
1109 1698
1524 434
1563 1922
132 1349
245 1184
1458 1427
1564 1155
751 1736
78 1623
1948 1755
1175 998
1193 1980
931 70
1100 639
1541 1089
1254 1922
448 739
899 1593
1724 1357
1899 1777
1130 1290
1762 1169
1904 1544
1326 841
137 1762
1972 1345
980 1970
452 614
1039 763
1900 305
1741 1585
211 1664
1467 1175
1630 333
113 1933
1248 1232
577 1468
1591 1068
823 476
711 1287
978 1729
1523 1764
1156 1345
1369 495
1541 1711
725 164
498 721
903 1419
1610 1661
1808 1427
1403 1564
210 1574
1599 774
923 1565
12 1091
1776 496
1262 619
848 541
1174 1897
1326 1078
1786 1999
409 195
568 998
758 20
812 204
1923 1503
1110 392
558 1076
1364 1467
312 689
719 13
527 1036
1271 1891
1977 503
1932 496
1942 1350
787 193
20 161
572 1158
1956 867
640 1995
430 1868
344 1859
1111 342
980 1664
1475 1226
741 221
977 1148
1834 371
1985 823
1369 930
1878 1553
1529 1669
1235 600
319 1438
1864 702
249 793
1293 665
1515 1571
167 1760
571 405
1406 510
414 889
43 185
1886 1660
164 1667
788 410
1313 990
45 902
1206 1142
890 1158
1314 1530
978 1719
1571 424
1760 971
1386 106
1103 372
1947 213
654 1005
350 861
1641 944
1892 314
1049 198
227 387
281 869
1690 674
1096 1173
1044 91
1989 1796
1929 776
648 197
156 428
749 1369
1325 726
153 1178
955 504
1234 1888
1054 1438
999 545
519 988
308 1926
946 1583
323 1278
1320 1524
1894 487
6 1789
1566 8
853 119
180 1421
1334 1083
538 1810
968 240
700 1441
1258 1161
327 1870
1192 1030
1598 664
763 359
1527 1911
355 975
1294 1051
400 1403
1027 85
146 1224
33 1057
1467 476
631 1674
1393 1313
1944 1005
639 1228
899 1188
372 1766
369 1605
658 843
540 170
643 1185
675 1424
1415 487
1707 1738
1787 1773
784 962
461 1102
358 1286
1765 1625
1972 1098
955 1187
767 1910
1929 547
1590 694
245 642
1207 730
1797 945
846 1495
1712 1892
1512 521
724 762
919 1571
1489 1686
1622 692
662 930
1207 247
620 289
120 536
1666 1790
844 172
1768 558
327 1535
1314 29
1691 1613
1135 1943
1130 1701
1348 314
1062 588
1387 46
1979 1144
770 1413
3 1256
1209 545
1187 1604
1740 443
139 1305
1366 396
272 878
404 1778
274 1674
604 636
897 733
1038 1009
1915 1198
397 756
3 711
156 559
1040 173
1109 1134
157 742
591 720
1492 621
7 896
410 1542
1282 1121
1192 170
1579 1838
1636 167
6 1084
1528 1706
1030 1882
386 1321
601 1283
1214 840
1478 347
866 824
1124 87
1415 148
938 590
1261 410
56 707
1032 1115
1922 1824
1199 1629
366 871
597 688
1416 1985
611 1597
836 1482
1443 1209
593 1355
1691 1521
1654 1597
1715 1690
296 1
1709 1117
1270 1365
1865 701
562 794
369 1291
1497 999
843 912
457 1729
124 904
1170 968
53 1605
1165 1319
1523 1441
1222 1956
865 153
1790 90
230 1696
1672 1498
1941 1128
1920 63
1856 341
499 482
357 291
495 300
1513 1525
1711 1400
922 288
122 507
1198 1911
970 1128
1647 666
392 357
1905 347
1768 763
1885 114
280 1377
447 508
1887 1205
1956 569
1738 598
1873 93
1639 820
1159 427
439 1576
1904 474
765 1962
604 1563
421 1591
1642 25
725 705
1163 1238
1403 1773
1274 1467
1238 1229
979 1173
1688 1159
906 1134
344 787
1494 986
4 1097
242 1853
548 1923
581 549
1631 1242
734 836
1262 20
212 1
1275 735
1803 160
1335 1035
23 1440
1857 1751
913 966
787 1266
976 1839
1734 186
1193 1487
462 1669
892 1472
1791 511
432 1469
1951 169
952 586
292 1912
927 490
1057 277
1734 925
686 1429
1358 1176
1782 1362
156 1073
382 1275
329 541
103 1186
1832 1741
370 42
541 1380
1463 59
546 1843
153 1334
1245 254
1163 1925
246 74
944 856
831 1582
309 77
545 1081
942 1989
1131 966
1093 1631
823 939
58 451
1160 1301
20 357
1320 1684
1869 34
791 975
1020 1186
1964 1776
1340 1457
675 1582
958 1446
542 1226
823 38
897 565
1026 669
369 962
613 26
102 382
1582 1029
1426 1204
1367 561
1379 455
1259 1839
303 1701
1455 1543
306 1737
1654 542
321 1093
1086 1537
1948 646
757 1879
1766 1575
1337 417
783 590
527 102
1544 1188
66 894
280 660
1145 1226
707 53
264 1620
1524 1646
1335 824
1888 418
483 356
174 983
1633 389
764 1991
1880 255
109 403
1997 1993
305 216
107 1211
1283 1649
506 1025
1104 1290
982 624
250 1536
974 186
1726 1617
1910 1081
1866 200
1618 776
316 583
549 783
218 837
843 679
1690 898
716 326
1618 1276
1103 1896
1040 1671
1434 1154
838 956
881 1789
1405 1173
1199 1239
334 712
1119 907
1510 1283
171 1012
935 61
1711 1226
1354 1693
713 259
1690 1541
385 1832
286 998
584 1687
307 360
802 1512
1355 1006
364 1989
643 1906
113 1399
585 1873
732 1094
463 521
276 94
799 1381
660 1340
1859 993
1732 1989
145 1588
1983 1219
683 791
1878 1525
1389 466
409 532
761 1487
1973 1533
40 1130
1349 1330
928 1839
676 357
728 1165
205 379
1794 1
933 408
902 1811
527 228
473 815
1211 644
583 982
779 166
695 908
118 1338
1269 489
1848 296
1474 825
695 1292
1845 1150
872 449
1115 1563
1618 253
1780 1467
69 1965
1632 1345
145 1368
172 777
1387 1058
1885 733
554 867
627 1748
434 1724
1270 1556
1286 1496
1865 1586
169 105
951 348
792 1702
1041 1758
1038 472
1577 1457
1312 278
380 1938
543 817
1711 1870
1805 698
1306 1262
1110 1147
1953 302
1775 1236
218 1568
989 421
667 468
705 1667
1443 648
1955 412
86 45
179 727
1411 203
960 1290
1118 1126
69 1226
745 129
1479 112
264 1514
116 668
1615 764
169 1763
1058 1200
956 491
411 815
208 528
1704 1523
673 1928
1700 1416
1280 725
1163 319
565 998
1190 167
674 289
351 243
1767 852
534 1502
1442 820
875 1452
1014 376
1208 497
409 1796
1293 617
1209 1814
1569 1917
1548 949
951 345
49 1599
1276 5
985 123
1076 151
649 809
1674 817 554 1546 1908 1037 1965 483 457 1685 538 1879 1852 184 1523 1473 1688 993 644 851 1690 457 369 391 1827 1332 1295 1384 1525 1753 237 262 1430 977 27 1277 1198 836 62 9 126 925 304 1456 569 4 427 417 1007 1893 42 1602 681 532 76 1218 1849 203 925 515 1504 1686 505 772 899 103 453 1834 526 1611 463 1519 1495 964 1017 1768 112 1193 758 742 1945 281 1747 1471 806 768 1589 258 994 227 228 640 1076 1797 1110 1214 1348 560 959 1865 1803 649 1905 270 1605 156 1518 909 1303 846 1232 845 763 1882 1773 1202 225 993 1160 1881 1288 465 169 866 1233 130 560 1776 1555 494 1591 157 124 1117 1219 501 267 1675 1982 232 699 1180 1784 1641 1376 457 1870 617 57 1347 355 1233 950 1960 274 879 929 826 1664 691 15 1115 1981 308 1281 675 1855 449 1854 1137 1428 1001 1563 1579 1012 1542 324 1785 1076 650 1717 528 537 283 512 1357 1224 1312 514 232 609 338 129 1623 783 536 1972 1625 66 944 1622 59 1694 1591 1656 112 1965 446 176 1776 1931 938 387 529 741 569 883 541 1052 1855 1834 452 1428 992 206 1257 1403 355 1930 827 1060 103 1572 53 473 1841 883 1769 1068 257 1876 1136 649 1487 648 1153 282 573 1915 1497 1684 221 261 625 184 693 231 602 923 988 1926 373 124 914 411 1024 1305 1707 1436 1924 1746 1630 1890 1993 1196 649 1920 852 1556 505 1182 8 871 1925 881 1479 820 897 1251 1582 1706 549 2 1042 1866 976 1558 526 159 644 479 814 1002 679 1643 747 1934 1334 1600 762 480 812 1176 218 390 536 1100 265 519 147 329 1437 273 1277 170 1874 962 187 1685 610 1929 172 1598 1483 679 1809 272 565 1417 1322 625 579 831 1806 1634 901 1972 1186 1959 1787 804 118 1331 1183 820 605 445 1635 1082 1152 738 1110 323 945 1203 711 482 1494 430 224 23 1257 1325 296 1300 458 1935 455 858 1743 526 627 364 408 1234 298 84 1708 1806 1749 1466 987 1343 708 1543 825 1284 1187 1384 1608 113 226 115 1750 211 1671 450 700 1046 234 1586 185 1070 1477 834 756 1116 1774 1033 1510 1449 1582 1461 1353 798 1910 266 864 1683 1639 1141 1616 1386 1214 28 762 406 609 1120 78 1400 729 1113 1187 1509 1004 1644 259 1129 634 1719 461 803 1059 1443 1285 936 947 1856 160 1871 380 1253 481 1057 937 552 938 877 662 1661 1799 1217 1155 403 1176 241 1344 157 843 139 221 352 1206 484 1262 1687 489 411 86 1805 1144 753 1379 1199 1959 156 1050 1140 1686 111 464 555 1728 586 869 120 1721 1084 294 405 630 1137 1823 1591 56 1548 784 695 1886 1682 577 1082 157 1796 1200 1233 1542 1385 1882 635 1290 427 1708 1424 987 1665 652 1569 1202 1884 832 100 1182 1064 1736 995 911 983 1596 542 1878 1463 1208 995 240 1021 522 383 966 1506 33 1257 1459 637 173 1002 1677 380 641 1062 386 24 1078 1766 875 489 788 1397 215 558 337 604 652 808 440 485 991 512 979 1609 543 394 693 845 1521 509 104 1329 1979 436 382 960 1568 1783 914 435 1549 661 1598 1698 1615 169 1878 718 241 1908 1369 485 1698 1075 1180 1183 1944 56 1030 1373 520 1482 413 627 1318 1156 1046 1856 1981 1073 1807 1717 1575 577 17 1870 1322 2000 1140 77 371 733 1773 1207 1091 449 1848 559 1402 375 1453 132 630 1687 1096 569 1686 82 286 560 145 1769 398 1960 76 609 376 643 1451 1086 1409 81 999 1095 1162 739 377 13 500 1946 668 1950 314 690 152 428 1373 1811 1078 905 1266 183 31 1242 1176 782 626 653 1340 32 1358 241 1902 868 251 77 183 1723 534 122 600 452 1730 1109 1889 1040 1816 826 275 1150 1236 598 1476 1167 1316 1318 90 470 1054 1222 92 1376 1474 1960 1649 1249 212 534 598 207 1734 1577 907 665 1885 1888 410 313 69 465 569 1464 700 1097 1022 510 1509 56 1931 1554 1020 259 192 1470 1200 1531 182 1315 863 1828 901 1007 1127 1023 692 1675 1231 615 1435 1602 482 526 1349 1987 114 845 1624 29 1613 1503 1125 1165 836 568 1428 1760 447 592 1837 94 1492 1360 1007 695 75 1279 1039 1048 55 512 1262 1249 993 1305 1789 1466 1616 1864 1351 1538 1294 1301 1005 1986 1067 523 450 6 1001 660 609 752 1087 799 558 1604 182 897 1283 516 1879 1819 554 772 1524 1805 1288 595 830 437 1690 1118 1979 459 1902 1279 76 288 1124 538 650 372 132 28 959 1626 1734 1946 846 777 1173 899 1505 1029 1372 8 1735 906 127 239 1683 1623 1992 1225 1539 1826 837 74 999 1748 219 363 602 1003 1380 326 62 871 164 910 394 1539 1900 28 60 676 1775 1705 1677 453 1085 1423 1468 1561 993 126 1611 725 128 607 934 678 534 644 530 1773 17 1522 466 48 638 420 264 1078 503 848 1844 511 1984 215 747 1058 1699 885 968 1098 1625 1627 1686 1347 682 1218 756 249 810 1245 677 1232 736 240 811 173 1547 1668 1593 610 1550 1442 691 423 1277 1128 202 391 397 1835 181 230 881 1444 1900 290 1099 1025 1333 554 1861 1005 991 1525 770 507 411 1860 176 1172 49 630 763 829 405 992 409 1188 393 390 124 32 771 1769 24 1286 685 319 133 1999 1334 1888 1328 802 1605 1276 1006 1370 1076 747 1243 1495 1720 87 515 713 919 1818 1081 1058 337 969 524 1944 827 328 656 728 1149 1209 1300 472 642 803 1926 1814 1122 1523 608 1999 886 1403 1731 1370 1678 1614 589 1486 1816 1723 278 1782 1970 509 1360 1087 498 445 813 240 150 546 1144 208 260 466 398 1355 729 864 1837 946 1542 1495 1168 1461 1593 717 1461 488 376 1930 60 294 1049 536 870 1190 516 1255 1396 1640 731 1682 52 550 222 586 197 1068 560 1780 867 352 86 1134 875 479 9 1292 308 42 1218 1741 1596 1667 1769 632 877 1273 1528 107 1653 1636 1194 1329 1604 585 852 189 1445 895 1134 360 339 779 415 322 681 865 1338 609 67 261 926 1391 1270 1734 1458 282 896 442 57 924 432 976 1216 891 736 985 1748 1315 292 1428 107 544 1165 1459 780 1356 368 470 1924 975 250 403 1633 651 1935 938 225 1481 1819 1161 308 78 1936 60 341 881 1494 576 1787 1500 1766 896 1216 1834 221 1191 1285 727 1585 1970 772 278 390 1366 1058 1222 459 543 259 14 1598 641 836 498 1726 1201 1730 261 715 124 1988 380 1456 1042 795 623 1073 743 229 113 1800 300 79 863 1973 1473 740 289 1908 1316 397 1711 658 663 1715 219 1715 1576 373 341 668 1345 1195 1131 209 269 75 278 985 1653 448 1405 594 1931 1877 1286 1336 65 892 212 827 1587 1222 1274 1515 1524 1472 1445 868 904 705 985 1712 211 1595 755 1222 84 841 241 121 1443 1775 1440 568 39 1967 1247 1270 1293 1763 38 1942 1623 834 253 235 1274 216 618 947 486 1131 1986 352 428 1520 793 478 240 1518 637 1995 1812 1638 197 760 238 976 551 53 666 189 350 645 1427 1621 977 1831 232 298 1992 1207 997 1484 334 967 961 499 592 865 434 903 1334 1847 1219 1924 601 633 1459 490 462 591 1012 942 1785 321 1401 1602 1777 665 587 1428 810 51 494 1262 1053 1250 431 1137 1411 278 1465 1799 777 1400 813 1832 1949 1874 184 317 1148 1106 621 1757 1076 20 1620 244 1821 350 1707 160 1087 1691 1690 335 424 187 1454 1789 1424 26 480 1359 386 1358 1408 504 3 949 1418 318 1813 544 1970 965 316 821 642 1101 968 488 1483 1930 753 1146 1082 1030 899 265 8 155 1156 1579 272 33 486 878 949 27 1850 1762 1479 664 1591 1051 1849 1057 1811 157 764 821 801 937 1787 1790 1718 34 1630 1629 305 592 586 1581 1674 1626 522 1248 511 1411 488 1359 1389 1324 675 715 1166 810 228 1711 1131 587 1000 771 694 1148 1035 92 325 102 1546 1027 1333 1847 1300 82 1607 1931 1691 129 967 1067 626 1390 1269 1562 1067 460 1591 1711 669 764 1145 441 1692 842 1468 4 976 1920 1765 1235 306 381 191 1173 799 432 57 1129 1263 1248 473 1004 1273 1544 1108 819 601 1756 1024 282 1669 1215 943 1720 1950 1180 694 92 1891 586 305 198 1599 625 171 312 1310 1891 354 1635 93 1355 1000 1512 999 352 1681 70 481 716 649 153 31 1100 660 1376 689 214 1977 323 1286 245 806 1932 1069 429 1471 1514 972 602 1798 5 1777 515 483 7 496 1468 1713 1272 1573 29 1057 1915 302 1038 539 775 559 889 266 306 1499 554 1167 1079 186 1072 1546 351 1366 1624 1234 257 1324 1592 547 849 88 1575 661 1034 1842 88 1301 1777 955 867 841 772 616 789 1714 1120 497 59 1449 1298 1379 1722 287 889 1454 1865 759 843 1761 1614 198 558 1420 211 1186 1022 644 725 1897 1834 1723 1488 1294 352 329 1080 1046 667 1647 1505 478 355 1421 554 1208 205 542 583 490 325 1710 1051 1336 854 1695 1156 157 290 915 1563 292 719 1330 853 853 1397 642 1471 1947 20 552 1076 771 1091 1717 580 108 607 1184 232 1184 1287 1953 1263 962 1897 270 107 1239 1305 894 353 1696 1964 201 1552 934 607 888 1198 1742 103 1896 1230 1268 1814 474 930 67 1360 1148 1249 1055 397 404 1496 296 86 374 1838 1216 1840 268 708 1414 1071 168 1749 943 803 281 571 823 1163 734 1237 1183 1058 1598 564 1486 518 866 1437 259 364 800 712 857 988 38 1975 1735 1897 1535 1862 514 1704 1884 945 928 1493 1721 1363 483 76 851 822 415 1555 1155 1329 387 157 286 324 1604 116 303 139 1040 230 1709 1561 636 1673 1334 425 967 1342 1167 208 1957 532 1580 1115 1018 1175 697 534 576 1143 1912 1746 1162 1395 462 1862 650 915 1723 257 634 1882 208 1273 1285 1207 398 1637 1860 215 1432 926 1040 1423 1031 996 1914 1690 40 705 1895 677 802 1134 461 1347 71 379 1236 942 1533 864 168 664 1283 1327 1528 1819 196 417 285 862 174 1721 1948 468 105 1268 1045 188 1971 1819 887 1847 1486 1129 1016 58 1007 1007 48 654 1092 118 1923 1699 991 1306 1971 1390 391 945 699 693 250 791 1139 17 1909 817 1341 671 45 1733 1371 216 299 1132 1906 593 166 1878 1744 1499 1659 646 1549 1582 85 1944 1826 1625 1252 833 920 816 591 1223
