2000 4000
438 1071
1847 610
735 550
721 1472
504 463
690 1559
1759 95
1112 158
1155 583
1386 184
354 1488
94 424
1183 38
894 872
743 302
1177 1879
47 1963
507 332
771 825
1011 1784
928 277
1004 859
1998 438
1990 1318
1284 1753
42 408
394 971
1235 1697
864 482
1830 712
1965 1413
1766 1106
1133 149
1561 1087
1654 1513
846 1925
94 1087
570 124
1138 1301
490 864
334 1626
538 1676
443 1441
1927 1118
1477 1196
1284 202
333 951
305 338
115 1001
1318 1679
593 114
313 831
1801 1731
740 561
318 422
1993 896
204 519
288 1150
533 77
1655 1982
519 647
1247 627
1181 1980
316 1805
1917 581
1339 1948
537 1752
1428 1129
241 1264
1830 1361
111 1746
449 1146
383 1203
1074 1608
504 446
1937 111
329 1125
832 715
319 433
1402 544
1536 545
175 583
1704 471
701 1752
1652 1983
1824 365
657 1259
199 1317
1932 9
1261 560
806 771
1096 1689
483 1627
773 525
665 139
24 1047
1867 510
1249 1396
1484 202
1806 1533
1748 381
674 870
307 1189
460 1319
1377 1485
1232 1383
988 867
857 1406
1156 17
1498 115
788 1847
906 1006
1050 580
539 1930
1405 1532
1969 1443
742 202
514 452
811 494
1097 1119
997 230
159 1292
722 1701
902 470
1506 750
1589 1746
632 267
782 325
578 362
1196 1192
1291 1293
709 1602
439 311
1948 436
1762 1236
269 1508
1861 129
1842 421
754 400
1933 1798
1424 1731
1889 1665
1504 145
612 473
739 1306
1494 856
1347 1065
732 882
293 862
1542 605
35 1379
568 823
1311 941
1686 683
1434 264
1201 1803
1329 543
284 1445
1028 1902
628 302
858 28
1416 599
1024 310
796 1839
1516 990
1041 1932
1057 1828
303 128
497 1452
1627 1450
1759 518
1002 941
254 341
1422 1041
1749 503
1725 1613
1335 309
1109 1988
1564 490
634 1001
1995 1643
1499 213
1171 1880
454 1137
1706 5
1185 1629
325 351
490 15
967 943
27 1786
576 1338
1634 803
296 407
1156 1232
2 582
406 118
1571 1216
482 447
304 677
794 1389
1878 916
716 1124
1538 814
178 417
1648 372
16 1644
24 1398
1821 174
300 1775
1610 1238
884 69
1241 1381
1417 1096
709 728
281 626
993 1625
324 1680
227 641
163 828
1069 1829
1788 1534
1747 1883
111 1249
1866 1962
112 1928
448 1532
304 175
342 672
298 1887
1094 1255
52 147
1224 1337
1037 1581
1799 1604
1862 1047
82 885
791 643
1270 923
1084 1151
1523 1793
183 448
647 887
1611 1468
1724 618
1136 1190
263 299
1175 458
230 974
1809 1401
935 1777
617 1223
89 1774
352 615
414 1568
97 1064
1967 282
588 408
438 1350
631 1845
1026 1374
121 1012
209 945
1798 1896
213 1700
473 1442
1548 1533
597 874
1837 1326
1534 325
1788 782
123 65
304 583
1495 1957
888 971
1633 1392
1237 369
1976 1914
1255 1651
152 795
1446 1717
361 1673
688 168
85 264
1287 1493
823 713
982 315
1513 751
1801 826
1839 74
1347 750
1390 1051
399 1470
1554 254
1674 1207
9 908
585 1539
903 814
681 245
1097 109
1448 571
1271 723
975 1330
380 1445
1415 263
1067 1526
395 936
1697 1167
430 172
1107 1025
277 1950
82 938
1509 632
1381 1033
1162 521
1277 512
648 1566
127 318
910 805
1107 1993
421 1289
1704 1793
1883 91
882 1020
1823 708
72 1227
1671 1100
1957 1124
634 1493
1463 1541
1758 1005
498 454
595 1142
779 1238
445 454
1149 218
347 74
757 1905
1270 370
812 423
222 611
120 57
1694 1141
460 126
1047 1589
766 1136
303 881
1858 570
2000 712
669 48
919 1374
119 1022
1869 1321
1604 1930
1903 933
1001 1637
1607 1429
481 1633
1968 1495
1873 1760
524 1477
1635 1819
1436 476
1479 1844
1278 1179
412 2
1093 483
1021 1994
1694 394
1729 1510
745 1915
76 733
1640 870
1490 1845
1858 393
1529 1452
940 1039
1398 1923
1425 986
52 660
355 139
1073 1719
1285 459
420 1855
87 410
1687 1230
912 573
1057 1671
1663 983
78 1435
427 1669
1333 520
1730 1038
176 23
1803 1502
896 1025
57 1735
358 845
946 680
1093 1450
1736 1539
978 1785
774 1325
1920 253
673 645
877 1705
573 634
984 1165
1829 477
125 1569
979 1652
1834 1996
149 90
1544 792
412 743
1301 898
1429 1601
457 645
150 386
858 437
1125 746
1060 743
164 1898
1844 1238
1200 729
73 1636
351 782
1358 1689
1952 285
750 1065
1869 555
421 1407
1317 601
555 365
895 706
1050 1401
1810 943
361 465
1278 486
1235 1576
1647 119
166 1280
527 363
90 591
1358 1417
562 222
1212 57
922 724
1811 1451
1030 436
470 1758
1034 1221
1831 47
371 1617
1265 396
536 1427
1900 87
295 584
208 1616
849 1236
563 1828
1334 608
6 1489
910 1846
371 1602
1131 164
1510 1977
414 1485
1927 424
862 1998
624 1423
619 180
1886 398
1213 1906
912 1493
1339 658
437 45
1029 842
663 1482
1829 125
1463 277
1307 1681
1257 194
1474 1581
1893 221
1491 1845
1348 152
1868 471
1572 745
1518 125
570 200
1624 944
940 1785
76 1155
1851 1375
1209 895
196 1967
1930 936
353 86
495 364
17 1690
1659 900
1360 1062
1617 1470
791 70
415 1755
950 887
265 1513
1959 1424
47 496
307 1432
908 300
187 93
1645 549
1750 189
1511 1442
672 723
1909 1215
1095 786
450 67
511 1225
748 198
1901 1431
1571 469
734 1566
1075 416
1160 1670
735 288
786 1409
1583 1462
1999 1506
549 1426
1272 388
819 406
840 18
1856 472
1557 1738
794 1667
1582 1284
743 1260
175 733
1036 911
1568 1914
1093 548
1770 385
1056 1364
1349 1264
460 863
729 449
1236 833
81 653
1227 311
374 181
743 1565
927 1855
1997 759
1478 1945
1016 313
976 1208
136 805
1319 106
776 225
1758 1603
65 53
550 362
1940 471
1241 1500
1779 1707
1963 1526
589 778
296 845
665 1626
1161 1551
1551 1874
1334 499
132 99
631 1628
846 412
839 43
105 528
1436 1259
1034 737
1204 34
692 903
1086 1505
1493 708
192 1267
1411 1875
564 1810
1718 175
1563 1301
544 842
1479 773
1988 1115
872 1394
1219 262
441 418
1150 1251
696 748
1985 421
1085 1043
1160 1800
117 818
1278 1223
1328 1326
1125 1435
1632 1758
1562 798
792 1811
1803 834
1126 881
818 1913
1877 1796
216 790
1701 1269
52 676
1829 667
1777 931
989 939
730 1555
1953 1705
1749 1750
574 452
433 500
1760 700
1824 1966
452 7
1570 1992
422 1121
631 1361
111 1393
1807 1013
714 110
1062 1751
1438 909
401 541
289 433
1438 188
408 1335
1939 1124
431 391
1673 790
1053 649
824 1188
941 1867
1536 1381
1318 1975
812 555
1133 922
1846 1907
1796 1016
1471 1845
1944 1596
1559 1632
1541 465
94 227
1130 1330
1051 206
1731 1573
1295 882
337 1521
1739 604
715 1859
54 920
151 511
401 1080
1534 842
224 20
936 1187
1168 960
293 42
1883 1473
1580 1546
752 1905
508 32
296 358
1602 1470
1755 345
773 1282
508 697
98 1346
440 1229
1229 1365
795 1657
710 1236
398 264
287 1871
1355 1225
1469 693
448 349
1885 529
784 1495
762 1008
345 1790
256 706
192 1281
678 744
1658 1783
1223 1535
838 1447
1352 1239
1715 232
1380 1952
1028 1126
436 873
1502 420
1077 1132
228 183
1581 770
85 1458
386 385
636 942
1466 488
855 867
159 981
1396 1443
94 1436
1010 1585
426 865
797 950
1423 111
1063 1086
1144 1389
1131 1792
1256 305
1411 312
285 1029
1320 994
41 55
1497 1357
1654 1349
1011 1991
551 1845
1288 1519
1033 1152
865 491
1710 178
1102 1283
967 1104
1596 1941
1029 544
213 957
1323 746
1649 758
1475 845
1766 816
391 694
124 1276
1045 210
781 1561
1531 1560
631 1490
766 1740
893 438
50 77
738 1063
122 1422
1156 1083
1295 1147
443 750
1899 1125
1803 420
1020 805
1172 1938
1733 762
538 1895
1450 445
265 753
1617 399
644 1048
46 590
1900 131
61 1334
1584 1168
763 728
677 36
168 220
110 747
795 1054
1484 1960
717 207
276 360
1520 656
915 159
359 1840
308 1683
811 366
1103 1008
671 962
986 826
402 74
1188 521
1477 1668
158 26
208 735
148 1374
1902 1353
963 1794
895 725
1725 727
183 1405
233 30
1037 504
732 805
1934 1605
481 958
430 1018
137 1892
403 552
918 1362
535 909
1520 440
1809 1122
92 603
1859 1955
207 657
1694 1698
1148 467
1174 1912
1602 332
599 1855
867 7
1071 1735
1927 641
603 1551
327 1575
1772 1739
1971 1412
716 1722
256 1169
1274 1024
1930 1008
601 1453
559 1741
1961 1357
513 802
1727 1826
346 1725
199 554
1199 1176
1019 795
825 584
1510 987
979 588
113 691
1472 1528
1265 440
1449 694
1567 919
1520 731
516 12
549 1048
255 1073
1899 213
554 630
973 1858
954 1135
1722 1821
121 153
1353 1219
381 723
1041 982
1870 364
1661 1569
1365 195
971 1698
1199 1916
1873 1213
1358 1096
874 1640
719 1015
901 499
1756 1483
1088 392
1378 760
1481 1868
608 1843
1398 1791
1078 202
1230 1571
1510 3
1146 84
57 755
727 298
2 1400
178 758
1364 332
644 1645
1306 1250
525 1072
1280 1827
210 1095
195 1357
891 545
1477 1612
333 920
310 559
210 182
1886 1346
723 1031
1997 1638
1937 1249
1244 471
330 1102
1409 1105
392 451
3 1956
572 755
909 1398
1350 12
1531 1893
464 1211
1398 577
1498 1001
1810 1254
1765 246
1414 806
1009 971
74 1014
599 927
542 1183
655 476
1113 1336
1105 835
276 359
388 75
965 1720
1103 1432
657 1894
352 1501
1410 1928
1587 1028
366 376
1591 1253
1952 531
370 1714
292 436
1292 1010
38 1757
949 1037
321 907
249 1462
1175 348
308 543
1941 1944
1112 1284
638 890
1136 510
103 1330
241 1245
1604 395
1186 252
391 342
687 1827
506 1963
1986 1164
1405 1825
22 223
597 1646
1386 385
493 464
147 1547
1788 886
1343 522
1836 1811
1331 1382
1502 765
882 805
238 1386
414 322
1173 524
148 650
1423 1937
981 1094
1326 747
291 167
1884 1898
227 1118
726 761
1749 1235
1662 151
125 1069
145 1454
255 123
1748 342
1366 492
1326 1456
1404 751
805 1838
643 1143
1234 267
33 1875
831 1514
672 1031
1575 197
1607 1601
1515 135
1734 855
1480 327
415 676
1450 16
1985 4
905 1569
1433 238
1609 186
68 1697
1481 1391
1001 1823
1899 1700
1300 46
84 875
847 908
175 1890
653 1910
164 1964
720 939
943 330
1307 1739
1874 275
1169 376
534 1091
1217 1881
1395 1942
296 1475
343 835
1824 1570
231 605
1329 1089
642 919
678 166
1889 1452
1542 22
440 1357
329 146
1856 299
860 191
1153 645
259 206
1371 1382
56 1016
895 362
1654 711
524 1764
1644 483
531 285
909 188
749 380
292 1712
1064 1988
579 1846
1740 901
1627 1644
605 205
1064 232
1630 499
326 347
27 423
1806 1125
1275 1317
1407 785
1506 1347
1899 329
912 1019
1026 858
491 426
316 1165
1145 1515
73 1215
1443 1937
1801 441
1836 891
1644 1450
891 1033
1884 813
1170 460
1581 504
982 459
1203 1833
957 777
1784 926
1818 1907
477 489
901 941
1857 66
1742 1027
71 925
60 19
715 1837
1496 1552
1086 801
794 457
999 1688
267 1635
1835 1668
1952 1766
1849 660
1850 433
1103 307
1173 470
229 875
815 1392
265 711
460 1532
1460 899
94 1927
847 1775
1852 776
945 1968
328 1486
1739 1066
1975 39
927 1502
1906 616
886 1647
658 436
479 673
1611 780
438 12
118 1549
1652 435
428 49
393 570
1043 419
398 85
239 775
517 300
1382 1911
87 34
977 1856
1446 598
1732 46
1160 1534
1008 1432
272 1663
1528 919
1717 1359
214 1253
188 1791
513 1367
1647 1788
1101 743
752 1031
342 1449
1088 1826
436 1339
99 1351
1226 660
830 274
590 1300
434 465
410 196
982 1675
251 1527
1007 67
1469 132
970 426
1460 1141
608 1630
25 1767
670 327
1334 901
1117 1722
448 1825
1158 1589
1164 819
1012 1695
609 614
26 1284
395 1799
993 543
590 487
1930 1432
1560 977
363 266
1223 627
1189 170
717 1958
446 1474
298 1457
1098 561
1797 851
657 717
1821 1117
1480 1575
261 1725
1232 1690
1521 1087
1285 237
480 1681
146 78
1197 177
1461 1824
1896 1183
432 618
1174 3
1013 179
249 1128
1029 1379
556 1308
1880 1453
357 1195
1818 767
1713 1337
1880 554
717 1015
1483 1838
281 101
1791 909
789 820
1681 604
836 1812
1898 567
1948 1371
1176 561
384 1104
1731 226
1560 466
1940 625
1125 1332
96 411
1875 1330
1904 156
1988 1624
1406 281
199 1275
1302 1559
706 494
38 542
1996 900
524 1579
1366 1768
113 269
1515 904
1973 1225
878 1316
425 1822
710 1489
794 607
576 638
820 849
349 1385
745 1658
364 797
1220 1744
1933 1447
934 698
514 1814
391 1449
424 1738
1957 108
1457 1949
873 985
1621 1962
927 1416
476 1693
403 1397
1111 717
627 1179
1378 461
1023 197
129 203
1106 531
51 597
788 610
521 824
1333 102
1591 1052
875 449
81 367
900 1527
1851 1694
1071 293
242 328
1240 1751
1520 195
1726 497
1817 719
1800 839
1222 1216
1688 845
286 373
820 1762
988 7
1547 52
387 1849
734 1327
1636 1679
1988 1715
1949 1725
764 1144
66 1242
794 1153
624 1406
322 1377
1482 32
1449 431
908 1084
911 101
1566 380
1766 1501
1420 852
1163 1427
500 1929
259 1390
1245 753
1777 36
1254 149
228 1825
543 1506
922 1776
310 699
531 35
445 1627
708 115
1548 1332
1101 79
1310 828
1674 1582
1158 111
1037 463
1502 1163
813 952
871 1119
1183 1502
1469 1832
1216 1618
94 657
1346 398
791 1143
8 781
1267 297
288 1203
1855 834
1099 63
534 1702
1244 1507
315 1848
1929 257
1692 1203
1483 1343
624 1443
837 1371
596 1436
1402 1029
1129 1296
1894 781
1722 1957
1394 389
1680 576
1841 102
1731 418
222 777
959 58
1765 1369
267 1261
489 1518
935 843
1838 882
837 1911
1841 709
359 360
994 1903
175 36
682 1395
1076 1154
1941 716
390 1139
61 859
1028 185
256 494
1874 92
88 1785
1397 1564
282 87
178 1138
4 1407
1442 897
582 1682
962 1695
968 102
178 1649
1826 969
1799 1187
1169 494
1634 576
470 1579
496 1623
1186 1390
45 1686
1464 1348
1974 220
208 578
1870 1863
243 547
1653 893
1376 837
1233 252
1952 1402
836 848
58 312
79 1060
1020 1295
180 580
21 1514
1148 352
1196 1077
1500 568
1176 529
1391 1940
343 598
1458 1392
1648 193
1383 1782
218 282
1008 307
1725 298
1114 1274
860 1075
349 1532
1714 1917
1669 1199
1032 1646
1763 837
1874 1410
159 230
1528 642
642 1906
915 1010
259 252
136 521
266 348
520 968
1567 1472
1677 1183
1227 685
160 414
1706 1340
831 176
1066 1871
431 1979
275 603
1777 1981
24 111
1604 936
1735 1865
1127 523
1945 1180
345 46
1276 323
1921 1883
184 386
1859 870
306 1540
874 870
1833 1706
115 1637
1594 1587
1232 1083
1231 1843
149 1810
1118 558
1266 1073
1402 1380
1695 1149
838 760
1795 1188
1017 61
1982 697
1017 1334
128 255
124 1107
1419 1470
1725 741
279 439
1315 652
1820 796
813 1964
433 177
1962 860
229 1344
1159 1963
879 525
885 1694
1244 625
1807 1403
1413 953
314 1071
1565 1046
913 797
776 222
738 1086
1627 1708
648 734
1417 441
1936 244
968 1333
353 1306
646 188
1953 1108
1992 1888
1242 1929
700 1906
1826 392
767 1794
675 10
1950 465
1199 561
1865 654
1703 1202
32 427
1077 1522
937 170
767 478
400 32
815 701
1322 231
1512 1167
212 1578
389 1255
1811 1544
1213 616
760 384
1670 1303
225 1221
418 1358
674 1326
1260 1250
1819 1367
467 509
1646 1912
1181 923
178 1563
502 1719
1696 705
467 1525
1801 1417
1429 408
1326 1074
1762 789
1716 670
621 193
1680 682
1956 268
955 314
22 685
1051 1186
1875 1440
939 307
1908 1537
1390 254
168 1316
688 1663
685 279
1650 1785
824 1907
1696 610
940 1783
255 1594
182 1045
1918 1026
1754 1964
1681 1739
825 1418
1109 232
544 285
1731 670
532 1248
1575 1593
504 320
431 1840
1700 1499
1814 1200
1417 418
1912 80
1398 111
113 702
1104 154
188 1923
307 170
1803 1855
943 149
11 587
1777 677
897 41
1042 166
1851 1308
499 1231
823 1033
1661 31
1932 1151
63 924
217 293
548 445
122 1597
1770 1410
1375 1694
1371 1763
1489 1762
1082 1355
1884 1792
834 927
1536 1033
1338 1372
651 1891
1414 584
1340 455
863 1319
1639 66
1604 942
298 1373
215 1574
1476 1267
1434 1089
562 629
741 261
274 1751
683 14
536 1677
1791 1917
1056 71
50 60
1522 627
644 613
479 1153
895 187
838 1104
1927 558
665 454
963 72
25 816
1864 1696
1301 1649
1326 1640
1376 1813
1654 6
1332 594
1399 1931
1955 715
873 1030
796 717
1287 1611
1830 1490
1393 624
255 1126
1007 1750
1810 967
111 1969
138 1742
1164 268
125 905
6 530
1776 591
1000 1268
1063 1505
237 1597
454 841
1385 183
1078 1000
417 859
1322 273
1326 1859
1975 1860
1685 1473
1746 24
1700 957
988 514
1808 845
825 64
369 1460
705 246
977 1415
697 1131
1423 1396
1294 355
107 745
317 1681
1681 1066
1724 1150
891 1544
1352 1127
1094 1211
923 1917
1322 1026
146 854
1674 1356
395 1187
347 419
1429 42
408 1324
926 1149
97 1943
237 1675
367 260
81 1943
1247 1132
921 1325
1926 231
1948 985
156 597
34 1190
983 621
1808 793
593 848
1400 1662
150 385
947 1030
1940 1244
1903 43
1907 910
886 325
587 126
381 1062
861 256
959 312
1044 383
240 1921
535 1398
198 1215
769 67
1347 1342
703 1492
1948 947
163 1599
636 1604
142 1578
409 358
1363 1382
932 231
1475 999
641 94
979 1061
352 249
1443 1249
1633 201
758 1214
531 544
525 339
633 44
1191 1529
64 1920
1732 487
62 1214
652 1268
1428 1038
943 564
1138 1649
66 257
622 504
1360 1701
395 636
1835 1139
1393 1969
1064 1624
607 764
877 290
959 1940
1174 1729
1662 1355
720 307
1897 209
1285 982
1323 1125
738 1505
765 474
589 1625
322 879
909 1923
1005 1477
1752 130
1094 990
1509 1261
1203 1044
1374 1472
506 239
226 1358
420 599
716 784
1755 707
1940 1550
873 658
1770 1386
1183 536
137 278
1127 782
215 1650
1378 1104
1672 79
1419 371
1489 833
1278 627
1398 1862
1085 419
1549 1116
712 1805
17 1083
1876 1691
975 33
144 1768
861 30
240 1177
1705 116
1454 1583
48 597
1407 807
1611 808
394 1009
939 937
359 216
766 1867
1606 37
1628 1361
1526 506
979 1993
1071 516
1570 1461
718 1036
1469 1814
520 1841
585 1809
659 1374
321 1594
1079 1560
1053 1299
151 1973
1178 1840
456 1189
1293 1694
611 1499
1660 645
1253 1326
1553 732
49 308
1975 73
464 211
902 1579
659 858
1179 617
300 1935
1099 924
57 572
494 366
1824 423
1388 1860
602 1073
866 272
874 1608
993 1277
1406 203
1332 83
706 366
436 947
976 20
1992 812
645 925
1323 83
1748 752
1041 1285
633 751
1891 91
602 502
1404 100
1694 556
63 1950
1676 1913
1605 239
1219 1902
372 621
670 871
612 1511
192 1476
1757 542
979 1324
1554 699
10 334
1000 652
1530 23
1453 199
1656 1542
1695 1184
755 1735
1830 631
502 880
340 1865
21 831
1345 831
1734 224
1939 1821
1760 642
1436 1693
95 921
698 1081
1512 990
1863 1822
827 553
1256 1455
416 1478
1801 986
71 1144
466 221
480 31
1834 1703
116 1696
690 1603
1717 786
549 613
795 1081
1645 613
451 969
447 1564
1386 186
1398 1746
1602 399
749 1327
1159 496
1848 982
967 1455
1460 1293
394 82
1948 336
1789 819
137 103
1757 1595
1439 143
1352 523
1963 1934
1037 1474
1152 823
533 1530
417 61
740 1471
59 1082
495 1626
1167 503
1755 660
871 1731
1280 744
1365 656
358 793
1551 1928
589 1277
1532 1989
513 320
1657 1464
362 725
1678 489
1615 1789
75 695
1830 1628
723 757
1796 56
1891 1883
1671 563
1141 592
46 56
1934 1172
1752 815
1469 99
260 559
1057 689
1176 427
215 1368
1252 301
134 1564
16 1708
1165 712
584 771
1233 1390
1975 1636
1409 343
771 253
1122 964
131 814
906 1908
874 51
1177 91
750 1439
1307 1772
202 13
714 1972
201 130
1354 775
1371 1813
1080 1227
1217 774
1434 1622
635 158
699 1711
891 1451
1201 834
620 1151
359 361
346 194
1355 1286
1236 789
1186 341
636 1930
1567 1374
1089 1599
1334 417
1160 1320
1573 379
1241 1033
716 1821
758 1481
286 1165
376 811
970 37
920 1913
204 1459
1963 848
1350 165
716 1068
1709 368
1300 1732
1370 267
895 93
886 1022
1414 295
28 1026
1869 1570
668 1453
679 773
1448 1373
1943 1274
1509 1234
1919 892
1782 908
206 1233
47 1159
94 1738
1553 882
515 1269
1524 162
1685 1778
1288 1505
1194 236
1244 1704
1398 1158
498 429
1684 982
1911 1371
1264 753
273 1620
956 25
1157 331
691 600
587 1442
1330 278
854 78
288 208
1250 353
802 1819
1930 942
1716 258
22 605
275 1928
1118 1325
1392 201
1693 1894
1217 518
1851 888
1813 1911
1166 1930
1994 533
262 1135
1412 549
1274 559
1641 1127
1599 828
1410 275
1882 1284
1534 933
1537 1684
1032 1055
1709 952
1857 1532
503 1516
1770 92
651 1590
1432 762
587 55
1544 1836
1294 495
962 1816
1 301
1296 1737
246 1191
1491 704
473 483
1569 31
640 1517
641 424
1485 322
1180 1287
6 789
1768 171
646 1923
1297 1626
383 1745
1033 568
1589 1862
133 1279
642 721
241 6
1326 1987
585 1736
1854 963
658 947
90 292
1853 1758
138 1042
1559 1769
820 710
46 831
1125 78
153 1687
323 979
811 1169
1584 582
267 823
1291 899
1067 1354
1027 678
86 1046
276 361
1798 542
1840 276
484 921
1961 1497
163 1329
468 998
257 1639
606 427
1988 1990
1199 1885
733 36
169 1817
1273 1919
1153 1389
1539 619
1484 186
1306 1260
1526 996
1403 1606
1710 61
453 779
1165 636
1419 1602
373 1946
1777 976
243 1993
448 1405
1147 1838
1770 1664
1519 1129
1625 961
871 810
594 656
560 267
175 1768
40 1842
1066 480
1833 271
707 345
1168 1682
1527 1202
214 1972
1729 80
573 219
1858 124
156 1646
1585 974
627 1924
1212 995
301 1243
645 1389
169 1577
163 643
284 380
1610 1459
1669 529
1653 1998
113 458
1296 1428
1879 91
783 271
1820 74
1284 13
822 1154
515 274
1928 1874
1576 1007
618 1203
113 527
1680 388
67 161
1757 1798
770 504
863 1629
279 963
602 382
1787 856
1119 1424
425 1154
685 541
1201 1855
329 1435
1415 1222
1329 264
1103 1166
1112 1753
1951 281
287 1772
112 275
1180 416
1563 758
1404 711
1105 1717
102 763
1479 1936
1310 163
752 1062
1965 1272
1547 660
1946 1805
1259 8
860 1797
248 289
1058 335
352 726
221 1954
1111 796
1769 1632
1650 978
620 9
1139 1522
382 53
1746 1047
846 1101
274 1269
884 743
1788 155
1981 20
1420 1236
1118 94
294 755
1804 450
181 1137
577 1862
1474 463
482 134
1653 12
1990 730
1916 529
1781 273
1511 473
1898 813
906 1878
1232 1932
1777 20
1327 664
420 834
741 1613
1076 913
309 42
99 449
1941 1642
1170 948
575 1149
1495 1124
305 967
429 1922
637 1574
1271 381
1189 250
439 685
1362 688
502 255
804 805
1551 1410
1375 1698
1861 857
1110 332
1182 1421
942 1165
980 297
139 1626
1977 1729
1292 1585
254 1910
1044 1706
381 757
1815 1796
625 1704
859 1017
1315 1000
1145 71
341 259
1982 1482
1015 1817
1306 1046
418 1689
827 1592
1338 477
1499 821
1802 1773
1726 246
1793 1214
1048 1645
1114 260
1413 1356
1278 1641
1623 114
1716 1593
396 1365
365 1461
875 850
1735 294
1463 753
397 1233
1601 1335
1822 822
986 89
1140 883
1310 1329
204 1238
607 925
799 1355
504 513
288 1692
1476 1281
428 778
1721 1607
1608 1456
1072 773
1958 1015
1643 955
1682 960
678 1517
850 992
1061 1324
87 1598
1829 1142
914 1914
1615 1980
584 806
1314 793
213 222
646 1791
989 250
1473 668
197 670
758 625
120 1212
165 293
1393 1423
1283 330
220 866
876 665
1642 1944
1510 1912
1497 1193
159 997
928 924
1390 409
1725 1457
170 939
117 920
547 1276
105 575
116 1113
1693 1087
124 973
1616 344
1329 1506
765 536
1316 1387
689 563
73 245
554 1453
1383 1041
1312 797
1912 669
134 490
227 1927
672 1271
1414 1920
280 134
248 892
1312 425
153 1216
41 612
938 1858
551 704
833 820
437 659
808 1468
787 513
589 1683
600 1642
756 1468
1382 1376
1260 739
1612 1173
560 713
1932 1383
287 480
254 206
1650 637
1119 1049
1020 732
1681 31
937 250
1357 40
1070 1019
1012 962
57 253
1638 423
236 1369
1356 1284
1771 842
324 695
520 728
1468 1493
1871 480
774 258
1293 1141
239 996
1602 1145
1192 1465
1919 500
1115 1860
1731 810
1551 92
369 552
1895 426
706 376
123 502
1953 1696
1063 1288
253 1418
1063 798
113 1941
1794 1818
1974 168
1454 249
409 252
902 1005
840 301
1339 947
281 613
233 1826
449 229
1027 1280
656 1323
936 942
1262 119
1849 676
1620 231
1499 222
1256 838
1791 923
473 126
563 698
1923 1791
1461 1648
1130 1940
705 1847
335 383
262 185
799 413
1403 538
861 1826
668 1747
1384 332
488 1953
1311 766
1436 337
170 456
1190 1900
831 1248
1801 418
1650 1368
873 1948
1805 373
954 1028
404 191
805 1162
1466 1696
495 355
1073 65
1556 799
173 408
1333 763
204 1610
365 1570
1959 1258
1601 1721
1048 613
634 912
1288 1737
656 731
183 66
663 754
1908 1006
434 1541
1297 665
1962 929
1152 568
1301 758
1056 1515
126 897
307 1733
941 1136
686 974
1008 1003
1480 1593
541 1854
487 1790
1666 1287
1471 561
1659 251
1899 854
1945 1621
837 1948
1716 197
1044 1476
1266 255
1747 91
1444 1345
457 764
1065 1439
1378 1256
98 264
663 377
1923 1438
1268 742
921 518
1006 1039
1331 1243
1767 1525
883 57
462 1070
1582 1207
706 1209
887 318
441 1096
150 1664
594 1125
525 1568
1642 1596
832 1326
823 1241
949 770
1341 326
1584 1298
785 852
227 1738
1915 1658
1508 458
729 1469
199 630
1549 1980
18 1
1728 1753
1553 1295
951 1146
585 1050
1059 1897
1166 307
737 1437
890 1372
1080 1978
862 1653
178 859
1432 1166
1038 1129
1771 1320
1246 1298
446 770
1707 1211
1048 1313
1857 1385
1574 1650
1871 31
1182 743
1449 1840
294 809
868 1802
1126 128
510 1002
1513 100
1814 7
102 749
1741 81
313 1877
1400 1584
1971 1527
708 1637
137 1411
205 22
1575 670
598 835
930 489
1916 427
2000 316
1864 246
1774 826
930 1518
1635 504
1126 907
1751 830
1823 1019
192 980
173 588
479 645
1019 934
1241 891
540 1191
1720 346
954 1902
112 603
375 266
1258 1424
281 857
978 637
84 850
670 1023
501 958
1410 603
1698 556
744 1122
1501 956
406 1980
402 347
1122 1761
526 681
1931 1861
1766 956
927 1201
1238 127
1919 248
486 1352
306 1043
132 693
1609 1018
1051 259
976 843
1787 1758
144 1305
1114 1554
144 1551
1518 1372
673 1660
1272 695
157 277
1090 253
1528 721
109 1959
1433 1876
268 1116
399 709
1770 1928
1573 1424
561 1885
181 1543
1120 444
1896 1595
74 306
929 727
1758 1764
288 432
717 1577
1124 174
1802 1847
1980 1791
804 1846
101 1399
59 1286
995 755
1309 618
708 219
1622 163
831 56
1492 894
1995 340
1623 1175
377 1482
571 1887
1219 185
782 155
1313 281
1734 1777
1387 688
299 869
1751 515
475 1883
489 595
1090 57
413 1556
1101 1672
617 1535
1339 1030
1916 1098
1761 580
805 1795
1912 1430
1219 210
1350 1653
880 1786
1765 690
1709 813
1925 1040
1094 493
1429 293
1242 257
228 66
990 1134
646 535
1500 1152
1789 1980
666 1745
336 1363
820 1236
1109 97
1672 1925
309 293
1454 326
120 294
633 1349
549 1834
135 1384
502 382
872 211
1787 1559
1620 1322
196 218
1157 1411
1024 1943
1044 1267
1895 865
1460 1237
78 1899
1079 1600
1836 1441
1381 823
871 1097
614 1794
1460 552
493 661
1689 1801
267 713
1368 1574
1586 1498
1661 125
1814 693
538 117
916 1984
61 1004
1868 62
502 759
1821 1068
1808 407
968 1841
1025 1993
1979 1723
1143 1434
1505 801
1152 1241
104 1838
423 880
360 465
1550 33
1907 579
1884 1198
1526 1938
1581 415
665 181
772 1473
460 1185
173 1061
1540 1085
216 360
1130 1892
478 1794
185 210
1173 1477
1664 1386
1997 423
762 539
606 32
449 1832
1040 412
1772 31
222 821
1284 1272
202 162
66 1929
1430 1956
772 651
1136 1204
1714 581
1904 874
52 1581
1788 1262
1837 832
1119 1258
1226 415
1780 1845
1158 1862
478 614
247 1136
1109 944
14 405
1334 1630
1016 1970
1166 762
786 190
678 964
395 1930
1199 427
131 1592
1000 162
1183 1757
1272 1674
122 315
1822 1076
97 232
568 1241
1400 412
1562 15
212 1034
987 1174
709 102
427 1885
1634 1272
1098 1176
1800 994
1393 1443
465 359
1891 1921
1557 1118
1341 74
1929 289
112 1551
662 794
1209 93
27 759
1039 982
1834 251
1100 462
487 345
454 876
334 1297
1535 1278
30 256
1336 411
685 223
403 369
280 403
1297 495
1613 328
1383 908
905 1661
243 1276
1830 1165
1312 1870
803 1680
403 1694
591 485
1699 436
1351 1200
566 386
1736 161
458 702
1157 312
319 586
505 1502
409 341
1790 1732
1564 798
1598 196
1332 656
815 1458
844 1260
841 1137
1699 90
980 317
68 503
1331 1371
1681 1476
175 1305
1240 1269
21 1248
898 1563
800 1981
228 448
150 566
1766 1029
1555 1388
222 1700
1304 1951
1461 878
1743 172
630 557
397 252
1854 1978
392 969
218 87
47 1558
378 581
622 1370
1431 234
433 586
287 1066
1199 529
794 479
993 961
1948 1813
1872 26
811 569
1344 449
936 1799
1828 1408
996 1067
207 796
749 648
1851 1009
976 855
1188 1846
872 700
802 1635
218 1598
1616 288
900 549
972 562
220 918
1028 881
1174 1588
660 147
163 264
1980 581
31 905
417 1710
694 1178
1546 1421
1528 1374
392 815
1882 26
1 1778
1025 1276
152 599
1929 1639
1629 106
1754 1198
793 1129
104 805
1081 1057
1642 113
547 896
1023 1575
1257 1486
178 1004
1603 546
617 627
1227 1854
176 1514
1312 364
1187 1604
488 1705
568 1536
532 19
316 984
1600 1222
1082 1662
1832 693
1845 1830
1859 832
1078 1960
677 1718
1801 164
469 1222
96 488
1785 1574
809 1212
215 978
8 1561
1055 29
1570 1321
1307 1066
1125 1548
1556 1971
1743 1545
1803 927
1147 882
1756 1560
1779 661
1174 1510
941 510
1444 313
664 77
1380 1029
413 1355
1935 517
1874 112
82 200
1867 901
1435 146
73 1318
1450 548
516 862
77 380
784 1957
1127 1206
1871 1681
834 599
625 62
1064 1715
1182 86
142 141
1240 829
1155 304
378 1181
983 1461
1709 1198
1331 1778
873 947
355 1626
1536 1500
672 752
119 1788
1248 1994
560 823
283 977
1969 624
675 665
1473 1778
252 1051
262 1028
512 1506
1334 178
1379 1766
1712 591
675 495
504 949
1386 150
937 456
1196 1465
1627 473
377 1631
716 600
1475 358
1988 1636
522 1560
374 1543
1944 113
985 1339
1355 1556
250 720
195 656
1271 1062
1080 1205
977 1600
1532 66
853 140
1127 325
55 897
952 1792
832 1456
1180 1962
642 1472
915 230
1237 403
242 253
1501 615
1662 511
556 82
390 1192
1739 1871
1217 258
183 1857
253 294
748 1546
578 550
373 316
1999 1065
44 711
1030 1948
1252 1331
509 991
1676 951
1700 611
870 1326
1440 103
59 511
917 1733
1738 1118
1161 175
1149 196
1092 537
1168 582
261 194
1369 540
1918 858
633 241
1182 1306
1678 1069
179 331
599 1201
155 886
186 430
1612 1005
302 1040
1384 1515
1052 1328
171 1366
842 1402
1218 1780
405 650
1730 1519
678 640
426 1157
495 665
578 344
1941 691
587 473
809 253
668 1590
998 825
635 26
338 1447
1716 327
582 1246
286 1805
1117 174
351 155
1087 768
945 716
1035 1968
490 1713
259 1233
354 953
887 797
282 1149
18 1473
1987 715
1408 1671
1810 1283
401 1205
844 743
260 653
1785 1915
948 1532
367 1711
1666 1611
762 1930
1962 1887
424 1325
1201 1416
1288 793
686 997
106 126
256 366
1210 1197
706 725
82 1375
1279 22
836 1159
1711 1274
1600 299
1171 1453
1628 1490
1355 1971
963 478
558 1738
1477 627
707 46
111 1589
1235 1804
821 1899
150 444
84 1344
624 718
1144 1153
697 1631
1783 107
451 30
502 53
1185 1170
1400 1246
1218 740
1601 217
502 1786
111 1047
335 666
1288 1038
176 140
1028 303
442 430
835 1744
1937 624
889 246
1545 167
1319 948
1168 2
1902 210
599 1464
619 161
1530 1514
31 125
1954 466
1220 1446
1584 1246
1179 1535
965 741
1368 978
1467 1349
733 1890
1175 113
1940 1523
1776 149
364 675
1744 1496
1120 1386
1118 424
1764 1579
1258 810
647 1459
86 743
1947 1210
1246 412
705 1864
1026 231
667 1069
1200 639
1045 414
1994 532
1552 835
1818 804
108 1968
546 1559
330 1810
1929 1273
435 173
427 1123
1934 239
1138 1563
1378 838
1904 597
1947 289
1552 343
1997 1786
565 133
1924 1139
1357 1365
1872 1112
56 1444
1542 565
1791 535
705 889
1855 1416
249 1504
362 187
170 1035
1071 340
1380 842
897 11
199 557
931 36
10 1626
770 463
909 646
867 452
407 793
1189 720
1492 1760
223 1279
828 70
367 1274
1500 545
1540 1014
1234 713
1217 680
461 1933
1755 1790
1060 412
414 1976
5 1058
1673 359
71 904
69 1101
1037 446
1631 508
1449 1178
149 1102
953 1356
154 461
1421 696
1673 1840
827 247
471 1391
229 992
1498 1637
868 610
1317 554
1122 1027
749 664
682 1619
1208 843
1765 1559
1894 596
1531 522
644 549
407 1688
818 538
1345 1815
1265 731
1677 505
364 1626
1512 450
1305 171
1426 1703
1872 1284
638 1678
1232 17
613 1313
734 1445
1340 383
842 1303
1477 902
446 463
1195 608
880 759
1076 364
803 1228
1148 1501
1265 1229
471 1507
1251 1692
706 187
343 1496
703 1760
1327 1445
581 1791
1054 623
1188 1907
798 1505
736 1072
1883 1590
27 880
293 1350
736 1282
1222 977
1009 885
1606 491
7 574
673 1144
1325 1557
1249 624
1122 1042
77 853
397 358
1807 1157
1162 1846
1225 1400
1922 665
1896 38
231 1656
1187 1165
4 421
81 559
269 702
1098 427
1772 604
300 847
1687 671
445 374
494 569
553 692
1499 777
768 1693
1121 204
594 1323
1441 1811
530 1654
312 33
662 1775
1073 502
226 1801
1913 333
1909 198
1794 609
1554 1024
923 1980
1326 1591
1136 827
94 1693
747 829
336 837
1329 778
26 1753
1593 670
52 1755
687 1042
195 396
1140 572
548 483
1557 1927
434 63
540 356
1881 484
1368 1785
410 282
284 664
1695 528
149 330
1035 1059
121 1618
1066 604
1823 573
535 188
797 1863
1158 1047
1270 1917
811 256
1840 342
1500 1381
1302 856
1290 1252
1232 1782
1988 1943
767 609
1108 142
1473 301
1102 1254
1689 1731
1888 1321
572 995
1651 389
1521 768
992 449
1062 515
187 1209
797 234
1598 1967
775 1067
290 1113
1813 1382
634 708
1454 1085
541 279
950 1901
1255 211
1611 756
369 1694
475 1473
639 1351
994 839
421 807
1711 1910
229 850
1748 1031
1197 319
1486 261
1319 1989
1524 202
1770 275
417 1004
350 1314
1381 568
282 1598
1168 1400
352 1767
620 1932
1317 1362
649 749
1110 71
972 1437
1532 863
1601 408
1503 1127
468 1263
1738 641
1309 1251
1844 679
1239 486
1331 336
981 1292
759 423
1388 73
746 1548
1021 60
15 1564
1329 643
733 583
342 723
1222 299
626 1048
1128 1454
164 1774
1182 1546
1107 979
780 756
1397 798
377 1123
70 1599
1418 295
291 1691
1461 1966
1494 1632
1550 975
566 184
1944 600
851 1287
149 1712
1304 1036
1003 1103
768 1259
1630 1843
137 58
326 1014
170 720
788 705
244 453
406 1487
1487 1986
902 1173
287 1307
1904 29
1500 1033
989 720
226 418
1987 874
1194 356
1179 1223
891 568
634 1586
749 1053
1261 1234
1600 1614
932 1620
865 37
1215 245
1454 761
1591 966
1740 1867
95 946
879 414
367 1741
906 916
386 1120
1300 707
875 1344
1161 492
1600 869
446 1581
1336 142
1842 1193
126 1319
254 1051
844 1306
87 814
76 1890
442 172
262 1353
1118 641
1270 581
1733 539
1932 1690
1039 1572
1970 56
269 348
1055 1912
893 165
670 1573
1813 1763
186 1000
210 1028
932 1926
1523 471
250 939
716 1642
1224 864
136 824
1656 1279
177 892
960 582
669 156
515 722
1848 1597
1272 1413
657 1577
1298 960
157 753
341 397
1298 1168
170 1821
1146 1676
724 1712
260 1024
779 736
1772 480
315 459
21 77
126 1170
810 379
1778 840
8 1087
1977 268
24 1158
1667 517
1857 1405
1682 1584
1571 671
702 1508
1178 342
1785 215
874 832
512 961
1184 1816
1304 624
1555 1115
1570 1966
668 240
288 550
1257 346
1837 1640
1971 413
213 821
1170 1989
375 1508
1370 320
1497 1289
1467 265
1206 1503
1963 1558
1589 24
215 289
507 1110
1665 497
305 1447
1119 1959
287 1681
1187 636
123 382
662 517
1414 1263
963 1818
1386 386
742 1484
773 1844
967 564
1967 87
1947 1850
1782 1084
421 1497
1733 1930
445 16
75 1619
1161 684
165 1998
575 1991
805 1907
640 1280
1516 1512
1087 655
1350 862
139 364
1997 27
624 857
1628 1845
329 78
1496 1045
539 307
320 802
750 1342
408 217
991 615
1242 1639
1766 544
1050 1122
849 6
1831 848
181 498
407 358
1049 1959
1956 1977
726 249
634 1823
1146 333
820 1489
369 1141
182 1409
123 1266
968 749
1749 189
1979 391
1804 1697
46 1877
1786 1638
250 170
743 353
970 331
1850 215
1441 792
1111 1820
1425 164
404 1866
1825 1532
280 1224
1660 925
243 323
569 376
1580 1182
1039 1984
234 1702
831 1444
605 685
572 883
1162 1818
197 1593
1942 1228
1838 1560
787 1635
1820 657
1208 1981
1471 1218
251 1412
1799 636
1299 649
985 947
1344 1146
1300 1790
254 1186
65 1266
699 1024
1747 1453
270 557
1882 1728
39 1636
98 1458
1607 42
1822 797
1345 46
410 1967
1856 1560
1799 1930
439 1978
104 1147
1812 1623
160 190
160 1359
592 1460
4 1236
124 1993
690 1787
20 1734
193 688
1549 1487
1362 630
1651 1707
307 917
1518 1142
1438 1791
1723 1840
370 1917
872 1873
902 524
824 805
1767 991
1046 739
87 1149
1896 542
667 125
445 1093
322 914
1398 1589
343 190
1058 455
110 966
159 1094
1999 1347
1752 501
547 124
1274 81
1323 1533
657 781
738 801
1078 1268
419 74
1618 671
967 330
697 567
987 80
902 1758
667 1372
5 455
1933 1896
903 1538
1102 967
1041 1083
832 674
701 1633
1572 88
1788 1022
1378 1933
392 1727
127 204
967 1283
1423 1443
1645 1313
565 205
1170 1532
186 1545
1911 1376
1141 403
95 258
1588 268
20 935
141 1852
1131 368
765 235
1838 732
1544 750
1567 721
196 282
1536 823
71 1602
891 792
215 637
1943 1064
1781 231
629 222
1817 1839
143 750
800 935
1325 641
730 1318
1133 485
1067 1605
1623 1963
1158 1746
669 1055
829 1062
1713 280
1647 1534
1474 949
714 829
817 283
1125 83
1079 1614
1092 1633
82 1694
525 1976
206 1390
628 69
1488 1356
48 29
112 1770
816 352
472 817
1752 392
1915 1783
445 1644
644 626
1730 350
333 54
1235 1512
1351 1814
1182 73
1241 545
1620 1026
1205 72
386 1770
1983 979
678 1042
1282 339
1146 54
1017 417
526 1215
810 670
1907 804
201 1458
1880 270
1244 1214
1937 1969
556 971
1436 1894
1315 162
1994 77
1396 1393
768 655
111 1862
502 423
297 317
1660 1389
1864 1773
531 1766
328 1418
111 1396
1880 199
393 973
1374 721
132 1200
441 1731
376 256
1438 1398
684 171
658 1948
1683 543
769 161
654 314
1073 123
1102 564
1973 1082
1753 635
826 1425
1554 1274
1329 828
358 252
998 295
1716 921
439 1227
1586 115
1506 308
353 1260
1603 1853
1108 1696
533 532
799 1971
97 1715
308 961
449 850
175 76
1818 614
323 547
924 1950
837 1363
188 1398
415 387
1698 1308
351 1127
512 1625
1534 782
483 1708
7 855
1972 1328
1911 1331
357 1630
806 64
1596 691
848 1175
739 1182
577 1047
480 604
1557 424
686 1134
1961 421
939 1189
1764 1173
1716 1217
1669 561
1472 919
661 872
232 1624
612 55
1147 732
626 1313
628 846
1045 1095
235 1677
205 685
474 505
1290 840
549 1996
91 1453
154 338
311 1205
265 530
23 21
934 1671
988 452
1187 942
1873 642
1655 1482
1657 623
1553 1147
1085 347
383 783
1647 155
1398 1047
13 158
535 1923
990 1010
1028 1135
93 725
1684 1984
1091 887
16 1093
113 1596
744 166
2000 2000 2000 2000 2000 2000 2000 2000 2000 2000 2000 2000 2000 2000 2000 2000 2000 2000 2000 2000 2000 2000 2000 2000 2000 2000 2000 2000 2000 2000 2000 2000 2000 2000 2000 2000 2000 2000 2000 2000 2000 2000 2000 2000 2000 2000 2000 2000 2000 2000 2000 2000 2000 2000 2000 2000 2000 2000 2000 2000 2000 2000 2000 2000 2000 2000 2000 2000 2000 2000 2000 2000 2000 2000 2000 2000 2000 2000 2000 2000 2000 2000 2000 2000 2000 2000 2000 2000 2000 2000 2000 2000 2000 2000 2000 2000 2000 2000 2000 2000 2000 2000 2000 2000 2000 2000 2000 2000 2000 2000 2000 2000 2000 2000 2000 2000 2000 2000 2000 2000 2000 2000 2000 2000 2000 2000 2000 2000 2000 2000 2000 2000 2000 2000 2000 2000 2000 2000 2000 2000 2000 2000 2000 2000 2000 2000 2000 2000 2000 2000 2000 2000 2000 2000 2000 2000 2000 2000 2000 2000 2000 2000 2000 2000 2000 2000 2000 2000 2000 2000 2000 2000 2000 2000 2000 2000 2000 2000 2000 2000 2000 2000 2000 2000 2000 2000 2000 2000 2000 2000 2000 2000 2000 2000 2000 2000 2000 2000 2000 2000 2000 2000 2000 2000 2000 2000 2000 2000 2000 2000 2000 2000 2000 2000 2000 2000 2000 2000 2000 2000 2000 2000 2000 2000 2000 2000 2000 2000 2000 2000 2000 2000 2000 2000 2000 2000 2000 2000 2000 2000 2000 2000 2000 2000 2000 2000 2000 2000 2000 2000 2000 2000 2000 2000 2000 2000 2000 2000 2000 2000 2000 2000 2000 2000 2000 2000 2000 2000 2000 2000 2000 2000 2000 2000 2000 2000 2000 2000 2000 2000 2000 2000 2000 2000 2000 2000 2000 2000 2000 2000 2000 2000 2000 2000 2000 2000 2000 2000 2000 2000 2000 2000 2000 2000 2000 2000 2000 2000 2000 2000 2000 2000 2000 2000 2000 2000 2000 2000 2000 2000 2000 2000 2000 2000 2000 2000 2000 2000 2000 2000 2000 2000 2000 2000 2000 2000 2000 2000 2000 2000 2000 2000 2000 2000 2000 2000 2000 2000 2000 2000 2000 2000 2000 2000 2000 2000 2000 2000 2000 2000 2000 2000 2000 2000 2000 2000 2000 2000 2000 2000 2000 2000 2000 2000 2000 2000 2000 2000 2000 2000 2000 2000 2000 2000 2000 2000 2000 2000 2000 2000 2000 2000 2000 2000 2000 2000 2000 2000 2000 2000 2000 2000 2000 2000 2000 2000 2000 2000 2000 2000 2000 2000 2000 2000 2000 2000 2000 2000 2000 2000 2000 2000 2000 2000 2000 2000 2000 2000 2000 2000 2000 2000 2000 2000 2000 2000 2000 2000 2000 2000 2000 2000 2000 2000 2000 2000 2000 2000 2000 2000 2000 2000 2000 2000 2000 2000 2000 2000 2000 2000 2000 2000 2000 2000 2000 2000 2000 2000 2000 2000 2000 2000 2000 2000 2000 2000 2000 2000 2000 2000 2000 2000 2000 2000 2000 2000 2000 2000 2000 2000 2000 2000 2000 2000 2000 2000 2000 2000 2000 2000 2000 2000 2000 2000 2000 2000 2000 2000 2000 2000 2000 2000 2000 2000 2000 2000 2000 2000 2000 2000 2000 2000 2000 2000 2000 2000 2000 2000 2000 2000 2000 2000 2000 2000 2000 2000 2000 2000 2000 2000 2000 2000 2000 2000 2000 2000 2000 2000 2000 2000 2000 2000 2000 2000 2000 2000 2000 2000 2000 2000 2000 2000 2000 2000 2000 2000 2000 2000 2000 2000 2000 2000 2000 2000 2000 2000 2000 2000 2000 2000 2000 2000 2000 2000 2000 2000 2000 2000 2000 2000 2000 2000 2000 2000 2000 2000 2000 2000 2000 2000 2000 2000 2000 2000 2000 2000 2000 2000 2000 2000 2000 2000 2000 2000 2000 2000 2000 2000 2000 2000 2000 2000 2000 2000 2000 2000 2000 2000 2000 2000 2000 2000 2000 2000 2000 2000 2000 2000 2000 2000 2000 2000 2000 2000 2000 2000 2000 2000 2000 2000 2000 2000 2000 2000 2000 2000 2000 2000 2000 2000 2000 2000 2000 2000 2000 2000 2000 2000 2000 2000 2000 2000 2000 2000 2000 2000 2000 2000 2000 2000 2000 2000 2000 2000 2000 2000 2000 2000 2000 2000 2000 2000 2000 2000 2000 2000 2000 2000 2000 2000 2000 2000 2000 2000 2000 2000 2000 2000 2000 2000 2000 2000 2000 2000 2000 2000 2000 2000 2000 2000 2000 2000 2000 2000 2000 2000 2000 2000 2000 2000 2000 2000 2000 2000 2000 2000 2000 2000 2000 2000 2000 2000 2000 2000 2000 2000 2000 2000 2000 2000 2000 2000 2000 2000 2000 2000 2000 2000 2000 2000 2000 2000 2000 2000 2000 2000 2000 2000 2000 2000 2000 2000 2000 2000 2000 2000 2000 2000 2000 2000 2000 2000 2000 2000 2000 2000 2000 2000 2000 2000 2000 2000 2000 2000 2000 2000 2000 2000 2000 2000 2000 2000 2000 2000 2000 2000 2000 2000 2000 2000 2000 2000 2000 2000 2000 2000 2000 2000 2000 2000 2000 2000 2000 2000 2000 2000 2000 2000 2000 2000 2000 2000 2000 2000 2000 2000 2000 2000 2000 2000 2000 2000 2000 2000 2000 2000 2000 2000 2000 2000 2000 2000 2000 2000 2000 2000 2000 2000 2000 2000 2000 2000 2000 2000 2000 2000 2000 2000 2000 2000 2000 2000 2000 2000 2000 2000 2000 2000 2000 2000 2000 2000 2000 2000 2000 2000 2000 2000 2000 2000 2000 2000 2000 2000 2000 2000 2000 2000 2000 2000 2000 2000 2000 2000 2000 2000 2000 2000 2000 2000 2000 2000 2000 2000 2000 2000 2000 2000 2000 2000 2000 2000 2000 2000 2000 2000 2000 2000 2000 2000 2000 2000 2000 2000 2000 2000 2000 2000 2000 2000 2000 2000 2000 2000 2000 2000 2000 2000 2000 2000 2000 2000 2000 2000 2000 2000 2000 2000 2000 2000 2000 2000 2000 2000 2000 2000 2000 2000 2000 2000 2000 2000 2000 2000 2000 2000 2000 2000 2000 2000 2000 2000 2000 2000 2000 2000 2000 2000 2000 2000 2000 2000 2000 2000 2000 2000 2000 2000 2000 2000 2000 2000 2000 2000 2000 2000 2000 2000 2000 2000 2000 2000 2000 2000 2000 2000 2000 2000 2000 2000 2000 2000 2000 2000 2000 2000 2000 2000 2000 2000 2000 2000 2000 2000 2000 2000 2000 2000 2000 2000 2000 2000 2000 2000 2000 2000 2000 2000 2000 2000 2000 2000 2000 2000 2000 2000 2000 2000 2000 2000 2000 2000 2000 2000 2000 2000 2000 2000 2000 2000 2000 2000 2000 2000 2000 2000 2000 2000 2000 2000 2000 2000 2000 2000 2000 2000 2000 2000 2000 2000 2000 2000 2000 2000 2000 2000 2000 2000 2000 2000 2000 2000 2000 2000 2000 2000 2000 2000 2000 2000 2000 2000 2000 2000 2000 2000 2000 2000 2000 2000 2000 2000 2000 2000 2000 2000 2000 2000 2000 2000 2000 2000 2000 2000 2000 2000 2000 2000 2000 2000 2000 2000 2000 2000 2000 2000 2000 2000 2000 2000 2000 2000 2000 2000 2000 2000 2000 2000 2000 2000 2000 2000 2000 2000 2000 2000 2000 2000 2000 2000 2000 2000 2000 2000 2000 2000 2000 2000 2000 2000 2000 2000 2000 2000 2000 2000 2000 2000 2000 2000 2000 2000 2000 2000 2000 2000 2000 2000 2000 2000 2000 2000 2000 2000 2000 2000 2000 2000 2000 2000 2000 2000 2000 2000 2000 2000 2000 2000 2000 2000 2000 2000 2000 2000 2000 2000 2000 2000 2000 2000 2000 2000 2000 2000 2000 2000 2000 2000 2000 2000 2000 2000 2000 2000 2000 2000 2000 2000 2000 2000 2000 2000 2000 2000 2000 2000 2000 2000 2000 2000 2000 2000 2000 2000 2000 2000 2000 2000 2000 2000 2000 2000 2000 2000 2000 2000 2000 2000 2000 2000 2000 2000 2000 2000 2000 2000 2000 2000 2000 2000 2000 2000 2000 2000 2000 2000 2000 2000 2000 2000 2000 2000 2000 2000 2000 2000 2000 2000 2000 2000 2000 2000 2000 2000 2000 2000 2000 2000 2000 2000 2000 2000 2000 2000 2000 2000 2000 2000 2000 2000 2000 2000 2000 2000 2000 2000 2000 2000 2000 2000 2000 2000 2000 2000 2000 2000 2000 2000 2000 2000 2000 2000 2000 2000 2000 2000 2000 2000 2000 2000 2000 2000 2000 2000 2000 2000 2000 2000 2000 2000 2000 2000 2000 2000 2000 2000 2000 2000 2000 2000 2000 2000 2000 2000 2000 2000 2000 2000 2000 2000 2000 2000 2000 2000 2000 2000 2000 2000 2000 2000 2000 2000 2000 2000 2000 2000 2000 2000 2000 2000 2000 2000 2000 2000 2000 2000 2000 2000 2000 2000 2000 2000 2000 2000 2000 2000 2000 2000 2000 2000 2000 2000 2000 2000 2000 2000 2000 2000 2000 2000 2000 2000 2000 2000 2000 2000 2000 2000 2000 2000 2000 2000 2000 2000 2000 2000 2000 2000 2000 2000 2000 2000 2000 2000 2000 2000 2000 2000 2000 2000 2000 2000 2000 2000 2000 2000 2000 2000 2000 2000 2000 2000 2000 2000 2000 2000 2000 2000 2000 2000 2000 2000 2000 2000 2000 2000 2000 2000 2000 2000 2000 2000 2000 2000 2000 2000 2000 2000 2000 2000 2000 2000 2000 2000 2000 2000 2000 2000 2000 2000 2000 2000 2000 2000 2000 2000 2000 2000 2000 2000 2000 2000 2000 2000 2000 2000 2000 2000 2000 2000 2000 2000 2000 2000 2000 2000 2000 2000 2000 2000 2000 2000 2000 2000 2000 2000 2000 2000 2000 2000 2000 2000 2000 2000 2000 2000 2000 2000 2000 2000 2000 2000 2000 2000 2000 2000 2000 2000 2000 2000 2000 2000 2000 2000 2000 2000 2000 2000 2000 2000 2000 2000 2000 2000 2000 2000 2000 2000 2000 2000 2000 2000 2000 2000 2000 2000 2000 2000 2000 2000 2000 2000 2000 2000 2000 2000 2000 2000 2000 2000 2000 2000 2000 2000 2000 2000 2000 2000 2000 2000 2000 2000 2000 2000 2000 2000 2000 2000 2000 2000 2000 2000 2000 2000 2000 2000 2000 2000 2000 2000 2000 2000 2000 2000 2000 2000 2000 2000 2000 2000 2000 2000 2000 2000 2000 2000 2000 2000 2000 2000 2000 2000 2000 2000 2000 2000 2000 2000 2000 2000 2000 2000 2000 2000 2000 2000 2000 2000 2000 2000 2000 2000 2000 2000 2000 2000 2000 2000 2000 2000 2000 2000 2000 2000 2000 2000 2000 2000 2000 2000 2000 2000 2000 2000 2000 2000 2000 2000 2000 2000 2000 2000 2000 2000 2000 2000 2000 2000 2000 2000 2000 2000 2000 2000 2000 2000 2000 2000 2000 2000 2000 2000 2000 2000 2000 2000 2000 2000 2000 2000 2000 2000 2000 2000 2000 2000 2000 2000 2000 2000 2000 2000 2000 2000 2000 2000 2000 2000 2000 2000 2000 2000 2000 2000 2000 2000 2000 2000 2000 2000 2000 2000 2000 2000 2000 2000 2000 2000 2000 2000 2000 2000 2000 2000 2000 2000 2000 2000 2000 2000 2000 2000 2000 2000 2000 2000 2000 2000 2000 2000 2000 2000 2000 2000 2000 2000 2000 2000 2000 2000 2000 2000 2000 2000 2000 2000 2000 2000 2000 2000 2000 2000 2000 2000 2000 2000 2000 2000 2000 2000 2000 2000 2000 2000 2000 2000 2000 2000 2000 2000 2000 2000 2000 2000 2000 2000 2000 2000 2000 2000 2000 2000 2000 2000 2000 2000 2000 2000 2000 2000 2000 2000 2000 2000 2000 2000 2000 2000 2000 2000 2000 2000 2000 2000 2000 2000 2000 2000 2000 2000 2000 2000 2000 2000 2000 2000 2000 2000 2000 2000 2000 2000 2000 2000 2000 2000 2000 2000 2000 2000 2000 2000 2000 2000 2000 2000 2000 2000 2000 2000 2000 2000 2000 2000 2000 2000 2000 2000 2000 2000 2000 2000 2000 2000 2000 2000 2000 2000 2000 2000 2000 2000 2000 2000 2000 2000 2000 2000 2000 2000 2000 2000 2000 2000 2000 2000 2000 2000 2000 2000 2000 2000 2000 2000 2000 2000 2000 2000 2000 2000 2000 2000 2000 2000 2000 2000 2000 2000 2000 2000 2000 2000 2000 2000 2000 2000 2000 2000 2000 2000 2000 2000 2000 2000 2000 2000 2000 2000 2000 2000
