2000 2000
471 1960
188 127
22 952
566 1018
1679 177
1247 554
1600 536
1884 483
226 1111
937 128
167 333
1924 174
848 1257
612 1482
1014 527
765 731
1001 557
1836 810
1635 442
1858 63
1009 1891
1429 1489
934 761
1779 784
241 1773
363 295
80 193
246 171
587 1993
688 737
3 47
1200 556
1844 1775
880 629
1453 1666
1331 280
673 762
1532 316
582 1315
1062 489
331 1187
656 1239
633 1748
1970 1575
1700 1764
402 971
553 520
83 298
1475 1125
916 1466
223 428
1209 302
1204 13
1271 1141
289 722
1428 631
1760 1632
300 155
1597 89
1216 1816
135 266
529 1489
1025 485
611 32
658 858
1638 637
700 1365
1046 389
751 904
1079 1631
1210 1461
1308 127
654 548
1124 51
1599 965
1399 1396
372 1385
1337 1207
1262 1778
499 1977
436 1880
1629 419
119 413
1112 1431
322 702
1132 971
1228 663
1158 479
41 1852
99 811
1427 1477
1388 2000
923 793
1082 594
1616 879
362 481
93 760
1866 171
682 120
1623 1369
1662 1764
268 1372
1582 1000
163 166
284 1653
385 443
651 1046
94 714
692 1664
1962 1352
1438 1189
1021 990
1285 1193
1094 871
1265 1726
365 1904
1042 638
390 1017
1907 111
1080 1196
1359 42
1707 1722
1648 498
824 1256
1082 1015
1063 783
520 1088
1177 414
114 438
896 47
67 213
1517 1220
1579 1174
40 975
842 677
1306 758
55 1538
1448 576
196 403
1136 1796
1975 724
900 1603
710 61
1968 1232
411 1994
711 246
393 258
1563 1803
1374 1938
87 1176
1516 64
1728 1779
819 1115
1612 1052
1366 528
931 766
308 729
968 788
1713 1889
845 1356
1672 779
422 1810
150 530
585 260
1393 527
1011 687
1032 1566
940 597
482 1499
441 1150
732 806
1704 1557
1643 1883
498 607
1336 1139
303 1932
1725 604
851 707
1838 1689
1913 1221
1133 1739
1174 672
225 737
680 1037
1444 1408
1255 21
167 1436
1252 28
1545 243
1410 714
830 1823
1339 1713
5 441
1155 1798
1622 297
1370 1096
136 852
496 1185
1520 1236
1367 219
649 883
1173 399
1218 1982
666 1759
1882 1137
563 25
690 894
493 1117
38 554
1886 1769
771 535
1393 260
740 1076
1395 599
1465 1840
1602 907
1952 939
1383 774
1956 451
1956 1616
904 1065
1977 1086
1778 1259
652 1765
255 444
104 1319
1019 252
1026 1729
1239 132
849 1801
903 713
521 1935
286 1985
1383 1194
1205 1850
1313 36
1660 1667
1987 1373
1876 533
691 1502
327 1755
1642 1173
1053 679
1235 1302
1789 1962
1938 1737
837 818
74 1404
1244 238
1498 1949
29 8
133 259
1865 1263
1338 303
1232 193
78 659
676 20
1008 464
1577 946
1597 239
1291 1137
187 902
461 1579
1876 1495
1835 1263
1934 1130
829 1815
770 759
597 860
305 798
455 1843
353 1550
1887 674
1423 1896
621 993
829 1844
1027 621
250 1442
157 779
1333 274
805 165
1093 517
1980 1197
1078 371
955 368
709 1488
547 446
360 1730
294 973
816 911
1128 1045
1746 1168
1075 1056
364 1480
339 835
931 919
1857 9
1033 1047
895 623
1549 1604
1024 1243
1288 524
996 949
695 1438
1570 1767
301 1920
1460 1070
1634 1596
1247 1340
1059 1087
1397 618
1246 1280
1584 1404
1581 1834
563 727
18 144
602 91
1484 391
1495 630
228 1229
915 487
619 1625
1787 653
1911 417
1852 930
330 810
392 697
1262 1012
519 457
1783 953
1377 925
346 491
337 308
1014 682
664 287
1322 453
1458 1850
269 11
1505 1312
668 972
726 1809
1943 652
58 1968
1285 415
1716 1109
1419 1784
1588 1290
1731 1
1574 425
1967 992
345 1390
1196 825
435 1908
1278 982
654 1060
678 349
1722 544
687 1091
1089 843
132 1715
1236 1443
227 1747
427 107
1284 1163
721 735
1847 146
1869 1360
1919 1511
1054 591
626 1085
832 1380
140 564
83 1118
275 846
1573 877
1484 1093
1184 614
1406 447
1643 1774
491 1851
1900 356
1560 1307
571 1759
1560 539
1205 1275
494 1281
26 60
846 1702
1257 1417
1961 1013
370 1038
582 418
1209 1323
1515 1894
1482 980
321 197
501 1853
1060 1976
936 1845
1010 1583
1952 744
656 1777
1626 1601
1456 795
201 1789
1582 181
174 1132
1265 1398
367 249
898 1975
372 1235
1754 1058
1361 42
1062 1086
1544 1607
1071 665
991 482
1849 896
820 1892
1979 884
79 15
353 1588
689 1385
1571 1503
1640 767
1171 1267
49 1897
903 278
1057 1451
768 1294
224 515
340 1034
465 162
620 1931
1721 548
154 1948
1121 203
1940 817
144 295
115 1188
1955 1690
793 575
1673 1203
394 1180
1248 1710
1618 606
762 235
1249 699
1720 1316
1990 1350
1768 1849
1293 1617
1912 1683
1594 1795
1961 628
1942 1739
1981 1505
1419 791
103 1862
129 382
1967 549
1915 850
1364 310
948 332
1871 685
1781 1268
1878 1267
1446 27
636 1812
1780 1805
1444 16
244 1827
1005 1512
373 1608
1502 324
1469 497
1973 1122
210 215
1145 1753
1791 1283
1649 1120
464 981
742 221
1842 1390
516 1555
1004 1802
23 1976
604 256
1856 1458
1415 1923
57 1575
1206 1966
351 733
1770 1090
380 242
411 511
1658 591
1596 725
1776 1386
1890 371
1804 1195
1007 1670
1808 1635
836 1305
523 78
1613 462
740 231
866 149
1735 847
1538 723
1918 410
731 1175
1897 1131
324 861
1587 1110
915 1738
1705 1350
16 1388
1417 458
296 485
1742 1488
716 185
669 1567
31 1033
797 1332
1354 1358
469 1364
862 574
909 299
1494 1219
744 1775
247 96
1251 700
1379 1740
118 874
1109 48
1341 1006
695 787
1810 1152
1685 558
1420 771
64 425
1526 625
1932 1981
271 947
1858 855
1483 669
17 453
920 924
1749 1227
1400 178
1048 1613
1150 1286
240 1717
2 1784
667 756
315 782
1039 59
1072 1460
1467 1799
804 1678
1024 1518
124 1921
1107 885
257 696
1006 328
692 407
1138 1628
1179 854
1472 1593
1628 254
1135 974
219 1378
912 885
1414 766
262 1369
602 685
645 12
622 1605
276 1916
1884 1309
136 1529
1780 336
804 1521
1564 1201
754 828
1020 407
1704 1380
984 1338
1649 178
1208 1559
821 396
1067 869
831 1363
927 68
1504 319
165 1303
1881 81
1160 839
951 1424
1586 981
373 1675
43 290
550 1557
1146 1464
1861 1637
647 1334
1164 1621
630 207
1792 138
217 730
653 1877
1441 141
172 1698
1069 1057
1762 831
180 341
309 562
1481 251
1785 232
1771 743
1656 60
1655 1178
1241 256
1878 1063
1212 853
641 1644
666 1375
1398 1418
1013 101
863 37
1705 338
1769 1988
1111 1279
755 1096
227 79
1425 3
1276 641
978 152
889 1426
266 1498
1733 1329
19 769
1528 535
1432 1660
1129 221
500 588
642 1531
130 492
1654 413
383 995
1528 1497
633 1661
877 442
1761 1452
1043 1718
1838 577
1781 879
12 1200
601 327
1424 1685
69 147
862 311
151 1869
406 1859
595 734
1311 1522
1000 168
1034 1864
545 1403
1476 134
1151 4
899 797
1805 1696
1986 976
1405 942
235 278
137 1758
202 1476
872 417
1162 572
1960 1446
941 1214
1890 1490
1828 1959
52 283
1491 1182
1856 395
1408 748
1735 705
1874 495
820 1391
1639 509
533 1828
314 965
590 1139
108 1260
796 28
1211 1041
1813 1309
1027 632
154 1079
213 483
1727 1066
472 1159
1868 847
1929 1346
1681 1947
1351 1743
1347 312
1362 1831
1156 448
106 1565
319 1953
394 1631
592 552
704 1707
486 1983
953 643
924 986
1732 1170
449 345
82 1168
1115 190
450 1893
340 1095
250 969
1151 381
43 624
1833 1953
128 1291
89 481
487 986
1199 1746
746 1253
143 1153
1176 1234
1425 529
387 34
1357 1412
19 75
543 1944
945 760
424 1228
176 1569
1250 864
857 1662
1822 1347
668 900
477 1519
199 1593
1449 388
1088 1995
1503 315
922 1510
142 291
294 489
18 1299
730 1889
1509 1758
449 1245
1689 560
1543 1218
880 300
1485 541
1870 935
1451 1210
317 147
339 1445
1651 540
1448 963
1405 429
286 1250
14 33
1455 944
478 585
970 664
612 650
452 1392
1991 1208
1580 781
62 1183
1155 1214
432 785
791 555
763 937
743 1847
757 30
386 102
1928 1559
54 739
980 905
1943 1692
1052 50
936 1585
1207 273
1619 98
1506 395
792 881
1330 1478
566 732
1895 1951
1466 1167
1731 1813
967 1022
1463 1595
1903 1198
390 855
1110 1075
1993 601
1469 1657
1677 1445
1324 1307
237 1821
840 1113
1354 1465
1296 1727
530 1915
7 162
1035 1612
1016 99
819 710
1842 1623
143 1237
1686 514
1095 1172
331 928
421 1589
1195 375
1636 1394
1986 1836
185 101
276 1817
236 1070
121 1909
1926 139
1535 1072
211 1901
1659 926
245 177
153 1553
1963 1751
163 542
1463 1553
164 56
605 836
466 106
1261 1905
24 1818
1650 1620
1253 1922
1117 693
595 1342
1551 48
59 1595
1106 759
230 1462
1726 1942
671 1958
440 1433
333 501
1841 1811
1645 1846
1345 572
68 173
1443 1534
1061 680
736 1866
1204 511
1615 1114
574 996
1411 1193
1165 220
479 594
870 1030
330 234
1839 186
1322 1703
1102 1542
1965 559
374 1691
403 1985
475 1999
1714 875
1274 459
1186 223
200 506
1413 1877
982 1116
1479 640
518 1175
1352 1633
1071 905
1806 1711
1654 1826
1119 1969
194 1544
947 46
1652 7
1771 131
367 794
40 892
782 1213
1143 1647
26 1693
551 979
1370 1577
1353 1917
1401 1754
995 1144
1259 1341
1349 1099
292 366
1545 1356
1825 1318
908 1510
1391 1816
1909 1675
1571 785
510 176
222 1606
1818 382
1492 321
769 891
1547 938
1708 1336
85 1372
1854 1969
1590 1084
1790 119
1788 670
902 1043
1289 524
149 376
1134 709
1297 1353
1421 1615
1381 508
1937 33
615 683
1167 1954
145 890
391 1188
1578 1475
1343 873
306 1567
1500 307
1899 1284
497 898
451 832
1104 329
1917 401
1386 198
1278 942
1757 871
1835 62
1602 575
1272 393
1504 1712
568 1536
1741 1270
1690 301
1106 457
1321 841
1324 248
1401 196
88 1179
1468 293
1671 124
1233 739
718 1590
1782 1097
1763 1073
1984 1592
1929 1558
1012 443
1941 1459
175 116
1233 1376
531 1430
508 1042
51 95
238 1125
1831 186
1980 967
738 10
173 1923
158 909
1136 1258
856 1310
1165 1671
1123 1143
1678 92
1614 1773
210 844
296 726
1910 182
1118 1749
364 522
715 1524
716 884
838 867
1598 1439
1382 993
1241 1112
399 1397
170 460
217 1098
280 412
1077 1679
1513 634
164 928
925 598
1586 1573
1752 536
977 25
1467 1256
534 1471
1325 1274
251 320
1069 1098
1965 1089
984 226
1665 1989
225 1738
1127 234
1302 752
923 506
65 1520
352 1147
1521 972
93 1970
567 117
97 1320
1648 801
1177 1002
677 314
869 1270
1185 1450
1017 1984
622 1090
1624 1902
1791 1554
1224 1471
1513 55
1439 1542
742 1157
803 1725
1126 1621
1252 150
1798 562
146 1959
1574 657
1473 1081
1647 470
570 777
920 1022
496 1536
1680 1273
1736 421
1841 1698
1420 15
362 975
1763 1164
472 1611
617 1215
720 1010
1427 753
1166 1351
592 792
279 565
355 254
897 1572
1800 916
741 1441
1456 499
853 1442
1946 887
645 545
376 1260
1997 410
1249 166
1357 1321
244 807
402 1550
1358 922
325 908
273 1295
873 821
1922 361
123 480
1587 956
1930 200
1501 350
1815 772
541 1392
1994 1149
473 1047
614 1539
113 1080
484 1496
1972 1561
392 161
817 1359
523 1230
1514 1127
348 1377
1486 1299
1832 125
454 588
31 758
1723 1277
648 1916
830 347
1028 1432
988 1934
1229 1
522 1101
1721 798
1051 513
1423 1440
1301 1217
876 540
569 1264
1020 1790
355 1564
1668 1003
253 561
1765 1862
1539 1638
1077 1490
1715 763
911 1886
379 1113
1007 1197
867 673
1641 610
1099 1454
467 1362
61 1120
571 386
1957 1201
899 32
1497 341
218 803
1102 459
1646 1591
302 1123
54 1319
504 1286
1158 1622
377 615
190 825
722 145
1639 1083
683 736
1893 1029
228 1436
1964 1457
1905 1287
1732 1326
1182 577
236 1223
1971 1310
1992 1634
665 589
956 139
92 745
531 1121
543 1092
1422 1140
1646 229
206 477
839 600
1556 160
1786 872
1169 1255
892 1892
66 108
1964 1470
1269 1651
1464 970
291 1572
1337 627
212 1720
201 261
910 1919
799 1222
1814 215
179 976
180 1518
493 476
1546 337
1839 259
346 910
651 1936
1706 1871
1714 718
1971 1611
1719 547
1429 1094
1183 1541
343 75
471 809
1344 220
275 616
686 987
657 1972
994 122
1887 374
1817 416
1254 584
528 1525
1036 893
640 1453
1156 467
1627 1744
460 1820
1273 114
102 1021
1450 1927
1656 1712
1029 1655
808 1848
1413 130
1298 1100
212 257
1055 1879
1555 359
1244 1190
428 546
1950 1829
1170 1598
590 1691
1092 1293
1755 1087
1659 191
240 325
1189 1507
1283 159
1492 1242
796 1604
1786 1940
195 754
76 1016
1788 1298
966 14
860 1855
100 919
94 1334
1148 1891
326 781
351 800
593 587
50 631
1440 1794
1996 504
1407 556
1045 1682
281 1215
851 1834
827 1366
843 1517
271 1592
39 1933
1426 1141
65 985
1912 987
97 1625
823 852
1026 1005
204 1483
1885 1373
138 1160
1237 1823
626 961
507 914
307 208
430 1995
1107 1706
838 122
1073 1697
959 620
377 1744
788 110
1363 826
1389 888
1314 1924
749 1481
434 1946
694 696
242 1906
691 581
1512 1811
1696 1135
1999 929
546 1860
1474 1399
608 882
282 889
1225 135
1854 1619
679 1169
1266 1254
1750 1724
550 1435
192 142
431 1676
157 637
1833 1686
1238 112
426 1737
704 1807
1447 369
405 375
1396 141
1149 134
233 1018
1226 1605
934 423
1584 1312
81 790
745 168
1040 1927
1609 1757
596 34
958 1133
887 306
1723 309
719 1091
335 747
777 650
197 409
1066 1728
1661 1142
358 1348
378 1190
1531 1873
584 384
516 1752
1411 1040
1378 1762
267 1747
1565 95
1822 265
71 422
86 277
1375 1048
660 429
347 840
690 1879
125 1524
1039 1774
1508 380
1772 1853
199 1050
156 515
208 647
1142 91
1865 1300
746 1751
1523 181
1468 272
693 509
613 1331
578 593
1251 77
954 115
1807 1992
360 1558
761 988
1669 400
237 579
655 248
198 277
358 1400
963 490
1829 272
706 404
87 1297
348 991
1414 729
1124 312
263 1288
1376 534
1004 1428
1821 519
1317 1240
1493 1668
1292 1837
678 990
505 433
366 175
835 1068
1630 1409
800 216
1056 282
809 576
96 123
476 1864
822 1641
500 1360
383 1374
357 636
1246 1534
955 1745
1221 1349
512 1384
1162 1653
1537 445
558 105
1945 786
1872 241
1329 1180
1945 1777
1620 1403
998 45
1724 1802
802 488
1216 6
1939 1327
63 532
1677 205
470 255
561 446
698 1610
1305 466
1894 1199
1304 611
768 567
1824 1044
1317 1901
1530 906
502 735
1692 780
412 1966
1506 627
1825 1716
1603 1637
748 1806
815 465
878 844
708 1486
826 1804
1212 305
1667 518
207 579
261 1230
1491 727
1147 861
100 1431
1295 153
1345 776
1108 249
1669 703
287 1672
827 304
1049 288
1184 565
80 1941
1899 941
1153 1154
1840 1097
29 1787
169 1053
113 117
264 787
1335 1480
753 610
5 1031
1860 1578
311 381
76 1217
206 1301
344 161
1134 1181
418 573
1870 84
618 560
1695 27
1624 507
958 1340
1770 635
1144 389
1903 363
189 790
662 258
448 943
1906 1973
152 433
674 1711
526 490
1907 1633
866 1933
1315 265
1701 775
841 1951
973 8
1226 468
1880 977
1610 172
1435 1434
701 1433
834 1793
901 1718
1665 822
378 1949
439 639
1697 689
1585 552
473 431
943 526
1145 675
253 1074
126 109
98 1009
486 886
634 110
944 1344
957 667
897 632
1140 1793
1100 599
245 1416
811 424
1543 1848
1191 450
1272 708
537 1783
90 681
1873 1522
1663 1888
676 281
557 1202
189 1997
332 456
1181 107
187 1948
1768 1556
148 1192
1161 583
209 580
1178 121
1449 22
1743 53
20 1819
398 706
334 356
801 1367
1857 553
440 1223
475 1708
1925 555
1198 1608
1645 191
436 999
1477 1395
342 1342
1032 1709
776 432
1796 985
484 1292
13 1626
1084 468
1925 1462
274 1206
1327 1741
999 73
1740 891
1065 1008
586 1576
517 1898
1694 350
741 1888
643 6
1509 619
1928 1609
1607 1105
1275 1910
1452 1308
1837 715
397 1130
1511 229
1515 580
159 883
370 322
728 71
183 1594
1824 338
1054 328
1652 1576
1224 216
1561 1152
964 205
297 1767
495 195
126 1058
182 749
1416 1268
1867 938
660 1154
681 1682
1320 1914
828 444
90 1699
1875 1742
564 613
1271 723
1734 1797
415 932
1384 868
1546 808
1954 209
1792 118
886 503
1859 1261
1636 502
1998 420
454 1437
1581 105
387 1187
1101 644
1699 1766
1041 833
1381 420
385 1501
946 559
964 834
1129 1541
1650 719
756 1974
1304 1454
1630 1365
1499 38
992 1702
461 1937
283 456
805 544
1330 1525
512 1290
463 1500
1614 721
505 1225
85 764
1657 1710
1496 1282
1036 616
1591 1266
646 701
795 608
538 401
812 960
603 661
707 503
1776 23
357 44
1227 789
1795 773
625 231
354 35
66 1664
1632 671
802 103
1745 1061
129 1719
416 1037
1819 1989
1736 1231
510 1753
133 1809
72 35
1535 398
361 57
1296 767
725 452
1519 1203
724 600
1019 120
1389 1801
329 1281
1958 116
10 1421
1998 1402
659 288
1688 1418
765 1644
1772 1868
342 1618
463 268
41 1031
1242 292
269 598
111 52
1533 1076
624 775
439 1172
607 935
979 933
989 1114
868 1552
1326 1412
850 961
1487 812
1687 1507
58 1748
17 997
532 4
1126 813
53 952
1287 396
764 1935
901 1523
569 738
672 824
806 1974
823 1258
699 313
1730 644
1335 1676
169 194
1025 1687
1537 1872
1516 203
849 1289
940 773
786 1568
1756 1003
858 1306
1983 158
573 2000
815 1078
525 1406
285 778
1627 893
913 239
875 1703
298 1311
959 1325
349 1159
214 82
155 1219
951 914
320 974
890 549
583 1658
1955 46
406 1294
1670 323
1944 73
1979 818
388 1234
882 1355
1684 1756
1920 857
1673 1931
1085 1826
1785 833
299 606
1978 160
1074 1729
921 1128
408 1846
230 1493
617 397
1269 1064
156 1760
570 316
629 400
462 609
713 1264
1947 379
814 1674
1957 807
1930 1812
1328 1105
69 264
1896 2
1982 1459
752 112
1554 1231
1601 1119
913 426
1055 1280
1108 1161
697 864
907 1855
968 1407
1387 670
1900 202
720 284
1316 1830
290 1827
1680 1191
1479 705
1926 1904
434 1950
1898 813
1885 539
1138 232
1533 661
1800 74
1437 1863
109 1570
39 140
437 950
37 1314
757 435
1346 1166
409 335
1333 148
1547 1368
609 1276
326 698
1717 1243
354 21
712 1693
1402 711
1332 1908
688 912
170 45
318 770
1067 551
1895 1530
1371 352
243 1939
605 589
750 313
874 578
1863 1044
1529 469
9 1508
1030 513
1323 662
478 962
188 1911
939 1526
1157 1470
1434 949
1599 1146
997 1830
865 998
1202 1663
1409 703
427 663
649 842
755 784
1832 1875
1478 447
318 684
1548 1339
1116 474
285 537
1001 211
646 895
1245 894
359 1051
960 918
921 224
1701 1064
1318 1371
279 1874
1103 334
70 1734
1684 1131
1996 1028
1883 1808
1023 702
1733 184
962 638
1988 77
1194 1474
870 1851
1814 854
635 966
151 1527
859 917
293 1368
222 423
183 1300
1015 1963
1589 1457
1761 233
1279 36
419 1681
623 365
750 1562
581 1303
1430 1002
957 717
684 1410
1978 1629
49 733
192 1379
542 655
474 1861
1540 1328
918 44
1782 1921
930 642
675 814
262 405
1192 694
1700 1068
492 1038
184 778
1606 72
1455 88
1552 1549
252 204
603 525
969 1820
728 1540
845 876
774 596
1914 1050
816 954
1845 686
84 369
1171 1238
948 1348
317 1583
859 1695
1343 1566
1600 1248
267 1361
1035 780
455 343
1694 929
247 1803
848 437
1277 878
783 751
384 747
1186 289
1843 1220
1990 983
926 772
1148 414
404 1918
888 1011
639 310
1551 865
628 1514
1882 1527
304 1213
978 408
1797 1387
933 717
368 917
734 104
336 438
1355 1163
1799 1568
1794 1472
1313 950
1104 1688
906 86
445 1766
1081 1222
270 67
794 1103
1382 1563
1881 789
989 1709
1991 1461
1394 1282
1473 1617
1494 458
927 1867
218 137
514 30
1240 1640
1902 344
24 214
263 945
983 1422
1083 1532
1913 1487
1674 568
648 1642
1485 1750
586 323
837 521
1122 658
1059 1580
932 488
1666 1548
430 179
1569 1211
11 799
881 1562
70 494
1023 270
712 538
1683 131
480 1987
856 1447
56 994
1936 1415
863 1049
2000 2000 2000 2000 2000 2000 2000 2000 2000 2000 2000 2000 2000 2000 2000 2000 2000 2000 2000 2000 2000 2000 2000 2000 2000 2000 2000 2000 2000 2000 2000 2000 2000 2000 2000 2000 2000 2000 2000 2000 2000 2000 2000 2000 2000 2000 2000 2000 2000 2000 2000 2000 2000 2000 2000 2000 2000 2000 2000 2000 2000 2000 2000 2000 2000 2000 2000 2000 2000 2000 2000 2000 2000 2000 2000 2000 2000 2000 2000 2000 2000 2000 2000 2000 2000 2000 2000 2000 2000 2000 2000 2000 2000 2000 2000 2000 2000 2000 2000 2000 2000 2000 2000 2000 2000 2000 2000 2000 2000 2000 2000 2000 2000 2000 2000 2000 2000 2000 2000 2000 2000 2000 2000 2000 2000 2000 2000 2000 2000 2000 2000 2000 2000 2000 2000 2000 2000 2000 2000 2000 2000 2000 2000 2000 2000 2000 2000 2000 2000 2000 2000 2000 2000 2000 2000 2000 2000 2000 2000 2000 2000 2000 2000 2000 2000 2000 2000 2000 2000 2000 2000 2000 2000 2000 2000 2000 2000 2000 2000 2000 2000 2000 2000 2000 2000 2000 2000 2000 2000 2000 2000 2000 2000 2000 2000 2000 2000 2000 2000 2000 2000 2000 2000 2000 2000 2000 2000 2000 2000 2000 2000 2000 2000 2000 2000 2000 2000 2000 2000 2000 2000 2000 2000 2000 2000 2000 2000 2000 2000 2000 2000 2000 2000 2000 2000 2000 2000 2000 2000 2000 2000 2000 2000 2000 2000 2000 2000 2000 2000 2000 2000 2000 2000 2000 2000 2000 2000 2000 2000 2000 2000 2000 2000 2000 2000 2000 2000 2000 2000 2000 2000 2000 2000 2000 2000 2000 2000 2000 2000 2000 2000 2000 2000 2000 2000 2000 2000 2000 2000 2000 2000 2000 2000 2000 2000 2000 2000 2000 2000 2000 2000 2000 2000 2000 2000 2000 2000 2000 2000 2000 2000 2000 2000 2000 2000 2000 2000 2000 2000 2000 2000 2000 2000 2000 2000 2000 2000 2000 2000 2000 2000 2000 2000 2000 2000 2000 2000 2000 2000 2000 2000 2000 2000 2000 2000 2000 2000 2000 2000 2000 2000 2000 2000 2000 2000 2000 2000 2000 2000 2000 2000 2000 2000 2000 2000 2000 2000 2000 2000 2000 2000 2000 2000 2000 2000 2000 2000 2000 2000 2000 2000 2000 2000 2000 2000 2000 2000 2000 2000 2000 2000 2000 2000 2000 2000 2000 2000 2000 2000 2000 2000 2000 2000 2000 2000 2000 2000 2000 2000 2000 2000 2000 2000 2000 2000 2000 2000 2000 2000 2000 2000 2000 2000 2000 2000 2000 2000 2000 2000 2000 2000 2000 2000 2000 2000 2000 2000 2000 2000 2000 2000 2000 2000 2000 2000 2000 2000 2000 2000 2000 2000 2000 2000 2000 2000 2000 2000 2000 2000 2000 2000 2000 2000 2000 2000 2000 2000 2000 2000 2000 2000 2000 2000 2000 2000 2000 2000 2000 2000 2000 2000 2000 2000 2000 2000 2000 2000 2000 2000 2000 2000 2000 2000 2000 2000 2000 2000 2000 2000 2000 2000 2000 2000 2000 2000 2000 2000 2000 2000 2000 2000 2000 2000 2000 2000 2000 2000 2000 2000 2000 2000 2000 2000 2000 2000 2000 2000 2000 2000 2000 2000 2000 2000 2000 2000 2000 2000 2000 2000 2000 2000 2000 2000 2000 2000 2000 2000 2000 2000 2000 2000 2000 2000 2000 2000 2000 2000 2000 2000 2000 2000 2000 2000 2000 2000 2000 2000 2000 2000 2000 2000 2000 2000 2000 2000 2000 2000 2000 2000 2000 2000 2000 2000 2000 2000 2000 2000 2000 2000 2000 2000 2000 2000 2000 2000 2000 2000 2000 2000 2000 2000 2000 2000 2000 2000 2000 2000 2000 2000 2000 2000 2000 2000 2000 2000 2000 2000 2000 2000 2000 2000 2000 2000 2000 2000 2000 2000 2000 2000 2000 2000 2000 2000 2000 2000 2000 2000 2000 2000 2000 2000 2000 2000 2000 2000 2000 2000 2000 2000 2000 2000 2000 2000 2000 2000 2000 2000 2000 2000 2000 2000 2000 2000 2000 2000 2000 2000 2000 2000 2000 2000 2000 2000 2000 2000 2000 2000 2000 2000 2000 2000 2000 2000 2000 2000 2000 2000 2000 2000 2000 2000 2000 2000 2000 2000 2000 2000 2000 2000 2000 2000 2000 2000 2000 2000 2000 2000 2000 2000 2000 2000 2000 2000 2000 2000 2000 2000 2000 2000 2000 2000 2000 2000 2000 2000 2000 2000 2000 2000 2000 2000 2000 2000 2000 2000 2000 2000 2000 2000 2000 2000 2000 2000 2000 2000 2000 2000 2000 2000 2000 2000 2000 2000 2000 2000 2000 2000 2000 2000 2000 2000 2000 2000 2000 2000 2000 2000 2000 2000 2000 2000 2000 2000 2000 2000 2000 2000 2000 2000 2000 2000 2000 2000 2000 2000 2000 2000 2000 2000 2000 2000 2000 2000 2000 2000 2000 2000 2000 2000 2000 2000 2000 2000 2000 2000 2000 2000 2000 2000 2000 2000 2000 2000 2000 2000 2000 2000 2000 2000 2000 2000 2000 2000 2000 2000 2000 2000 2000 2000 2000 2000 2000 2000 2000 2000 2000 2000 2000 2000 2000 2000 2000 2000 2000 2000 2000 2000 2000 2000 2000 2000 2000 2000 2000 2000 2000 2000 2000 2000 2000 2000 2000 2000 2000 2000 2000 2000 2000 2000 2000 2000 2000 2000 2000 2000 2000 2000 2000 2000 2000 2000 2000 2000 2000 2000 2000 2000 2000 2000 2000 2000 2000 2000 2000 2000 2000 2000 2000 2000 2000 2000 2000 2000 2000 2000 2000 2000 2000 2000 2000 2000 2000 2000 2000 2000 2000 2000 2000 2000 2000 2000 2000 2000 2000 2000 2000 2000 2000 2000 2000 2000 2000 2000 2000 2000 2000 2000 2000 2000 2000 2000 2000 2000 2000 2000 2000 2000 2000 2000 2000 2000 2000 2000 2000 2000 2000 2000 2000 2000 2000 2000 2000 2000 2000 2000 2000 2000 2000 2000 2000 2000 2000 2000 2000 2000 2000 2000 2000 2000 2000 2000 2000 2000 2000 2000 2000 2000 2000 2000 2000 2000 2000 2000 2000 2000 2000 2000 2000 2000 2000 2000 2000 2000 2000 2000 2000 2000 2000 2000 2000 2000 2000 2000 2000 2000 2000 2000 2000 2000 2000 2000 2000 2000 2000 2000 2000 2000 2000 2000 2000 2000 2000 2000 2000 2000 2000 2000 2000 2000 2000 2000 2000 2000 2000 2000 2000 2000 2000 2000 2000 2000 2000 2000 2000 2000 2000 2000 2000 2000 2000 2000 2000 2000 2000 2000 2000 2000 2000 2000 2000 2000 2000 2000 2000 2000 2000 2000 2000 2000 2000 2000 2000 2000 2000 2000 2000 2000 2000 2000 2000 2000 2000 2000 2000 2000 2000 2000 2000 2000 2000 2000 2000 2000 2000 2000 2000 2000 2000 2000 2000 2000 2000 2000 2000 2000 2000 2000 2000 2000 2000 2000 2000 2000 2000 2000 2000 2000 2000 2000 2000 2000 2000 2000 2000 2000 2000 2000 2000 2000 2000 2000 2000 2000 2000 2000 2000 2000 2000 2000 2000 2000 2000 2000 2000 2000 2000 2000 2000 2000 2000 2000 2000 2000 2000 2000 2000 2000 2000 2000 2000 2000 2000 2000 2000 2000 2000 2000 2000 2000 2000 2000 2000 2000 2000 2000 2000 2000 2000 2000 2000 2000 2000 2000 2000 2000 2000 2000 2000 2000 2000 2000 2000 2000 2000 2000 2000 2000 2000 2000 2000 2000 2000 2000 2000 2000 2000 2000 2000 2000 2000 2000 2000 2000 2000 2000 2000 2000 2000 2000 2000 2000 2000 2000 2000 2000 2000 2000 2000 2000 2000 2000 2000 2000 2000 2000 2000 2000 2000 2000 2000 2000 2000 2000 2000 2000 2000 2000 2000 2000 2000 2000 2000 2000 2000 2000 2000 2000 2000 2000 2000 2000 2000 2000 2000 2000 2000 2000 2000 2000 2000 2000 2000 2000 2000 2000 2000 2000 2000 2000 2000 2000 2000 2000 2000 2000 2000 2000 2000 2000 2000 2000 2000 2000 2000 2000 2000 2000 2000 2000 2000 2000 2000 2000 2000 2000 2000 2000 2000 2000 2000 2000 2000 2000 2000 2000 2000 2000 2000 2000 2000 2000 2000 2000 2000 2000 2000 2000 2000 2000 2000 2000 2000 2000 2000 2000 2000 2000 2000 2000 2000 2000 2000 2000 2000 2000 2000 2000 2000 2000 2000 2000 2000 2000 2000 2000 2000 2000 2000 2000 2000 2000 2000 2000 2000 2000 2000 2000 2000 2000 2000 2000 2000 2000 2000 2000 2000 2000 2000 2000 2000 2000 2000 2000 2000 2000 2000 2000 2000 2000 2000 2000 2000 2000 2000 2000 2000 2000 2000 2000 2000 2000 2000 2000 2000 2000 2000 2000 2000 2000 2000 2000 2000 2000 2000 2000 2000 2000 2000 2000 2000 2000 2000 2000 2000 2000 2000 2000 2000 2000 2000 2000 2000 2000 2000 2000 2000 2000 2000 2000 2000 2000 2000 2000 2000 2000 2000 2000 2000 2000 2000 2000 2000 2000 2000 2000 2000 2000 2000 2000 2000 2000 2000 2000 2000 2000 2000 2000 2000 2000 2000 2000 2000 2000 2000 2000 2000 2000 2000 2000 2000 2000 2000 2000 2000 2000 2000 2000 2000 2000 2000 2000 2000 2000 2000 2000 2000 2000 2000 2000 2000 2000 2000 2000 2000 2000 2000 2000 2000 2000 2000 2000 2000 2000 2000 2000 2000 2000 2000 2000 2000 2000 2000 2000 2000 2000 2000 2000 2000 2000 2000 2000 2000 2000 2000 2000 2000 2000 2000 2000 2000 2000 2000 2000 2000 2000 2000 2000 2000 2000 2000 2000 2000 2000 2000 2000 2000 2000 2000 2000 2000 2000 2000 2000 2000 2000 2000 2000 2000 2000 2000 2000 2000 2000 2000 2000 2000 2000 2000 2000 2000 2000 2000 2000 2000 2000 2000 2000 2000 2000 2000 2000 2000 2000 2000 2000 2000 2000 2000 2000 2000 2000 2000 2000 2000 2000 2000 2000 2000 2000 2000 2000 2000 2000 2000 2000 2000 2000 2000 2000 2000 2000 2000 2000 2000 2000 2000 2000 2000 2000 2000 2000 2000 2000 2000 2000 2000 2000 2000 2000 2000 2000 2000 2000 2000 2000 2000 2000 2000 2000 2000 2000 2000 2000 2000 2000 2000 2000 2000 2000 2000 2000 2000 2000 2000 2000 2000 2000 2000 2000 2000 2000 2000 2000 2000 2000 2000 2000 2000 2000 2000 2000 2000 2000 2000 2000 2000 2000 2000 2000 2000 2000 2000 2000 2000 2000 2000 2000 2000 2000 2000 2000 2000 2000 2000 2000 2000 2000 2000 2000 2000 2000 2000 2000 2000 2000 2000 2000 2000 2000 2000 2000 2000 2000 2000 2000 2000 2000 2000 2000 2000 2000 2000 2000 2000 2000 2000 2000 2000 2000 2000 2000 2000 2000 2000 2000 2000 2000 2000 2000 2000 2000 2000 2000 2000 2000 2000 2000 2000 2000 2000 2000 2000 2000 2000 2000 2000 2000 2000 2000 2000 2000 2000 2000 2000 2000 2000 2000 2000 2000 2000 2000 2000 2000 2000 2000 2000 2000 2000 2000 2000 2000 2000 2000 2000 2000 2000 2000 2000 2000 2000 2000 2000 2000 2000 2000 2000 2000 2000 2000 2000 2000 2000 2000 2000 2000 2000 2000 2000 2000 2000 2000 2000 2000 2000 2000 2000 2000 2000 2000 2000 2000 2000 2000 2000 2000 2000 2000 2000 2000 2000 2000 2000 2000 2000 2000 2000 2000 2000 2000 2000 2000 2000 2000 2000 2000 2000 2000 2000 2000 2000 2000 2000 2000 2000 2000 2000 2000 2000 2000 2000 2000 2000 2000 2000 2000 2000 2000 2000 2000 2000 2000 2000 2000 2000 2000 2000 2000 2000 2000 2000 2000 2000 2000 2000 2000 2000 2000 2000 2000 2000 2000 2000 2000 2000 2000 2000 2000 2000 2000 2000 2000 2000 2000 2000 2000 2000 2000 2000 2000 2000 2000 2000 2000 2000 2000 2000 2000 2000 2000 2000 2000 2000 2000 2000 2000 2000 2000 2000 2000 2000 2000 2000 2000 2000 2000 2000 2000 2000 2000 2000 2000 2000 2000 2000 2000 2000 2000 2000 2000 2000 2000 2000 2000 2000 2000 2000 2000 2000 2000 2000 2000 2000 2000 2000 2000 2000 2000 2000 2000 2000 2000 2000 2000 2000 2000 2000 2000 2000 2000 2000
