2000 4000
820 1892
1759 1168
1323 1251
1935 215
608 1965
1542 95
1179 1210
959 378
281 703
1032 1621
629 1086
647 1967
859 754
449 1041
247 1644
1484 1078
1270 433
1145 134
1285 205
793 682
1969 1326
632 958
1683 622
970 356
1636 1429
1917 466
819 1331
1885 841
1442 609
445 120
248 1679
1902 718
1063 1742
1415 524
33 891
1421 128
776 739
99 289
465 1191
130 1806
856 1158
1242 342
407 408
1564 793
780 957
859 1567
367 338
711 940
1417 16
209 1304
606 158
919 1308
350 395
358 1299
426 897
156 1589
1927 460
1208 722
1964 1179
574 1843
699 296
1318 1720
1670 1450
1019 1352
321 1312
1890 1721
156 877
1520 1549
1342 1842
1741 464
1575 770
1121 1199
1437 1566
926 1071
1066 1106
696 1745
1698 160
760 721
1374 166
1311 609
779 1741
1689 1955
1404 37
1597 44
166 1641
1234 1047
1455 469
1337 1528
209 1789
1450 166
386 10
1192 48
999 452
1477 1930
199 242
861 1440
1056 960
1608 1450
784 405
1516 1066
979 293
1174 1647
610 52
491 39
1422 988
435 785
1876 1237
422 604
715 1999
1177 1405
1884 1988
460 1591
1797 1736
97 1271
1827 787
1116 55
1121 138
115 1953
181 974
1427 906
516 1597
1998 1273
507 1962
467 1068
1894 697
1074 486
1596 573
1003 1634
1805 1331
1963 706
200 501
1701 1804
64 1598
1926 1632
1253 249
1205 734
1432 104
1018 179
1680 286
1332 284
28 1350
1642 1551
917 400
1146 876
1935 1034
1630 351
835 416
118 1096
328 346
695 1373
1960 770
1596 509
233 35
39 1929
1671 455
1923 1170
132 1922
343 1276
1435 1665
1198 1761
1671 1911
189 274
85 889
939 1343
447 1994
407 288
1154 65
113 506
1202 1633
1470 278
1007 1514
742 289
161 1606
452 1347
1578 102
1088 965
1946 1894
651 1105
1000 157
527 544
303 1800
977 1320
952 1732
1388 1556
95 1078
547 1505
68 1989
917 192
120 1250
1790 1007
1281 1630
968 511
1839 1235
631 553
1292 541
1832 933
1786 1295
1265 174
1482 178
429 31
1200 1135
1791 1695
1348 5
342 1305
714 344
1277 1445
1157 1387
104 1543
219 1878
253 797
197 1721
608 460
1724 755
1162 695
371 66
739 108
721 882
901 838
708 1706
664 735
1202 624
1168 647
1290 1992
1441 673
870 308
1816 1957
284 1574
1056 94
1052 453
1786 1974
1141 862
192 50
942 1150
1838 1502
674 774
926 1867
1008 1179
1083 766
1856 418
829 271
398 133
9 1387
380 393
1931 1343
106 1259
476 450
127 181
172 1040
377 1772
1017 431
366 548
21 272
593 1929
1077 1875
1186 432
1500 446
237 564
283 575
1557 1223
1965 256
1600 960
150 1053
1980 1095
1377 941
550 1087
681 453
619 471
353 230
306 1910
1940 1528
1699 124
782 1314
1779 1791
1747 1359
1019 265
1357 386
40 1294
664 49
384 239
1373 1563
1527 775
365 736
1371 926
94 81
1526 1675
571 1729
1766 264
928 772
1678 1603
26 293
1874 1364
890 484
981 1171
1195 445
1233 1605
1165 1556
381 38
831 1973
868 1289
551 1903
1948 435
1748 1995
1295 174
913 428
1348 213
1437 1394
1348 737
298 1150
824 1279
444 1368
125 1579
634 1542
609 1609
1093 1240
818 952
427 1923
433 1607
161 1756
589 1869
145 1670
689 1459
1397 690
719 1549
687 1076
882 1217
791 1737
1016 416
1718 1292
933 935
41 1208
997 554
1877 1773
632 27
1266 321
1569 1472
1326 1121
406 554
569 1563
662 58
319 1715
671 840
855 571
1156 1874
1730 1115
1970 373
1503 761
1249 556
1464 795
1921 1522
1967 1982
333 974
1853 1546
19 831
1702 1956
1832 1524
1615 1046
208 1038
905 410
1327 886
909 616
443 1527
1480 1829
800 296
483 1984
763 1334
1526 1491
718 546
508 193
228 1830
384 1398
1622 451
377 978
188 1115
362 1090
1656 1850
1332 1294
358 1728
1962 664
18 623
1531 1717
365 1687
1932 1678
1964 1687
1377 755
84 782
1938 442
1920 690
1617 41
1675 683
1665 975
1973 1460
1152 833
10 506
1686 759
870 1768
1084 67
1837 1289
1560 956
633 335
27 1594
1091 190
825 1310
1153 23
1574 366
559 396
1029 1642
1216 736
1387 1489
386 625
717 742
1341 128
1961 955
35 1267
1310 1466
1254 227
1781 1013
43 1525
1023 79
460 1965
321 1952
1130 264
529 1737
446 173
119 1526
867 254
1084 76
931 1779
461 1846
898 1540
1503 178
267 77
1539 1777
1740 235
12 848
869 1026
1279 819
985 894
771 1279
1436 708
1825 143
1157 9
545 1040
1329 1667
895 716
1164 208
1998 855
391 397
1772 1585
860 1884
263 1854
745 145
1669 1278
1719 1441
1451 376
170 1558
1178 1196
226 339
840 1702
827 108
839 746
753 150
1158 1627
416 968
713 159
1072 836
1494 1035
1436 617
1754 1770
739 226
1923 1174
1477 1688
1734 1986
269 593
325 1727
1515 58
191 399
783 1750
213 1084
323 1006
145 1232
490 554
1243 1231
1328 33
1844 1383
747 1775
699 1952
102 790
1602 1846
1700 1679
119 1314
772 73
1062 458
871 522
1675 45
1617 1531
1049 1706
379 1239
1182 1050
82 273
1372 381
1708 147
514 1222
687 1291
478 347
848 361
700 1189
1214 973
820 489
473 1000
1977 255
786 1014
1696 1922
1334 833
391 648
314 1767
915 520
929 893
224 1490
963 1426
1991 1315
743 411
384 136
1796 1585
1874 521
1050 1579
1483 1138
1827 1065
894 604
862 264
1768 899
1191 1041
676 956
484 1402
602 1289
1452 525
669 614
793 689
224 1468
404 620
722 204
1496 16
1933 1383
1543 1025
1677 430
99 465
1027 310
1818 1419
1853 759
398 1213
187 1170
87 150
1592 1158
1456 9
383 1407
1708 1271
980 202
1426 1463
576 816
1170 684
387 784
1348 1553
1144 1793
919 1412
821 668
1374 886
1619 1792
1338 64
1698 1208
1482 1755
445 1389
305 525
695 1400
984 1810
1562 210
745 338
1817 1844
1263 940
1026 880
942 857
423 1663
1188 1111
1114 1103
360 285
431 194
1276 1281
1271 993
92 815
1274 498
1599 1670
514 1235
1382 85
97 1979
358 785
1673 160
445 1061
122 997
1384 187
708 617
1288 1876
148 258
917 532
1791 1156
385 1618
583 155
225 29
270 318
1980 1414
1547 1081
655 1367
713 1
622 677
1456 1157
873 179
274 1897
1887 1616
1768 196
1817 1383
965 726
893 995
1966 163
327 174
671 1209
1173 47
1517 1929
1513 1764
1070 1785
620 1022
1361 1336
1629 1980
527 937
1690 1063
985 316
430 1859
813 217
1184 1801
1499 1784
1219 1562
569 1858
34 698
1546 1892
1758 1708
1460 340
169 1874
1926 1724
1263 1700
1921 604
1075 136
978 1134
1509 245
345 1966
1583 969
643 639
1003 1434
1067 499
1625 1558
1631 953
261 659
1021 1307
348 49
1266 941
341 199
98 767
1789 1600
1778 1471
1707 1837
1683 403
692 1275
186 778
781 267
241 104
488 1598
1892 1696
1274 621
1344 1755
732 1793
1004 1672
1653 1502
1074 40
1016 1434
1273 1059
1187 1280
344 1917
1867 1055
1662 356
1391 118
1295 1888
1330 1885
86 1743
774 359
363 776
490 1412
850 667
390 97
89 1478
762 520
912 656
671 1098
870 912
1508 1525
716 1973
102 981
310 330
515 1424
250 789
54 268
1333 1114
1319 1188
1394 1566
1735 486
1320 68
557 1850
978 228
155 1650
1696 489
626 752
179 1511
1123 1186
459 1511
505 607
373 588
1356 268
966 610
555 1845
313 126
900 586
49 1828
790 1007
228 1865
784 1326
76 331
932 1685
1095 479
1087 880
831 1477
1469 292
729 290
489 1546
60 1142
946 496
323 28
493 649
1033 387
1021 1787
1724 1335
1693 1785
1391 235
1338 869
170 1775
510 752
1663 1714
1972 1628
700 780
1301 450
1535 959
22 680
584 578
195 329
568 609
751 341
1850 851
1546 820
199 1147
993 1979
1552 350
744 1030
1216 1771
1749 1973
1700 711
761 42
427 684
1859 1723
1857 1750
517 1880
1540 1138
234 299
305 169
1836 1991
8 1678
58 167
1619 948
1674 1392
1451 1652
992 587
355 543
1502 533
1876 1517
1143 877
924 1400
113 1212
991 154
1211 1659
1171 1168
1956 538
256 1563
455 1611
1254 1979
1341 152
1289 1707
420 1312
925 911
1421 728
1473 1958
357 1016
266 1788
1264 215
1372 377
1958 1770
602 1837
1169 1920
772 1651
398 482
1226 967
1988 860
1092 731
432 553
485 787
1809 1968
1527 873
635 1951
457 49
969 33
30 1914
1026 550
1364 521
418 188
1472 253
1919 227
1517 593
280 638
503 835
190 1201
175 954
448 718
281 853
1642 1280
1260 1720
328 80
777 1348
1027 1151
1597 1401
575 1172
1769 1294
760 1529
480 125
1504 453
1137 1256
1280 651
634 1078
237 1425
1636 1392
1805 819
892 1974
1144 1554
830 803
375 738
1636 1674
1644 1992
674 359
1616 764
1867 741
1596 1512
1240 59
388 1532
988 962
22 1
70 1986
1600 1872
444 1787
1541 866
1222 733
1757 785
409 17
1203 1397
1292 741
752 1475
596 951
302 1706
979 26
251 167
1808 1953
1315 332
96 1206
672 151
1131 117
42 1503
1821 1748
145 1752
346 1635
1661 1050
827 1912
1538 42
1018 827
185 4
764 1887
1472 257
65 59
1939 1859
1930 831
1133 1694
1361 694
298 1771
1390 913
423 902
157 1135
1039 231
918 61
134 1019
984 495
431 232
1922 859
1809 636
1240 889
178 733
1125 342
853 359
1267 1499
1223 111
426 1302
792 1915
1133 48
1379 451
1340 1743
722 41
1215 66
91 1617
1266 1175
339 1299
1625 1124
155 320
1427 1017
1094 877
656 1303
319 809
1552 1631
1386 853
1094 330
1769 642
1381 1397
1229 840
1835 712
1737 1852
1280 1029
439 1175
1984 181
1958 53
1522 904
1902 1792
84 119
890 912
1688 1930
282 708
1080 1430
680 1595
1880 170
905 1280
323 582
1557 1993
1588 1025
69 627
1896 732
1023 414
152 251
269 382
1215 371
358 339
1049 617
893 91
1229 1702
1538 204
1187 871
1477 1847
992 673
1499 725
1987 430
1015 901
1326 525
223 117
1228 1833
809 68
382 782
441 401
701 352
1676 197
1365 1463
53 1764
794 444
1502 1927
275 1756
196 536
800 893
1340 1073
1905 1000
1069 289
1366 673
6 1962
114 597
57 1505
1478 640
618 1500
433 1147
1076 1291
1998 888
552 881
467 4
1532 1043
1900 1823
761 1800
1516 1073
349 1418
1742 1798
358 234
1845 1500
651 772
1842 1476
786 1481
499 1599
547 1808
1849 1812
274 846
1313 357
1749 185
551 1743
703 853
497 194
782 119
1843 697
530 195
880 809
1601 1881
1042 1762
1011 614
1984 829
1185 244
1895 1380
664 1924
750 1171
86 1889
8 1603
1549 1633
1619 1201
1709 790
5 1441
275 158
3 1928
540 229
490 919
1357 867
930 1581
977 1989
725 1132
1516 735
1635 328
236 1372
1960 1592
416 1446
459 1673
604 985
1178 1228
1991 1950
1980 1268
1119 1779
974 186
900 369
1628 1637
747 309
1940 637
1790 1578
733 322
1117 1603
1013 1884
1108 866
1825 584
1698 416
621 1829
654 824
89 640
1927 617
317 148
602 1707
295 53
576 118
1909 1317
1028 348
1353 1817
1847 1930
734 388
1143 156
937 544
340 1272
297 1742
1716 459
1761 1025
701 1494
1961 300
1072 541
27 1234
475 647
1640 1967
1985 584
1854 1220
166 1670
843 1608
1712 426
268 1955
1081 1057
1699 1941
1168 750
665 983
1709 1108
1747 125
917 1924
387 1156
269 1164
183 1294
1041 500
514 1284
427 1170
1820 907
1122 1664
1326 406
1227 490
1145 828
19 1688
972 1385
1444 873
848 1068
477 331
882 822
422 316
1877 1725
1142 1541
1226 625
1303 785
1702 925
1466 237
1922 1144
1164 1038
1840 1570
33 449
1679 739
302 1436
1859 1987
384 241
937 1597
1701 1738
639 236
1442 59
230 508
806 1162
137 458
1155 605
1979 39
269 1954
676 1590
437 1699
1650 1958
1994 1009
1274 1829
436 1953
1883 1012
1225 1885
1173 1569
226 1386
100 385
1098 411
1327 1374
136 1711
709 729
1075 333
139 1485
279 1159
389 22
946 1220
465 1041
1306 101
372 1300
851 557
739 195
1257 176
486 1447
1910 1689
764 556
581 450
9 567
1089 1528
878 839
1984 1565
335 884
1947 548
1784 35
1677 1874
1083 699
1452 371
1297 86
1823 1324
1432 1852
561 1954
197 1890
1087 1732
377 1251
1578 1454
1901 749
1146 203
1385 1106
76 1692
316 286
447 1009
976 545
1046 1426
1441 387
1845 698
1360 1503
673 1719
1456 934
1497 1610
737 1886
476 72
1462 1553
1276 1005
988 1331
1217 1603
1805 962
956 1177
1609 1119
1939 113
1399 1794
875 1631
559 1133
82 138
322 1001
274 1012
1044 1305
604 316
1346 508
360 1272
702 961
1640 415
1241 316
1058 503
1780 1683
1402 1673
537 1030
498 1958
913 774
468 417
1879 1574
457 628
1795 1840
70 1734
1104 315
1439 28
1802 1127
64 710
944 175
1811 1606
917 39
1527 1786
988 1805
787 1438
719 13
1233 1487
1314 1172
1930 773
1252 278
1207 1703
1062 1565
912 308
798 1184
1137 1667
916 483
1661 125
1120 518
1947 1801
984 1714
865 44
870 890
849 43
402 171
54 1459
1177 1775
216 578
303 1246
650 163
1031 1742
946 1666
735 18
1305 1611
1896 182
826 1711
188 1452
873 827
446 1726
1368 1765
1050 1747
8 1859
717 1646
1738 631
1734 773
511 1001
170 1448
1459 910
1049 1436
1459 189
1932 8
1632 135
493 686
77 75
1943 245
212 1517
86 551
690 1169
163 1415
1057 557
895 823
371 1086
1135 14
820 1343
1320 1989
1649 1658
494 1170
1588 1911
13 1418
491 400
1561 899
1227 191
1877 258
1615 767
928 922
1688 831
935 256
1495 1138
1811 1212
1055 926
370 869
1013 1134
224 1553
1541 1108
1716 906
77 617
1422 713
1912 179
1594 243
617 1706
342 1806
187 1590
96 1100
98 724
761 1538
851 1703
872 721
954 1540
1159 178
129 1729
1946 515
321 1484
1862 1227
482 615
821 1484
1579 1747
292 1996
778 1160
1627 770
1441 923
529 397
1221 1959
1553 5
118 25
1599 1773
1598 1386
662 1883
515 1878
1258 20
1839 1417
1045 439
1319 1111
1944 949
803 1728
170 807
534 1685
1403 1048
978 1251
648 103
1247 1754
1079 478
880 550
782 1306
1530 1611
1893 50
1991 986
1202 1308
1691 1910
1054 1942
255 1478
446 618
1385 659
1267 233
1001 416
1307 354
17 727
282 755
205 617
1599 1166
1598 858
226 1679
1645 1513
903 787
1613 1545
1759 1399
866 646
1870 1222
969 1916
785 1802
616 446
1286 872
1834 145
224 280
1353 1383
494 1997
466 480
679 1370
308 1269
227 277
1854 1575
1842 1555
4 716
657 123
1856 1812
523 83
1944 1505
723 610
1959 1776
884 633
1698 1604
1838 997
1137 670
211 443
1303 420
1435 1155
578 2000
1845 1810
1107 1833
974 778
141 126
1703 1116
1881 1208
652 599
1993 1223
1205 1532
641 237
449 891
1877 1462
548 314
1046 639
1144 329
545 109
1065 787
459 1402
731 1329
301 1169
1649 1601
390 1464
334 1784
447 740
434 1639
1340 204
415 952
664 343
332 973
241 1013
1899 74
308 484
1240 85
1065 278
1059 148
274 1255
1423 676
874 848
1077 659
565 184
1790 1442
1855 1915
308 890
1660 1891
664 167
666 1611
1767 1302
1495 1569
1283 1949
949 1505
1103 24
1715 34
1166 1487
56 1105
1564 1086
39 1702
1299 1788
1205 1043
1683 748
1405 1714
1257 885
788 1665
1742 1690
817 1883
538 1786
1926 1858
427 1295
1228 1107
1591 17
722 658
813 1405
1641 913
1291 1260
894 1918
186 333
836 607
1760 1418
1708 588
1965 1139
1901 1809
1712 1302
931 1119
204 42
1558 692
466 344
1823 1002
1985 1922
1715 1333
1590 1384
665 577
1537 619
135 535
1702 538
1189 1678
275 161
285 130
537 1613
1557 1775
1419 1794
795 390
798 1801
199 469
417 1140
1446 1462
1714 402
1802 527
1645 295
734 1532
334 1311
473 895
186 1758
1415 1226
1211 919
1163 859
1042 1655
481 1231
1216 298
544 1127
562 214
1653 995
164 706
1489 1865
1783 1831
1363 390
1907 1534
1 159
732 182
47 1942
670 1024
1594 964
1982 415
1275 184
1317 174
1677 1156
1774 292
1796 1716
1247 531
358 1396
691 1153
236 1216
581 1112
504 1341
1880 1433
1128 1604
1044 1678
1781 1711
111 667
339 266
475 955
898 720
198 21
1325 700
1285 324
1593 1037
251 58
190 1520
1193 1488
1504 1309
1352 1224
936 767
1262 1423
410 644
1122 1035
1951 1250
616 1500
1858 1724
61 1926
1081 222
475 1816
314 366
1302 1411
1539 1136
917 658
957 642
934 1157
1475 1818
252 1311
1930 19
1981 1375
1385 1101
1183 1512
1650 1323
1620 593
1289 364
843 1818
1994 1339
874 1614
505 1428
662 817
1758 147
53 1645
558 1736
412 1183
1702 803
59 452
6 507
724 1059
299 700
1324 1002
560 796
1051 1339
1372 1520
288 1388
1912 873
111 850
1450 1889
917 491
236 643
1879 284
907 1423
1487 1605
730 285
1725 1384
1329 2
1639 491
77 1316
80 1870
1479 1614
1962 737
1182 1204
1055 741
600 1800
1346 1188
1332 1574
1849 375
1354 810
1444 1912
843 1670
585 803
353 399
744 1627
1671 1429
1366 1441
224 266
1466 356
185 425
315 242
467 848
1537 1721
836 541
1832 329
270 205
1455 1461
1561 338
84 549
1841 387
1119 92
1575 1746
617 1990
1262 481
1332 914
1444 1511
1467 853
912 160
1797 424
1990 1457
80 1635
92 917
336 1194
832 1602
869 64
522 503
612 175
1984 195
1040 976
302 1049
658 1746
617 302
1016 1634
843 1007
1981 293
115 547
1741 806
1914 847
1544 1889
1667 763
479 648
1648 1229
994 54
521 438
1358 724
1100 365
1671 1636
728 1577
1503 1538
965 1678
922 1447
1936 989
1355 815
1433 810
137 737
1744 958
1182 895
919 1367
1267 1784
1014 1010
587 816
773 70
1729 939
640 1977
1868 1206
40 1058
915 930
1350 1439
1162 1934
829 127
1242 569
679 1273
1460 7
311 506
11 516
777 803
475 805
708 1049
742 3
843 1450
354 871
1121 1241
1471 1089
636 749
228 1489
416 633
1743 696
896 393
1220 263
1045 1175
835 1058
1795 1570
182 1793
1627 1960
259 1824
418 932
1151 945
938 395
481 1777
1952 982
1284 1045
1005 1416
1729 855
1216 1150
1786 892
1291 944
172 545
704 730
626 1152
818 1902
121 629
726 244
1128 1698
1688 1847
160 1023
1555 560
490 1367
1308 1412
1051 805
1491 1750
372 1824
783 1212
1604 160
306 1691
511 1446
1018 873
261 673
1419 1399
747 1157
1242 1305
1847 871
758 50
848 116
1007 805
1923 217
1322 1540
28 872
776 1480
1189 8
1626 488
1468 254
704 1483
486 1390
1244 1833
610 62
642 2000
666 1530
855 939
60 1281
1337 1940
131 309
1654 709
1842 692
1126 355
1390 1074
614 1209
1297 1743
1959 539
991 897
994 1230
1787 15
147 588
1849 1958
553 1738
96 1559
461 894
108 971
1862 1449
1711 1490
558 1501
238 1085
41 399
133 1871
1916 1941
464 779
92 1355
1033 1791
1200 911
197 822
1687 326
1812 418
1765 444
1844 588
45 800
1321 1672
602 868
1656 1118
1784 1705
703 774
1367 1211
1861 436
1814 1588
240 454
1230 1841
1148 1374
735 982
960 1872
1913 1151
1497 1866
436 1539
1390 1934
515 1144
301 690
18 1883
1900 1346
1114 24
1467 273
1943 696
630 956
1241 1639
1821 1198
156 531
1731 757
1221 539
654 1061
767 1695
340 1835
532 39
496 1422
979 857
1226 447
1843 556
1674 1429
1931 399
1700 940
305 39
1783 1136
1766 1690
1822 1752
1751 1144
1227 813
1531 172
273 41
551 1745
647 1037
555 698
1220 1575
1735 1074
1993 17
139 1775
1503 204
1373 1400
1074 217
1244 1228
563 1567
647 1816
833 705
1822 1689
1010 121
1744 1117
415 1967
1202 822
1875 659
936 954
1618 209
1211 490
1217 822
1965 1591
364 721
1301 581
937 1802
35 1499
1027 1913
780 1762
929 91
1844 1353
726 1504
820 162
1531 169
1893 192
157 498
785 1948
1315 1636
471 1524
134 151
643 1771
1276 654
1484 634
831 1293
1007 379
1222 1353
645 942
1721 1676
1564 682
184 326
1338 1670
291 797
1931 285
1393 1415
1816 868
257 357
471 1202
696 1059
1830 1819
1366 1719
1524 619
1523 238
1133 1521
452 1146
127 823
1049 1278
1187 123
1771 1150
1512 412
1438 1259
495 578
1671 1392
309 1508
307 1843
1882 1585
564 492
133 68
1712 305
693 998
396 2
854 1658
1805 557
1403 1757
631 1804
600 303
379 99
5 9
1412 1211
930 1229
1312 1549
1096 25
1392 921
828 1978
588 709
1898 1142
255 640
932 1807
637 1528
1690 297
716 185
513 856
784 1273
914 1121
589 786
626 912
90 1058
980 531
1813 908
1815 986
318 1498
74 1390
558 1765
1922 1751
1924 1718
1237 1129
524 163
1489 1819
430 1723
1399 652
1650 1851
300 1378
171 38
1971 398
1918 321
1477 19
1765 794
1017 906
1679 530
104 935
869 365
1120 1812
317 1622
842 751
231 1539
78 1419
1246 275
1798 1725
948 758
1516 1340
703 759
638 1350
77 781
1550 123
1203 1279
636 1968
812 840
1434 1634
814 537
1911 472
1043 773
677 186
1858 1113
1168 981
1113 386
616 173
143 830
552 1409
38 957
1396 1386
1078 1542
1360 1396
1696 1546
1136 436
1421 1105
153 688
854 1985
288 1931
1841 994
463 1594
836 1292
1551 731
1544 1697
1416 1224
574 307
805 445
1519 1303
598 406
507 137
627 456
523 1172
1619 1209
735 132
818 168
1984 127
256 104
1065 903
1531 1792
569 724
968 1001
607 1428
723 1196
1458 132
291 253
1506 1782
320 836
877 1589
1075 1974
341 842
30 625
824 974
1340 1315
132 618
1254 1435
583 100
234 1725
352 1334
1404 1283
42 1075
1956 1648
888 1265
1177 217
1297 405
187 1514
499 1166
262 418
823 829
599 1045
1571 1675
524 1095
1270 1607
371 324
1713 1190
1050 125
1826 471
737 374
1138 1962
135 381
33 437
1874 438
1714 1344
521 1870
1003 1016
1211 902
25 1174
1334 705
1131 223
987 392
1388 122
1148 1697
1236 470
590 187
1012 1897
749 1968
823 1984
1342 1476
735 360
1941 32
1028 482
1981 1176
2 857
1756 158
1162 1700
154 48
1589 531
966 267
123 207
1891 1543
1092 763
1339 447
1909 327
244 775
1131 1933
82 1467
536 1529
269 248
1334 1152
782 677
481 896
1 1422
334 1499
1547 1036
345 1697
1466 825
1237 1288
379 289
212 1929
898 441
20 920
288 399
524 1220
1770 1247
544 1802
265 134
42 1770
962 819
401 134
1629 1268
662 623
432 1667
1796 441
78 1399
601 519
462 1282
271 84
1632 535
1184 1947
1357 1250
1479 1648
1039 545
707 1257
525 1592
6 137
725 1761
1924 628
114 1963
78 293
925 1200
75 781
1952 1298
771 1378
1174 1170
1138 1322
636 1901
1340 549
1172 1193
175 405
1323 1851
1173 1100
9 934
110 65
404 1395
329 595
298 236
1535 378
1176 1375
1218 1948
160 1128
665 553
1829 598
1996 1774
507 737
191 1449
103 62
746 1403
816 992
484 912
1444 827
1105 1651
910 189
472 1817
603 878
492 237
928 1447
1273 1916
894 422
617 521
57 1993
735 1547
69 456
1335 1288
773 1986
874 1836
652 951
249 520
55 1703
153 343
1063 1766
706 987
1293 1023
1439 781
1746 129
1415 1199
264 905
639 1216
1398 1693
1038 553
224 1781
614 12
1815 921
96 1501
967 586
1621 1798
502 519
145 338
201 989
104 1563
512 378
1442 568
726 1501
12 467
120 1067
1600 1323
1365 1349
934 1512
416 511
1613 1951
473 1474
618 173
1197 403
1738 73
198 781
1829 406
1206 317
1694 1521
1725 1473
1591 1139
671 614
733 501
1549 1175
1142 668
1604 889
299 780
1328 384
1031 493
464 1489
1686 1853
433 1703
1834 864
1198 1267
758 1893
782 271
309 145
909 618
537 1311
1173 1472
1806 1305
575 410
1992 247
233 1784
987 1537
278 1097
981 750
638 1246
1145 1978
563 222
1886 1962
1185 1527
257 893
1382 1093
1149 239
1682 793
1155 227
1703 65
1344 1482
154 1961
570 1172
1203 505
576 721
199 842
944 416
711 1263
1465 501
221 1347
31 693
623 1883
1101 1785
115 1455
1284 439
41 177
1438 324
941 944
663 1782
177 1556
1416 1352
1569 47
1158 1960
1109 1769
1335 983
1440 1248
295 1764
231 545
677 333
1039 976
680 389
202 1573
882 624
1626 987
1759 750
1997 478
1692 331
842 90
601 474
118 709
657 207
1199 1326
247 499
919 1854
1063 297
1231 896
200 1465
790 1790
1804 1738
883 498
1823 926
121 109
1902 952
1563 933
1963 164
166 1608
554 122
1333 809
1508 1725
476 581
60 29
1255 1088
914 1969
1444 1018
1159 1834
181 823
549 1073
1042 165
887 1935
774 853
1641 428
1296 63
1583 1916
348 190
550 1492
442 1072
1232 338
532 400
662 1345
1179 1908
531 281
1677 521
1461 469
406 1274
771 1203
1767 366
1172 83
1506 337
1498 46
1461 214
1879 1332
857 645
1493 25
906 688
172 1039
1508 234
1330 1303
854 1580
1054 1952
521 267
1511 827
1111 1346
1664 1829
314 1273
1861 1539
1315 1214
796 1555
1852 747
789 1726
1229 1173
736 1162
162 1459
324 722
915 1581
423 542
914 1326
784 562
865 1622
1317 327
1975 971
1663 542
1292 1266
1799 1418
1887 1080
744 1592
313 129
1252 1257
1759 1171
1767 548
1680 1117
432 563
1698 582
569 1358
1014 893
927 445
414 79
119 271
19 1225
124 1865
814 252
613 153
1498 1457
1907 1261
853 674
883 1384
1253 520
1011 1260
568 59
1955 994
285 908
1044 1849
1379 1622
1549 13
1371 1867
792 1903
152 128
950 380
290 1374
1364 1677
337 1518
1060 1935
1623 1274
249 797
990 1109
1572 1402
1674 1671
130 1813
622 481
686 1031
1299 137
1034 1060
1655 1356
846 619
1075 1786
110 702
1333 1890
1194 1406
1405 217
1511 1912
1519 1895
1053 87
275 790
540 896
1186 1567
381 1275
345 889
1810 495
632 1234
114 884
518 1160
281 774
1193 344
210 1219
1746 1840
827 179
900 967
337 250
534 1807
605 1662
269 561
1309 1870
961 759
523 570
1474 1905
583 852
1143 1589
230 1646
1824 770
1232 745
827 1797
1545 1895
1766 1742
91 1207
130 730
1573 980
573 509
1446 245
875 567
1910 1053
1921 1026
298 643
1764 1084
91 995
1390 144
1726 1727
688 613
1290 1644
1771 236
1249 331
1656 851
1629 1095
1067 805
979 643
541 974
316 1999
1298 1054
676 630
950 863
648 737
75 267
317 258
385 583
1575 263
1066 1282
1936 201
1378 1203
1920 301
1185 726
89 255
1899 1583
1727 402
887 1482
2000 216
1362 242
652 596
12 901
249 762
1400 558
559 943
565 1275
1567 811
1625 807
1859 1169
1043 388
1425 492
360 1459
1496 488
482 496
1991 572
868 379
394 1888
1378 642
65 702
1207 167
723 1362
112 138
1550 259
1452 859
410 180
379 1069
1722 1818
588 1758
1414 837
818 34
115 552
1851 155
1148 1544
1112 1301
624 1217
1482 430
1329 1551
1682 1952
516 44
1588 472
43 953
309 1226
1771 1588
1413 1322
1696 1343
251 1207
118 1493
1828 457
1653 1927
1446 1102
465 500
1129 1288
1411 1109
73 510
584 143
1161 528
119 117
1983 403
356 605
359 703
1057 1850
1747 1661
1121 1969
1896 1961
661 1407
1769 183
1808 115
1199 138
229 364
1014 1481
1105 772
1224 1005
1646 1225
1973 4
837 1864
1133 1192
1628 1080
1387 1698
807 1124
1952 1942
361 1291
839 603
999 221
1231 622
1821 1995
1193 466
169 525
563 1186
1300 62
234 1210
1326 1104
1399 1806
1357 10
1360 1598
607 1708
524 1966
477 672
701 1122
1158 744
1645 1764
1891 598
1154 240
1667 1092
1964 1571
561 1167
72 1112
48 1694
1473 498
965 1255
376 1652
1857 1491
93 425
835 774
1226 30
385 1858
489 1343
820 1696
848 741
1398 136
1329 426
1901 1951
1150 643
705 1152
1421 1577
1107 881
414 145
1313 257
1474 1429
862 1130
407 1780
1751 1554
204 761
1123 1567
382 1314
1093 85
1578 1007
1558 807
1601 722
1047 632
696 1297
770 744
1363 795
1060 887
1474 1000
1445 1586
18 817
1625 170
1962 729
1370 1273
1987 808
176 918
1621 1140
1148 1879
346 1649
868 1837
173 1500
1687 736
610 244
1648 538
1060 215
1010 1481
1126 543
30 664
1653 533
826 1781
1999 1313
27 958
1417 945
252 1030
1409 881
814 1311
1191 500
1389 805
892 1075
736 1886
1607 1737
369 624
290 1654
1773 1462
675 1675
934 1387
808 1479
1384 140
522 1741
75 1111
1500 909
1870 1504
338 1868
1515 686
261 1753
1917 1395
1047 958
1944 1759
1057 1959
1216 643
159 1422
320 541
366 574
78 1952
527 701
254 1008
373 1417
840 538
1763 1306
196 1529
723 1178
729 1654
1998 776
1762 165
889 1093
1005 651
73 342
692 1476
1749 4
1292 1072
1620 1929
556 574
567 640
146 1584
138 1969
1083 495
405 214
129 658
923 673
1425 641
230 606
497 232
1117 779
1682 682
887 1034
664 1015
1576 1090
1460 1206
961 65
1311 1030
1990 46
285 704
704 130
720 401
716 1362
1212 506
593 212
963 1046
991 1424
927 1086
1472 47
302 708
1508 1159
83 570
1485 1775
1112 450
133 1971
168 1902
1241 434
56 1651
1972 597
1500 596
39 228
594 443
1590 590
1282 325
932 534
929 995
783 1857
215 1034
72 1301
822 624
1174 427
1889 559
1692 477
1922 1554
324 66
473 1905
762 1623
1513 53
1521 48
1122 1494
298 639
684 794
1865 881
307 556
142 1548
1649 854
1201 1091
955 300
501 142
1469 1774
464 1315
1444 179
878 746
58 1207
22 466
129 1458
642 38
56 772
432 1567
394 1134
489 1892
1560 1695
1161 370
245 1868
808 1381
1670 1608
1473 234
1626 109
258 715
629 927
981 1759
1790 102
1968 1901
172 231
976 231
1528 1176
1048 1307
1415 1966
518 1723
1749 661
788 975
870 484
488 16
1773 1602
324 1215
1807 1685
373 1136
947 1770
704 908
1368 794
269 1167
1032 1868
1357 1113
1546 1343
146 1595
1652 1147
1496 1934
304 443
223 1933
1906 1204
465 873
1755 1264
1799 1407
1652 166
198 594
1163 1395
545 1451
908 550
1670 1896
133 1213
1198 1995
925 988
1565 458
1335 1926
1780 748
1567 222
856 563
1138 331
914 138
1098 743
517 1860
1809 749
320 1072
90 751
1432 1737
193 1222
1210 1964
1760 1312
1224 1701
1663 1744
874 412
894 316
979 1019
768 225
887 215
558 1797
1469 1996
1352 1977
1214 332
191 1537
1497 1708
1231 1777
1122 835
562 405
521 1156
1923 684
527 1580
1138 693
479 1213
1519 656
404 1858
1143 531
1312 1418
1422 881
1353 691
1995 1820
192 758
1618 1296
1202 882
1438 106
1361 562
1603 1189
1286 528
1779 631
608 1139
1238 1907
1352 1005
851 1057
1743 1745
1464 1363
1831 1709
1946 1933
73 1094
541 1474
1134 631
1267 334
1316 75
716 1749
72 450
1385 722
1954 1404
856 660
1222 972
277 222
44 11
1036 247
826 224
10 1113
1356 1042
406 621
1560 358
248 1548
770 1158
1649 569
1826 1524
353 991
1621 646
80 346
1984 1067
1560 1997
1550 1824
1664 1035
1642 905
158 161
248 142
808 1397
1468 867
81 996
571 939
1330 656
476 1112
136 239
551 1297
1535 401
1031 1515
784 1865
709 290
1725 498
567 1631
847 811
296 310
1449 3
957 1659
1106 1101
362 1384
1513 707
1973 185
1668 1367
1904 1084
872 1439
618 616
1236 1533
754 1163
1277 1586
797 543
944 1377
1931 1603
637 1337
431 497
25 576
835 1402
606 508
973 1315
1037 1022
1400 225
1284 1175
1725 1958
1610 1643
1509 1868
1040 231
206 1091
1710 589
622 896
60 225
973 418
1056 180
1314 84
1292 320
1518 13
205 1993
730 1813
1210 1571
369 1683
966 52
1728 830
1120 1160
178 322
1145 92
564 641
1347 999
130 908
1144 1250
1044 589
1714 423
1511 873
1411 1271
1079 347
916 367
393 950
1979 1271
745 1226
40 858
609 438
1927 533
765 40
1382 1449
1367 1412
442 541
1881 1822
1340 636
764 38
1576 362
1493 576
1691 1956
1551 1092
1560 1791
551 696
1825 1985
1360 1386
110 961
1882 1705
496 1007
628 1828
97 993
1595 1584
754 1464
1066 1073
432 222
898 401
895 1204
603 746
988 819
657 1187
1586 1802
1319 1346
1387 133
448 546
442 836
1274 598
829 181
1452 1134
1085 1523
304 594
1293 1080
1943 1509
1150 639
1018 1511
1395 859
202 24
1942 1298
1094 310
973 1100
1231 1431
35 76
1321 1004
68 977
946 220
591 2
879 1629
1356 165
445 1650
27 1047
625 89
1272 1835
1915 1903
1074 1300
1826 619
296 1935
31 998
262 1856
88 203
775 726
54 1955
542 988
575 644
13 1633
1136 1861
1623 1888
70 1230
1273 1802
1530 455
1796 1772
909 446
1163 1776
805 1061
1762 1356
1039 1040
36 1695
1648 840
703 674
864 777
1656 557
1643 1284
418 1716
1403 1307
847 1709
198 272
861 1248
474 1431
300 885
480 1917
1699 1440
34 319
1999 1018
633 114
1343 1892
150 1793
506 1939
681 1052
1294 163
1744 523
9 159
1395 900
512 1535
1791 699
623 1239
775 813
1692 1595
1027 945
250 1726
1340 1412
285 1813
1382 1240
1604 718
1104 852
1623 1635
140 663
1604 1732
502 149
1660 1543
208 904
1602 461
938 1444
1479 874
1316 781
1881 722
1492 1087
18 1239
591 396
1588 1114
488 1417
1627 1592
1917 1193
1285 1505
1502 242
11 1597
793 775
1745 1297
809 1715
1433 1354
6 737
1585 528
1118 557
1871 760
1127 527
1597 234
1832 595
563 900
1342 692
1602 1451
420 1519
1262 1553
1008 867
1972 1637
1880 742
1525 953
447 1356
691 23
1820 311
638 561
1746 175
1615 1382
544 1580
73 1173
1415 345
1096 792
99 1069
418 115
384 1350
1600 111
1129 1876
751 199
668 1898
493 576
1561 432
1015 21
455 1687
1110 180
1011 1720
1366 923
726 1138
1212 1939
900 262
531 877
174 1410
442 320
844 282
1924 982
935 1563
1499 233
983 577
1339 1009
1790 1838
1414 1864
1081 1036
1820 879
1474 1762
1064 1406
1757 1948
696 86
995 1931
5 777
299 1333
485 316
1591 608
1323 155
1448 1663
191 1862
1526 675
364 540
1542 1484
947 1754
1333 319
1033 1841
841 1225
710 514
514 1839
1208 1601
1514 1384
358 1788
1301 476
554 1838
171 1727
1382 889
496 1028
610 580
619 300
296 45
1404 1949
333 778
1329 1092
1899 1102
675 683
1295 1101
746 323
455 1586
1742 1842
741 926
679 1059
1248 328
763 1329
1623 1295
1239 1883
842 1174
1849 738
851 1118
1308 490
749 220
1492 880
1147 1607
127 754
1751 132
742 1928
1206 7
1383 281
1766 297
30 1235
1656 1057
731 1667
666 455
114 335
152 1391
1482 1435
1007 102
1551 763
1440 430
1181 699
424 916
1527 726
1032 646
1859 774
1703 1453
228 622
1558 784
1501 1298
763 731
1162 1264
1032 401
26 282
1364 1156
689 910
275 939
104 933
313 1768
98 936
1889 1825
807 1458
176 61
1261 1238
1185 775
748 369
1676 1890
902 1913
1814 472
753 203
265 1709
145 843
313 141
1590 1514
1789 486
1349 211
486 144
268 994
504 152
163 1816
806 779
1135 489
363 1480
1664 1494
1515 493
865 451
41 386
1021 15
357 715
1542 452
1199 914
1026 1492
784 933
904 1921
1655 1762
871 1424
1384 590
1222 1651
94 996
74 1102
1515 975
480 344
72 581
218 811
207 1187
1843 678
194 232
131 747
1258 920
480 1193
1010 786
93 768
528 597
749 847
1643 1497
312 1739
1018 1912
121 1626
1667 1551
1458 658
321 71
1601 955
490 1585
664 982
1316 169
148 1634
1029 905
59 609
1968 2
1950 572
898 828
455 1582
1592 770
1971 1213
1109 1867
1998 1265
1819 1865
1244 1107
1350 872
756 162
1446 1001
1847 19
1059 1370
56 651
1159 864
1025 725
496 1820
188 1730
1490 1781
628 1387
1056 1600
1957 1043
1004 1140
1333 34
868 1707
695 1811
512 959
1235 710
73 752
1718 1493
1424 897
173 909
1038 580
407 1914
1473 104
428 1072
937 1127
208 580
902 1739
768 425
829 1981
210 234
1679 195
677 974
1017 1002
777 1553
1478 1977
701 1664
1234 958
1430 1293
1162 1373
1060 1205
160 1882
479 103
1847 831
1865 1830
1717 1617
1643 1866
850 1619
387 1230
654 343
170 1124
626 1695
1209 669
591 727
985 1019
608 1239
1256 1024
116 247
805 120
1342 405
1456 1387
1561 1768
679 636
1268 1095
29 611
43 458
1869 1514
660 513
1436 1706
634 1795
1190 541
964 463
783 1491
987 1945
282 276
1326 138
1014 745
709 1957
1748 1198
1076 1227
1460 139
598 966
1868 1943
339 1788
1740 1391
1934 488
1061 120
1928 717
1997 1695
1872 1056
113 703
1880 1860
568 212
1652 1170
86 1745
437 449
1951 1076
144 1735
717 3
814 1030
1625 291
311 879
1593 494
1756 1835
1254 1155
1242 1806
1752 1689
1866 1610
1249 477
744 76
1962 137
234 1958
1064 1194
137 1886
564 1425
229 1816
1655 165
1314 1515
32 1699
631 1701
1932 1603
1827 903
1643 1428
193 972
1445 1491
1533 470
1771 639
1601 610
1571 1179
773 332
1163 1152
445 1067
369 1780
199 90
1178 525
1516 549
1537 392
271 1314
744 1960
677 778
707 1252
388 1205
78 1794
601 1431
721 1871
1517 1620
1630 1073
876 753
1278 52
652 1378
1982 1640
39 400
1518 1506
1951 1291
371 1226
1389 1061
498 234
63 1618
1469 27
643 439
212 1620
1159 1483
262 1812
538 1229
442 1292
1782 22
221 452
1997 1791
395 1552
1080 1446
532 491
195 226
1192 1694
1839 710
813 1177
1097 1470
1753 1895
549 1066
1545 1753
1746 1458
269 616
1141 1811
1777 896
1999 257
1850 1118
172 976
1889 1372
1501 381
1888 596
1218 469
1276 824
1068 12
1148 167
1708 1858
345 524
1567 1645
1784 992
1933 117
900 979
1985 143
95 634
1211 709
754 1395
1777 622
341 90
334 233
100 1555
225 611
71 1266
1221 1790
1167 1954
236 1150
1167 1450
1330 1519
734 1043
1702 1648
1951 687
1609 1779
1411 990
569 551
435 1757
1331 962
205 318
454 1154
756 1776
326 565
669 671
1406 336
266 140
691 1283
1349 1463
986 921
439 220
57 949
361 1110
661 383
1137 1024
1008 1468
946 47
837 1234
670 1256
1197 1983
739 530
530 226
429 998
924 797
1783 1709
1087 1026
224 1711
1027 462
1448 1877
280 1246
497 665
420 1330
1490 826
865 1379
672 1044
1559 1100
1142 821
1146 753
1598 1396
843 166
1096 576
964 243
933 256
628 49
260 409
1417 1496
693 429
1975 108
478 904
1249 1692
365 281
641 492
592 1771
1722 1475
1744 1680
243 463
1304 1789
464 806
1389 120
656 1911
528 370
278 576
782 1113
227 1435
468 1140
1764 1737
1996 1750
1908 518
1832 398
1609 433
1211 1308
1858 1335
547 1953
157 14
239 1398
1192 1521
76 477
1493 1096
1814 1911
1015 838
1480 459
930 1395
735 1924
522 354
321 1558
122 1838
1947 798
1719 923
403 509
731 1422
793 1364
968 1446
1898 821
41 1601
389 535
1944 57
553 1701
1666 220
326 1663
119 382
437 891
1487 1647
498 1508
1904 213
370 683
180 361
1340 1066
1141 1606
1498 1990
180 748
556 1466
76 1249
694 670
684 1174
1526 683
755 276
222 1123
1139 460
228 1819
404 1022
1385 1786
1100 745
101 1763
1551 919
1364 438
1932 1189
1633 719
1881 41
110 1307
295 1513
662 18
297 347
856 991
177 1165
1710 1869
1210 515
692 80
1602 1559
817 623
213 1467
1426 1615
343 824
1308 1367
1896 1793
858 765
569 1640
1147 1270
537 252
1316 267
357 1999
1392 1429
16 1934
424 367
298 1940
44 1337
1558 1124
1956 840
1104 226
598 500
907 1262
847 218
382 84
315 1362
547 1402
1275 326
1064 336
1162 1400
519 149
266 358
1125 456
1070 1693
157 945
948 1792
73 291
1202 1217
1639 405
1914 408
1489 1830
128 504
97 503
902 312
1886 6
203 876
1909 174
260 17
1478 72
162 1776
1704 1140
945 1913
1164 580
1161 649
1587 1882
901 758
42 61
842 262
843 59
163 345
1705 1587
1991 1439
956 1970
1580 937
325 462
1040 1853
704 1813
701 1035
1279 1378
1569 1053
923 531
1775 1967
383 1799
507 1886
382 271
1188 647
1227 1449
670 1035
1802 1580
1614 1922
1229 1956
34 809
943 1889
836 858
44 1145
1821 958
1127 1580
1436 1826
1230 1033
355 34
766 699
146 1741
1057 1118
1247 947
1558 343
1199 1969
1082 1835
931 1609
985 422
532 1860
1790 1606
607 1222
449 496
243 84
1796 1019
720 441
674 281
244 1527
310 403
1714 542
1682 1564
151 1044
1804 553
281 359
1006 582
1037 494
1508 1958
1036 105
1351 1268
952 168
420 656
1615 963
1342 1418
1457 46
266 1299
1946 697
372 62
762 1253
1281 351
1578 790
694 1336
1977 89
784 214
1576 10
391 529
1987 1723
1782 140
954 612
730 908
35 334
1651 651
515 219
1520 381
1799 661
752 542
592 337
590 1514
611 60
1825 1144
247 1290
637 1496
351 10 33 857 136 10 646 162 263 297 56 629 310 10 259 20 532 624 18 3 772 13 6 6 17 3 23 58 908 158 4 747 741 206 6 273 4 3 689 11 141 8 284 56 3 4 180 5 4 708 1 167 8 4 234 31 836 74 221 908 135 14 6 6 4 278 4 11 3 58 243 349 655 11 393 73 393 682 40 4 10 22 73 36 479 126 193 198 343 104 406 730 860 10 248 103 149 3 4 119 3 511 3 141 663 289 1 611 23 4 562 680 37 200 643 1 86 17 36 596 23 840 16 748 178 754 70 7 736 371 71 315 7 160 3 177 10 679 525 127 754 3 58 8 25 7 93 357 3 193 113 7 6 6 637 39 10 179 351 374 179 107 45 203 9 403 74 291 307 911 15 174 383 108 801 135 144 14 600 725 70 210 62 4 857 59 6 92 869 101 792 708 169 10 176 30 229 772 104 20 3 3 197 8 734 1 16 4 3 54 24 794 3 425 17 6 509 697 7 55 443 181 86 117 908 176 154 127 30 3 174 10 6 51 27 13 5 3 177 7 218 248 27 467 4 1 667 3 4 6 74 17 196 8 343 141 783 357 39 532 1 233 110 8 160 108 393 4 563 734 36 772 22 905 179 7 236 3 18 172 16 7 89 686 371 63 1 365 4 124 196 8 3 1 8 3 5 13 175 19 14 628 3 481 307 69 10 499 71 52 13 33 754 694 248 6 357 734 206 153 243 14 401 278 3 4 108 4 382 52 73 8 59 6 200 4 3 25 108 182 104 379 111 137 45 4 8 84 114 3 138 5 61 41 3 170 783 108 16 717 725 300 405 30 60 694 96 1 304 3 278 14 115 1 54 548 29 4 4 93 26 36 117 177 119 297 23 5 13 182 6 919 93 104 3 10 6 7 365 689 176 15 336 343 425 529 161 161 532 88 7 293 1 40 4 195 191 233 1 110 1 6 26 96 860 84 28 27 4 10 10 181 129 864 206 149 741 198 52 1 176 153 481 32 596 383 13 513 741 349 361 443 179 7 4 3 4 83 382 1067 201 3 27 4 689 137 629 191 456 3 456 80 40 95 344 349 73 8 3 137 89 79 71 499 1 8 1 20 16 425 689 5 60 288 32 79 10 51 806 689 20 3 71 7 17 37 10 3 3 655 195 4 66 30 7 56 701 18 3 4 198 41 73 45 307 1 231 3 6 176 39 689 966 237 3 30 17 34 566 30 153 26 3 231 174 513 643 694 60 427 126 354 220 840 35 10 54 211 41 210 563 425 181 5 4 1 269 221 571 73 189 23 3 10 88 17 3 6 1 4 349 401 119 58 4 6 9 93 9 6 10 17 794 481 382 117 7 529 1 3 95 353 4 6 170 3 17 1067 221 167 908 801 6 4 1 383 628 383 456 343 529 89 624 185 158 5 3 4 637 276 220 23 200 248 150 121 91 172 13 343 5 3 13 88 6 184 344 3 4 46 31 117 1 111 1 110 16 736 4 66 117 624 127 613 3 4 562 395 4 4 4 113 15 16 50 276 59 11 333 13 179 793 50 28 1 60 149 6 869 14 6 130 4 7 93 126 20 35 301 175 267 4 16 371 4 203 14 628 124 30 4 183 351 1 783 857 33 513 310 176 27 141 3 571 14 467 1 3 124 371 36 210 14 5 613 60 10 54 176 14 164 33 7 6 25 4 71 304 121 5 104 655 197 88 7 107 1 708 39 27 8 4 36 6 11 301 3 860 1 6 10 31 58 16 467 405 136 59 4 175 393 36 4 425 206 61 8 176 6 511 18 21 793 32 182 210 196 698 1 3 1 1 3 1 596 4 911 3 206 704 697 1 509 17 730 9 624 291 48 16 395 185 70 111 18 117 600 168 70 3 18 202 4 1 71 153 26 616 4 34 21 104 403 1 1 457 697 629 1 562 54 226 16 7 189 66 6 11 88 3 17 8 1 17 361 187 8 353 6 499 41 58 600 40 269 197 39 4 13 427 354 185 1 200 34 130 17 563 479 499 741 265 406 6 113 89 57 176 230 6 616 33 8 21 12 3 328 371 383 869 13 499 27 679 7 96 689 135 425 3 20 11 15 94 13 164 637 11 406 7 4 237 141 263 141 3 231 604 189 4 837 6 41 837 7 55 91 108 836 93 117 291 284 801 19 276 3 23 4 7 4 48 20 27 165 167 6 195 339 1 611 169 8 59 176 174 11 29 3 3 5 613 3 32 6 20 919 48 3 286 57 9 149 4 406 10 840 4 443 40 195 6 391 3 35 401 511 8 13 61 8 905 432 61 616 391 3 600 160 1 259 343 40 4 14 427 7 79 12 17 60 184 23 17 267 662 288 4 174 174 689 9 5 113 52 20 23 236 628 178 14 179 193 475 164 7 54 71 333 17 596 83 5 4 8 60 596 629 4 3 165 153 60 8 265 149 4 248 8 12 662 183 301 3 3 637 427 165 2 300 101 36 479 52 37 17 3 7 1 103 70 11 6 177 31 70 361 187 286 725 509 349 297 6 92 234 56 54 4 18 679 267 181 911 383 3 231 374 114 8 86 1 5 302 10 149 4 36 1067 191 234 395 39 315 168 197 129 3 1 13 7 4 6 7 154 198 263 6 17 18 3 93 88 4 144 806 563 5 14 28 5 73 180 28 52 6 509 3 4 1 302 113 293 698 467 181 16 509 162 2 689 5 137 4 1 3 336 10 679 13 101 185 10 113 5 646 74 141 4 4 425 37 7 8 278 13 185 207 54 110 566 169 528 35 21 158 792 361 34 23 89 25 810 23 30 3 114 4 624 479 864 379 1 361 1 172 91 17 73 683 29 14 4 154 165 4 14 3 289 8 4 328 4 4 563 243 6 37 500 129 149 182 333 529 4 111 11 2 10 12 138 3 3 52 279 4 1 114 353 667 149 153 12 62 103 6 126 475 108 14 349 84 110 3 379 3 236 425 176 18 17 113 783 36 8 393 108 1 509 11 3 36 637 6 1 679 130 178 36 110 48 686 206 4 110 7 91 6 13 60 7 130 16 3 1 509 443 136 23 58 1 35 26 704 730 9 297 571 179 57 7 248 182 198 23 15 425 32 1 333 164 26 93 130 6 1 837 10 361 5 3 479 26 6 70 57 263 878 596 8 27 17 46 3 88 57 3 177 682 93 1 382 236 3 509 4 117 1 354 1 286 425 1 26 45 35 20 113 682 1 3 351 328 57 5 20 3 17 17 12 95 17 704 391 154 628 3 289 58 17 15 221 1 600 11 195 11 160 792 403 548 89 1 512 456 263 4 736 869 646 456 139 23 182 20 18 22 8 8 3 1 180 51 40 406 130 18 343 40 405 61 3 18 248 525 1 810 138 127 117 4 427 17 267 37 20 4 4 6 383 27 966 8 176 836 3 1 51 4 1 600 293 8 6 60 60 794 3 110 26 5 21 3 456 284 50 467 91 30 4 594 5 3 1 4 1 919 8 149 36 187 248 158 3 4 16 662 3 310 39 36 3 136 315 210 144 528 911 103 272 230 54 141 793 83 3 181 1 180 744 4 1 3 686 110 300 3 511 178 231 7 5 339 7 212 11 9 80 39 6 1067 6 288 27 7 3 56 57 806 7 141 201 162 374 810 234 129 403 4 4 4 1 22 40 20 6 594 6 108 794 184 361 103 1 911 23 6 3 37 138 269 3 310 391 4 17 3 1 864 4 27 12 4 667 8 25 29 34 7 637 31 548 966 124 9 54 1 7 4 158 178 170 26 267 176 55 36 1 1 403 17 3 382 17 50 229 198 162 176 56 1 793 304 1 237 39 60 18 32 5 69 73 3 5 272 16 3 374 747 4 220 34 234 1 9 628 353 93 589 9 117 84 1 26 206 4 594 18 15 8 229 406 10 110 51 6 15 3 189 92 2 586 1 58 8 211 17 220 33 27 4 5 126 56 126 736 178 10 857 4 315 32 4 91 3 179 206 93 5 113 14 9 3 8 32 5 694 230 62 91 13 212 139 8 525 107 89 2 4 304 117 127 589 6 3 265 259 108 3 511 272 108 210 682 744 212 211 57 117 3 698 231 1 220 48 379 237 643 121 32 234 233 371 80 20 344 26 406 127 13 10 32 6 39 58 456 8 4 529 127 589 382 361 17 182 64 353 840 30 744 23 130 10 26 35 201 18 1 54 54 637 17 39 110 1 233 4 110 10 701 149 792 1 26 127 4 164 4 9 176 27 7 1 198 4 114 139 7 686 701 141 9 624 3 21 10 6 103 41 229 158 16 708 20 4 210 905 395 11 7 121 291 21 3 40 114 4 5 108 69 80 600 7 161 21 339 137 250 1 14 21 315 28 613 1 110 966 33 794 18 365 162 86 20 17 3 1 154 37 91 747 475 4 836 1 20 698 206 3 23 149 475 643 563 4 34 6 51 566 6 19 10 203 4 1067 45 4 121 679 1 7 3 857 265 611 1 343 168 149 37 6 4 336 70 58 58 10 3 11 4 23 667 528 13 10 8 272 563 783 6
