2000 4000
1948 1834
1620 1238
1670 652
450 816
55 678
391 1819
1808 218
1143 897
1320 1189
388 606
558 458
1412 1525
1835 167
1777 1776
1699 1551
938 1325
1870 1195
862 284
1089 654
1335 1555
397 1950
207 1189
1417 1171
423 873
851 1330
1409 837
1028 548
1803 221
86 1270
1729 79
243 158
978 1792
983 699
295 1001
445 484
874 1694
70 1805
169 771
254 1839
1316 1303
411 1528
1281 515
1378 1181
1751 130
244 1004
1348 1546
1994 1478
240 629
1695 1589
124 1633
201 125
413 1093
716 299
465 1793
1811 426
90 1131
1847 767
456 1883
1954 608
876 341
1348 1337
878 931
1723 1355
1020 1759
989 1057
2000 51
1952 1378
31 87
987 167
963 795
1472 939
759 107
718 129
1763 159
1781 1267
364 1626
1518 905
1526 1322
380 760
1304 846
145 930
1 64
521 64
1839 1045
1193 1468
997 59
347 1719
88 1425
1164 14
1461 1381
22 678
334 195
470 243
1450 1181
759 420
1347 1934
1843 575
1910 528
938 40
1985 1584
223 867
1928 508
1152 38
1874 1668
509 1081
1815 1169
265 181
603 1449
1399 1266
712 1611
1513 403
509 155
413 1146
1782 563
1534 1450
1897 1751
1086 323
1870 225
1929 870
618 671
284 1666
1462 192
1781 115
606 335
377 83
1207 1387
1103 1780
1531 1632
824 1881
686 276
1364 1026
873 1764
601 1570
1290 990
345 1631
1402 1638
550 756
670 940
1520 977
1515 896
863 1125
1549 19
577 287
1595 588
672 248
146 1424
1308 1816
1978 1089
1336 836
48 749
1248 1499
833 876
1629 494
1372 919
1271 61
291 1206
4 1725
265 770
1034 573
761 1884
389 1994
82 740
1717 1469
230 1273
1997 286
882 1998
1191 104
1373 238
470 876
908 221
1493 1504
564 404
407 1053
689 18
1914 185
66 1165
638 1676
1903 1346
1628 1372
215 389
1399 481
1396 143
1151 1273
1982 1123
524 127
326 1608
1790 746
676 1271
1576 182
688 133
278 1288
526 203
585 1826
1334 537
1083 321
1923 762
604 499
1884 1216
355 818
1480 1969
1139 123
1703 443
1471 1922
1772 230
1427 1058
935 369
1160 1081
1869 386
506 1140
534 1256
1628 641
1065 174
722 128
1427 532
239 1353
1018 1920
210 561
977 279
675 1654
272 1889
421 1043
489 1640
445 1134
1717 568
857 848
12 142
70 1386
17 268
11 34
760 1661
1577 476
752 579
1309 1875
803 1468
1553 621
623 1414
1338 957
1207 1928
776 1222
970 599
735 1173
1022 1400
1714 1270
665 714
654 1983
356 1144
1658 1853
540 352
395 302
763 1976
1620 1849
422 1041
1171 799
1652 89
193 157
1058 1859
1539 1659
1520 1217
1959 681
46 611
1239 1126
1214 1997
1736 685
88 1108
1337 1817
732 1521
356 797
814 584
273 1593
249 1394
359 567
1339 432
1021 31
994 1367
765 1481
1020 1845
1358 1210
1793 1542
1924 1432
715 493
1568 1988
173 1499
1558 661
827 1619
893 1694
860 1604
227 751
1141 1587
162 188
1159 606
1390 777
1190 992
187 1218
1476 1503
565 1835
94 1608
409 775
894 533
1253 1413
691 1368
282 1910
1722 1155
1828 283
1482 76
1969 807
1532 1013
596 466
1514 1915
1432 648
208 85
690 1891
1793 349
508 1055
1996 99
835 729
547 1475
1367 875
1361 314
756 155
1859 78
774 574
1861 968
657 122
112 754
358 1160
299 703
353 1764
670 1832
837 1810
1150 1771
140 1814
890 208
611 1195
741 527
233 145
3 663
1228 73
546 1103
1948 1471
1388 434
359 71
782 1299
1768 408
1961 1840
368 1516
136 460
1801 877
1077 1830
222 1637
571 894
1020 1374
1065 112
727 787
1883 165
1057 1161
1591 885
214 1945
966 239
1283 451
298 1905
1093 1980
1413 259
1971 487
1205 1356
396 569
1136 1512
1213 374
841 918
1925 949
78 808
38 268
610 1714
1814 1413
1482 1276
1977 1549
1818 1587
728 859
1459 102
855 312
784 1696
2 534
1705 677
1978 1994
927 1259
398 1302
1678 1560
948 1417
1790 512
1642 503
1698 1883
1092 1515
30 406
1813 1905
1320 54
1086 1712
628 501
1521 1102
1004 1956
1432 908
204 1329
303 1807
607 1072
1166 887
1059 941
1841 1620
1059 1054
10 660
584 40
373 1090
791 1952
468 1803
649 1763
613 297
683 209
973 313
1088 955
192 820
1007 930
1910 1457
1161 1330
1102 1375
1667 1519
592 980
1057 466
1410 506
169 1033
85 1225
1671 514
860 1059
378 853
1326 1805
958 902
1659 1735
1273 1954
1195 1132
1416 1514
953 1541
798 52
1603 1456
831 1294
1192 1142
665 1534
321 1311
374 1837
1974 1718
691 832
912 1563
804 1608
1213 1605
1618 675
725 517
1836 1564
89 662
1841 1681
1823 1558
883 1366
1749 368
613 1991
1563 586
1985 1448
1932 1265
555 123
1266 496
1885 1701
1630 806
1505 867
1274 1026
1883 1789
334 283
296 105
889 1373
1581 178
1686 270
674 718
531 1884
1829 948
1119 1979
19 971
580 68
115 529
1750 137
469 303
565 474
1440 280
392 690
761 1709
1138 314
894 1846
1584 1354
67 661
821 137
133 1144
1196 803
1070 331
745 361
75 1819
1328 525
208 34
1220 1934
475 529
980 1628
1861 981
1256 1811
1800 1320
682 496
788 596
146 1727
497 1710
427 1127
1004 937
664 1562
1498 1301
1330 765
1350 919
234 1549
94 909
1342 1008
1690 1975
24 483
1550 1251
866 726
1131 1430
1504 148
1417 12
1860 1471
1574 914
1072 1491
43 886
1781 829
1403 696
944 386
477 899
1991 550
1767 1977
890 400
1330 1641
1016 1956
1688 972
1863 1001
537 365
1487 663
1542 1493
1013 1821
2 787
244 488
1756 173
70 151
149 1203
191 1302
656 48
785 738
100 1219
1288 921
1024 122
184 206
353 1713
488 1378
1860 1704
783 1993
1033 522
1193 1277
1848 733
1656 875
39 1013
85 1954
255 395
680 428
912 206
1501 375
266 1492
412 330
1252 270
502 1893
738 915
1123 1751
1237 35
378 196
1429 719
557 677
1313 1538
366 1699
1763 344
1336 159
879 150
335 790
1418 1147
1692 1444
441 869
907 572
1142 1739
178 1094
1145 1498
282 1574
372 311
1286 814
1387 839
1705 1457
1146 1744
1174 958
296 1567
1878 218
284 916
165 457
1584 665
1812 367
349 813
76 1990
1165 207
483 272
198 161
64 1573
1904 1313
1756 1512
87 1953
740 1547
391 1824
1111 1039
1106 1656
450 1161
107 999
909 181
1118 1191
1692 1771
219 109
504 1992
328 1512
1337 1678
1563 555
1361 1420
665 1337
1543 1766
1558 1840
395 633
1742 1164
1653 1897
1636 249
1183 1081
949 347
1919 65
1590 1592
421 939
1378 108
87 181
854 473
553 1144
1645 1105
277 542
1292 1211
740 831
380 1489
811 987
1243 906
1924 1514
1392 1836
1758 1944
1751 311
1953 833
1609 211
916 1552
527 1142
1910 719
1621 1188
944 948
1025 426
1953 1862
1545 1589
1902 1604
1080 1176
1097 1045
29 1107
1551 1219
421 1408
72 233
691 109
1561 85
1909 1985
1909 101
644 1027
1784 819
1748 1070
1206 1904
8 155
1397 1479
1471 1276
1894 318
2000 1460
1200 1038
940 68
1268 120
32 465
1992 1215
367 502
1204 410
208 606
1462 1054
1206 367
1356 1680
1859 113
1553 1370
1896 69
68 1481
326 1632
368 677
952 488
325 1757
1852 856
1039 1690
1689 655
738 575
509 738
1536 1507
1622 263
1797 1119
411 1393
1494 1278
965 1239
1702 730
1653 613
472 1177
1297 473
1422 848
1917 501
1939 303
382 85
84 1471
1623 465
1538 1610
147 1405
1865 35
1767 1219
381 1863
822 1065
467 301
1965 1338
226 1193
1505 717
1348 1153
1478 179
1044 415
591 1296
1649 418
438 1345
1211 667
1219 257
515 1981
221 1598
222 1104
237 478
221 1873
1677 1107
530 1601
1926 1791
1769 941
1357 638
1037 1466
498 871
447 699
300 354
847 1978
243 1020
686 1651
647 200
967 1552
1585 1349
1740 136
482 1593
1445 167
174 1682
68 387
256 648
1275 1294
1956 279
1316 105
868 1540
597 828
801 540
1758 98
331 867
571 1832
1666 742
203 126
1570 1866
305 367
1006 1534
533 1154
1214 1551
1706 1114
459 273
635 1785
1766 1556
898 859
559 512
274 394
73 899
1447 534
259 988
1931 1944
661 1368
1637 643
669 1187
625 62
1539 449
835 1690
951 524
938 1159
160 1826
1174 51
1773 1536
1871 1403
585 1148
937 1534
191 543
701 503
398 67
1952 1551
1672 1009
1250 291
268 1049
92 1883
1178 342
1906 1752
45 1977
679 635
593 1256
2000 11
1024 925
747 1011
959 813
871 703
724 1829
1695 315
966 910
180 302
591 596
1540 523
811 528
1368 690
30 1071
1987 944
1003 1179
1839 500
1443 573
124 922
281 881
1095 903
1997 489
10 172
1684 1288
524 14
411 1079
1332 673
367 1765
1323 607
962 1377
1519 658
997 141
972 1760
1363 407
1285 1324
975 313
408 1509
178 942
456 685
1585 608
90 591
1374 297
1051 1609
574 1838
1028 1207
418 246
1717 788
1061 65
1079 1443
83 665
146 1571
1695 1670
182 1241
1829 1631
163 1050
605 736
1412 1507
59 218
1118 1151
345 1549
630 150
1182 284
1398 148
1563 1739
880 440
325 1342
1143 1697
6 964
346 1480
382 1405
693 41
129 1567
1714 95
1718 698
1216 1812
1281 1635
44 1088
1652 1100
645 883
1989 913
980 1040
124 1461
1161 63
1234 108
274 31
823 1005
1012 391
1159 861
1214 367
755 1312
279 236
1311 1558
574 890
657 1040
421 727
1223 167
161 667
237 1803
661 1794
1973 354
330 1039
427 42
1409 1790
1704 1132
127 1866
1396 998
586 855
357 1206
1585 92
1320 1405
1964 811
441 1886
1893 576
238 810
1208 1198
698 75
859 1700
969 97
177 1445
1525 1158
1633 1101
650 1069
1720 1508
1986 1708
721 1416
1329 462
1884 1597
82 565
537 259
1322 1123
1865 1728
1581 622
338 1475
1692 1526
469 12
256 645
1763 1949
1064 583
1639 1253
158 1778
168 743
159 1629
1474 248
1595 1013
1478 1106
1741 853
1323 53
1939 1353
604 1383
977 310
1403 1186
780 1121
55 1289
1180 1174
1243 98
951 604
1802 415
1909 872
1205 1142
1153 917
1329 1484
1698 1554
1777 1328
1654 1478
152 443
911 1586
55 742
1249 1454
1759 922
1555 1849
51 35
1819 935
763 970
1042 1050
1824 762
929 945
615 979
165 1213
1328 431
437 1509
1137 1022
1475 1512
132 1224
1741 822
210 471
781 1516
1221 1685
1318 1418
304 1658
1650 1417
659 1871
514 911
568 1573
639 211
424 1767
336 948
1756 651
1648 924
263 1747
1573 648
17 616
1594 618
1333 1015
1462 467
1717 1121
1195 255
1336 1128
258 1419
1615 566
646 1987
1989 1851
1454 1535
491 1223
686 183
1392 1754
1615 1136
1037 1049
798 1384
1185 1836
464 1353
641 403
1131 457
1817 694
45 1395
9 951
515 199
294 920
947 335
74 1499
1473 41
463 1110
862 95
1801 1245
438 977
881 566
118 67
200 1683
189 1039
1203 1587
988 1935
535 1414
316 1573
210 1552
1492 586
582 1875
1301 56
1587 32
73 1275
1484 775
1872 1382
1670 668
312 1167
1478 873
1816 33
628 401
178 1218
83 1309
289 483
244 422
1499 1158
1804 1554
1794 892
302 600
1393 989
1939 1856
1585 43
818 1686
1722 413
1853 1124
1945 258
1555 1667
1366 298
1305 170
769 1053
1400 1108
678 1419
178 1953
511 1540
561 1878
160 1
228 1566
1194 405
384 689
835 1194
1986 366
1601 672
1408 890
1473 1591
601 766
987 1975
1029 369
1585 669
807 700
814 944
1905 1259
382 432
1521 107
349 642
1544 1204
1826 1260
73 1955
1503 1570
1953 470
176 1931
1022 1292
1749 132
402 1481
184 47
401 1252
1850 1704
1523 1435
549 516
793 1339
1914 1586
614 1452
1841 1610
1563 552
1888 600
1761 908
628 1899
749 313
1841 1667
1376 1953
1863 1891
90 1098
576 838
843 947
1460 152
688 1490
561 1038
1619 657
557 101
42 792
1146 837
1831 664
1231 1309
1118 1462
1912 304
55 202
1756 652
797 1157
252 348
1214 1162
443 1783
1620 754
1845 804
637 1000
546 2000
1713 1984
1865 1971
392 1391
1047 1899
1921 1484
433 1309
519 1709
379 490
1301 1260
44 482
1280 1854
1263 734
554 1831
205 818
1223 1829
986 1393
1515 1154
1132 1956
1921 774
191 953
330 1331
581 947
425 1550
765 535
1916 1935
946 947
886 1003
969 1796
894 255
748 1264
1773 1631
230 403
1501 79
1727 1563
213 20
1324 1441
251 1763
72 1300
1603 1904
1119 648
1326 111
1008 770
1 325
800 1608
1840 59
366 235
652 1841
1784 742
1456 985
1249 282
1858 705
883 215
1232 485
666 1308
145 1774
1451 841
1169 386
1596 1147
542 710
546 1870
1004 1523
1683 382
1817 1418
523 1238
1916 318
419 1746
1863 376
812 1005
257 1637
544 35
226 892
1183 39
827 1601
1919 336
667 1260
1340 1892
1787 1014
572 1734
537 394
1297 1091
843 918
1594 1250
1360 1060
955 34
1849 1805
1588 10
1813 991
1341 933
663 214
1440 596
889 956
724 59
836 1359
1785 1416
202 1896
698 171
1920 265
272 991
1219 847
999 386
1357 325
1481 213
1886 463
1313 567
1484 982
456 1483
1721 737
1470 263
1212 1946
222 540
1527 1820
1888 89
501 1683
1345 668
1283 1379
242 1084
1493 138
428 1864
285 1962
916 707
1922 1197
794 1292
1070 1873
274 856
46 29
386 660
1314 1497
1630 1194
837 936
1939 1621
1751 1481
1843 990
575 620
926 250
1998 227
7 253
1753 458
1257 355
723 343
61 1755
619 67
171 1060
1439 1651
3 1862
1954 550
1077 1641
1190 679
902 87
1733 1019
331 92
1048 1351
1415 113
1838 291
1017 1382
1103 211
1513 50
1959 1663
392 1807
751 494
1033 683
1847 1128
631 1334
1931 332
48 1043
273 481
827 1474
151 398
166 819
1595 1401
1646 809
589 681
790 299
1863 1352
464 1149
846 478
156 1607
416 1635
516 832
594 748
1138 169
924 1639
396 1158
21 757
343 1604
759 1317
161 1858
1351 794
1481 1784
1399 422
1583 1120
1379 851
1743 460
429 899
1076 1377
1584 1737
168 426
716 1362
1765 1663
1031 364
1704 69
1153 1598
1121 159
1285 702
1759 375
480 1513
1827 113
1556 872
824 1983
635 1875
1074 1251
1127 1624
612 1258
827 535
1180 1247
1088 175
239 1958
1423 735
1778 1619
1785 794
287 666
1294 1386
1842 1786
661 854
900 1485
57 308
1039 641
536 463
220 1753
64 1392
1217 1886
1748 709
1207 877
1459 1728
1874 565
706 521
897 1844
955 1829
886 1349
944 891
1587 480
254 1640
693 1523
1942 1422
1351 1177
1990 150
108 683
1289 1972
981 1199
1562 1397
1070 1414
1035 518
721 926
1293 1110
304 209
1260 763
720 68
1385 1242
830 879
1825 1497
648 144
422 1924
901 971
1933 178
1663 785
1040 720
1766 1098
330 446
1627 1222
136 1042
1063 1608
1467 1348
1540 673
712 1238
1145 302
1917 1619
1738 734
68 77
60 1317
973 1754
1579 1901
774 1398
526 741
370 1569
108 155
1866 1685
1432 208
1266 1508
779 1215
290 51
1687 157
1882 1259
1340 266
460 151
406 1300
1011 1484
982 74
1666 1247
1284 716
1590 734
406 843
80 1355
1454 1751
1903 858
1733 265
874 342
1633 1222
436 866
1524 549
431 148
1396 1219
937 952
1680 1780
1370 1255
1206 9
1795 279
1352 77
975 1321
1888 576
550 1075
634 1208
1719 1949
474 223
1071 683
1672 725
856 1582
960 157
1629 287
789 1800
38 1050
1574 261
1742 802
1752 165
753 24
1400 1398
1128 948
337 1622
518 1842
1112 1073
1624 1301
587 1939
1738 930
850 1575
25 1093
573 1240
286 1064
1937 1555
704 93
1967 195
186 311
357 16
763 1526
231 373
340 1305
1702 769
292 131
1421 1814
1290 905
3 898
1869 517
884 1625
877 1782
1939 184
1585 815
1347 1057
38 1789
1583 141
1882 988
1315 1160
474 596
1218 521
1236 1987
476 772
366 352
633 923
766 1748
453 1500
370 891
998 329
127 1446
251 1091
1236 891
83 275
233 1981
318 1914
1110 1719
1186 1864
1922 1141
1246 1588
86 1328
1906 1255
1309 1406
1660 843
1730 1021
260 696
1135 1665
837 1120
1022 2
930 555
811 1812
1154 1095
1796 266
1821 1888
1493 853
119 1107
1585 1549
170 84
84 756
40 805
1806 1221
891 934
131 901
611 1217
1483 544
1536 302
657 804
703 1330
491 398
1615 759
47 1950
724 1186
76 509
1536 1318
85 1854
297 479
1339 171
142 1780
509 334
973 612
1575 52
421 155
487 896
349 1267
1590 1187
1180 1388
1563 19
821 1149
641 1070
46 1430
1900 1486
1387 1017
582 1701
519 1968
1813 114
1378 39
266 809
110 668
393 1570
503 239
365 1284
1956 1525
478 1272
1867 1229
196 1823
262 1138
366 1183
556 1534
606 1457
1859 739
809 1261
514 438
1554 386
1009 302
1111 409
1162 1005
1269 15
337 26
820 1210
1799 1293
1646 453
1014 1968
1910 1727
683 1383
295 1175
193 789
1978 1902
758 1838
1681 83
1031 1022
913 794
1881 851
800 1768
930 205
374 906
1390 240
1319 354
1417 798
1270 1892
1299 1966
1796 100
631 239
396 1599
1280 682
1887 1963
1703 1011
1263 1838
623 131
172 1721
1869 587
316 428
1540 483
1428 28
1485 844
1857 1945
1052 1736
894 1020
419 56
768 120
1233 1610
398 476
1130 320
205 713
808 1559
31 936
1822 1147
410 679
1578 894
707 1675
971 1659
229 680
24 40
1286 45
1695 362
1723 529
1750 1135
255 1967
1455 1865
850 1772
615 306
1869 1951
81 41
278 598
487 1364
1789 1933
1420 1455
1634 1844
1696 1058
1436 1899
220 851
1548 187
695 1276
272 1845
929 976
593 989
1543 246
1318 1202
1469 1250
1584 1019
1509 1460
1247 1267
1173 1238
134 1155
90 1472
1778 1397
646 112
1467 649
510 915
1227 632
643 1675
773 1284
565 1163
1320 111
658 1827
953 399
1167 995
319 76
376 1533
764 1688
997 1606
249 24
1332 241
1599 984
1439 1657
763 866
390 1291
622 1089
372 580
909 116
602 1820
1883 843
790 1173
5 453
18 863
1027 191
906 862
1016 1467
1150 815
1730 951
1374 1297
652 1957
228 200
102 651
1123 232
701 621
542 1300
591 1444
1854 41
1553 86
1933 1218
953 661
66 1801
1384 91
425 1360
1726 1958
804 335
1942 1908
1417 1862
1957 247
1435 543
172 1719
58 1316
306 1817
340 734
1907 308
1526 1891
1524 832
1730 1099
299 135
1921 1713
968 235
1249 186
493 23
1344 243
1482 1492
1937 1437
438 693
1096 486
1971 619
1449 185
1320 868
197 1385
592 476
1996 494
1811 410
277 1936
776 531
648 597
1680 692
793 1852
281 1595
1969 1593
786 568
599 1304
140 869
1798 982
1034 367
1718 1877
526 1400
173 651
556 1463
214 594
1240 1980
1022 993
1953 487
1072 1983
681 1927
1627 633
1172 317
1234 616
1557 721
1486 31
284 1408
1192 1891
375 1365
81 177
720 1011
163 1646
168 1577
1417 574
1622 710
371 1866
100 557
1468 968
600 602
1 895
804 203
326 17
1532 1084
1740 1350
84 1074
1273 513
249 531
574 33
439 1735
1791 870
153 805
1571 314
223 1274
901 1212
701 1263
371 324
1548 1606
1431 1026
961 399
141 863
720 220
414 1507
1895 1643
1662 98
1794 636
1788 180
733 1252
461 1816
1804 717
960 1879
867 196
551 1216
1517 1635
993 343
408 1039
680 691
1378 1215
1546 200
1033 990
725 16
956 788
1823 19
1949 1202
1562 713
1384 409
1211 190
1182 1217
1381 1760
1899 706
1941 1953
345 1318
1383 912
1896 1459
1637 1692
1731 448
1218 577
393 50
1048 720
844 417
637 1755
511 1234
834 1762
1729 1276
1233 829
737 140
609 1007
1792 398
1251 998
309 1530
1330 1712
45 665
341 119
1279 1877
1293 1988
382 1084
960 1857
831 1284
1009 246
648 1179
1839 137
1054 1155
406 1756
500 243
967 242
164 1735
565 717
1696 388
27 508
1959 595
1746 91
734 893
974 620
834 563
1930 1087
646 177
480 1018
739 489
1541 281
1894 1038
788 409
1268 1304
14 359
775 973
1802 929
1123 483
444 1198
1388 1797
337 1881
1794 447
263 628
1315 1536
85 1348
693 666
1504 287
1913 251
795 703
1001 1308
1911 433
1606 208
58 1791
1144 780
546 202
403 768
861 1719
538 1715
800 1149
946 1221
965 1746
1425 1567
886 543
454 581
732 433
932 224
1103 463
525 160
540 288
358 101
755 206
931 364
1548 225
950 684
328 753
681 591
309 1453
1993 584
1067 1947
434 1211
512 298
1907 1605
90 199
1611 609
1227 1979
99 1502
591 1583
1260 1852
820 1148
1795 1114
753 1280
125 1519
1537 1032
679 328
1278 1731
23 1608
1624 18
587 1199
1224 36
1793 176
283 1280
619 974
70 229
1614 120
1655 1344
351 247
1071 353
470 312
617 1802
1988 1751
1431 647
949 479
1804 255
121 639
1927 1089
337 1220
1246 1867
1008 727
1465 1327
130 1878
1755 1596
1786 1607
1076 259
548 1235
1319 1884
1933 1432
170 540
1068 468
240 1894
470 1514
1186 1586
1788 225
371 1151
1007 329
27 1387
40 662
607 1002
1281 1683
1019 302
295 1750
1183 584
557 560
206 817
1477 1732
90 1730
1397 200
1724 1826
1502 1567
216 198
1998 446
392 483
448 1110
884 1912
1830 943
865 81
238 1150
1546 1373
457 1715
840 1393
1648 1976
217 1295
1913 1557
526 914
1236 1975
1351 1184
1282 1798
1647 64
1610 1412
948 1575
1936 1710
714 1807
1813 266
893 334
1109 1774
832 1940
173 447
192 1708
1152 1831
1836 229
1028 758
1351 1931
1708 19
1459 1064
1893 296
1348 1212
208 1578
1926 225
1344 879
1321 1859
747 907
1358 1828
1741 158
1885 1249
1226 966
1338 633
1126 305
1645 252
632 448
858 1159
1119 802
1579 1133
1848 49
1365 1895
206 1825
1775 1120
114 157
669 800
487 513
1457 1781
271 752
1749 1283
1252 606
121 1943
1741 1279
1174 1102
1651 806
1179 244
561 1347
1454 1597
196 1391
1293 1508
796 223
1907 366
1769 375
1418 1298
1716 1096
287 1560
1859 1609
1295 1962
177 1580
419 1161
1097 1598
761 843
325 1289
1601 1600
1147 1697
1835 1839
790 802
980 522
129 766
422 866
923 882
614 285
1047 1592
302 1865
300 1911
428 1202
251 1880
351 1594
1202 1476
578 1369
1511 785
1262 1566
1225 640
1955 1808
595 1489
1678 1619
607 1815
1057 1708
1906 1009
1288 1817
1504 87
279 538
1137 973
1469 153
1332 893
700 1130
955 706
1362 765
376 1293
897 1887
393 860
352 1079
1312 199
1173 886
549 255
1389 385
1010 456
225 858
264 1734
1679 1294
654 430
275 1415
1420 1466
1070 593
1133 494
1774 1615
598 456
82 1290
519 968
1519 1021
1810 492
1583 265
844 1823
1178 1172
1288 1503
623 146
934 1896
1852 1797
699 898
214 864
726 859
1363 1613
520 1684
1307 1361
201 763
1598 346
471 718
1671 1014
1254 723
690 157
1263 482
13 1919
126 1028
655 530
1584 1635
416 1977
744 1745
185 212
1162 513
1884 534
700 684
908 350
130 1241
9 1424
1110 1585
660 1655
1928 1164
1546 317
1977 772
202 1166
1640 1238
1246 1353
1757 668
920 1081
539 210
1163 1205
681 259
1115 1529
1943 1320
712 852
1722 1970
229 181
345 1232
47 196
253 1136
1079 505
959 710
68 1974
1164 1445
550 1011
1778 1281
267 1683
1582 1327
186 580
24 1392
515 240
996 1981
1373 1063
1163 1310
1800 1079
269 482
532 1469
1411 552
1405 1054
1739 459
1078 688
617 787
1206 490
1301 1823
249 1583
1600 1807
504 462
928 420
533 269
1385 1832
417 1884
471 363
975 482
437 947
873 359
751 1095
1441 195
358 372
830 648
1919 1083
93 524
221 836
1907 961
724 1421
802 633
1317 913
915 546
656 1347
1116 1285
92 1579
975 48
1355 1426
1574 1660
1691 781
1999 324
1227 222
1719 1017
554 486
1018 429
496 270
21 492
1467 1300
785 605
1392 1554
924 943
1596 1693
902 1459
406 1241
1305 1201
784 1446
1285 627
1793 1399
925 1974
324 525
977 1620
50 922
1687 1556
130 191
1349 1271
1431 1685
1432 1234
343 102
1292 1932
1626 1662
1870 935
1101 1027
1066 1793
923 427
518 1352
558 1544
1333 1464
1464 1437
14 1648
499 1050
198 1740
36 1781
1303 1818
1847 1885
260 1470
438 307
1896 557
205 993
1617 1859
1441 888
1338 1574
1144 1367
138 599
292 626
1979 1301
939 441
19 509
1456 182
633 201
38 1988
511 1881
1530 932
114 341
1652 459
728 1062
940 602
189 1231
849 692
1746 1327
211 1775
353 90
1960 378
1089 1704
218 489
1769 126
507 801
1398 179
1888 591
1069 1951
169 1315
814 1291
1946 708
1155 1000
60 140
913 1224
1728 1689
1673 1152
71 1653
1809 1059
1711 1280
1174 1060
1860 1463
1139 1098
1717 731
593 1549
378 1028
1633 1791
469 307
1099 961
757 233
84 1305
522 294
1912 1478
1489 1185
1086 920
52 1610
317 352
1891 866
1371 1779
227 1400
1201 143
175 1325
1804 1105
705 116
1652 758
833 662
1599 912
454 1322
906 117
856 1229
1375 1117
69 301
1537 982
1183 833
1913 1727
1628 1117
847 105
950 687
925 1381
295 1300
1151 527
1453 43
1023 1981
1850 324
1138 1187
1844 938
1399 377
59 892
560 881
1761 1099
1669 999
1991 681
492 1057
45 1663
566 598
554 176
455 749
1619 1558
1422 1296
1538 436
1186 111
97 980
933 241
1313 248
914 497
473 250
27 616
331 255
1638 264
920 1419
1625 476
1808 1525
1215 1259
1836 950
343 815
1306 959
1696 342
702 204
523 1332
934 1509
911 1774
1140 26
1362 532
642 919
848 1783
470 1640
539 510
1529 1930
968 679
1470 1971
1271 1798
1617 1616
907 396
484 1535
610 271
532 1756
1996 1371
1170 889
1621 390
1374 358
651 261
208 786
498 1062
1032 1715
458 626
1274 1104
1902 1543
438 411
574 1495
33 187
1899 1921
1273 1417
934 732
1211 1422
269 1837
1612 1287
1456 1568
509 37
14 783
1729 439
350 1933
17 157
624 1407
1186 694
1722 1915
1708 1315
171 671
498 1565
440 292
279 730
1741 955
475 1229
1817 1102
1523 1918
386 1899
400 37
1024 323
830 1230
100 1029
1357 961
1199 1756
28 618
792 196
1859 893
1566 436
61 952
761 215
1192 264
56 1073
67 568
502 1907
1898 630
1899 1277
1262 1955
280 1156
183 1817
1879 1404
429 158
1109 1000
1724 1244
401 623
1009 1953
1703 605
1451 1167
1400 626
1144 194
1433 1712
935 1826
910 1246
1231 590
1720 787
508 1237
1407 1521
1184 307
90 1640
1355 1145
802 173
234 1279
216 1671
1263 440
531 310
1312 874
903 441
1699 1122
1121 375
1049 265
539 1942
1738 460
1508 113
1424 436
1468 1833
1414 1187
528 1333
726 23
315 204
1627 1342
1209 697
101 567
162 1711
1893 312
114 1908
1709 995
836 1128
740 1378
967 996
1475 1519
730 1260
896 1022
1967 1858
1116 448
118 838
179 1764
177 1145
140 993
1345 684
1653 459
979 1790
1793 388
132 1916
1888 1097
851 1825
1891 242
1732 65
358 221
934 1293
39 1076
928 1077
1925 1649
729 1984
320 553
801 254
1788 547
479 1719
1890 1679
1898 1633
117 1960
791 151
1395 1859
485 355
1619 1269
155 1713
1297 1516
795 181
593 947
1027 891
1971 1473
1365 1529
878 1254
477 393
512 657
1452 946
1843 174
926 1954
257 1068
673 4
1687 393
214 89
1116 1422
1940 306
435 1385
1456 836
1387 1711
1638 1806
1777 1966
1640 770
1100 1238
1411 1848
1613 1379
1773 1607
352 679
1286 22
1123 1587
338 221
197 221
1617 1809
67 1283
1987 1196
89 106
315 483
980 1818
1286 1770
771 833
993 1823
1933 101
1195 456
1348 1719
130 1227
417 1719
1984 1833
538 1879
702 1076
1163 1683
1342 893
455 1258
384 1067
163 1416
441 1462
344 711
7 1997
1757 1610
773 1380
1618 926
219 1504
1961 1142
21 81
1644 185
983 1945
497 93
1862 1859
842 367
1404 1012
1083 162
62 1139
742 470
1970 580
1166 1548
1410 1520
404 731
9 871
694 236
1235 1135
1180 1882
199 1320
1240 1086
304 1229
1278 235
865 1944
1336 57
1491 1006
1707 103
545 632
1921 1660
838 1113
1971 1285
1818 220
212 1998
1412 399
191 1117
500 347
1872 1333
1351 1855
675 1590
1113 1344
1665 281
284 1563
269 773
470 92
1104 936
820 131
548 1077
1325 1178
1926 234
1709 1487
1087 1335
1018 911
1820 1380
532 1907
413 77
1850 1807
1866 80
360 484
741 1435
1434 719
1462 1374
380 420
1095 44
1184 1620
451 383
1877 818
756 540
246 1476
1801 553
1124 156
1585 1901
1323 810
1226 1222
1649 576
1901 1074
561 986
1031 759
1379 735
892 925
1809 565
641 806
1424 384
125 1442
416 1775
70 1413
296 1143
856 649
132 846
1647 501
1480 1986
1232 1488
546 1440
248 1953
168 1452
961 813
1205 1789
983 1941
1509 1868
406 564
1244 1607
772 1635
786 669
1932 1268
1128 400
155 1247
1321 96
647 11
1296 459
1612 830
509 727
119 815
1600 1045
1566 986
1432 1886
66 1409
1965 180
1517 1872
1883 894
1594 143
1559 1707
327 842
402 1613
1721 760
1228 1907
3 927
1331 1448
806 1950
1816 678
179 1977
363 1796
1133 158
1025 1927
479 779
1010 822
1860 1733
767 810
420 713
1243 230
95 1382
565 393
778 867
1423 1910
1457 828
20 1910
362 1210
731 916
1626 1503
1290 1889
580 945
1874 1360
1169 419
533 825
1270 371
1144 387
1905 114
1695 942
1796 1690
147 22
1261 1765
930 714
1486 1384
1934 924
177 1302
1231 776
649 331
1731 1682
1048 694
863 414
71 192
1749 1364
210 1558
1641 1642
1354 1076
535 1313
646 73
1754 140
543 1945
1034 195
1998 435
1462 1449
333 1038
1264 608
82 399
517 1039
1368 256
341 92
935 753
311 1940
1835 1173
1066 658
148 345
1322 1045
1809 1145
1164 1722
26 1008
1913 96
373 890
1440 1345
119 1641
796 1107
1976 1132
412 746
1579 1371
1973 1859
1498 1479
835 631
1401 1686
1896 805
1111 1913
595 1483
645 874
472 432
590 442
1644 328
1131 206
1046 264
536 1251
547 104
1103 86
1735 1233
1909 1410
1203 1181
1627 802
1768 1700
1215 271
348 116
1177 293
486 319
1813 996
6 1270
1756 380
1718 1393
139 771
1911 106
921 1704
1248 1582
45 1592
1518 1650
1691 232
1783 448
530 1681
999 665
515 1101
1040 1211
1157 395
1137 73
57 904
394 963
287 965
426 1085
997 1548
1058 845
1935 312
190 1772
1304 1688
1129 44
158 1634
1674 1684
546 822
1003 1361
432 1547
874 1149
1734 1041
1237 772
1799 144
1617 1455
332 423
954 567
92 665
1879 292
57 1151
944 131
449 1849
1375 1223
1518 1918
898 1579
1496 1498
776 1445
1578 1066
1445 1581
595 665
641 1846
180 715
1111 1100
899 1329
1352 989
743 1705
813 1877
1538 1379
1059 150
485 1613
649 782
776 999
200 1214
742 1430
1878 1563
288 231
495 1467
1872 950
1082 193
1376 1278
1444 244
1578 1722
685 144
1933 1180
1750 724
1715 1669
745 1542
1039 1289
948 543
1621 138
1046 1438
1162 359
1166 250
320 1542
1175 624
495 122
650 1127
1678 1935
1477 1628
1669 1012
1860 1441
1789 504
333 569
1265 1405
421 1123
1466 1074
301 1685
704 578
880 110
647 636
569 1582
275 570
79 361
1097 781
653 373
1477 1386
953 1584
351 1947
693 463
671 862
1565 1230
956 703
579 976
1458 1318
1442 422
1495 152
968 130
1155 289
1297 1752
1090 1809
1566 435
1488 103
475 327
974 753
1961 1695
934 1650
992 1561
1511 1194
1374 1367
1846 1391
1907 1607
1584 1579
1156 1614
1142 1223
1989 1341
1468 344
1428 1995
648 1996
379 25
1409 687
1601 575
1859 506
638 862
437 1492
1884 1966
585 395
33 793
488 1273
692 1095
338 432
289 1176
580 975
780 1205
1402 1920
55 902
709 354
1008 1123
1025 970
1648 1941
751 444
1752 1115
1249 1528
1453 993
1793 439
1051 1881
1861 31
452 49
1999 477
783 892
662 572
845 427
1956 462
218 1281
208 1609
1244 206
817 592
954 1630
293 1092
87 1260
849 1308
1221 1530
826 1792
673 1277
744 696
1476 1268
928 750
772 690
1826 117
1670 204
1723 695
693 244
1339 1279
339 1737
1425 1574
1845 543
1722 793
1880 402
1217 1426
1590 210
786 1264
389 1726
552 961
698 1477
703 1725
844 1321
1 173
661 783
359 446
1105 217
408 761
1756 522
393 723
539 966
936 697
72 562
63 1703
628 1983
802 1672
672 1713
1104 88
1884 1980
1545 298
908 1510
1546 656
592 560
1870 1822
1111 634
1983 869
303 1266
201 1694
1538 295
1723 1144
305 1439
764 1618
598 1075
289 1877
397 418
545 1964
656 92
1759 324
1732 1426
1371 183
1238 957
1911 636
45 180
800 780
793 542
77 991
1961 65
538 1326
277 413
906 1488
1651 741
408 1454
485 202
1300 1284
643 1778
1636 1465
1896 900
1367 776
1337 914
702 1984
1672 6
1972 1657
356 154
1915 166
1328 1332
245 1961
96 42
318 1927
1724 909
1129 552
1673 1653
612 970
322 301
998 1048
1590 724
85 331
1956 843
790 1041
139 981
107 1821
85 517
627 836
647 395
229 109
540 1051
1161 1648
1929 1652
146 978
796 1125
1996 1834
483 1727
1898 1314
524 1611
1576 1124
1238 1027
764 1197
1340 709
1460 1506
1160 1034
1847 496
258 745
1321 845
1309 1400
1909 37
301 1371
1661 817
1972 11
347 1447
945 1787
1782 105
591 1739
596 34
1074 491
430 1490
1160 987
491 1445
754 1660
1477 1140
1106 1694
115 819
1032 1899
703 608
417 45
1775 1481
1409 1062
528 716
953 1617
463 1470
186 781
79 842
437 598
104 1343
1345 507
470 559
58 546
589 599
1398 37
1111 1841
1124 1617
1119 1603
454 1082
661 581
857 1757
1744 1014
1668 1421
1246 1759
1531 659
1473 1524
1287 1706
252 1370
1039 2000
1570 765
825 1573
1001 1231
999 389
792 1658
1283 281
1030 774
1206 928
200 805
567 63
1732 735
977 570
1495 903
1067 339
1810 96
457 288
1102 1902
1963 826
1035 1992
1136 588
188 66
52 75
50 1311
244 491
1662 1416
1458 1463
1884 382
1389 570
962 505
1791 322
383 1929
93 1284
372 1876
1276 771
1984 660
1812 1296
1602 1580
1819 259
1733 1617
131 1097
81 1823
102 1878
1949 1030
1520 1603
612 183
1554 1174
214 1228
1200 456
1841 1859
1179 287
777 530
1789 188
154 1522
1853 1137
1455 1790
817 564
452 111
1388 16
1265 292
604 1945
1324 892
1714 19
491 21
1512 888
369 1724
331 1796
477 1173
898 1447
1581 535
1365 1019
1506 731
399 1574
1978 1793
1560 1685
1024 16
1107 625
469 509
1743 377
571 1713
40 1725
101 1026
1634 447
603 1429
660 750
1739 830
1272 1804
973 1660
1500 1871
172 613
1894 658
866 1082
844 991
1911 91
1394 1867
842 1507
421 1251
1974 831
261 900
1995 1527
1654 1991
1663 350
1840 647
271 692
45 1705
276 1850
1651 974
1776 1856
994 1857
1629 194
1953 1687
1258 1257
728 442
1412 1881
1353 388
1109 1391
1244 147
983 1908
595 467
1533 387
1898 65
1873 262
170 261
192 1296
964 134
994 829
1122 1543
331 1545
1498 1334
1019 139
739 1272
474 84
1009 1153
1245 129
448 904
569 236
709 347
706 186
1024 816
1129 842
751 1504
1519 1878
209 1841
1209 825
65 1094
692 976
552 926
1969 295
157 1066
1411 954
47 685
571 1669
91 325
1800 1986
1681 161
602 1088
135 368
197 17
538 1791
339 812
1973 36
1329 932
381 1036
1021 397
1737 931
53 296
917 1591
1018 1788
1060 462
173 1182
566 655
121 653
487 1931
1103 499
1520 60
999 855
1747 1987
1952 1864
1368 1466
184 844
938 1594
1214 88
838 699
708 332
461 1100
849 629
1629 1246
269 885
1690 48
506 1243
1744 755
1561 852
150 352
316 333
244 80
1674 1179
1963 1116
350 1691
1697 1332
546 1833
1769 1839
404 1708
1171 1698
1302 1963
1115 1349
1232 1911
1061 117
526 814
1990 622
1168 1196
1112 433
15 1643
128 1504
857 1689
372 1799
1868 184
640 657
1221 1830
1058 938
1002 673
1226 1762
128 13
1511 455
432 1969
572 204
1917 746
1824 1412
1075 1299
1158 592
361 1346
1460 850
1052 1564
4 1770
1861 133
1175 472
379 1416
342 1156
142 790
1510 812
1894 443
593 732
1362 721
227 1434
715 1583
843 249
431 597
984 224
432 803
1220 28
632 193
1125 1482
1674 1936
1711 492
1874 920
32 652
1922 1090
1844 1586
751 1549
1261 1436
770 1056
1189 583
153 1282
676 139
1796 81
1175 1367
1048 1043
459 567
1436 148
1313 368
1209 1324
335 575
434 1959
978 1711
106 1600
1382 1774
522 1367
1657 1667
1764 851
838 623
1279 1815
1965 1202
1640 1509
589 8
1693 1209
1908 1188
1890 932
479 1201
1912 644
781 367
156 639
420 409
1489 654
417 767
1483 1100
532 1073
1692 1731
947 568
1078 771
1743 435
1390 1523
1264 520
1197 983
1739 1423
817 707
30 559
12 56
54 1346
713 909
1193 630
1008 1862
69 1602
92 1387
1868 619
864 1269
78 213
990 649
1522 1505
1580 49
98 290
735 151
579 1867
748 1438
1112 559
984 934
267 1901
944 1242
360 1015
1233 149
330 1780
576 495
1304 1544
1394 314
1970 1156
864 669
300 1770
110 1355
1128 526
1628 1192
1857 1080
861 750
1812 933
1489 485
1181 421
1310 461
1056 551
1927 939
1196 1593
1455 377
1277 662
636 1690
1530 1826
230 25
1291 339
1134 50
1667 720
426 244
1236 819
1474 1390
708 1396
1336 1521
1082 1003
982 26
1142 1414
778 236
5 858
765 1999
669 557
412 847
1433 1623
1307 1512
466 40
937 1759
52 531
973 469
1687 193
1883 68
1534 1369
342 1892
1148 236
1482 223
1201 1748
721 1134
1942 1716
1711 1575
957 254
1450 542
400 1687
1036 1372
1813 31
1664 798
36 516
1722 1621
422 1732
1551 601
234 809
898 1775
789 173
1234 1873
631 874
464 392
140 580
1410 92
1002 1063
1972 947
394 226
172 562
1322 1946
60 1091
1686 1199
670 208
729 189
1496 986
1431 1844
781 150
1984 793
743 1851
1184 1664
311 388
781 834
977 1082
1877 287
1115 1384
1102 935
447 424
64 916
1317 1202
590 651
1225 668
1304 855
1545 877
200 71
1931 1938
251 42
1419 1170
277 619
789 91
1594 1681
523 899
1033 185
916 549
1176 1055
1756 294
1234 303
900 782
1289 462
1589 1479
860 1890
49 706
478 421
149 138
1338 1982
1061 782
1289 803
992 308
332 1343
1436 1406
737 588
1788 1796
1562 674
1084 89
299 889
802 306
795 1670
1579 1242
640 1481
1099 1514
1014 1781
1298 288
1101 782
1518 437
69 493
310 325
248 1177
283 1982
1066 1397
1572 545
135 1309
339 1757
895 1429
223 395
282 842
1959 100
103 823
973 1297
1095 698
92 907
1610 257
952 612
1722 778
278 1883
992 1629
658 1704
566 1292
1474 134
1185 1803
820 758
1604 1676
1168 764
1334 840
865 1764
1346 1711
912 1367
188 114
1475 506
57 1541
1359 898
1763 388
747 1394
1156 87
998 547
1306 585
167 434
994 1485
1677 1572
541 976
1694 1823
482 1860
1691 25
1044 1306
839 164
1875 1430
1703 202
147 1610
466 1017
541 4
736 286
1250 440
309 722
446 1923
212 981
1808 18
1675 1357
230 335
1188 1918
828 1535
1415 1354
69 1746
810 851
585 887
1081 979
94 1201
342 87
433 1477
1535 959
1636 933
1094 988
943 1745
100 105
1388 1397
229 1509
855 63
1776 1629
969 1784
1128 11
245 1888
1349 603
1057 1427
1453 1724
1873 1997
1496 726
606 987
1276 803
1876 1803
1526 1650
923 1288
1137 400
1644 778
1652 1640
624 1698
1797 970
508 690
922 1200
1900 1509
733 1111
1356 1422
405 1591
1107 1204
41 158
1016 388
827 317
1483 1634
989 1585
1241 698
1414 262
1593 851
148 1870
886 1285
1896 87
1426 126
349 956
1324 1230
456 413
1085 191
645 434
1182 278
1211 1308
985 121
1362 720
1522 1852
1182 1667
1712 1552
1855 1282
1245 1725
1668 1606
1481 154
1330 1065
882 1738
364 1408
399 1262
283 323
1163 1574
309 1720
1835 1471
385 1154
1972 550
749 1448
684 592
190 791
1277 952
1807 394
1022 1108
127 1228
184 835
1622 846
1966 736
1284 347
975 1192
1494 1113
685 1119
746 711
1119 899
1028 1972
1616 716
780 1384
1185 1293
145 1041
1883 1949
1352 268
358 1569
1359 83
1460 1702
98 295
1590 706
1846 1673
264 833
464 854
1789 1973
1991 1487
985 1023
289 1121
1473 1369
431 745
1122 60
1259 953
1857 1826
937 1557
153 1278
423 435
80 1095
438 989
536 885
558 1953
228 1983
1697 450
134 183
1960 1429
138 591
1278 1127
381 289
1436 1289
1708 322
1547 771
791 980
747 1793
1310 100
1005 1942
1248 1233
183 1639
766 1411
927 967
201 1164
428 204
1500 1679
391 1758
1779 1051
1190 502
1718 649
1342 80
1630 799
274 885
102 1160
1833 1723
875 262
1212 924
1430 589
1308 146
1625 807
1524 1938
1188 1097
5 1626
603 1400
1488 1505
525 1481
1386 1963
1293 1679
480 293
266 1754
52 1839
459 1031
978 844
282 1490
981 2000 2000 981 2000 981 2000 2000 2000 2000 2000 2000 981 981 981 2000 981 2000 2000 981 2000 2000 2000 981 2000 2000 981 981 981 981 981 981 981 2000 981 981 2000 2000 981 981 2000 2000 981 981 981 981 2000 981 2000 981 981 981 981 2000 981 981 2000 981 2000 981 981 981 981 981 2000 2000 981 981 2000 981 981 2000 981 2000 2000 981 981 981 2000 981 2000 2000 2000 2000 981 2000 2000 981 981 2000 981 981 981 981 2000 2000 2000 981 981 981 981 2000 981 981 981 2000 2000 981 2000 981 2000 2000 2000 2000 981 981 2000 981 2000 981 2000 981 981 2000 981 2000 2000 981 2000 2000 2000 2000 981 981 981 981 981 2000 981 2000 981 2000 981 2000 2000 981 2000 981 2000 2000 981 981 2000 981 2000 2000 2000 981 2000 981 981 2000 981 2000 981 981 981 2000 2000 981 981 2000 981 2000 981 2000 981 2000 981 2000 2000 2000 2000 2000 981 2000 981 2000 2000 2000 2000 981 2000 2000 981 2000 981 981 2000 2000 981 981 2000 981 981 2000 2000 981 2000 981 2000 2000 981 981 2000 981 981 2000 2000 2000 981 981 2000 981 2000 981 981 981 981 981 2000 2000 2000 2000 2000 2000 2000 2000 2000 2000 2000 2000 981 981 981 2000 981 2000 2000 2000 981 981 2000 2000 2000 2000 2000 2000 981 981 981 2000 2000 981 981 981 981 2000 981 2000 981 981 981 981 981 981 981 2000 981 981 2000 2000 2000 981 981 2000 981 2000 981 981 2000 981 981 981 981 981 2000 2000 2000 981 981 2000 2000 2000 981 981 981 2000 981 2000 2000 2000 2000 981 981 981 981 2000 981 2000 2000 981 2000 981 2000 981 981 981 2000 981 981 981 2000 981 2000 981 2000 981 981 2000 2000 2000 981 981 981 2000 981 981 981 981 981 981 981 981 2000 981 2000 981 2000 981 2000 2000 981 2000 2000 2000 2000 981 981 981 981 2000 2000 981 2000 2000 2000 2000 2000 2000 981 981 981 2000 981 2000 2000 981 2000 2000 981 2000 981 981 981 2000 2000 981 2000 2000 2000 981 981 2000 2000 981 981 2000 981 2000 2000 981 981 2000 2000 2000 981 2000 981 2000 981 981 981 2000 981 2000 2000 981 981 2000 981 981 2000 981 981 2000 2000 2000 2000 981 2000 2000 981 981 981 981 2000 2000 981 2000 981 2000 981 981 2000 981 2000 2000 981 981 2000 2000 981 2000 981 981 981 2000 981 2000 981 2000 2000 2000 981 2000 981 2000 2000 981 981 2000 981 981 2000 981 981 981 2000 2000 2000 2000 2000 981 981 2000 981 2000 981 981 981 2000 2000 981 981 981 2000 981 981 2000 2000 2000 2000 2000 2000 981 2000 981 981 2000 981 981 2000 981 981 981 981 981 981 981 2000 2000 981 2000 2000 981 2000 2000 2000 981 981 2000 981 981 981 981 2000 2000 2000 981 981 2000 2000 2000 981 981 2000 981 981 2000 981 2000 2000 2000 2000 2000 981 2000 2000 981 2000 2000 981 981 981 981 981 981 981 981 981 2000 2000 981 2000 981 2000 2000 2000 2000 981 2000 981 981 2000 981 981 2000 2000 2000 981 2000 2000 981 2000 981 981 981 2000 981 981 981 2000 981 981 981 2000 981 2000 981 2000 2000 2000 2000 981 2000 981 2000 2000 2000 2000 2000 981 981 2000 981 2000 2000 2000 981 2000 981 2000 2000 2000 981 981 981 981 2000 2000 981 2000 2000 981 2000 981 2000 981 981 981 2000 981 2000 2000 2000 981 981 981 2000 981 981 2000 2000 2000 981 2000 2000 2000 981 2000 2000 981 2000 2000 981 2000 981 2000 2000 2000 981 2000 2000 981 981 2000 2000 2000 2000 2000 981 2000 981 981 981 2000 981 2000 2000 981 2000 2000 981 2000 981 981 2000 981 2000 981 981 981 2000 2000 2000 981 2000 2000 981 2000 2000 981 2000 2000 2000 2000 2000 2000 981 981 981 2000 981 2000 981 2000 981 2000 2000 981 981 981 2000 2000 981 2000 2000 2000 2000 2000 981 2000 2000 2000 2000 2000 981 981 981 981 981 981 2000 981 981 981 2000 2000 981 981 2000 981 2000 2000 2000 2000 981 981 981 2000 2000 2000 2000 981 2000 981 981 981 981 2000 2000 2000 2000 2000 2000 2000 981 2000 2000 981 981 981 2000 2000 2000 2000 2000 981 2000 981 981 981 981 981 2000 981 2000 2000 981 2000 981 2000 2000 2000 981 2000 981 2000 2000 981 981 981 2000 2000 2000 981 981 2000 2000 981 2000 2000 2000 981 2000 981 2000 2000 2000 2000 2000 2000 981 2000 2000 2000 2000 2000 981 2000 2000 2000 2000 2000 2000 2000 981 981 981 2000 2000 2000 2000 981 981 2000 2000 2000 981 981 2000 981 2000 981 981 2000 981 2000 981 981 981 2000 2000 981 981 2000 981 2000 2000 2000 981 981 981 2000 2000 2000 981 981 981 981 2000 981 981 2000 2000 2000 2000 981 981 981 981 2000 981 2000 2000 2000 2000 2000 2000 2000 2000 981 981 981 981 2000 981 2000 2000 981 981 2000 981 2000 981 2000 981 2000 981 2000 981 981 981 981 2000 2000 2000 2000 981 981 2000 981 981 2000 981 981 2000 981 2000 2000 2000 2000 981 2000 981 2000 981 981 2000 981 2000 981 2000 981 2000 981 2000 981 2000 2000 2000 2000 2000 981 981 2000 981 981 981 981 981 2000 981 981 981 2000 981 2000 981 981 981 2000 2000 981 2000 2000 981 981 2000 2000 2000 2000 981 981 981 2000 2000 981 2000 981 981 981 2000 2000 981 981 981 2000 981 2000 2000 981 2000 981 981 2000 2000 2000 981 2000 2000 2000 2000 2000 2000 981 2000 2000 981 981 981 981 981 2000 981 2000 981 981 981 981 981 2000 2000 2000 981 981 981 981 981 981 981 981 2000 2000 981 981 2000 981 2000 2000 981 2000 2000 981 2000 981 981 2000 981 981 981 981 981 2000 2000 981 981 981 2000 2000 981 2000 2000 2000 981 2000 981 981 2000 2000 981 981 981 2000 2000 2000 981 981 2000 981 981 2000 2000 981 2000 2000 2000 981 2000 981 2000 2000 981 2000 981 981 2000 2000 2000 981 2000 2000 2000 2000 2000 981 2000 2000 2000 981 981 981 981 2000 981 2000 981 2000 2000 2000 2000 981 981 2000 2000 981 2000 2000 2000 981 981 981 2000 981 2000 2000 981 2000 2000 981 981 2000 981 981 2000 981 981 2000 2000 2000 981 981 981 2000 981 981 981 2000 981 981 2000 2000 981 981 2000 981 981 981 2000 2000 2000 2000 2000 2000 2000 981 981 981 981 2000 2000 981 2000 2000 2000 2000 2000 2000 2000 981 981 981 981 981 2000 2000 2000 2000 981 2000 981 981 2000 981 2000 2000 981 981 981 981 2000 2000 2000 981 981 981 981 2000 2000 2000 981 981 2000 981 2000 981 981 981 981 2000 2000 981 981 981 2000 2000 2000 2000 981 2000 2000 981 2000 2000 2000 2000 2000 981 2000 2000 2000 2000 2000 2000 981 981 981 981 2000 2000 2000 981 2000 981 2000 2000 981 2000 981 981 2000 981 2000 981 981 981 2000 2000 2000 2000 981 981 981 2000 2000 2000 981 2000 981 981 2000 2000 981 981 981 2000 2000 981 981 2000 981 981 981 981 2000 981 2000 981 981 2000 981 2000 2000 981 981 981 981 2000 981 2000 2000 981 2000 2000 981 2000 2000 981 981 2000 2000 2000 2000 981 2000 2000 981 981 2000 2000 981 981 981 2000 981 2000 981 2000 2000 981 981 981 2000 981 2000 2000 2000 2000 2000 981 2000 2000 2000 981 981 2000 981 981 2000 2000 2000 981 981 981 981 981 981 981 981 2000 981 981 981 2000 2000 981 981 981 2000 981 981 981 981 2000 2000 2000 981 981 2000 2000 981 981 981 2000 2000 981 2000 2000 981 981 2000 2000 981 981 2000 2000 2000 2000 2000 2000 981 981 2000 2000 2000 981 981 2000 2000 981 981 2000 981 981 2000 2000 2000 2000 981 2000 981 2000 2000 981 2000 2000 2000 2000 981 2000 2000 981 2000 981 981 2000 981 981 2000 2000 981 981 2000 2000 981 981 2000 981 981 981 2000 2000 981 2000 2000 2000 2000 981 2000 2000 2000 2000 981 2000 2000 981 981 2000 981 981 981 2000 981 981 2000 981 2000 981 981 2000 2000 2000 2000 2000 981 981 2000 981 981 981 981 981 981 2000 2000 2000 981 2000 2000 2000 2000 981 981 981 981 981 2000 2000 2000 2000 981 981 981 2000 2000 981 2000 981 2000 981 2000 2000 2000 981 981 981 981 2000 981 2000 981 981 981 2000 981 981 2000 2000 2000 2000 2000 981 2000 2000 2000 2000 981 2000 981 981 981 2000 981 2000 2000 2000 981 981 981 2000 2000 981 981 981 981 981 2000 2000 981 981 2000 981 2000 981 2000 981 2000 981 981 2000 2000 981 981 2000 981 2000 981 2000 981 981 2000 2000 2000 2000 2000 981 981 981 981 981 2000 981 2000 2000 2000 2000 2000 981 981 2000 2000 2000 981 2000 2000 2000 981 981 2000 2000 981 981 981 2000 981 981 981 981 981 2000 981 981 981 2000 981 2000 2000 981 2000 2000 981 981 981 2000 2000 981 981 2000 981 2000 981 2000 981 2000 2000 981 2000 2000 981 981 2000 981 2000 981 981 2000 2000 981 981 981 981 2000 2000 2000 981 981 981 2000 2000 981 2000 981 2000 2000 2000 2000 2000 2000 981 2000 2000 981 2000 2000 2000 2000 2000 2000 2000 2000 2000 981 2000 2000 981 981 2000 981 2000 981 2000 981 981 981 981 2000 981 2000 981 2000 2000 2000 981 981 981 981 2000 981 2000 2000 2000 2000 981 2000 2000 2000 981 2000 981 2000 2000 981 981 2000 981 2000 2000 2000 981 2000 2000 981 981 981 2000 981 981 981 981 2000 981 2000 981 981 2000 2000 981 981 981 2000 2000 2000 2000 981 2000 981 981 981 2000 981 2000 2000 2000 981 2000 981 2000 2000 2000 981 2000 2000 981 2000 2000 981 981 981 981 981 2000 2000 981 2000 981 2000 981 981 981 981 2000 2000 2000 981 981 981 2000 981 2000 981 2000 2000 2000 2000 981 981 2000 2000 981 2000 2000 981 981 981 2000 981 981 981 981 2000 981 981 2000 2000 2000 981 981 981 981 2000 981 981 981 981 981 981 2000 2000 981 2000 981 2000 2000 2000 981 981 981 2000 2000 2000 2000 981 981 981 2000 981 2000 981 2000 981 981 2000 981 2000 2000 981 981 2000 981 2000 981 981 2000 2000 2000 981 2000 981 981 2000 2000 981 981 981 2000 2000 2000 2000 2000 2000 981 981 2000 981 981 2000 2000 981 2000
