1 1515
1515 1802
1802 1263
1263 1441
1441 1802
1802 1459
1459 578
578 1802
1802 298
298 310
310 1802
1802 78
78 818
818 1802
1802 164
164 1439
1439 1802
1802 1452
1452 1056
1056 1802
1802 1246
1246 284
284 1802
1802 1324
1324 193
193 1802
1802 1021
1021 1034
1034 1802
1802 1157
1157 1496
1496 1802
1802 1203
1203 815
815 1802
1802 577
577 575
575 1802
1802 1394
1394 568
568 1802
1802 1889
1889 750
750 1802
1802 1718
1718 633
633 1802
1802 342
342 1086
1086 1802
1802 1191
1191 833
833 1802
1802 1710
1710 1118
1118 1802
1802 3
3 1292
1292 1802
1802 1199
1199 1803
1803 1802
1802 1358
1358 1151
1151 1802
1802 197
197 1090
1090 1802
1802 1147
1147 1708
1708 1802
1802 107
107 1863
1863 1802
1802 1052
1052 1698
1698 1802
1802 1137
1137 183
183 1802
1802 652
652 235
235 1802
1802 580
580 1105
1105 1802
1802 1854
1854 909
909 1802
1802 1615
1615 769
769 1802
1802 732
732 1689
1689 1802
1802 1839
1839 271
271 1802
1802 869
869 996
996 1802
1802 1605
1605 726
726 1802
1802 592
592 1547
1547 1802
1802 1875
1875 341
341 1802
1802 614
614 1430
1430 1802
1802 1965
1965 184
184 1802
1802 1815
1815 56
56 1802
1802 810
810 1167
1167 1802
1802 1699
1699 1530
1530 1802
1802 1813
1813 363
363 1802
1802 979
979 1697
1697 1802
1802 88
88 1367
1367 1802
1802 384
384 876
876 1802
1802 1258
1258 1212
1212 1802
1802 821
821 915
915 1802
1802 1596
1596 190
190 1802
1802 1457
1457 28
28 1802
1802 106
106 1901
1901 1802
1802 182
182 462
462 1802
1802 1271
1271 1600
1600 1802
1802 1471
1471 698
698 1802
1802 388
388 1470
1470 1802
1802 11
11 1350
1350 1802
1802 385
385 1143
1143 1802
1802 1490
1490 1989
1989 1802
1802 1370
1370 560
560 1802
1802 1648
1648 1701
1701 1802
1802 213
213 1158
1158 1802
1802 285
285 355
355 1802
1802 1516
1516 1022
1022 1802
1802 1520
1520 958
958 1802
1802 631
631 1627
1627 1802
1802 1686
1686 1009
1009 1802
1802 708
708 1665
1665 1802
1802 351
351 36
36 1802
1802 953
953 1065
1065 1802
1802 1106
1106 1553
1553 1802
1802 939
939 701
701 1802
1802 346
346 1659
1659 1802
1802 414
414 9
9 1802
1802 1155
1155 450
450 1802
1802 73
73 170
170 1802
1802 104
104 1504
1504 1802
1802 1197
1197 41
41 1802
1802 344
344 1726
1726 1802
1802 1355
1355 1604
1604 1802
1802 1849
1849 832
832 1802
1802 860
860 1999
1999 1802
1802 295
295 1458
1458 1802
1802 762
762 922
922 1802
1802 161
161 945
945 1802
1802 1657
1657 1015
1015 1802
1802 1988
1988 1586
1586 1802
1802 1868
1868 1046
1046 1802
1802 1871
1871 1284
1284 1802
1802 1369
1369 714
714 1802
1802 563
563 1222
1222 1802
1802 1061
1061 30
30 1802
1802 1477
1477 1655
1655 1802
1802 803
803 1952
1952 1802
1802 1297
1297 1538
1538 1802
1802 405
405 1764
1764 1802
1802 779
779 94
94 1802
1802 1671
1671 1010
1010 1802
1802 1133
1133 1613
1613 1802
1802 371
371 1377
1377 1802
1802 870
870 100
100 1802
1802 1320
1320 1410
1410 1802
1802 1660
1660 1487
1487 1802
1802 225
225 269
269 1802
1802 1020
1020 1126
1126 1802
1802 995
995 1152
1152 1802
1802 924
924 1890
1890 1802
1802 1982
1982 1569
1569 1802
1802 352
352 201
201 1802
1802 262
262 636
636 1802
1802 986
986 1511
1511 1802
1802 841
841 1715
1715 1802
1802 1797
1797 931
931 1802
1802 1312
1312 1268
1268 1802
1802 851
851 403
403 1802
1802 1214
1214 875
875 1802
1802 863
863 425
425 1802
1802 715
715 1102
1102 1802
1802 1245
1245 981
981 1802
1802 494
494 856
856 1802
1802 608
608 265
265 1802
1802 1131
1131 788
788 1802
1802 447
447 34
34 1802
1802 1909
1909 89
89 1802
1802 655
655 1027
1027 1802
1802 559
559 1130
1130 1802
1802 1506
1506 973
973 1802
1802 359
359 1318
1318 1802
1802 1518
1518 1012
1012 1802
1802 22
22 1041
1041 1802
1802 1426
1426 402
402 1802
1802 1043
1043 1792
1792 1802
1802 250
250 935
935 1802
1802 1716
1716 570
570 1802
1802 1074
1074 878
878 1802
1802 999
999 1874
1874 1802
1802 1924
1924 961
961 1802
1802 1921
1921 963
963 1802
1802 171
171 1591
1591 1802
1802 417
417 664
664 1802
1802 585
585 1482
1482 1802
1802 1556
1556 1827
1827 1802
1802 445
445 1193
1193 1802
1802 787
787 481
481 1802
1802 1574
1574 1026
1026 1802
1802 504
504 148
148 1802
1802 1421
1421 1642
1642 1802
1802 1587
1587 1485
1485 1802
1802 1299
1299 399
399 1802
1802 74
74 786
786 1802
1802 1673
1673 679
679 1802
1802 422
422 991
991 1802
1802 85
85 1488
1488 1802
1802 64
64 1817
1817 1802
1802 1190
1190 1282
1282 1802
1802 1460
1460 1637
1637 1802
1802 478
478 1939
1939 1802
1802 245
245 1500
1500 1802
1802 1898
1898 770
770 1802
1802 409
409 1795
1795 1802
1802 1750
1750 309
309 1802
1802 706
706 1239
1239 1802
1802 68
68 1088
1088 1802
1802 1339
1339 1382
1382 1802
1802 177
177 962
962 1802
1802 906
906 809
809 1802
1802 1780
1780 933
933 1802
1802 1757
1757 380
380 1802
1802 1985
1985 1307
1307 1802
1802 91
91 525
525 1802
1802 1236
1236 816
816 1802
1802 733
733 76
76 1802
1802 1558
1558 780
780 1802
1802 67
67 1173
1173 1802
1802 195
195 316
316 1802
1802 377
377 1819
1819 1802
1802 1221
1221 1399
1399 1802
1802 888
888 567
567 1802
1802 325
325 923
923 1802
1802 444
444 1847
1847 1802
1802 1465
1465 699
699 1802
1802 223
223 1184
1184 1802
1802 38
38 1154
1154 1802
1802 1944
1944 535
535 1802
1802 763
763 1115
1115 1802
1802 31
31 109
109 1802
1802 956
956 537
537 1802
1802 1168
1168 1808
1808 1802
1802 1395
1395 476
476 1802
1802 471
471 139
139 1802
1802 564
564 214
214 1802
1802 1247
1247 632
632 1802
1802 144
144 1336
1336 1802
1802 369
369 1207
1207 1802
1802 1178
1178 1794
1794 1802
1802 1700
1700 1709
1709 1802
1802 783
783 521
521 1802
1802 1038
1038 972
972 1802
1802 1272
1272 867
867 1802
1802 1498
1498 311
311 1802
1802 142
142 1450
1450 1802
1802 400
400 1357
1357 1802
1802 984
984 1132
1132 1802
1802 59
59 1280
1280 1802
1802 58
58 1638
1638 1802
1802 678
678 1049
1049 1802
1802 219
219 268
268 1802
1802 1215
1215 1676
1676 1802
1802 1844
1844 1503
1503 1802
1802 1114
1114 1711
1711 1802
1802 375
375 974
974 1802
1802 496
496 180
180 1802
1802 947
947 767
767 1802
1802 1851
1851 1756
1756 1802
1802 1493
1493 1264
1264 1802
1802 583
583 1575
1575 1802
1802 412
412 731
731 1802
1802 1966
1966 84
84 1802
1802 1283
1283 1731
1731 1802
1802 573
573 1453
1453 1802
1802 755
755 1431
1431 1802
1802 1080
1080 1704
1704 1802
1802 82
82 432
432 1802
1802 1413
1413 1501
1501 1802
1802 951
951 702
702 1802
1802 178
178 1879
1879 1802
1802 1204
1204 558
558 1802
1802 1218
1218 484
484 1802
1802 1734
1734 666
666 1802
1802 1368
1368 1085
1085 1802
1802 1763
1763 192
192 1802
1802 753
753 60
60 1802
1802 302
302 628
628 1802
1802 536
536 1150
1150 1802
1802 1053
1053 1351
1351 1802
1802 1811
1811 1384
1384 1802
1802 1859
1859 657
657 1802
1802 793
793 173
173 1802
1802 978
978 174
174 1802
1802 690
690 118
118 1802
1802 1790
1790 987
987 1802
1802 1469
1469 1036
1036 1802
1802 613
613 1281
1281 1802
1802 1141
1141 605
605 1802
1802 1332
1332 1867
1867 1802
1802 1943
1943 1333
1333 1802
1802 1091
1091 1541
1541 1802
1802 1188
1188 739
739 1802
1802 854
854 168
168 1802
1802 837
837 327
327 1802
1802 1968
1968 1746
1746 1802
1802 596
596 1772
1772 1802
1802 503
503 1533
1533 1802
1802 1685
1685 884
884 1802
1802 531
531 40
40 1802
1802 1683
1683 1812
1812 1802
1802 819
819 1546
1546 1802
1802 920
920 1876
1876 1802
1802 713
713 439
439 1802
1802 333
333 1903
1903 1802
1802 1078
1078 885
885 1802
1802 110
110 1725
1725 1802
1802 10
10 717
717 1802
1802 1598
1598 1717
1717 1802
1802 6
6 1045
1045 1802
1802 411
411 649
649 1802
1802 1464
1464 1738
1738 1802
1802 124
124 1427
1427 1802
1802 572
572 1688
1688 1802
1802 1816
1816 188
188 1802
1802 1846
1846 1095
1095 1802
1802 166
166 1383
1383 1802
1802 1828
1828 54
54 1802
1802 129
129 1852
1852 1802
1802 1390
1390 891
891 1802
1802 887
887 418
418 1802
1802 1066
1066 44
44 1802
1802 768
768 746
746 1802
1802 49
49 241
241 1802
1802 212
212 1303
1303 1802
1802 660
660 1121
1121 1802
1802 785
785 1713
1713 1802
1802 1077
1077 1060
1060 1802
1802 1706
1706 914
914 1802
1802 474
474 1672
1672 1802
1802 801
801 1134
1134 1802
1802 549
549 1103
1103 1802
1802 1554
1554 162
162 1802
1802 625
625 710
710 1802
1802 1720
1720 297
297 1802
1802 1695
1695 83
83 1802
1802 165
165 1824
1824 1802
1802 1420
1420 396
396 1802
1802 368
368 1531
1531 1802
1802 1177
1177 136
136 1802
1802 791
791 538
538 1802
1802 287
287 1677
1677 1802
1802 1544
1544 1687
1687 1802
1802 534
534 79
79 1802
1802 25
25 1784
1784 1802
1802 1818
1818 299
299 1802
1802 745
745 55
55 1802
1802 249
249 160
160 1802
1802 1381
1381 1751
1751 1802
1802 659
659 53
53 1802
1802 1089
1089 1825
1825 1802
1802 603
603 811
811 1802
1802 1752
1752 1253
1253 1802
1802 1791
1791 1907
1907 1802
1802 133
133 1048
1048 1802
1802 1057
1057 982
982 1802
1802 132
132 301
301 1802
1802 1311
1311 1127
1127 1802
1802 1393
1393 328
328 1802
1802 131
131 1696
1696 1802
1802 964
964 542
542 1802
1802 483
483 609
609 1802
1802 1279
1279 917
917 1802
1802 836
836 426
426 1802
1802 1449
1449 1922
1922 1802
1802 227
227 927
927 1802
1802 390
390 150
150 1802
1802 994
994 1956
1956 1802
1802 758
758 868
868 1802
1802 21
21 442
442 1802
1802 1437
1437 1778
1778 1802
1802 522
522 1884
1884 1802
1802 1082
1082 1337
1337 1802
1802 518
518 764
764 1802
1802 1260
1260 274
274 1802
1802 587
587 1732
1732 1802
1802 1571
1571 1293
1293 1802
1802 372
372 1912
1912 1802
1802 1291
1291 1611
1611 1802
1802 820
820 1229
1229 1802
1802 1032
1032 1741
1741 1802
1802 848
848 61
61 1802
1802 1626
1626 926
926 1802
1802 643
643 907
907 1802
1802 1610
1610 1094
1094 1802
1802 330
330 1914
1914 1802
1802 1804
1804 1492
1492 1802
1802 1378
1378 1992
1992 1802
1802 252
252 1497
1497 1802
1802 857
857 408
408 1802
1802 1270
1270 460
460 1802
1802 1998
1998 337
337 1802
1802 256
256 1405
1405 1802
1802 1947
1947 1786
1786 1802
1802 1916
1916 155
155 1802
1802 1189
1189 362
362 1802
1802 1473
1473 919
919 1802
1802 700
700 640
640 1802
1802 1003
1003 808
808 1802
1802 456
456 1573
1573 1802
1802 1028
1028 1831
1831 1802
1802 33
33 1748
1748 1802
1802 1860
1860 1987
1987 1802
1802 1955
1955 895
895 1802
1802 1856
1856 228
228 1802
1802 1014
1014 1047
1047 1802
1802 1873
1873 497
497 1802
1802 52
52 668
668 1802
1802 77
77 977
977 1802
1802 1777
1777 1714
1714 1802
1802 1836
1836 1942
1942 1802
1802 1527
1527 121
121 1802
1802 646
646 1911
1911 1802
1802 1159
1159 1387
1387 1802
1802 665
665 686
686 1802
1802 898
898 149
149 1802
1802 644
644 102
102 1802
1802 19
19 1220
1220 1802
1802 756
756 72
72 1802
1802 493
493 1079
1079 1802
1802 892
892 277
277 1802
1802 1830
1830 423
423 1802
1802 1823
1823 1645
1645 1802
1802 1910
1910 711
711 1802
1802 360
360 66
66 1802
1802 278
278 1768
1768 1802
1802 486
486 367
367 1802
1802 1880
1880 637
637 1802
1802 1886
1886 1192
1192 1802
1802 500
500 890
890 1802
1802 1463
1463 1119
1119 1802
1802 1436
1436 1549
1549 1802
1802 1029
1029 434
434 1802
1802 1774
1774 694
694 1802
1802 1758
1758 850
850 1802
1802 1092
1092 1782
1782 1802
1802 1633
1633 1231
1231 1802
1802 1329
1329 406
406 1802
1802 354
354 126
126 1802
1802 1226
1226 1296
1296 1802
1802 305
305 736
736 1802
1802 1037
1037 98
98 1802
1802 1223
1223 306
306 1802
1802 1288
1288 513
513 1802
1802 615
615 1730
1730 1802
1802 1423
1423 427
427 1802
1802 141
141 1572
1572 1802
1802 236
236 932
932 1802
1802 944
944 1601
1601 1802
1802 185
185 1122
1122 1802
1802 1005
1005 140
140 1802
1802 1472
1472 119
119 1802
1802 806
806 1894
1894 1802
1802 62
62 825
825 1802
1802 1075
1075 896
896 1802
1802 1529
1529 971
971 1802
1802 651
651 1343
1343 1802
1802 1656
1656 1799
1799 1802
1802 1658
1658 1684
1684 1802
1802 797
797 983
983 1802
1802 839
839 332
332 1802
1802 1330
1330 928
928 1802
1802 738
738 466
466 1802
1802 1148
1148 1407
1407 1802
1802 530
530 449
449 1802
1802 1624
1624 1467
1467 1802
1802 401
401 1310
1310 1802
1802 883
883 1762
1762 1802
1802 656
656 1424
1424 1802
1802 840
840 849
849 1802
1802 1771
1771 1753
1753 1802
1802 1781
1781 1855
1855 1802
1802 1243
1243 157
157 1802
1802 1363
1363 1584
1584 1802
1802 376
376 18
18 1802
1802 683
683 1042
1042 1802
1802 1652
1652 620
620 1802
1802 1560
1560 1843
1843 1802
1802 1526
1526 391
391 1802
1802 695
695 598
598 1802
1802 1478
1478 293
293 1802
1802 1629
1629 1647
1647 1802
1802 203
203 1408
1408 1802
1802 1201
1201 1949
1949 1802
1802 289
289 1703
1703 1802
1802 937
937 51
51 1802
1802 194
194 16
16 1802
1802 1304
1304 1887
1887 1802
1802 433
433 893
893 1802
1802 112
112 1809
1809 1802
1802 703
703 1749
1749 1802
1802 1807
1807 1156
1156 1802
1802 1248
1248 1196
1196 1802
1802 1001
1001 1040
1040 1802
1802 1323
1323 1957
1957 1802
1802 1442
1442 1719
1719 1802
1802 1523
1523 458
458 1802
1802 1589
1589 1937
1937 1802
1802 1891
1891 1171
1171 1802
1802 243
243 1445
1445 1802
1802 968
968 1277
1277 1802
1802 283
283 251
251 1802
1802 1004
1004 671
671 1802
1802 1409
1409 1205
1205 1802
1802 747
747 1967
1967 1802
1802 1480
1480 1400
1400 1802
1802 95
95 823
823 1802
1802 1187
1187 557
557 1802
1802 1908
1908 1372
1372 1802
1802 1563
1563 969
969 1802
1802 1580
1580 1344
1344 1802
1802 1018
1018 27
27 1802
1802 1000
1000 571
571 1802
1802 1340
1340 1767
1767 1802
1802 1938
1938 1869
1869 1802
1802 761
761 529
529 1802
1802 794
794 1583
1583 1802
1802 1653
1653 1582
1582 1802
1802 1994
1994 1662
1662 1802
1802 1954
1954 812
812 1802
1802 1950
1950 1616
1616 1802
1802 1744
1744 202
202 1802
1802 1663
1663 760
760 1802
1802 1857
1857 1559
1559 1802
1802 696
696 1072
1072 1802
1802 314
314 499
499 1802
1802 539
539 1007
1007 1802
1802 541
541 105
105 1802
1802 386
386 1120
1120 1802
1802 1396
1396 1525
1525 1802
1802 1342
1342 1071
1071 1802
1802 1198
1198 950
950 1802
1802 1375
1375 1206
1206 1802
1802 677
677 967
967 1802
1802 349
349 512
512 1802
1802 424
424 1920
1920 1802
1802 1432
1432 1776
1776 1802
1802 1858
1858 1202
1202 1802
1802 1997
1997 1261
1261 1802
1802 894
894 552
552 1802
1802 1379
1379 378
378 1802
1802 1509
1509 913
913 1802
1802 1233
1233 721
721 1802
1802 957
957 1537
1537 1802
1802 1845
1845 273
273 1802
1802 1491
1491 1232
1232 1802
1802 1964
1964 198
198 1802
1802 955
955 1286
1286 1802
1802 32
32 1995
1995 1802
1802 267
267 1117
1117 1802
1802 1979
1979 929
929 1802
1802 550
550 1594
1594 1802
1802 373
373 900
900 1802
1802 1389
1389 1317
1317 1802
1802 949
949 866
866 1802
1802 1535
1535 874
874 1802
1802 1237
1237 601
601 1802
1802 255
255 1259
1259 1802
1802 1276
1276 1341
1341 1802
1802 1360
1360 1770
1770 1802
1802 1923
1923 1590
1590 1802
1802 1035
1035 1483
1483 1802
1802 1124
1124 1505
1505 1802
1802 1217
1217 1067
1067 1802
1802 1693
1693 507
507 1802
1802 1087
1087 689
689 1802
1802 553
553 1165
1165 1802
1802 1608
1608 320
320 1802
1802 313
313 237
237 1802
1802 1144
1144 774
774 1802
1802 569
569 1980
1980 1802
1802 1682
1682 673
673 1802
1802 1267
1267 740
740 1802
1802 566
566 544
544 1802
1802 120
120 871
871 1802
1802 1528
1528 156
156 1802
1802 207
207 1128
1128 1802
1802 172
172 1116
1116 1802
1802 1961
1961 1468
1468 1802
1802 798
798 232
232 1802
1802 1308
1308 463
463 1802
1802 1588
1588 1254
1254 1802
1802 1974
1974 1030
1030 1802
1802 635
635 1376
1376 1802
1802 111
111 222
222 1802
1802 210
210 1179
1179 1802
1802 1919
1919 29
29 1802
1802 101
101 589
589 1802
1802 138
138 1654
1654 1802
1802 1502
1502 976
976 1802
1802 248
248 1621
1621 1802
1802 1186
1186 37
37 1802
1802 1273
1273 1963
1963 1802
1802 498
498 1724
1724 1802
1802 264
264 479
479 1802
1802 415
415 1364
1364 1802
1802 748
748 720
720 1802
1802 1670
1670 862
862 1802
1802 477
477 682
682 1802
1802 1761
1761 1494
1494 1802
1802 350
350 1622
1622 1802
1802 1576
1576 1181
1181 1802
1802 723
723 1462
1462 1802
1802 1729
1729 1163
1163 1802
1802 1346
1346 943
943 1802
1802 1064
1064 1674
1674 1802
1802 1564
1564 229
229 1802
1802 799
799 452
452 1802
1802 1899
1899 704
704 1802
1802 1208
1208 1183
1183 1802
1802 697
697 829
829 1802
1802 348
348 1534
1534 1802
1802 1160
1160 930
930 1802
1802 1971
1971 1814
1814 1802
1802 707
707 1566
1566 1802
1802 382
382 1872
1872 1802
1802 1835
1835 1185
1185 1802
1802 1274
1274 490
490 1802
1802 1702
1702 1745
1745 1802
1802 1976
1976 1984
1984 1802
1802 716
716 1146
1146 1802
1802 777
777 1565
1565 1802
1802 540
540 817
817 1802
1802 561
561 1285
1285 1802
1802 685
685 988
988 1802
1802 1182
1182 627
627 1802
1802 381
381 1050
1050 1802
1802 1607
1607 1951
1951 1802
1802 590
590 1161
1161 1802
1802 822
822 469
469 1802
1802 782
782 115
115 1802
1802 324
324 781
781 1802
1802 1760
1760 1644
1644 1802
1802 1723
1723 470
470 1802
1802 488
488 1417
1417 1802
1802 1959
1959 87
87 1802
1802 741
741 1255
1255 1802
1802 1896
1896 1878
1878 1802
1802 1489
1489 230
230 1802
1802 1142
1142 1083
1083 1802
1802 562
562 1309
1309 1802
1802 626
626 506
506 1802
1802 1721
1721 912
912 1802
1802 941
941 1542
1542 1802
1802 1618
1618 204
204 1802
1802 1174
1174 582
582 1802
1802 200
200 1973
1973 1802
1802 790
790 576
576 1802
1802 1109
1109 99
99 1802
1802 1975
1975 242
242 1802
1802 667
667 526
526 1802
1802 1209
1209 792
792 1802
1802 975
975 431
431 1802
1802 1632
1632 595
595 1802
1802 315
315 468
468 1802
1802 1356
1356 1175
1175 1802
1802 681
681 181
181 1802
1802 317
317 516
516 1802
1802 842
842 1691
1691 1802
1802 1609
1609 1230
1230 1802
1802 1466
1466 1788
1788 1802
1802 97
97 1877
1877 1802
1802 940
940 1931
1931 1802
1802 532
532 1602
1602 1802
1802 13
13 1928
1928 1802
1802 510
510 464
464 1802
1802 617
617 1578
1578 1802
1802 565
565 50
50 1802
1802 5
5 455
455 1802
1802 1514
1514 1354
1354 1802
1802 1062
1062 645
645 1802
1802 545
545 784
784 1802
1802 1837
1837 86
86 1802
1802 1484
1484 1135
1135 1802
1802 443
443 1864
1864 1802
1802 392
392 997
997 1802
1802 329
329 1679
1679 1802
1802 393
393 795
795 1802
1802 39
39 1385
1385 1802
1802 602
602 658
658 1802
1802 1969
1969 1194
1194 1802
1802 1539
1539 1454
1454 1802
1802 473
473 1820
1820 1802
1802 959
959 475
475 1802
1802 843
843 1747
1747 1802
1802 1306
1306 1353
1353 1802
1802 1841
1841 901
901 1802
1802 676
676 215
215 1802
1802 358
358 374
374 1802
1802 1545
1545 718
718 1802
1802 457
457 1918
1918 1802
1802 421
421 948
948 1802
1802 910
910 872
872 1802
1802 501
501 954
954 1802
1802 336
336 670
670 1802
1802 334
334 1932
1932 1802
1802 505
505 517
517 1802
1802 1019
1019 1510
1510 1802
1802 729
729 855
855 1802
1802 1251
1251 616
616 1802
1802 1557
1557 749
749 1802
1802 1796
1796 1169
1169 1802
1802 1838
1838 877
877 1802
1802 93
93 191
191 1802
1802 1722
1722 946
946 1802
1802 684
684 1242
1242 1802
1802 1348
1348 1433
1433 1802
1802 519
519 1176
1176 1802
1802 1108
1108 1507
1507 1802
1802 419
419 712
712 1802
1802 669
669 1172
1172 1802
1802 1793
1793 828
828 1802
1802 1302
1302 163
163 1802
1802 1643
1643 1290
1290 1802
1802 511
511 1305
1305 1802
1802 1335
1335 338
338 1802
1802 629
629 176
176 1802
1802 934
934 1630
1630 1802
1802 275
275 1728
1728 1802
1802 1435
1435 1352
1352 1802
1802 1244
1244 216
216 1802
1802 611
611 1900
1900 1802
1802 303
303 345
345 1802
1802 918
918 1512
1512 1802
1802 1446
1446 260
260 1802
1802 410
410 1905
1905 1802
1802 379
379 830
830 1802
1802 610
610 35
35 1802
1802 1692
1692 1739
1739 1802
1802 233
233 1766
1766 1802
1802 1365
1365 1904
1904 1802
1802 1661
1661 1097
1097 1802
1802 796
796 1123
1123 1802
1802 852
852 1562
1562 1802
1802 221
221 361
361 1802
1802 1895
1895 257
257 1802
1802 272
272 1054
1054 1802
1802 1429
1429 43
43 1802
1802 1990
1990 296
296 1802
1802 778
778 186
186 1802
1802 187
187 1585
1585 1802
1802 116
116 722
722 1802
1802 1798
1798 1289
1289 1802
1802 127
127 17
17 1802
1802 902
902 1166
1166 1802
1802 1315
1315 448
448 1802
1802 903
903 1705
1705 1802
1802 322
322 366
366 1802
1802 14
14 604
604 1802
1802 429
429 1593
1593 1802
1802 347
347 586
586 1802
1802 1404
1404 1099
1099 1802
1802 858
858 467
467 1802
1802 1058
1058 1461
1461 1802
1802 23
23 1366
1366 1802
1802 459
459 1414
1414 1802
1802 960
960 394
394 1802
1802 1294
1294 641
641 1802
1802 1031
1031 1612
1612 1802
1802 1495
1495 1016
1016 1802
1802 1981
1981 925
925 1802
1802 1145
1145 1927
1927 1802
1802 1138
1138 594
594 1802
1802 154
154 1675
1675 1802
1802 1227
1227 766
766 1802
1802 865
865 688
688 1802
1802 208
208 1881
1881 1802
1802 1581
1581 1112
1112 1802
1802 744
744 1100
1100 1802
1802 282
282 428
428 1802
1802 1216
1216 1759
1759 1802
1802 1639
1639 1331
1331 1802
1802 1359
1359 240
240 1802
1802 724
724 509
509 1802
1802 1257
1257 353
353 1802
1802 1865
1865 653
653 1802
1802 663
663 1902
1902 1802
1802 1125
1125 1419
1419 1802
1802 395
395 1664
1664 1802
1802 451
451 1597
1597 1802
1802 1953
1953 1129
1129 1802
1802 1481
1481 1107
1107 1802
1802 618
618 1779
1779 1802
1802 814
814 743
743 1802
1802 1930
1930 1211
1211 1802
1802 1532
1532 773
773 1802
1802 294
294 300
300 1802
1802 1543
1543 1917
1917 1802
1802 70
70 904
904 1802
1802 1800
1800 1313
1313 1802
1802 1625
1625 1447
1447 1802
1802 1301
1301 730
730 1802
1802 970
970 1180
1180 1802
1802 1649
1649 864
864 1802
1802 430
430 1081
1081 1802
1802 304
304 647
647 1802
1802 1740
1740 1411
1411 1802
1802 776
776 691
691 1802
1802 1634
1634 1096
1096 1802
1802 209
209 1933
1933 1802
1802 96
96 824
824 1802
1802 1499
1499 992
992 1802
1802 335
335 1821
1821 1802
1802 1862
1862 20
20 1802
1802 1866
1866 357
357 1802
1802 1403
1403 1548
1548 1802
1802 1829
1829 1113
1113 1802
1802 1051
1051 1567
1567 1802
1802 398
398 1401
1401 1802
1802 1278
1278 942
942 1802
1802 65
65 1736
1736 1802
1802 1153
1153 1314
1314 1802
1802 485
485 1170
1170 1802
1802 1667
1667 57
57 1802
1802 674
674 952
952 1802
1802 435
435 709
709 1802
1802 383
383 117
117 1802
1802 1195
1195 1316
1316 1802
1802 69
69 288
288 1802
1802 508
508 1599
1599 1802
1802 1579
1579 624
624 1802
1802 1275
1275 151
151 1802
1802 1806
1806 1646
1646 1802
1802 1070
1070 1451
1451 1802
1802 838
838 258
258 1802
1802 1935
1935 1373
1373 1802
1802 263
263 1235
1235 1802
1802 859
859 1742
1742 1802
1802 719
719 533
533 1802
1802 1475
1475 1568
1568 1802
1802 1826
1826 167
167 1802
1802 1635
1635 579
579 1802
1802 1906
1906 1970
1970 1802
1802 147
147 211
211 1802
1802 1252
1252 1287
1287 1802
1802 662
662 90
90 1802
1802 134
134 1513
1513 1802
1802 831
831 897
897 1802
1802 802
802 1978
1978 1802
1802 607
607 1406
1406 1802
1802 1785
1785 1641
1641 1802
1802 75
75 92
92 1802
1802 1840
1840 1380
1380 1802
1802 441
441 108
108 1802
1802 735
735 1735
1735 1802
1802 1628
1628 757
757 1802
1802 145
145 966
966 1802
1802 650
650 340
340 1802
1802 1256
1256 612
612 1802
1802 266
266 143
143 1802
1802 911
911 879
879 1802
1802 153
153 130
130 1802
1802 1386
1386 1850
1850 1802
1802 239
239 323
323 1802
1802 1422
1422 789
789 1802
1802 1295
1295 1519
1519 1802
1802 993
993 853
853 1802
1802 1623
1623 1219
1219 1802
1802 1603
1603 1883
1883 1802
1802 1620
1620 1755
1755 1802
1802 1440
1440 520
520 1802
1802 1550
1550 492
492 1802
1802 1561
1561 1727
1727 1802
1802 1162
1162 364
364 1802
1802 1300
1300 1448
1448 1802
1802 1392
1392 687
687 1802
1802 1140
1140 1391
1391 1802
1802 1265
1265 1008
1008 1802
1802 1958
1958 754
754 1802
1802 1325
1325 555
555 1802
1802 1249
1249 759
759 1802
1802 407
407 1428
1428 1802
1802 1765
1765 622
622 1802
1802 465
465 1666
1666 1802
1802 440
440 1640
1640 1802
1802 1262
1262 921
921 1802
1802 1552
1552 1743
1743 1802
1802 742
742 480
480 1802
1802 1415
1415 308
308 1802
1802 648
648 1213
1213 1802
1802 1084
1084 1822
1822 1802
1802 1425
1425 1388
1388 1802
1802 1925
1925 1402
1402 1802
1802 26
26 1712
1712 1802
1802 861
861 751
751 1802
1802 1977
1977 800
800 1802
1802 1347
1347 454
454 1802
1802 1555
1555 404
404 1802
1802 189
189 254
254 1802
1802 989
989 234
234 1802
1802 1434
1434 206
206 1802
1802 436
436 125
125 1802
1802 1707
1707 835
835 1802
1802 247
247 1149
1149 1802
1802 159
159 1319
1319 1802
1802 1023
1023 1991
1991 1802
1802 1322
1322 169
169 1802
1802 1455
1455 1240
1240 1802
1802 196
196 1238
1238 1802
1802 1617
1617 261
261 1802
1802 1926
1926 128
128 1802
1802 1983
1983 1349
1349 1802
1802 693
693 1551
1551 1802
1802 1773
1773 365
365 1802
1802 1508
1508 122
122 1802
1802 813
813 1536
1536 1802
1802 1418
1418 524
524 1802
1802 737
737 654
654 1802
1802 1948
1948 1164
1164 1802
1802 1972
1972 1002
1002 1802
1802 397
397 1225
1225 1802
1802 1101
1101 244
244 1802
1802 226
226 591
591 1802
1802 387
387 606
606 1802
1802 1915
1915 1945
1945 1802
1802 199
199 546
546 1802
1802 1479
1479 621
621 1802
1802 312
312 1250
1250 1802
1802 899
899 772
772 1802
1802 619
619 218
218 1802
1802 727
727 1669
1669 1802
1802 574
574 965
965 1802
1802 527
527 502
502 1802
1802 692
692 588
588 1802
1802 1775
1775 307
307 1802
1802 1962
1962 1631
1631 1802
1802 1651
1651 1024
1024 1802
1802 905
905 705
705 1802
1802 1139
1139 1694
1694 1802
1802 844
844 1524
1524 1802
1802 1861
1861 135
135 1802
1802 48
48 1345
1345 1802
1802 752
752 1443
1443 1802
1802 1098
1098 356
356 1802
1802 1374
1374 1521
1521 1802
1802 231
231 1913
1913 1802
1802 547
547 672
672 1802
1802 1371
1371 1438
1438 1802
1802 319
319 113
113 1802
1802 1055
1055 1946
1946 1802
1802 1834
1834 1540
1540 1802
1802 1326
1326 1650
1650 1802
1802 661
661 416
416 1802
1802 461
461 1017
1017 1802
1802 12
12 514
514 1802
1802 8
8 584
584 1802
1802 543
543 1486
1486 1802
1802 916
916 734
734 1802
1802 413
413 938
938 1802
1802 1298
1298 556
556 1802
1802 936
936 581
581 1802
1802 1787
1787 1334
1334 1802
1802 593
593 1013
1013 1802
1802 599
599 1228
1228 1802
1802 238
238 1517
1517 1802
1802 253
253 1592
1592 1802
1802 1783
1783 728
728 1802
1802 1025
1025 523
523 1802
1802 1063
1063 881
881 1802
1802 990
990 446
446 1802
1802 1011
1011 7
7 1802
1802 1269
1269 1853
1853 1802
1802 845
845 1940
1940 1802
1802 528
528 46
46 1802
1802 47
47 554
554 1802
1802 152
152 280
280 1802
1802 80
80 4
4 1802
1802 246
246 1241
1241 1802
1802 515
515 597
597 1802
1802 1681
1681 1059
1059 1802
1802 326
326 1882
1882 1802
1802 1361
1361 1476
1476 1802
1802 1266
1266 908
908 1802
1802 804
804 339
339 1802
1802 834
834 291
291 1802
1802 1929
1929 1200
1200 1802
1802 1619
1619 1892
1892 1802
1802 1848
1848 318
318 1802
1802 491
491 71
71 1802
1802 343
343 771
771 1802
1802 1733
1733 1893
1893 1802
1802 1668
1668 882
882 1802
1802 1110
1110 1327
1327 1802
1802 1328
1328 2
2 1802
1802 217
217 1595
1595 1802
1802 1224
1224 437
437 1802
1802 985
985 281
281 1802
1802 42
42 980
980 1802
1802 1321
1321 1570
1570 1802
1802 123
123 420
420 1802
1802 1737
1737 886
886 1802
1802 1769
1769 279
279 1802
1802 873
873 331
331 1802
1802 1789
1789 205
205 1802
1802 1960
1960 805
805 1802
1802 1832
1832 15
15 1802
1802 1606
1606 179
179 1802
1802 1068
1068 680
680 1802
1802 286
286 1136
1136 1802
1802 775
775 45
45 1802
1802 827
827 1362
1362 1802
1802 137
137 1522
1522 1802
1802 765
765 489
489 1802
1802 370
370 1993
1993 1802
1802 495
495 623
623 1802
1802 639
639 1416
1416 1802
1802 1338
1338 1888
1888 1802
1802 638
638 276
276 1802
1802 290
290 1614
1614 1802
1802 1690
1690 472
472 1802
1802 1678
1678 224
224 1802
1802 1805
1805 487
487 1802
1802 1842
1842 259
259 1802
1802 1810
1810 634
634 1802
1802 438
438 998
998 1802
1802 389
389 1801
1801 1802
1802 1397
1397 1044
1044 1802
1802 114
114 158
158 1802
1802 1412
1412 880
880 1802
1802 1996
1996 1577
1577 1802
1802 321
321 1474
1474 1802
1802 175
175 1210
1210 1802
1802 847
847 642
642 1802
1802 1234
1234 725
725 1802
1802 1073
1073 1870
1870 1802
1802 1941
1941 1006
1006 1802
1802 1833
1833 1934
1934 1802
1802 1104
1104 548
548 1802
1802 846
846 24
24 1802
1802 1456
1456 1885
1885 1802
1802 1897
1897 453
453 1802
1802 482
482 1680
1680 1802
1802 600
600 1444
1444 1802
1802 1093
1093 889
889 1802
1802 292
292 220
220 1802
1802 103
103 1936
1936 1802
1802 1754
1754 1069
1069 1802
1802 1986
1986 1636
1636 1802
1802 1033
1033 63
63 1802
1802 551
551 270
270 1802
1802 1111
1111 630
630 1802
1802 675
675 826
826 1802
1802 81
81 1076
1076 1802
1802 1398
1398 146
146 1802
1802 1
1802 1039
1039 807
807 1802
