2000 1000
199 784
1312 1555
991 154
200 1873
1695 1975
1987 911
1639 1713
204 30
457 927
298 848
584 1900
1336 193
1633 1740
1438 1550
1239 252
329 436
320 377
836 282
1542 1098
804 1017
1122 1224
15 861
1345 83
1539 1058
502 366
1310 1553
559 443
977 63
611 33
744 1401
1829 1381
149 689
1030 1324
526 288
967 1865
837 1904
1991 767
1123 670
116 776
945 196
739 1547
488 1162
1 1989
1570 1126
826 1170
443 1446
1767 1787
256 1862
666 1875
7 1136
599 584
1943 1497
1770 650
1563 3
1694 1878
505 284
1794 1133
1154 185
69 292
564 1560
665 1066
833 897
580 1335
629 1245
1509 849
209 1220
211 292
1881 707
685 153
1459 82
1527 426
704 836
141 473
1192 1674
1803 1490
1886 35
698 1017
898 1131
1974 1203
1893 1939
490 89
84 856
1398 170
1235 181
1875 654
633 793
394 194
1963 1636
1165 1235
1513 809
79 1358
247 1133
253 583
1728 502
932 1549
495 1733
896 1805
1299 1285
1834 249
1937 528
1398 1304
1966 1918
1478 1674
1099 1447
1738 460
1940 881
186 1544
1541 979
1702 1096
1536 1680
1527 338
207 350
376 830
1685 1537
1630 415
763 1854
1816 1125
1864 159
723 1156
1464 357
1501 1429
3 1629
424 578
1647 480
1166 670
1663 1426
1359 1479
1990 364
1974 306
1580 1539
1658 1420
910 732
540 1052
1526 637
1429 2
1349 1005
1520 11
620 376
1639 1066
415 280
460 1712
1414 1465
1194 1597
684 1977
1425 1190
397 861
1860 984
1982 514
549 1466
957 1378
974 1177
295 649
1256 665
612 1350
1430 684
1233 565
1619 1066
985 587
562 1130
1339 1717
1427 1206
1990 567
802 1569
1419 1701
815 929
134 1419
297 1088
1931 71
80 542
1051 1511
72 300
1134 1689
1748 122
1850 808
377 397
1836 628
542 906
1509 1555
1522 698
932 825
326 171
1155 1900
741 837
1075 455
1917 1282
242 1752
1052 1186
951 141
1887 166
398 937
466 878
706 1294
953 1107
85 830
868 714
1616 1010
492 1018
1595 452
114 1746
965 987
1696 1081
174 223
180 1498
150 1091
1675 1824
383 1862
1492 1904
1702 1059
1127 298
1640 1350
226 3
65 1433
13 423
314 977
864 857
1469 1239
606 585
479 1720
1325 446
1036 895
1645 1866
1202 1134
355 660
852 195
1161 1404
1362 1624
1603 566
382 1683
598 1266
1463 1141
1084 1587
1788 213
705 692
48 1959
1764 297
1209 508
1943 1388
1962 1517
1330 103
81 1324
1117 207
1693 847
1384 1577
1640 1819
381 983
505 1472
866 24
1756 1036
1921 751
801 140
1331 878
812 73
471 1257
305 1458
1885 1093
142 1831
1369 438
339 1910
1582 1753
408 1694
1160 1557
1090 1583
1236 217
870 1312
811 859
1120 1541
661 1129
1223 1942
805 333
898 1444
1887 1440
1879 764
1527 799
1055 69
801 453
1129 1392
636 16
959 166
28 1792
901 746
780 103
635 576
122 1460
408 1912
1262 64
1497 1887
1267 1784
1134 447
6 900
1869 1945
718 1557
523 946
1069 1683
1553 1334
1087 854
429 1443
1005 820
1256 312
503 1411
369 747
577 1768
502 917
500 1776
1567 921
529 733
347 373
582 552
572 1283
680 1680
1548 1723
1686 207
1256 1567
1970 249
421 692
1361 1465
1626 785
1812 153
552 390
581 969
1832 732
1887 1340
519 904
1462 219
169 588
1987 19
1713 45
1396 509
1049 172
114 1282
857 1433
895 770
1160 1157
1744 229
1313 95
1315 1691
577 1738
490 899
1060 1177
1035 14
767 1918
1405 1494
38 1816
1078 1971
673 1379
1147 1369
1079 1879
1485 1501
335 395
1144 375
1690 372
519 299
94 1755
1786 2000
1611 308
170 659
1253 1795
678 1482
52 615
193 1583
1361 556
1483 258
142 1186
793 1984
74 1614
199 1975
1380 755
1067 1807
954 135
1658 68
1218 146
1282 503
1099 761
1038 371
1322 771
228 963
1225 1176
1954 219
794 1446
1536 448
909 774
242 1250
861 1086
345 805
1380 491
720 331
1135 262
52 1167
1943 707
1294 1066
1636 814
941 155
228 1769
446 1383
1688 626
1084 1955
289 503
1990 275
792 1371
109 1133
647 1366
865 23
223 221
700 1572
328 414
1144 964
12 990
1931 1630
1324 1821
1966 1554
762 316
479 298
1680 886
852 1480
1208 1600
1338 1503
1473 1172
472 235
1998 104
1407 1449
486 934
1205 116
1083 139
622 897
1341 1248
1345 272
1047 192
1528 1905
1402 1244
823 1562
1992 438
1487 1751
401 555
679 1230
1373 1894
1671 787
935 373
1618 1530
124 12
1928 872
1276 174
352 735
79 1157
1609 506
585 1993
588 1821
737 1038
351 1893
1021 1962
618 854
310 1043
288 207
1913 1353
1311 863
959 1920
1301 327
1026 1510
1396 428
743 7
250 1230
84 791
1326 927
1821 1626
342 212
1429 1985
193 1267
857 994
1542 525
1799 357
320 1025
1498 309
1477 947
1674 710
795 1565
867 1666
1789 1841
579 694
968 1493
1808 560
1307 1847
557 716
2 64
1932 1354
45 881
1838 110
1923 207
1747 631
1163 125
713 1660
1653 556
843 1130
416 1714
1860 1578
534 62
499 766
1490 130
678 1044
1073 578
189 283
1715 134
1158 557
283 660
686 1449
446 656
736 818
1747 150
688 1608
1439 233
1998 830
505 1272
976 83
359 909
1360 726
1949 1270
1487 1104
1689 944
495 1240
1347 718
157 641
1990 1529
1734 595
718 272
1717 834
636 46
971 646
1572 768
976 268
436 1516
462 1501
1059 1179
414 1513
1643 1124
1201 1745
1854 875
837 956
259 1976
713 57
926 99
992 45
844 1095
1285 156
429 1890
33 411
618 339
404 1938
827 726
1636 1516
1042 628
1594 1660
277 1631
1877 1817
1189 1493
1770 300
914 1742
897 1465
356 836
39 1808
1645 477
1240 1049
163 1874
1139 633
458 41
1828 1151
786 774
1237 1201
1756 1305
23 959
1027 30
582 1113
1196 579
1390 692
1224 1252
604 1134
1301 1457
156 566
926 298
1977 1249
1828 1636
1196 1206
165 1269
547 470
1986 241
1665 1512
689 528
132 775
845 588
1832 1566
1766 1311
1860 1456
252 1241
1596 1913
817 1830
830 1701
1278 1317
697 1588
178 646
1797 1859
359 736
222 13
788 1609
292 727
758 1291
347 1460
37 1974
531 1914
259 1008
178 1319
1574 1609
369 44
593 1912
1025 1537
994 52
1690 324
1646 1254
307 800
1775 1123
1958 1296
1704 466
412 976
1240 1525
478 501
1945 266
927 136
738 1702
1501 862
1718 851
1609 508
1701 1288
657 1591
600 95
1095 1348
166 492
1789 438
168 1860
1624 1094
1818 1269
754 952
146 1636
1352 246
704 520
1815 1732
473 1119
1529 1650
1090 1257
721 370
239 442
1911 1848
1334 521
166 449
677 1275
1464 1079
358 326
1639 1223
360 1289
1524 196
1307 818
1269 997
1795 1445
1397 562
1088 1238
1812 1632
992 116
275 1943
1905 342
1925 834
877 1967
161 1325
872 921
911 532
1776 513
1108 951
1012 1432
1761 202
1419 1699
1261 288
176 734
1106 1464
1923 1844
1313 148
1033 312
271 175
2000 1349
270 311
1085 1436
237 1110
1872 880
735 1643
1687 635
690 123
1417 995
870 723
1690 1657
1236 507
742 1247
1132 239
489 1817
676 1542
10 1479
770 1400
1827 276
1344 214
354 466
1680 442
1773 1201
1228 74
356 1199
713 1474
2 1428
1550 1632
580 819
1582 366
1321 1695
1206 729
576 751
1453 1104
702 1205
1360 984
949 1038
1790 1254
634 636
1817 1549
753 964
53 1347
869 1203
122 917
1665 328
1061 1837
497 973
1321 1628
307 659
893 1441
497 651
558 892
36 1202
43 1280
975 393
1555 1460
1505 332
1092 1178
1259 1154
171 1135
1135 1665
114 1342
1888 316
1635 1895
216 1568
1187 58
240 62
624 128
1891 898
73 1575
405 247
1449 70
1348 1404
1835 535
1533 1838
1120 319
1860 207
1918 1839
1259 1270
808 151
1567 895
1425 1530
1127 1201
1057 352
1323 783
771 1302
1180 63
1294 1155
523 1258
902 1870
1037 1150
700 1783
489 1902
1725 1301
1856 1993
1765 714
991 401
1664 228
747 1062
350 602
1236 1239
715 434
1143 1045
1251 1603
1556 188
1451 1229
1167 183
1038 1274
669 96
194 1146
677 1953
1876 1049
1438 1250
912 1164
1281 1395
18 1022
1970 584
685 866
410 211
492 1319
1817 1593
101 1794
1083 1080
572 1087
252 1673
1402 568
1309 1533
1804 1152
1511 999
1962 33
1253 19
566 898
1439 1494
1328 33
1549 1903
653 1410
686 924
1900 440
570 1225
804 815
402 1306
1446 193
133 780
1067 1941
171 1171
1258 1269
1142 176
1343 302
52 1233
775 1240
1188 1150
367 133
1079 58
1699 1545
470 185
673 1199
68 1465
918 1194
1138 531
1223 154
438 601
163 573
1458 1217
1453 1582
1625 1430
1695 1602
687 126
189 266
1442 1661
877 248
1755 457
1785 472
701 433
1371 1732
384 1020
1272 593
24 1524
757 1876
983 1503
1398 1802
929 537
1975 118
1883 632
123 1599
590 257
1854 1026
1520 193
1972 1564
121 1103
1415 1702
1085 918
222 898
156 387
1135 286
1492 478
1875 493
46 549
74 631
1927 1107
917 1929
1540 160
241 388
1230 87
1535 333
310 1374
1346 401
1492 1834
943 1638
1613 552
1679 1728
676 886
618 73
1522 1412
1477 910
513 555
1295 1948
1778 283
1980 1737
412 991
594 146
1149 149
742 1059
1838 732
995 1873
853 1692
184 685
1467 1964
502 1662
1624 303
938 1214
1188 51
670 1116
1830 1954
318 383
1517 593
17 1128
447 1251
584 1806
990 1891
1597 1552
1627 85
660 1981
1328 783
1390 1802
1087 1286
1805 1589
1740 1201
1852 1575
1063 762
640 1519
1329 732
1267 505
1512 1511
97 523
1824 1131
882 1371
476 1954
1300 223
1919 1233
966 430
1115 1296
1671 521
567 381
28 1945
950 1066
1536 775
316 124
75 1669
1731 19
961 559
1566 600
1833 1264
1550 51
80 897
259 1922
140 582
1347 7
58 1361
1577 58
1976 153
474 1953
1039 501
1480 516
1953 222
1177 1377
1361 256
499 738
83 1190
1198 1151
446 1908
5 929
1212 1895
1504 1937
467 1164
1538 1424
67 1590
1499 1290
502 1801
1547 352
514 347
576 1139
894 1762
408 453
1034 1395
1838 889
1578 1610
1450 1400
271 1526
1298 1078
269 1761
1706 453
1761 1148
1517 324
1653 701
111 838
838 782
1938 837
534 93
251 643
1791 1036
1 1 2 1 1 1 2 1 1 1 1 3 2 1 1 3 2 1 3 1 1 1 5 1 1 1 1 4 1 1 1 1 3 1 2 4 5 2 3 1 1 1 1 1 3 3 1 2 1 1 11 3 1 1 1 1 3 7 1 1 1 2 3 3 8 1 1 4 6 3 2 1 5 4 1 1 1 1 1 7 1 2 9 1 4 1 1 1 3 1 1 1 1 1 3 1 1 1 1 1 1 1 3 2 1 1 1 1 3 1 1 1 1 1 1 7 1 4 1 1 1 3 2 4 1 2 1 1 1 1 1 7 2 1 1 1 1 1 2 2 3 4 1 1 1 6 1 1 2 2 1 1 7 1 2 2 1 1 2 2 1 1 3 1 1 1 1 1 4 6 3 4 1 1 1 1 1 3 1 1 1 1 2 1 3 2 1 2 4 1 1 2 13 2 1 2 1 1 2 3 1 1 1 2 1 1 10 1 1 1 2 3 1 2 1 2 7 1 4 1 1 3 4 1 1 1 1 3 2 1 1 1 1 1 1 1 2 1 5 1 2 14 1 1 1 2 1 3 7 4 2 2 2 1 1 3 1 1 3 1 1 9 1 1 1 3 1 1 1 2 2 2 1 1 1 2 1 1 1 1 1 4 5 1 1 1 1 3 4 1 1 4 1 1 1 1 4 5 3 2 1 2 3 1 2 1 2 2 3 2 1 1 1 1 1 5 1 1 3 2 1 1 1 1 1 2 3 1 1 1 1 2 3 1 2 1 1 3 4 1 1 2 1 1 2 1 2 1 1 11 2 4 1 3 7 4 4 1 8 1 1 1 1 1 1 1 3 1 2 2 1 1 1 1 1 3 1 1 1 1 7 1 3 1 1 1 1 1 1 1 1 1 1 3 1 1 5 1 1 1 1 1 1 2 2 1 1 4 1 1 4 1 1 4 4 2 1 1 1 1 1 1 1 1 1 3 1 1 3 2 1 1 5 1 1 3 1 4 1 1 1 3 1 1 1 2 1 1 2 1 1 2 2 1 1 1 5 2 1 2 1 3 1 1 1 2 1 1 1 2 1 2 2 7 1 1 1 6 6 2 1 1 1 1 1 1 1 2 1 2 1 7 1 1 7 1 2 1 1 1 7 5 3 1 4 5 1 2 3 1 1 1 1 4 1 4 1 1 2 1 3 1 7 1 1 1 1 3 2 1 1 1 1 4 1 1 1 1 1 2 1 1 1 1 1 1 1 1 4 1 1 3 1 1 3 2 2 2 3 1 1 2 1 1 2 10 4 1 1 1 1 2 1 1 1 7 1 2 2 1 2 7 1 1 4 1 2 3 1 2 1 1 3 7 1 1 1 2 2 4 5 12 1 3 1 1 1 1 1 1 1 1 1 1 4 1 1 3 1 4 1 1 1 2 1 1 1 2 2 1 2 1 3 1 9 2 4 1 1 1 2 1 1 1 1 2 2 1 2 1 1 1 1 3 1 3 1 1 9 6 1 1 1 1 3 3 1 1 2 2 1 1 7 1 1 6 2 2 1 1 1 1 1 3 2 3 1 1 1 3 1 2 1 3 1 1 2 3 1 1 4 1 1 2 3 1 1 1 1 4 1 1 2 2 2 3 1 1 1 2 1 1 3 1 1 3 1 1 3 1 1 2 1 2 7 4 5 7 1 1 4 2 3 2 1 1 3 1 1 1 2 1 2 2 1 1 1 1 1 1 1 7 1 2 1 2 4 3 1 2 1 1 1 2 6 8 1 1 1 1 1 3 2 1 2 1 5 5 1 1 2 2 2 16 1 1 1 1 1 1 1 1 1 2 1 1 1 3 1 1 1 1 1 1 1 1 1 3 2 1 1 1 1 1 1 1 1 1 1 2 1 1 6 2 1 3 3 2 1 1 1 1 2 5 4 1 2 1 1 1 2 2 1 2 1 2 6 1 2 1 3 1 1 1 1 4 2 1 1 2 1 1 1 1 4 1 2 1 1 2 1 2 1 1 1 3 1 1 6 1 1 1 1 1 5 1 5 6 1 2 2 2 1 1 1 2 1 1 3 3 6 3 1 2 1 1 2 3 1 1 10 1 1 4 1 2 2 1 4 1 1 2 1 2 2 1 2 1 1 1 1 1 2 1 1 1 1 1 1 9 4 1 2 2 1 1 1 1 3 1 1 1 4 1 2 1 1 1 1 1 1 1 3 4 2 3 2 1 2 1 1 1 2 2 1 1 1 1 1 2 4 4 1 4 1 1 1 1 1 1 1 1 1 1 4 1 1 1 1 2 1 2 1 1 1 1 6 1 1 2 5 2 1 1 5 1 2 1 1 1 1 1 2 1 2 2 14 4 8 1 1 1 1 1 1 1 1 1 3 1 4 1 1 1 1 1 1 1 4 1 2 4 1 1 1 8 2 1 3 1 1 1 3 1 2 1 1 2 4 2 1 1 1 2 1 1 1 2 1 3 3 1 1 1 4 6 1 3 3 1 1 1 2 3 1 1 1 5 1 1 1 1 1 1 1 3 11 1 1 2 1 1 1 1 2 1 1 1 3 1 9 1 2 2 8 1 1 2 4 1 2 2 2 3 1 1 2 1 3 13 2 2 1 7 3 4 5 1 1 3 1 1 2 2 3 3 1 1 1 2 4 1 1 1 1 1 3 2 1 4 1 1 1 1 1 2 8 12 1 2 1 1 1 1 1 1 1 3 5 1 2 3 2 1 2 2 1 1 1 1 1 3 1 2 1 1 2 1 1 2 1 1 5 2 3 1 1 1 1 3 1 1 1 1 2 6 3 1 4 5 3 1 1 1 1 1 1 2 1 12 3 3 1 2 1 2 2 4 3 1 1 1 1 1 1 1 5 1 3 2 1 1 1 1 1 2 1 2 1 2 3 2 3 1 3 2 1 1 2 1 2 1 1 2 1 3 1 1 4 1 2 2 1 6 2 2 2 1 2 2 2 1 2 1 1 1 1 1 4 1 1 2 3 5 4 3 1 1 1 1 2 1 1 2 2 1 1 2 2 4 1 2 1 1 3 2 5 3 2 4 1 1 1 1 1 1 1 2 3 1 1 3 1 1 1 1 1 1 1 1 1 1 1 3 1 1 1 2 1 3 2 1 1 2 1 1 1 1 1 3 1 1 1 1 2 2 3 5 1 1 1 3 1 2 2 1 1 1 1 2 4 1 1 1 6 1 2 1 8 1 1 1 1 1 1 1 3 2 4 5 1 1 7 1 1 2 1 11 3 1 2 2 1 1 1 15 1 1 2 2 2 1 6 1 1 6 1 1 1 10 1 1 1 2 3 5 2 1 1 1 1 1 2 1 1 1 5 1 2 3 1 3 2 1 3 1 2 1 1 2 1 5 3 1 1 1 8 2 2 1 2 1 1 2 1 1 1 1 2 2 3 1 2 1 1 1 9 1 2 2 1 2 1 4 1 3 2 2 4 3 1 1 1 1 1 10 2 2 2 1 1 2 1 1 1 1 2 2 3 10 1 3 1 2 4 1 2 1 1 2 1 2 3 1 2 8 8 1 2 2 1 2 1 1 7 1 1 1 1 3 1 2 4 1 1 1 3 1 3 2 2 1 1 1 1 3 2 1 1 2 1 1 1 1 1 1 1 2 4 2 1 1 1 5 1 1 1 1 9 1 1 1 1 2 1 1 1 2 3 2 2 9 4 1 1 4 1 1 2 2 1 1 2 1 3 1 1 1 1 5 1 1 3 1 1 1 4 6 1 4 1 6 2 1 3 1 1 1 2 1 4 1 1 3 1 1 1 1 7 2 1 1 2 1 1 1 1 2 4 3 2 2 1 5 6 2 1 1 2 1 4 5 1 3 1 3 1 1 1 1 1 1 1 1 2 1 1 1 1 7 1 1 1 1 3 1 1 6 1 1 1 2 1 2 1 1 2 4 1 3 1 1 1 1 3 2 1 4 1 1 1 1 3 1 2 1 1 1 1 1 4 2 1 1 3 3 2 2 1 4 1 1 3 1 2 3 1 6 1 1 1 1 2 6 3 2 1 2 2 3 3 1 1 4 3 1 2 1 1 1 1 4 3 1 2 2 3 2 1 1 1 8 1 1 3 1 7 4 1 1 2 1 1 2 1 1 1 1 1 4 1 3 2 6 2 3 1 5 3 1 1 1 1 12 1 1 1 2 1 1 1 1 1 3 1 1 1 1 1 5 1 1 1 1 2 1 1 1 1 1 1 1 2 1 2 2 1 6 1 1 2 1 2 1 2 1 3 6 1 1 1 1 1 2 2 1 1 1 1 6 1 2 4 4 1 1 1 3 1 5 1 1 2 2 1 1 3 2 2 1 1 1 11 1 3 1 2 2 1 1 1 2 1 1 1 1 1 1 2 2 1 1 4 1 2 1 1 2 1 1 1 1 6 2 1 1 1 1 1 1 1 4 5 1 1 1 1 1 1 9 3 2 1 4 3 4 2 1 1 1 7 1 1 1 5 3 4 1 2 3 1 5 2 1 1 1 1 1 1 1
