2000 4000
1012 1193
1342 1997
388 187
1942 885
675 411
102 1866
456 992
1909 1043
1621 1448
1234 1528
269 750
1422 1175
1310 965
1789 1064
1758 1511
53 155
66 872
632 181
962 1496
495 199
1582 37
873 765
725 1090
1549 1860
42 663
419 1775
1923 184
1801 346
378 275
820 1108
1841 187
480 1128
91 1707
1066 422
1931 925
146 961
1077 75
205 1385
804 1546
1898 1719
1826 673
1420 1958
1672 737
1494 953
1064 879
208 1249
1123 536
950 533
598 701
1928 1498
877 1337
227 1085
118 682
711 1749
515 136
302 566
312 553
209 1010
1168 1209
61 1452
1031 800
3 1610
169 1009
1733 1487
1383 899
768 1716
478 204
931 416
543 721
782 1576
459 252
585 1807
82 1730
1374 1103
760 567
611 1879
430 315
1792 119
1976 297
947 1960
1967 1262
1101 1353
403 1190
621 1459
73 296
1092 1601
913 593
54 403
705 588
1458 1477
917 1022
1727 795
61 481
640 1353
1172 78
1195 1696
1964 1358
1352 95
948 826
1861 1304
306 84
1879 400
1335 401
924 934
1628 371
1535 646
16 978
1701 1278
1192 731
160 649
176 1639
676 649
643 1140
1052 192
1156 624
612 917
335 932
685 513
1314 1429
46 870
1207 1850
1340 1416
996 395
1480 628
553 905
1786 1
1263 539
93 694
230 1358
615 410
746 1891
1326 711
199 1960
1090 1569
316 1393
1380 1429
1509 211
1441 215
1865 1770
1939 514
1604 1256
234 1373
1050 683
512 42
697 1055
577 509
841 1226
1759 697
1256 1137
920 1398
1850 1352
625 1913
404 1489
792 1565
331 911
1130 100
559 1107
619 1964
1654 1487
506 449
452 1035
374 528
1158 1030
1375 1991
1104 158
1695 1637
1194 262
1156 1321
1195 1374
382 1611
1292 1454
1640 1839
1031 1393
941 1520
193 501
1425 797
1307 1858
463 1036
558 500
786 1737
1082 1239
506 1363
256 167
1656 1244
362 734
83 1954
1596 1731
1832 156
1256 1632
1471 1359
84 1065
735 458
149 1270
49 1782
138 1839
1627 275
586 497
1769 1125
400 1743
138 659
1654 1742
760 526
181 271
1120 37
1760 1508
1548 1623
549 1574
1020 928
1543 1545
1467 33
67 1003
1187 89
1439 869
368 1197
595 338
685 1833
1848 410
186 592
885 1997
286 1513
123 1859
1248 1328
61 137
1805 460
1324 1621
1118 1923
1109 1725
1651 1098
1907 1660
1414 315
79 1835
823 286
9 298
531 968
1438 1874
646 750
509 1801
1753 2000
916 516
1242 1918
1832 1869
1268 1660
1041 324
1533 1069
369 983
1824 1048
1508 1635
478 1953
185 1701
818 1430
1686 1025
524 255
391 348
1579 1981
827 1869
347 414
535 295
1563 1973
797 1480
1316 1466
1571 777
1747 1673
1920 1887
498 1972
722 1875
1800 1973
1237 1923
637 223
719 23
616 820
1012 1542
888 693
478 118
1136 1144
536 1946
749 1873
489 202
827 146
1002 1340
1184 1115
1341 1287
806 107
1195 1931
830 1915
730 1327
1556 1596
1469 242
720 173
1523 1144
355 1047
1505 1248
662 1583
486 1082
843 1523
1428 165
1252 1882
69 1867
408 41
1562 1931
1363 484
351 1005
516 1767
140 1806
1927 1949
1064 1227
211 1364
1051 1351
1693 773
1031 1531
1258 636
221 1439
1511 774
516 719
1499 378
33 1177
483 204
884 843
233 1935
1041 1806
1975 366
194 575
166 556
1071 572
1204 54
952 1125
447 836
1478 330
1557 1000
510 1188
1835 360
907 656
663 256
1252 1011
252 574
745 1913
19 1811
723 645
1998 1644
1275 1108
592 1527
1484 782
286 622
1665 1093
514 448
1644 1783
247 856
1782 256
959 925
940 1624
1095 701
1223 1407
729 1483
546 459
746 220
507 1813
1439 279
1385 1240
134 1571
1429 889
291 1148
1172 1826
1917 1166
1821 1905
390 1880
1835 416
1931 744
1005 289
650 624
1593 113
28 541
1733 767
601 1049
302 1223
1688 443
673 825
1964 107
1090 1738
655 1285
932 1231
1376 326
1163 1979
1350 1327
287 1464
526 1723
1384 880
838 1797
213 619
1396 1891
281 1889
738 150
211 1635
208 1437
457 1123
1188 1964
48 1444
293 1000
205 1036
1546 962
1395 1845
121 1598
1898 154
1935 1876
598 708
1621 1155
341 1717
1900 115
913 1244
1061 688
1191 1035
1314 1328
867 803
1965 582
752 409
1189 232
1761 202
919 98
1546 332
1675 73
591 708
848 175
1633 989
1250 1110
1561 151
779 1939
1063 745
830 1439
1973 583
720 178
1669 388
1220 945
1611 569
723 1145
583 1499
1035 1006
1680 1078
1978 325
607 541
158 1285
318 1618
703 1661
242 1841
422 1338
505 7
1515 302
754 458
840 1267
50 1027
1621 133
278 795
1303 693
59 1555
1424 718
1177 1626
769 106
121 722
1526 152
851 1991
8 447
553 1846
953 78
834 996
1771 61
539 1418
855 43
1782 597
450 1244
1221 635
1655 1689
394 366
1796 1307
97 1998
696 900
653 367
659 1468
715 190
686 316
1959 1318
946 1825
66 1137
1758 1182
146 1534
953 1710
1250 922
1911 79
282 579
1090 1560
1704 1854
1394 1875
507 1403
1268 31
1860 546
1155 944
1845 169
208 137
1548 561
271 888
632 567
1081 678
979 212
1001 616
179 1326
1596 155
1655 1109
1115 172
1845 58
1246 1636
1721 1411
1005 1571
1282 1464
198 1568
1498 1395
1159 1046
1612 905
402 274
1867 975
226 776
874 982
865 1101
151 123
1487 565
1602 1212
278 634
1263 579
1673 741
1398 1912
1572 812
694 948
989 1700
1541 960
52 772
968 1300
733 1172
1564 1869
1400 1583
1652 1850
1201 1586
824 1695
862 1951
1750 207
1943 1879
90 241
1507 1701
818 1170
235 1386
756 342
141 1819
1783 1163
484 353
196 635
1271 753
1917 1993
268 402
1375 783
169 790
154 1932
1817 850
890 1822
1606 1719
1280 474
1672 1184
1040 214
1007 697
1321 789
53 349
1105 1742
125 875
886 829
1668 427
1011 287
566 949
1999 1770
1462 264
860 492
1126 124
89 1057
1275 1197
445 355
90 331
346 1386
886 747
669 673
1137 150
712 277
1331 1181
1943 1610
1791 770
836 741
1497 1637
1503 1408
343 1258
1538 1207
1322 913
1331 79
138 1947
596 297
755 1785
901 1888
436 1795
263 147
843 153
68 926
1137 380
448 180
989 653
359 1880
19 1832
1504 671
618 1545
530 1672
1110 893
539 1019
1259 1177
1718 660
706 633
1868 706
275 401
1072 680
751 130
1702 48
444 1797
379 1108
734 1954
1875 810
809 1022
861 1218
161 1694
1095 242
1279 884
1542 437
92 388
800 246
144 1911
1167 640
33 553
1135 650
789 773
599 267
113 1774
1450 1379
1997 1010
176 1469
9 1340
1391 491
776 1509
984 1368
729 1582
1162 136
618 254
108 1482
727 57
959 1248
195 873
1885 1344
974 1029
581 1942
928 1697
583 1298
1966 1812
334 489
103 948
277 213
224 664
1462 1928
1432 1936
755 1536
1223 997
1964 934
1278 972
205 1942
625 902
917 1383
749 1962
185 1625
978 1091
1359 1839
1189 773
117 440
660 1235
596 1197
1484 1514
166 173
1115 1948
1143 245
541 809
1491 205
1117 1053
1143 243
1817 782
1511 228
1540 1820
164 1912
426 1197
796 93
565 1433
1197 1696
993 1066
647 1141
188 1095
392 1808
1999 1625
711 760
1636 1742
880 630
637 772
375 1875
767 1524
1612 1851
795 1643
48 1788
1975 1365
128 1239
236 704
1208 414
1179 199
1793 412
1113 1032
798 691
1455 1262
1063 435
1998 1612
250 1105
1088 1685
838 1918
182 985
186 1579
402 273
963 1721
1574 626
1763 209
182 505
1690 682
128 1888
1760 18
294 881
1148 925
1240 839
1869 444
409 1765
1822 353
7 1428
663 990
1645 107
854 588
527 235
1812 536
741 1573
1995 555
1683 955
559 288
1153 1870
1179 1531
1688 587
221 1868
1155 1179
1922 1592
255 772
900 1352
512 1947
571 1607
71 280
762 60
82 863
39 1726
957 745
286 862
279 1342
870 1592
1260 1840
1006 1032
1088 1382
1988 1861
148 606
1501 1048
145 451
471 1458
670 1630
1006 22
1016 1130
116 986
1110 975
963 643
448 1468
1389 456
110 1368
1940 923
1576 275
1874 1324
927 631
1118 605
1981 1190
717 132
1637 496
146 1103
838 65
1881 101
2 92
1842 1723
129 876
349 1196
1743 1021
996 96
1670 1817
620 1655
1329 1426
1606 1650
84 271
672 1094
1432 278
970 1335
345 553
1786 876
1090 800
576 1500
774 180
245 959
414 520
872 499
678 1300
220 702
783 177
633 350
368 1192
754 1975
1216 719
50 1376
224 12
125 1586
1547 941
1810 807
1394 1821
1254 1998
825 153
826 1522
1045 854
1023 933
603 683
495 896
1854 1357
1165 977
669 789
1099 1891
1294 1159
465 256
575 1984
418 903
275 756
1839 1035
817 436
235 62
417 1273
1017 590
996 1464
234 1135
414 895
359 1306
1409 926
1912 1636
1608 536
1661 781
424 1819
1773 1027
391 1023
42 1927
1788 1644
39 771
844 514
1702 1015
169 972
586 877
1090 1315
897 1543
1904 1526
184 1261
394 1519
1125 662
35 408
854 611
250 756
254 922
1667 1091
1888 548
723 1815
1497 763
816 1773
1260 593
806 799
624 1095
1495 855
1605 604
1912 346
1570 1580
1818 1588
248 660
580 786
640 1072
1430 1776
68 936
1090 581
428 1791
1218 1156
266 590
1711 281
610 77
491 819
1884 1433
892 1476
1712 791
885 65
307 1577
878 31
1551 1307
370 1173
1585 1240
872 1144
1444 979
312 1487
1215 36
1191 1419
12 1650
741 1318
729 700
594 1553
1786 1481
553 897
1562 798
1018 290
1216 1680
928 1003
1529 887
1456 1917
363 999
77 608
438 210
865 1778
973 321
1768 1994
835 1404
1376 1386
838 363
804 1795
1624 1675
1163 262
506 1510
679 441
1464 394
495 990
206 1965
1137 289
43 30
83 574
272 1066
275 1120
471 787
1554 1646
1466 1622
1755 1325
1064 257
1422 254
1548 405
1641 1395
767 1228
1459 1540
1086 1474
1338 1412
1932 441
1458 222
16 447
1773 734
431 1959
907 1032
693 1767
1626 1151
1786 1148
178 1576
798 927
1762 343
1555 1218
1462 1584
578 1335
1841 112
1470 1698
186 1540
329 1041
1388 1308
1144 1528
488 380
1409 539
723 731
723 601
1308 1401
36 77
1696 946
1718 1808
79 1748
934 618
210 1672
981 777
1948 1551
559 527
4 1017
538 847
1578 385
49 398
803 588
1724 1198
60 608
1904 939
892 273
1444 949
457 313
327 1936
1032 229
340 897
369 1994
750 1026
1283 504
180 1608
1423 273
1682 897
1245 1692
1671 248
768 588
949 1944
1771 1920
1504 920
19 1305
837 788
448 311
1580 246
92 1302
319 1402
1150 1032
1510 236
732 1607
1152 143
1085 743
1830 1238
1349 1324
880 274
635 799
155 740
1736 246
1886 57
406 1638
158 1026
1275 771
1846 5
369 823
1912 1218
324 1855
623 534
574 1035
1142 1427
1517 85
1325 307
1074 1620
1969 464
446 896
1997 1850
877 307
1332 5
647 1888
1017 1300
165 1278
1512 184
228 1811
1188 1731
1825 251
911 336
193 181
77 1539
568 503
304 362
1777 1360
192 485
1315 1398
1130 169
1840 1799
1291 1926
91 1721
1753 964
693 1298
414 195
1872 1858
185 1915
1213 302
1075 1971
236 912
1616 171
237 1894
1834 1089
1677 448
1409 1900
1300 1334
66 1406
1596 725
1627 482
1916 111
1640 13
437 1618
1274 1390
57 1873
1086 773
1857 1957
1968 1680
1898 1064
944 127
1704 156
1037 1144
1513 1503
1010 1755
880 995
635 805
126 648
107 1646
718 752
1329 403
233 1827
1888 617
153 1620
503 1284
1368 1525
1418 1842
1279 951
521 1564
21 1583
49 577
115 86
1842 906
1444 1525
11 417
1977 144
318 1727
1857 512
540 347
289 41
1476 1252
1169 219
194 1116
809 1345
1774 560
1887 535
446 1318
201 712
1377 593
372 525
260 425
233 1976
564 276
1960 1569
588 1949
1596 723
498 1528
667 182
1655 1096
563 1823
358 1599
1149 476
664 1042
165 1951
397 1039
1883 1946
550 525
734 1326
1038 403
1813 1187
1725 1830
1777 1859
282 1600
783 377
964 1720
1172 1102
1194 1800
346 1439
1460 885
1114 1610
625 1571
1591 761
1247 727
1702 457
612 1726
1432 1408
140 619
1791 88
1843 432
1202 1807
339 169
1036 1912
607 858
1004 17
134 125
602 859
359 1903
522 1651
1710 1434
1392 1580
1671 22
666 704
320 1473
1363 345
78 759
8 1450
863 41
1120 1819
1303 1320
1721 1665
1824 1890
302 80
909 547
1382 171
403 1582
789 796
1578 152
1385 164
152 1067
1397 1684
942 1437
580 975
1451 1108
446 1189
732 462
416 1567
110 1775
1307 735
655 208
920 935
1092 746
1455 1084
1753 1334
1895 1545
1552 592
1542 85
1593 1906
447 1388
1738 1628
897 518
162 1575
734 876
345 1361
862 1363
1436 108
446 868
863 1759
1183 1175
1582 1993
1979 862
1836 372
1149 713
1208 1745
485 797
277 1909
1841 1944
1166 820
1096 577
944 1034
278 680
1908 1848
897 1827
495 1005
1145 591
211 608
674 802
1718 1025
1428 394
298 1144
629 1968
995 1425
1283 525
1072 1126
783 1276
1982 1386
805 1143
1293 1309
169 1556
147 604
491 619
1960 786
1628 663
993 1923
920 1745
552 1147
1669 71
863 816
1935 118
647 1533
935 444
583 291
389 1095
249 845
385 78
941 1824
715 906
682 1239
125 776
1408 1479
704 1302
870 111
240 1954
494 305
806 1500
1051 28
1465 1530
1925 877
1034 463
1663 1218
1121 668
1227 286
1766 936
1160 1020
203 1923
1836 1731
491 575
160 993
592 1189
1236 1532
645 47
552 530
181 1295
1468 1218
981 1039
40 757
1107 546
1345 1440
430 68
1043 702
1181 1298
1001 856
1775 726
1297 1192
1976 418
1873 1729
1996 1359
78 88
202 187
1326 258
1526 1545
1283 792
1817 1177
1362 275
296 1839
502 486
1568 630
1273 235
1942 860
510 351
1127 703
1584 1383
996 61
1133 1702
176 1899
1401 1916
708 1021
332 1505
1088 581
230 1423
1691 1873
404 1486
414 1357
1671 1862
322 591
873 1051
1492 1302
759 1000
283 1136
1533 1266
870 1908
1397 229
1707 543
130 142
1830 1911
1424 376
1584 1511
134 1057
310 781
857 504
1230 662
413 1028
1580 733
1079 152
882 916
304 696
1793 1325
1075 520
1962 1893
495 586
10 1587
408 1521
370 6
1615 1200
321 1915
763 1691
269 826
1147 296
1327 506
908 1563
979 801
1178 1946
483 586
1401 185
15 358
1299 1862
1920 1135
1078 1120
1281 888
417 1827
562 679
1285 219
1618 1947
1405 141
437 1902
1348 1200
1623 456
1722 923
1962 539
1738 537
1037 228
399 1830
1875 1519
755 1064
1435 36
1435 1558
1671 1611
788 1144
1626 1320
1206 819
1762 1993
1981 480
1171 255
1045 672
938 1050
1968 1511
747 347
529 1241
1419 925
1966 1352
1405 1204
421 825
1058 629
1755 854
1439 857
790 1859
905 33
14 406
741 744
1566 1870
412 149
92 471
164 828
1584 1038
142 151
1379 1101
235 519
1069 1081
1127 463
385 583
591 763
1568 1927
1191 321
1381 1880
1308 1158
975 728
918 928
35 845
1640 836
933 269
1277 650
1638 1331
1589 1051
1555 1661
1378 153
1129 81
142 1005
1102 1254
1036 751
1553 1629
1533 774
399 566
869 248
2000 1454
328 1925
112 1669
1308 830
26 293
874 692
602 270
853 1126
1849 1932
1814 623
1596 1230
1535 1938
1458 1265
804 1041
1214 63
555 1720
955 582
132 1904
1776 65
136 325
1731 394
1947 695
1517 119
759 1095
1865 795
845 531
1521 655
848 596
1657 1265
1821 551
558 653
1650 1872
458 1216
141 118
755 1761
1480 497
460 80
132 285
301 1591
726 441
1527 1067
855 570
1859 1165
1714 674
1759 1832
213 106
1370 859
1225 1609
748 1996
423 1479
799 1354
11 169
242 885
1 331
317 1396
1558 793
486 556
894 32
127 1550
984 639
398 1993
822 58
427 1910
1309 1440
164 1073
1230 328
1705 1214
1099 38
1954 1218
1738 274
1440 747
336 1405
1251 1142
277 490
1810 1188
950 292
444 1628
793 1829
375 197
1396 130
1718 231
650 1148
625 1334
564 455
1321 1810
1430 38
1943 1518
1744 980
647 1591
849 1982
1713 1725
522 1671
1416 1620
610 185
1634 995
1695 1188
635 262
1338 47
1486 523
326 1162
1083 1622
1161 201
1453 844
1972 462
1253 569
147 596
1290 1140
1778 56
450 1843
1410 246
3 1562
1615 316
1893 1326
1541 961
1566 1454
1402 1207
860 938
969 1701
264 865
1395 477
896 611
1138 1957
897 166
1562 1632
662 313
1799 200
1802 1095
1397 829
1099 1947
1597 192
1265 1676
797 396
1576 1432
1335 489
1505 978
763 1632
1360 763
669 1894
1041 239
1570 900
905 1171
1884 524
1729 1605
600 1832
177 1311
1822 96
13 1651
1962 857
1435 1719
1472 834
413 627
865 1192
80 106
1873 1103
944 230
897 1788
1052 1344
1913 271
467 770
723 999
155 617
333 1118
496 258
1887 1133
1085 287
1879 38
149 1397
53 737
980 516
1863 444
849 931
1972 1793
583 346
358 1459
313 893
301 1101
566 1492
218 1366
1053 1330
627 1617
86 465
1917 777
1117 44
254 231
1199 460
791 1094
314 380
62 1118
1713 47
677 397
281 1863
856 477
167 1226
298 998
1657 1638
1690 1414
1289 617
1472 1468
1681 1514
1931 1711
1346 366
497 1415
1284 1859
758 882
1036 1843
107 1388
135 1820
1720 1804
1836 629
680 1828
1954 1685
1148 1145
1627 133
993 75
1451 1711
729 1754
1068 1455
1629 1923
331 1068
564 968
771 760
587 100
637 1682
1502 563
832 1155
816 1573
668 532
1146 1571
904 1536
204 1951
640 1409
1341 146
390 1148
808 716
888 1274
1144 1525
1577 1728
785 216
426 233
1224 338
1683 1257
363 1400
1275 1769
1857 1375
260 1918
336 421
490 1506
1336 1908
1431 1004
1456 527
301 1042
1361 1671
1738 470
871 1901
336 444
1582 1303
1650 449
355 1718
1808 1728
426 736
218 528
829 1917
1275 1572
251 1258
429 1739
766 1837
893 1155
1055 1409
458 1395
26 1644
23 1409
1637 126
708 180
390 517
461 81
839 1932
1556 1035
1169 371
1528 1100
954 529
1259 542
356 1516
279 1680
1665 114
784 402
1859 1947
732 1781
1119 245
228 1623
1289 689
370 1184
1619 566
1649 1031
1343 485
1806 806
1920 1646
1383 453
1402 1580
1779 273
841 328
1309 548
82 1961
1926 513
6 896
405 1272
822 1848
368 1437
1324 11
466 481
463 1292
1411 1799
926 1647
189 1641
21 1230
1404 1883
1975 1161
1562 1376
1810 1233
1696 1774
1454 452
955 247
561 1150
756 136
1032 315
673 1575
1045 574
766 1809
45 1341
1851 128
481 1182
1758 1539
459 1841
13 290
477 1997
195 132
182 1938
310 1374
2000 1437
559 188
841 1539
311 792
587 1616
404 767
1300 1084
1070 1614
409 1349
1185 1308
1329 1832
1782 1488
1019 1405
1902 495
1541 1031
1006 1236
1388 1921
1056 1829
200 815
704 546
1144 1378
535 1164
331 138
1037 229
834 1837
712 1752
1051 1859
260 69
751 477
794 584
1889 710
654 1444
1840 382
984 892
551 1926
1013 280
400 1677
1549 473
1801 1649
104 1881
1291 536
672 1535
39 1227
939 103
900 1084
898 1922
1177 1295
559 767
797 1518
1216 533
647 378
895 356
500 1356
200 91
1232 1843
109 361
791 205
498 853
1271 180
796 424
2000 744
1159 175
251 1670
207 300
787 825
554 1810
775 840
1047 826
1192 460
764 553
1911 610
644 821
732 1281
1096 1148
1660 681
1038 1578
1637 1348
738 1926
797 1891
1716 1471
329 1566
453 1259
1604 289
1626 1799
1347 602
376 1449
518 592
1361 1064
1806 630
1816 1351
905 1147
166 632
1123 217
1599 1914
1546 1347
722 1830
677 674
292 52
875 704
1556 235
410 412
789 1051
802 1882
1254 911
1854 625
1115 866
299 970
440 1620
1124 1447
1706 1734
1434 1507
755 214
1522 946
1470 1840
219 762
727 944
122 426
608 68
884 107
1496 1135
1464 1210
82 704
576 195
272 1337
1886 410
1341 1061
209 411
1582 374
1 1268
20 629
1653 1566
482 1297
1448 1054
1700 1030
647 365
86 358
1819 1189
714 895
325 1155
1624 1769
1051 1921
1922 1192
810 153
1170 1748
343 419
70 1423
167 246
483 957
312 1198
1504 479
1472 466
1199 1911
306 1740
1585 1985
440 1115
96 1668
1973 1716
1152 1779
421 1033
1428 1259
830 29
617 118
300 1079
662 1296
1303 1789
230 515
1377 1382
335 587
561 111
1748 980
91 1537
928 1010
1980 1365
203 1950
465 1127
1888 857
1315 719
201 1328
1541 1208
1432 1057
1008 1951
874 1456
1107 186
1462 367
291 1697
173 61
1964 1780
851 409
1939 757
1456 1301
1204 2000
622 1248
1188 1595
372 454
24 785
1436 175
163 1342
663 1284
1677 492
495 606
690 1004
1501 292
952 1178
1347 1121
1905 1243
544 576
1898 184
1835 266
1563 1763
1617 1721
1862 1700
710 851
612 1597
919 1419
958 582
1120 250
232 1023
688 1178
520 671
1817 628
1576 408
1435 551
345 1069
19 604
1066 174
871 1547
455 877
1957 1617
272 830
48 546
1577 383
1891 764
291 1272
1255 14
441 1261
1380 1717
175 701
1720 1937
807 179
1737 1828
933 902
1773 721
125 578
1543 1849
1494 694
1176 1234
897 830
1325 1857
1704 143
1353 298
436 1042
1558 531
1266 649
535 1117
1938 1628
1561 98
1752 65
162 393
133 1042
610 71
297 395
1261 380
364 554
1087 1222
36 1659
424 647
31 278
1736 1313
1275 789
1510 107
1144 894
1911 1653
280 848
331 950
1530 1203
57 465
1155 1303
363 1662
1235 905
937 1646
421 312
1293 1475
306 388
1683 1414
1423 1700
582 1833
1641 784
241 596
737 234
1848 1636
281 272
1695 1612
1812 1032
1515 860
668 1282
947 1964
701 250
706 1884
1312 36
760 535
1924 1207
506 1101
1144 1004
12 185
1185 121
1408 1743
1985 1403
322 1389
628 963
1812 635
1987 1068
1873 33
684 1730
1833 1271
1553 610
21 1235
1349 1000
345 121
1365 68
1875 1451
1602 1949
826 656
1181 919
297 270
611 1640
1895 280
2000 1374
904 102
1609 1935
1872 130
1025 222
1281 1988
40 449
607 1328
240 45
1020 1187
1836 1663
991 1328
1468 1766
1532 796
1225 752
680 1726
350 474
893 964
1811 1645
530 1644
1154 1042
1430 290
1175 1794
1924 853
115 212
241 658
657 1231
430 1436
1102 251
313 344
611 130
1164 390
1742 338
176 1636
1334 1136
544 571
1879 451
652 1782
161 1039
147 1694
656 97
1252 1704
1337 719
774 1850
1388 132
1044 315
1545 555
1080 946
1145 1410
1441 205
1075 658
1316 1140
545 736
1711 1958
20 831
640 1718
1615 1609
1593 1349
236 103
84 85
144 51
1562 1740
1682 1907
1262 876
1710 466
804 358
793 1862
1746 874
755 145
1224 756
1094 1627
1143 1311
703 1179
110 1839
1512 1983
713 1769
1846 1566
341 1346
748 1715
1430 489
735 1660
1903 382
291 417
1566 793
1817 1099
551 712
1786 1539
476 1905
1944 1621
893 912
1752 656
264 1611
1779 1988
1493 1824
1509 1026
769 99
1927 1231
962 1617
566 1681
1320 1301
1466 1311
1039 1713
1702 782
478 501
596 2000
620 1900
25 981
178 622
1849 1066
749 572
732 892
274 914
1682 14
1041 228
1724 569
1176 493
1532 430
1422 1319
412 1751
623 1566
1678 451
1001 1027
938 409
1907 1439
1910 885
841 169
1698 439
518 154
1630 1392
175 850
1763 1348
813 29
1642 1185
169 1653
865 148
641 923
1885 1253
59 40
186 430
302 1306
1605 1462
1972 1379
970 1242
414 696
1731 1402
915 1481
1043 1010
1106 752
438 657
575 613
1926 1397
583 923
1523 1401
323 1145
1070 983
1447 129
539 1471
1506 1336
821 212
1929 757
1913 1090
1231 742
230 1550
1162 1490
618 1578
1854 1803
252 1336
1387 285
1596 227
305 1625
1387 936
1977 555
269 338
873 344
1061 1384
402 1509
93 1878
497 1157
1834 741
300 11
843 1953
1778 75
1519 1639
197 401
752 678
897 1520
185 235
1164 1125
1492 1624
423 113
1240 149
1553 107
558 1139
209 28
109 514
1586 616
823 163
1160 747
1512 588
1383 641
187 667
933 1736
1591 1950
689 1451
534 172
434 545
1013 1942
652 956
1082 1697
1728 713
978 1901
96 1361
1647 1241
1462 1326
302 1433
616 673
279 119
524 795
1033 1793
1003 1936
1372 687
798 1110
1508 1853
170 1265
648 248
1100 1333
728 1691
1969 1947
1771 1469
888 961
1915 1281
372 1206
1851 1499
951 1453
531 1413
1430 588
1860 715
1801 1262
1006 1924
1988 1167
1289 1575
974 1926
1291 419
1436 778
774 1711
1017 1770
1659 1161
1704 1905
1845 189
111 840
386 1532
494 1471
1835 1301
54 1956
1920 1531
1994 1050
123 643
495 404
415 1324
1344 1519
1439 1657
774 1270
806 231
1422 846
1363 207
286 1885
226 1259
134 499
62 1484
768 194
126 1627
1095 1855
1769 132
1197 1183
1704 237
981 1983
1710 938
287 652
56 871
607 1313
946 1713
1447 1087
142 1145
623 1304
755 779
881 962
466 1573
1842 657
117 1723
116 967
81 471
690 1257
715 431
127 81
269 377
1936 740
68 337
457 22
1995 1990
1611 535
386 1797
844 694
306 438
725 230
1829 241
1660 787
70 66
1595 472
1888 236
398 262
29 1053
595 776
209 890
141 1298
1643 1915
1946 173
1332 207
1355 1636
806 1445
1354 1142
1334 1709
322 1946
1458 166
583 365
1866 1552
1474 447
1372 282
790 711
1830 345
1743 874
591 1900
1831 1294
857 1454
1584 1126
812 859
1915 1788
780 977
1464 1530
1236 633
1011 1312
1499 1944
1039 1891
998 723
1361 787
811 1136
838 405
730 808
674 1510
214 605
653 1371
937 1457
442 1817
123 530
736 375
262 1704
1247 1880
1290 1943
1590 187
171 1256
755 236
1188 1671
993 1785
703 566
471 47
1841 1148
4 339
950 1435
373 1780
476 1925
1366 330
973 355
632 266
461 1758
576 1699
260 1879
794 407
1720 1113
605 412
139 343
688 1533
866 421
1447 1476
1039 1443
560 1747
1076 314
1008 581
245 314
1133 161
1393 86
1033 1418
1622 1309
1432 779
1049 1324
687 1237
804 1126
1991 1667
338 580
1650 1880
1763 185
1084 935
394 835
1776 1964
1517 205
968 694
40 619
574 438
1282 349
1496 1560
300 1706
465 1214
81 1298
1437 1456
844 618
692 970
1555 1130
1897 1257
1626 38
1896 1889
1913 1737
1191 674
1748 821
1766 1600
1308 1959
1386 544
1784 790
394 1869
1102 1161
915 513
1725 698
1052 1043
1250 76
144 1364
1356 259
1532 919
61 220
1467 1576
398 1559
77 61
823 678
756 1872
258 1813
1829 1402
456 1935
1043 882
1846 66
520 919
1546 1449
1277 1105
1383 371
358 1250
769 1616
982 1113
748 586
942 1274
1961 1683
1187 1796
1397 1383
1278 1709
397 1122
699 1640
363 1110
526 677
1709 827
153 1195
1217 1677
1410 1924
1854 911
1705 1985
1319 607
1681 940
1860 1392
12 368
1267 1766
1659 856
715 1776
446 399
1435 951
886 239
623 697
1847 1276
23 82
62 280
1707 1574
262 593
379 8
722 1060
41 1637
667 1557
1314 769
1842 60
11 1449
820 760
1335 126
1586 739
1300 510
1435 211
169 499
401 1893
752 980
230 871
246 675
1202 1862
775 182
661 1415
686 293
617 1454
1892 202
1363 1105
374 672
87 23
249 1268
441 1065
496 1380
49 1329
1383 916
528 422
1794 544
1553 421
1534 1797
1370 1507
1023 1879
1967 836
1260 1657
364 652
1625 1431
946 1197
1149 1133
1626 707
606 601
1676 324
848 737
112 1151
1708 664
69 1268
1771 96
466 1433
1000 779
813 1176
219 1558
32 951
1651 62
122 1182
594 670
886 1153
557 1937
339 1564
57 757
145 1557
1565 14
1932 547
975 1651
1633 757
935 1778
1799 1435
1748 1959
718 1403
761 1965
187 609
1845 9
1530 1187
987 972
1596 265
782 26
595 1984
933 292
1289 1503
410 1686
336 1545
1586 891
1384 111
637 1096
315 320
1057 1301
1025 1036
1341 438
1466 1924
1680 1705
442 545
1192 1305
272 1950
498 178
1756 670
1987 307
76 128
1827 374
46 1928
1878 202
1416 1904
465 902
1435 767
775 28
1344 1319
476 1298
1337 531
1841 219
1861 1548
1246 1540
653 1194
1538 133
795 1219
718 1157
744 891
952 531
1548 1564
1387 1090
1940 1324
1009 158
400 1795
1560 1298
1905 1169
1311 1219
1449 1616
1804 490
678 565
1239 1083
1439 645
1545 1089
786 834
890 1283
516 942
813 285
1463 1949
1125 1288
618 292
1310 1800
96 155
1107 1948
470 1596
102 586
776 19
49 1909
1828 147
97 1174
491 651
3 776
402 1032
480 670
1815 1586
774 877
16 1532
19 1414
1664 697
24 62
1524 595
1726 2000
1955 73
1447 719
1493 344
443 664
1704 1868
954 334
1466 17
1610 1885
837 60
1873 420
955 254
863 1085
1867 1717
130 1535
838 372
629 341
802 1715
1441 188
1130 1554
1808 317
117 1561
739 68
873 24
1972 269
1760 1939
468 1263
216 1484
603 736
956 568
1662 1840
293 1812
1565 1109
205 515
412 1177
265 1886
1017 1735
637 164
1835 1696
1372 1905
1216 922
1440 1383
1008 1094
131 1163
1067 1916
872 1115
1117 1044
1662 521
1367 1717
214 1518
1787 771
1008 641
1269 1649
1228 1523
423 759
1452 1985
1559 617
1235 284
670 1557
517 658
1135 466
1946 1404
574 1923
971 1000
1687 1281
603 1891
1733 1983
1314 1091
1217 1936
476 1065
584 408
644 1068
1739 1664
1197 1847
785 1140
392 191
545 999
1055 815
1375 619
208 412
1520 1329
1315 825
678 681
1790 1912
828 1259
381 588
841 1743
1269 154
458 1912
32 1953
352 35
1949 1532
1518 10
1028 1314
1095 379
1373 1789
280 184
1558 929
1474 1694
1659 158
1827 88
1456 1268
1449 941
1989 763
5 1906
1480 1465
1681 1892
1109 1802
410 1561
1804 1903
308 592
1285 1838
1645 1431
562 607
1904 1282
1310 563
627 1973
141 1059
192 590
1355 826
1996 1378
1225 798
755 304
294 1683
91 993
41 1078
1482 698
48 911
1117 1432
1150 141
997 1191
329 1099
1951 69
940 1599
415 1457
902 632
1245 1725
892 1003
477 805
764 819
1429 88
1978 1149
1755 1026
790 1100
390 1659
1965 1645
1675 1032
1215 843
1578 1615
995 1791
1668 142
822 1485
979 345
1182 833
478 181
957 1843
1908 904
1996 1648
429 1795
63 749
577 1942
1901 887
374 1117
1148 1733
548 1640
1727 782
1340 1121
1193 1048
1843 1822
1224 98
291 802
847 1964
1641 952
367 1675
735 876
754 745
1178 744
503 1788
1355 515
246 1105
283 1383
429 500
1 1427
1654 652
1960 1867
79 696
1899 562
1807 1588
1313 1651
493 711
1329 1932
495 1365
455 362
608 1183
643 1344
45 1199
41 1591
1101 356
909 1817
1273 1636
843 1175
776 623
1042 811
1262 1830
1577 288
371 501
1101 1309
1707 452
1198 607
1201 884
1482 820
1997 430
1464 823
551 1672
1739 959
1882 1401
1686 1570
880 895
641 1774
1844 850
305 708
1917 1932
1993 1914
1996 934
419 86
1178 673
1284 1666
1882 359
112 1070
971 1525
1931 630
430 26
114 1365
324 131
1254 1883
371 408
1171 293
1182 598
1508 1481
736 473
495 145
508 18
662 947
435 509
899 1695
1016 228
1210 1262
259 764
1977 829
1445 483
1633 883
601 1760
951 562
572 1823
1408 410
850 1171
367 829
1191 483
658 88
426 493
117 1871
48 1632
1206 981
1922 541
1062 1911
1116 1121
351 1181
197 130
1607 1630
1142 1757
1456 412
1144 1332
933 1299
1815 688
652 430
514 1066
71 928
1329 12
47 1967
1796 1920
92 168
458 299
827 1959
25 187
1649 731
46 1287
1318 262
1099 1970
1133 1734
897 1027
786 1932
1869 1446
1607 1137
1922 840
328 419
255 19
1989 1293
603 321
1788 1979
1567 1161
251 1725
1781 891
1406 1241
351 1860
551 1458
517 1054
1084 146
759 1745
122 1883
1745 416
1460 1933
521 1209
704 1924
316 648
1464 861
1283 1488
1589 1459
292 1161
1996 1776
1127 946
1759 415
1277 1949
424 249
96 932
789 980
101 1612
982 1184
1862 1106
1663 1710
257 1863
956 1688
1129 1204
1333 1747
1762 339
1595 802
1670 341
1441 109
898 119
143 1740
989 742
1313 694
1008 1089
113 1338
1141 1171
1514 1845
548 1568
656 422
719 515
1872 1111
1594 518
1658 1684
907 978
869 1502
791 938
299 1370
1847 1999
506 1651
1697 1585
1020 161
1297 670
1475 112
75 1058
1884 1456
1174 1971
1398 83
1965 1997
1846 809
1252 1284
43 1725
983 1781
1853 621
537 1771
987 1265
1126 389
1592 1857
1937 1156
1005 1069
1773 639
1825 1217
1231 297
811 906
598 622
1601 1968
1509 1480
931 1000
1402 1193
232 273
732 1266
718 1536
1243 364
933 939
1910 509
1595 608
1107 738
947 141
115 204
381 603
927 718
933 536
1308 1396
79 590
783 1941
1603 1947
1675 1813
661 641
144 961
1582 989
1979 1908
1961 514
1059 795
671 389
1854 962
613 1227
1824 873
1479 1474
1624 340
481 591
1126 808
138 726
1607 1557
66 1468
683 324
1119 221
164 1876
1217 713
85 108
1794 1648
1817 1600
115 245
1156 1176
1616 528
399 861
911 1410
561 936
726 293
462 819
1751 1066
342 481
1436 145
1854 387
885 421
334 940
889 639
1625 1784
1512 1794
999 1867
1366 100
516 172
412 710
55 1184
569 11
476 1973
490 262
41 1487
787 727
1281 1859
777 283
334 64
616 396
1007 754
1161 968
508 434
1977 1702
1768 939
1085 1045
864 1649
1187 1184
1951 1385
1498 1925
69 518
180 1426
522 1677
1910 1242
17 1743
466 1778
1615 1512
378 135
663 223
368 1396
124 1661
766 1033
1926 858
1021 1345
1418 770
1970 1818
507 1077
473 995
399 1517
992 1036
157 1499
652 1119
1428 1266
682 1928
626 1311
579 1241
923 212
839 1684
1180 1574
1503 1429
1376 1085
350 88
1549 1392
540 160
472 1596
1290 1073
1183 1199
1693 77
262 277
642 1045
393 1661
1232 1772
1685 857
841 1356
572 1341
100 1789
1890 1837
59 1167
250 1890
1210 1399
285 1253
1385 534
871 45
1142 469
1852 1566
1923 1925
84 1754
845 1496
525 10
489 1598
112 1532
1281 723
1716 88
1880 1093
1640 926
1915 1817
1873 468
1772 1682
169 17
1568 1738
845 185
1183 1609
242 391
1336 1210
1301 772
852 19
1067 1476
523 1518
707 1657
1699 1804
206 1850
1061 452
1035 339
788 251
346 1828
1510 206
1756 1459
502 347
1396 1384
1325 1905
1570 1122
1560 560
658 1784
317 324
901 1805
1837 585
148 262
1598 1067
1959 454
1324 938
105 437
667 1456
1646 1461
62 1384
1618 781
323 1225
28 157
119 1219
838 1223
538 273
1231 1014
474 125
274 1528
1470 1197
1529 1436
939 1716
21 868
247 1519
1901 1183
896 326
1848 1357
1070 1335
1931 388
659 1183
995 1288
1212 521
1470 1364
943 1499
1318 1714
1091 1001
465 1559
1564 90
246 1187
1430 1625
1656 1354
887 794
1243 152
122 1359
449 1453
1549 1523
1325 1789
1156 532
1474 1444
942 952
1463 965
1646 731
671 347
1115 171
1585 540
355 551
1115 1391
1287 301
1972 807
711 1774
1180 1889
487 1612
868 240
403 1996
391 606
1574 783
917 1006
1934 1639
222 589
1327 24
660 779
4 508
1004 1871
102 815
1164 1373
139 1162
1563 409
876 920
693 1000
762 723
1655 1764
1352 1373
619 660
1481 270
1971 1936
252 1020
964 1155
296 899
340 1533
148 705
995 871
1040 515
443 854
1127 1634
633 1202
831 1535
778 781
784 520
573 709
1850 329
1017 329
147 992
232 1350
1880 501
1691 698
1404 1991
1039 1952
625 857
759 581
365 498
642 1440
975 415
1493 1676
493 367
1084 1735
369 1636
597 1314
313 86
407 1027
1851 113
50 534
100 1142
738 962
178 696
686 1673
31 1432
324 1244
1419 1356
1067 1958
194 114
517 1596
349 1907
1695 1523
1572 1750
1893 1968
799 1767
447 626
1741 661
647 144
582 1472
126 118
962 1536
40 1657
565 1806
860 1977
1261 330
1857 826
258 923
498 1530
808 637
875 1687
1734 211
1154 1156
1993 1575
758 1696
1744 1069
993 487
1853 698
706 150
812 163
1802 752
200 120
440 213
1383 134
460 369
1595 189
369 1325
865 814
256 411
1732 935
837 1984
1581 1775
1562 1841
1994 1450
1172 903
1874 919
359 1487
792 900
855 507
1207 1935
24 916
1746 649
843 1300
525 471
1130 1855
1663 1500
1225 287
316 407
354 1070
908 1525
1136 101
1815 733
73 728
1140 1933
1186 1041
111 648
712 1972
1847 479
1274 1877
697 1493
565 1715
1919 1830
1954 42
1506 859
2000 770
1199 1334
1455 1710
1635 1390
503 1896
1947 1379
701 1390
1067 35
1805 1386
886 727
974 842
693 307
1455 1019
786 255
933 529
529 1257
416 1104
46 1877
138 1502
393 242
733 704
7 1333
1565 1118
947 678
1797 1735
1392 1085
99 135
1878 1066
1334 1549
427 149
39 1846
597 1805
1081 699
1268 295
1580 824
572 1945
1226 909
594 506
970 1424
454 1708
1522 1969
1319 1396
77 1494
1005 1653
321 1163
577 226
876 1839
1294 1199
282 326
225 1590
939 701
771 1664
445 1322
1034 208
723 556
709 130
1481 234
1128 1287
831 1815
497 1840
1276 1551
656 842
899 1472
1721 1886
544 1552
195 1147
254 1796
798 163
417 1687
1097 512
69 1380
1604 44
1120 1145
1903 1188
968 1724
1195 1026
1622 87
37 912
332 14
822 746
1522 1337
746 1460
1597 1363
350 1988
1089 1909
924 1429
1764 1952
291 1614
989 1426
94 1895
709 1980
923 821
1253 305
731 1958
1312 1541
1295 666
1473 166
1033 1548
1454 1729
1346 684
179 1454
1016 620
1296 193
1930 453
889 180
1939 1728
1808 787
1399 1029
1771 1829
570 1063
1364 1656
125 919
158 1690
1075 756
1377 112
1218 1683
394 437
1389 1596
467 1876
464 1537
1183 1887
726 842
1434 1656
1848 1086
224 268
786 1377
513 1196
236 1843
873 1501
116 969
1810 1754
1015 1479
1042 823
1267 1242
1501 198
1154 556
847 1418
1457 1000
265 1789
1488 1409
1730 851
1017 1414
941 1065
1959 1065
1756 1489
1631 952
1791 1573
659 1412
1957 1904
1771 1859
1582 128
77 437
1737 440
1479 968
987 1149
1380 1323
248 818
830 905
470 1671
1965 1382
532 403
461 1632
449 716
104 1405
1877 1938
1034 1321
113 8
868 605
1155 1839
1718 1541
966 58
254 158
268 1797
1442 356
667 1405
1729 1829
1709 1522
1509 716
201 1407
7 1652
554 1005
966 1188
407 327
504 1762
1939 443
635 1010
51 165
1041 272
518 1928
740 1564
1841 1400
48 55
1476 225
866 1884
1389 1416
477 789
1790 1275
1144 725
115 1929
797 1278
1174 724
381 1636
186 1804
1738 489
1036 571
352 1653
937 497
1739 986
1715 1690
765 1861
268 1052
664 1244
10 1703
440 1904
1303 1314
843 131
1685 472
1006 262
1356 1084
1892 1655
1195 1805
1510 1974
988 1936
1927 812
618 1750
1724 323
911 1057
1425 243
1992 75
1495 173
837 1610
201 1460
283 562
1390 1283
468 368
408 1916
363 1455
1768 1004
581 1935
1817 1949
751 1555
1533 940
444 1809
1577 1329
1187 356
1142 1226
1245 1671
86 704
1130 1137
70 1900
488 1517
815 281
91 152
574 982
1115 1790
127 1657
1993 801
1972 1381
1007 26
583 716
1493 828
1233 1195
1761 483
3 1847
1823 139
1088 1717
1277 789
1267 846
1804 1430
1336 742
508 541
1185 1431
1512 1799
497 470
323 1927
48 1165
1712 1727
1642 986
373 1175
1988 1528
1628 1683
1097 881
972 1699
939 1647
56 733
1156 1369
1540 940
404 452
23 76
65 1688
112 1734
829 476
710 1606
298 997
369 119
286 414
626 1676
1529 1815
746 1721
1044 1382
565 599
330 1360
1976 1830
1199 182
1431 1315
1708 903
1674 406
1377 213
878 1672
356 427
1249 420
197 1093
258 185
202 898
617 1732
1777 1420
1787 1252
1680 515
1197 96
1244 1102
358 929
577 278
942 623
831 472
1365 1628
201 1673
1578 1330
157 1560
360 1490
783 1725
263 923
1740 1982
1032 1011
1189 900
1746 145
874 1154
1395 1034
781 258
117 751
1570 381
384 1549
753 1449
1113 99
82 189
1423 1766
1107 1050
1976 90
1612 1443
753 1091
1991 1690
526 708
499 628
120 1322
296 1470
1027 501
518 1493
1163 1993
1237 1231
302 689
998 1317
1087 1125
800 1686
703 1094
757 1284
138 636
154 1119
1004 184
1337 429
1178 1847
730 671
1012 280
205 1518
1589 1950
1764 23
1929 230
797 844
1694 1265
819 690
101 89
1943 1534
1736 1860
275 1454
1362 1844
1419 1125
1100 394
1061 1668
184 1661
729 79
1048 1847
1503 1050
1056 148
1288 1796
336 282
1220 693
1318 1730
790 1559
651 188
8 602
639 1288
89 1854
875 132
501 985
1704 911
1395 1530
1423 1985
487 420
836 421
1312 1894
1165 1762
333 486
342 1650
1502 585
1294 258
1094 114
1622 1427
1522 1495
181 1811
948 648
1009 1721
506 979
1389 1724
90 1409
612 1500
682 392
1565 1210
1983 270
1331 1853
214 675
1047 1883
1887 604
565 156
1730 1553
1673 39
1965 164
1129 470
440 1109
615 325
390 166
1496 1907
1991 978
651 1503
1887 391
1262 1378
106 112
501 1870
838 868
1743 1369
294 1489
6 3 4 45 1 1 4 37 3 5 1 5 3 9 3 3 1 10 5 42 8 5 8 8 4 12 1 2 1 1 2 35 9 1 3 2 3 26 1 2 3 8 11 31 5 7 3 3 2 3 1 1 10 3 1 32 8 3 1 45 62 45 22 1 1 16 19 90 94 2 30 1 2 1 1 9 7 2 26 4 5 16 2 3 2 3 11 1 4 13 3 2 5 2 2 16 14 24 17 4 1 2 41 1 1 10 5 7 5 1 7 2 9 15 11 3 12 3 13 2 4 4 7 1 3 41 25 24 8 2 27 4 2 8 1 3 71 15 12 1 1 5 21 4 11 35 4 18 21 1 15 4 23 2 2 2 4 6 1 49 79 3 3 80 8 1 7 3 11 3 2 4 15 1 1 3 2 3 32 3 1 5 1 39 57 1 29 25 1 1 1 2 6 23 1 8 1 2 3 1 7 15 1 26 1 66 3 8 1 1 1 1 1 18 8 11 2 1 12 1 2 1 3 10 1 11 1 11 16 1 8 12 35 37 150 4 1 1 2 10 45 15 3 1 15 3 16 5 2 12 46 4 1 37 1 1 8 3 2 2 1 2 1 1 1 4 1 3 2 2 5 4 1 31 2 1 10 3 19 4 3 2 6 1 1 45 16 3 19 1 3 49 31 11 1 1 4 20 26 15 59 16 1 9 36 6 9 1 1 4 3 4 4 1 208 1 9 1 1 211 32 10 8 18 7 38 1 24 3 8 1 10 12 3 24 32 91 4 5 1 4 9 8 11 45 14 2 3 6 4 27 1 3 1 4 4 1 2 67 2 6 1 60 36 1 43 34 70 1 3 21 2 4 1 9 21 4 4 14 12 21 12 2 9 3 2 2 41 9 4 2 6 1 20 17 18 3 1 1 44 4 2 15 7 87 11 16 1 2 1 4 5 2 12 4 1 12 9 6 4 2 10 10 1 1 6 1 30 3 151 1 1 1 43 1 2 42 10 1 116 30 1 11 2 12 19 1 1 31 10 1 1 4 1 2 2 15 8 1 3 1 64 99 12 16 6 16 2 2 8 1 11 6 8 1 8 7 40 1 1 8 2 13 1 1 1 1 1 1 5 12 6 1 1 54 17 1 73 38 5 3 4 18 1 10 2 8 30 15 29 1 21 3 4 9 2 137 13 151 2 2 2 4 31 14 19 2 4 6 1 8 18 1 1 3 32 1 2 2 1 19 1 1 3 12 96 1 3 4 1 2 2 1 1 3 14 1 6 1 4 17 2 2 9 1 7 1 1 7 4 4 6 1 1 1 5 9 1 1 41 1 2 8 2 3 4 6 5 2 3 29 29 3 3 13 23 9 13 3 1 25 7 71 2 7 3 12 42 1 10 4 1 11 1 2 50 1 1 10 3 1 1 11 10 4 6 1 15 24 33 1 8 1 4 7 2 101 1 1 13 13 23 13 4 1 1 50 19 1 5 13 34 10 2 12 12 1 3 19 2 4 41 2 1 1 9 1 1 6 26 5 29 4 2 1 2 6 32 3 28 1 75 20 1 1 63 1 1 23 14 3 4 6 3 8 1 1 12 28 1 6 2 3 68 1 3 7 4 5 2 45 3 12 1 24 53 1 36 1 4 2 1 9 1 15 98 12 3 9 7 1 13 20 19 21 101 1 3 8 10 20 33 20 8 32 5 4 7 2 11 3 7 1 3 6 32 3 1 99 8 6 63 4 5 1 2 4 6 2 15 3 125 2 1 9 1 29 1 17 1 2 5 1 7 1 27 2 3 1 25 8 1 4 12 9 9 17 2 19 31 16 10 1 4 2 6 1 1 2 1 1 9 3 11 9 9 3 2 37 19 6 19 16 1 11 1 7 86 5 76 19 1 2 55 3 4 52 79 4 1 15 16 5 9 14 6 4 30 1 19 1 6 2 1 1 11 2 14 3 34 2 3 1 1 10 3 2 1 6 1 3 3 22 3 11 5 35 1 8 18 18 8 1 1 40 1 9 19 8 7 1 2 6 3 36 6 32 3 13 4 20 32 7 15 27 28 27 8 17 1 7 14 4 1 5 6 10 13 20 8 1 5 36 1 6 7 38 12 4 1 3 17 3 33 41 20 11 6 32 18 2 3 20 15 1 9 7 5 10 63 27 42 20 10 4 2 4 3 27 8 66 5 1 1 2 4 4 5 2 13 5 14 37 3 9 1 2 4 5 11 3 23 17 10 1 5 27 4 3 55 1 7 46 1 5 12 2 11 10 82 2 1 18 5 7 4 2 4 1 2 1 2 8 1 5 15 9 2 1 49 5 1 31 1 3 7 1 20 1 1 2 10 1 1 42 73 3 5 2 1 51 25 19 44 22 1 7 7 3 1 34 6 33 1 2 1 1 2 2 2 15 3 2 7 14 23 19 3 88 29 1 1 1 1 1 2 2 28 5 10 1 2 29 26 19 16 3 2 1 11 26 1 42 100 3 12 1 2 52 1 19 10 38 2 1 8 8 10 13 18 4 1 13 2 33 27 30 10 1 23 3 4 1 3 26 23 132 2 2 46 1 1 20 1 12 11 8 13 7 4 53 1 1 2 2 1 32 1 10 2 3 1 2 2 103 1 2 2 8 53 43 2 5 8 11 2 3 4 2 1 2 3 1 21 1 7 6 2 2 1 1 1 31 5 5 52 32 146 10 16 26 24 3 13 63 10 172 5 1 25 9 21 1 1 1 6 27 3 3 17 1 1 1 20 8 4 1 27 1 2 8 4 1 1 3 2 9 2 1 1 28 4 1 1 4 7 2 15 27 12 2 1 42 6 10 7 13 4 1 32 2 3 11 20 10 11 8 1 110 15 1 57 6 1 2 2 3 29 9 2 9 4 1 7 6 4 3 2 29 9 2 8 4 15 1 1 10 7 3 11 2 24 2 5 8 1 1 31 4 1 23 4 63 1 6 1 3 14 1 52 15 19 2 17 2 10 1 82 19 24 4 7 1 2 47 9 18 2 4 1 5 7 7 46 7 1 19 5 1 9 81 4 2 86 8 6 1 6 6 31 1 1 1 2 17 1 2 3 1 3 23 1 58 15 13 2 4 6 2 4 11 5 23 1 2 27 7 3 47 25 1 13 3 12 4 4 2 26 4 1 13 50 7 1 67 4 2 67 2 9 2 90 46 2 6 19 9 69 6 14 25 1 1 16 2 1 1 25 8 1 1 2 6 14 1 11 4 3 3 13 33 25 44 20 14 3 34 1 122 40 7 1 3 1 20 2 2 2 6 5 3 64 10 23 18 13 1 8 6 1 9 50 1 11 90 5 10 2 1 9 5 5 2 3 5 28 9 1 92 46 1 1 1 9 20 1 10 24 9 1 2 1 6 4 4 38 18 2 19 26 75 27 22 15 19 2 6 13 12 15 6 1 1 3 1 1 6 2 48 7 2 2 1 5 4 5 1 6 15 45 1 1 24 1 5 12 1 1 32 34 7 1 46 1 12 27 1 7 8 2 2 2 24 1 5 49 19 1 3 1 2 1 3 4 2 2 2 1 16 9 21 18 7 3 1 47 1 15 20 14 1 2 1 4 3 7 1 1 1 31 4 8 1 1 2 129 4 2 1 47 2 2 1 54 3 46 6 4 76 1 5 11 1 1 18 1 7 11 1 3 8 2 1 37 19 64 46 11 1 1 1 21 8 6 16 6 13 1 4 26 2 11 1 4 2 8 10 36 6 18 1 5 24 1 1 44 6 4 1 4 52 8 14 6 1 1 1 36 3 18 75 12 30 12 17 1 5 2 1 1 13 6 1 3 8 14 3 21 2 36 21 1 10 10 3 20 9 2 43 28 1 4 1 17 3 5 9 3 5 13 2 9 6 1 2 13 3 1 25 2 22 1 34 30 8 3 25 26 32 3 38 2 23 4 1 9 1 4 1 2 1 13 25 12 2 16 1 80 46 2 1 17 16 4 11 1 2 9 21 9 7 36 5 13 3 31 3 1 86 12 30 11 33 1 9 3 2 8 4 2 15 13 1 4 1 45 1 59 13 1 29 1 7 6 1 11 10 1 3 47 1 1 2 23 8 9 2 4 5 12 20 16 4 1 2 2 13 3 3 2 5 1 1 3 11 8 3 20 6 14 6 14 4 22 8 17 10 2 4 5 7 2 3 2 2 24 20 10 1 51 1 1 2 1 1 1 4 7 5 18 11 17 14 1 1 1 27 23 1 8 6 3 1 4 7 17 2 1 13 40 3 16 1 20 2 3 1 11 8 4 1 2 5 8 1 1 9 10 1 1 8 1 1 62 1 3 5 28 31 3 2 57 22 12 183 4 1 4 15 63 1 2 17 1 1 1 2 3 5 5 4 14 2 5 24 3 5 1 8 3 2 3 5 1 1 5 7 1 28 11 1 3 6 3 3 1 12 5 38 4 2 12 1 1 1 18 62 39 10 1 5 15 33 1 17 1 17 1 1 1 18 8 7 2 1 1 1 1 7 5 11 2 10 4 4 30 15 1 1 14
