33 127
1562 913
732 155
1481 547
877 390
1193 1722
718 1943
467 1634
1658 1423
95 1646
1355 1228
175 1359
1196 1481
22 1006
681 1252
1791 618
1568 1597
1176 384
1100 261
1768 663
980 1551
543 469
888 1504
1649 146
1341 1490
1519 410
1927 1634
391 772
1673 227
1677 1739
1457 921
96 1955
1316 614
1718 1704
1509 155
539 1475
1635 1467
601 1604
449 500
467 266
385 653
1946 56
316 425
1590 654
116 1809
610 1008
178 1409
1985 990
1690 1461
1205 769
244 1332
190 377
360 416
210 291
761 265
1600 792
761 1434
1629 60
860 1163
867 1902
1911 1818
1654 1129
1961 57
1036 1405
555 1401
794 1996
420 770
1775 1185
1310 1435
1900 635
1859 1102
1192 1791
606 1715
1266 191
186 1361
494 470
1102 796
632 765
1566 246
77 1923
555 1860
1366 102
1900 1617
520 589
1158 396
1068 249
1929 1337
1556 153
1493 1378
1422 194
54 1785
1700 1554
498 755
1272 1046
743 1058
1306 864
542 599
685 121
217 1438
1333 886
274 704
673 53
1720 1264
1687 165
893 1099
1955 1640
1671 1208
1537 1200
1529 1541
1907 793
1998 1978
191 156
114 433
66 1234
1770 518
363 1287
276 1994
178 207
272 1989
1297 856
1085 968
423 1027
509 1079
149 1175
284 1126
737 1271
337 540
712 801
1085 709
886 1625
1890 61
1309 144
49 830
1469 1642
983 653
1080 577
1998 609
1957 54
42 219
675 1206
982 1475
767 1585
1845 8
1597 699
1276 445
1181 1808
430 1590
1153 178
1570 1252
1648 1409
1698 1666
490 1024
711 1456
483 672
357 794
666 1870
1337 334
258 1802
1168 216
1465 9
1342 1743
1316 1030
1388 673
1303 747
1430 830
1099 505
1895 914
673 527
157 1058
1283 1152
1705 933
1648 601
86 1507
1386 1477
1546 1855
1719 276
95 497
1711 1873
696 1138
640 252
1838 157
1607 1171
1153 1082
1572 1109
1857 1337
1910 468
1233 1541
300 761
949 457
431 203
1403 505
1155 613
1737 345
438 173
1158 1531
362 1299
880 1716
1833 754
1131 743
380 1923
1922 406
1283 866
1209 967
744 516
1225 403
219 117
273 260
1377 1779
1702 1060
97 1596
1105 200
1625 1602
537 440
493 1653
337 246
1464 117
576 1591
596 634
1224 1668
1919 658
1983 269
1320 347
1274 803
254 973
1782 774
733 715
440 1147
858 989
1694 1095
596 4
1428 1962
331 221
757 534
448 809
1721 1269
1993 852
409 1780
536 382
726 1120
608 501
286 420
1683 165
14 324
1491 294
1261 214
361 1648
72 820
1921 1359
520 1297
797 763
1492 557
521 491
688 1364
647 559
983 376
1341 1906
494 1821
618 1304
98 474
1930 910
893 1720
1435 1417
1057 1979
363 116
102 128
1424 947
1650 358
1077 417
650 1904
1211 58
540 114
812 759
750 1205
1712 214
1460 1242
1164 89
1854 1567
1478 553
1841 609
1721 652
475 601
788 192
1031 491
235 244
459 648
1351 1160
1698 629
73 434
1394 1951
212 1962
626 968
1257 1935
840 1443
528 1076
645 1746
838 741
1753 997
1767 523
1369 1040
1155 1489
357 1179
471 571
1217 1023
120 1390
584 1583
1705 483
179 951
1408 1994
1506 52
806 380
1448 921
1079 1119
969 362
1280 597
1053 559
1730 61
292 1590
759 195
604 1143
1641 411
31 1779
1924 1738
1566 1953
1999 1853
521 1838
1571 1178
329 1464
177 80
1588 1463
762 1729
1174 1497
374 470
1958 310
1658 232
549 75
1234 1488
1310 1620
543 1596
983 1456
278 1018
1167 1144
1790 243
1662 478
96 995
492 1019
1053 885
1774 1381
1180 325
1395 1
869 127
828 147
57 1361
102 662
709 792
1626 391
1817 1197
1871 1567
1154 547
1650 1887
248 1986
1528 1045
1506 753
1852 90
1816 1157
536 476
751 1239
1431 155
1302 163
4 894
217 1533
288 1104
202 290
1400 1748
276 786
228 1413
657 931
1364 452
1653 1531
1565 1818
1619 1580
1978 1049
556 1629
792 617
1185 1483
702 1491
361 1774
1837 1846
605 1132
1084 1075
1131 591
1448 1748
1123 1605
1885 717
1671 1991
1407 1186
1982 1213
1501 1179
1047 807
883 154
1940 345
52 1212
543 747
1084 1457
417 775
1807 1242
806 765
140 541
1443 1615
316 1739
238 391
1178 504
1076 1789
610 815
4 1785
1277 744
1074 556
1586 1196
1033 1469
333 17
1671 627
645 1170
1412 1259
1814 343
694 1036
595 1384
934 86
384 1192
1070 966
1496 253
1294 1485
1812 947
458 1877
718 1671
1566 271
691 1470
540 623
456 1584
1596 49
1402 1085
662 1224
1713 1151
553 944
1329 1532
265 1743
784 1157
63 97
1506 586
765 1022
1367 11
1166 529
259 1397
621 358
140 1729
1813 474
1349 329
986 581
340 623
1931 238
884 972
1697 710
341 254
998 814
914 974
1984 228
96 1640
271 1293
1442 1238
435 437
356 1851
1238 1109
1669 1931
613 1890
661 14
709 1441
1392 1618
761 224
744 443
1412 254
1184 1541
600 926
382 859
1531 1115
371 1002
1182 1475
474 1135
147 567
567 1135
1862 1165
596 390
1232 187
1496 70
248 406
1442 1006
192 65
1756 707
421 990
1112 1198
1973 1438
1319 397
1550 1372
1847 822
676 1583
1478 935
1789 1007
1090 218
376 1109
671 1198
1726 1465
34 728
630 1391
1447 1688
352 782
546 264
1583 1248
1300 1859
846 1240
225 449
1349 818
1329 1923
1344 1219
1890 614
476 330
1401 802
1823 246
690 1989
1540 176
1719 766
1560 822
981 1430
818 1224
367 316
1336 551
1808 1212
1595 606
112 829
1437 1687
726 995
1965 540
1227 754
1413 1368
1465 1353
113 1717
435 457
948 62
780 996
1540 51
1612 1725
507 1756
1951 1050
1018 1178
1743 1010
937 1717
1462 1417
1004 199
621 1507
1944 1725
754 88
1767 1031
273 1996
472 1099
1545 1463
163 1799
1145 1799
1040 1633
1883 336
1848 104
1903 1255
1419 1381
1215 1440
660 1218
1873 128
474 1800
1675 1720
1418 75
1082 568
1641 1852
1944 923
1879 276
1263 1883
360 72
729 251
1692 146
728 1028
1868 1306
774 1308
524 838
1302 226
1458 1598
527 1095
1642 1466
1955 1774
969 1998
1968 1979
446 246
397 973
550 1846
141 632
573 370
1267 678
1485 1797
531 1091
450 137
676 516
209 289
1508 1938
467 1184
1050 1370
1951 601
28 455
192 1832
1088 1551
1005 1719
167 185
65 127
838 749
569 230
603 515
688 386
298 1146
86 478
218 1226
1209 736
146 760
1628 461
413 833
1451 535
753 1656
84 1182
1057 1634
591 832
251 243
722 737
666 467
52 1114
610 1176
1500 1595
1373 224
1786 1899
1320 1435
527 1674
1970 1632
1484 1119
364 628
463 11
1252 1730
212 1054
657 591
1211 659
359 949
555 1683
1049 1054
1630 1924
1246 859
1083 864
264 1901
999 1046
1817 397
1225 1862
1927 1278
1326 120
1802 349
910 1524
16 1838
364 1830
752 1558
1099 840
154 857
1817 266
1464 192
982 857
364 1457
55 1082
1571 1152
939 1632
39 1682
490 552
1719 1482
1392 1313
1170 1591
578 1171
474 1758
1436 959
772 1484
948 65
1021 1936
800 1487
1660 807
304 46
1749 1294
1323 1713
1983 1413
1249 1894
829 1713
1486 1936
213 366
1927 1749
46 1054
831 1512
413 72
1230 93
199 342
1454 1698
940 1470
430 1559
883 1826
81 1237
616 1577
1927 1200
481 1994
730 1914
69 956
800 233
505 373
1999 203
1029 935
901 956
1356 1859
1338 985
1568 748
1518 1243
913 1915
1455 444
1714 973
306 442
799 457
652 930
827 1830
113 948
248 1789
125 1920
1518 1939
1734 766
876 374
54 1863
666 646
1221 305
1962 131
339 1632
951 85
1742 503
847 898
523 144
384 1119
814 1290
1561 1407
1126 1562
141 1937
1400 182
96 1451
686 403
1455 776
1513 1773
1104 1285
636 1247
610 1814
1210 1198
1513 369
734 1812
1380 1007
260 116
483 1523
927 797
1383 320
1566 641
930 1136
1029 1170
484 1243
1520 1592
1240 1249
159 164
1819 1963
100 57
483 1461
706 511
1662 260
474 1717
1990 335
835 926
588 1959
769 359
17 430
1424 1246
1966 1151
1514 1141
1146 187
906 1393
421 1820
1334 1663
405 107
847 1307
1068 1115
464 1475
286 81
358 1532
382 189
330 1565
205 1878
1745 136
1921 1391
449 753
1330 1953
43 909
512 774
1114 133
350 1352
475 707
765 643
1082 670
919 1150
553 959
529 1451
626 863
192 781
1075 1623
1976 991
1883 1391
540 163
358 436
90 1544
27 543
837 1835
1079 1463
1547 319
732 997
1782 137
282 1818
387 1971
527 220
800 70
602 1038
535 126
1807 1875
1126 369
100 1472
449 1597
405 449
310 547
560 1867
947 538
616 1014
1136 1020
1268 1543
953 485
1673 1501
1582 1891
1364 732
463 717
1669 1729
1015 964
544 249
1094 279
1022 1178
179 390
425 1971
750 292
333 1896
638 446
1737 1488
423 752
952 59
1117 1759
152 1283
1718 984
1858 1680
706 1889
734 403
1799 1191
136 1804
1857 335
1353 737
1960 1249
1641 1331
1323 1834
1779 34
949 851
1106 115
900 1684
175 1775
1616 1185
1668 1915
1586 83
965 1283
1836 962
1485 501
1582 1720
1366 1320
716 1798
658 1909
1934 1190
732 1734
1127 1418
1342 685
74 180
1816 1771
523 1942
328 586
990 830
597 420
1678 1456
1634 1649
1376 956
1303 87
1457 14
1816 129
179 125
1700 551
1966 295
1067 1265
907 1913
1308 1483
1468 1879
483 1890
1585 696
971 1804
1529 1025
421 1567
1988 193
876 1835
1242 1109
103 697
307 547
1573 828
1546 1058
707 1902
1998 685
1422 1459
1434 119
1620 1202
570 1012
1449 573
623 735
302 327
1256 1126
617 1249
1429 1880
605 1853
591 810
1256 20
1227 244
1574 1621
1443 746
913 1843
1366 970
1121 1309
386 1754
1460 1990
970 916
424 985
783 911
890 905
1889 508
384 599
28 1908
451 368
248 157
1666 128
812 815
997 163
1699 1917
568 1024
801 474
52 636
1658 748
1664 636
320 799
1609 80
1091 1520
450 468
1169 611
925 989
1980 1071
1052 1046
1133 379
254 77
1343 1786
767 1366
661 1902
123 978
1658 1915
1290 841
718 348
1627 643
507 88
1967 501
231 1347
1380 1806
745 1179
727 963
477 1740
794 1615
975 1892
1707 384
2000 1416
766 79
564 1763
636 699
773 726
1819 1333
5 1656
333 310
1754 1104
1512 1941
1231 1451
1594 1223
1444 1453
102 1147
1206 1725
778 1994
700 1407
1604 1470
1095 1264
830 798
220 551
1613 1605
1775 1079
744 67
1287 1850
622 749
1232 148
6 1407
352 1937
1108 1498
10 376
558 864
1216 1576
744 315
1670 1438
1020 1799
857 954
384 1255
1028 764
166 1251
98 778
1062 1577
797 1087
393 1727
1330 1225
1936 1145
1508 97
1187 1372
1750 608
386 896
1176 1684
10 128
549 1168
979 1068
1629 1440
254 1218
619 1928
1198 83
1008 445
906 1761
568 1058
195 1333
795 372
1936 1292
1740 404
460 1033
546 522
1197 1760
1700 410
1671 245
1654 408
10 361
1780 1181
1181 154
179 1556
683 629
693 1820
1502 85
1520 761
1682 1541
1267 1246
1555 1489
1858 663
634 35
1537 947
632 683
233 1712
843 957
721 948
476 1218
592 287
1464 1029
1132 22
1931 159
1100 794
893 1065
998 593
288 1967
992 470
1044 709
259 1192
529 1674
716 1953
902 1653
975 607
1560 196
1412 320
1689 1363
684 364
1258 1806
1706 1834
1098 1035
1677 332
1746 551
12 134
138 1926
881 1120
1491 192
450 918
1516 306
1202 1582
651 121
74 751
1224 1597
433 542
1292 1596
781 1638
1866 636
1571 23
899 1045
603 107
922 1330
1652 345
1895 226
1951 1559
362 1116
756 1302
1310 266
639 1702
1045 1275
1918 777
711 1024
1278 1679
1862 221
1446 1679
1976 485
554 48
1061 356
416 1210
687 841
1215 1162
254 1948
1900 948
1802 917
1943 738
1986 1617
1049 1815
763 889
1471 22
1865 586
302 1938
382 351
860 1840
415 46
12 1349
1985 895
274 1602
448 446
1817 394
477 920
610 1661
1708 83
958 187
1008 256
353 850
1015 441
894 982
524 1411
814 765
1270 1101
667 1512
128 380
334 1135
53 1754
938 957
838 1281
1974 887
368 1332
1000 1318
484 370
1257 1434
1504 296
1599 1815
264 881
1571 154
1091 1782
1243 1549
1993 1390
1429 57
1395 113
1915 1633
666 240
534 1449
464 1915
450 1583
1893 1550
1117 1976
193 562
1839 1112
537 1060
1779 172
612 305
553 136
1040 1596
1357 873
1316 541
259 1803
1720 458
183 562
797 318
1034 705
422 1305
687 390
896 449
1727 1898
38 382
591 1441
1355 1226
1316 429
1168 1338
1320 795
773 1547
1342 740
620 556
1784 538
1455 601
1017 172
532 1576
413 43
1852 441
124 1429
1745 326
636 1591
1756 693
768 966
1087 690
1817 271
1698 481
441 699
890 1045
1514 1740
462 972
1407 937
1306 1417
1837 1909
1559 252
193 1628
1421 381
1486 651
783 1940
1213 1951
390 951
1909 1092
770 1231
1280 1868
1691 38
1604 212
422 1816
517 698
1545 861
315 1107
1524 1946
1112 1697
1762 1433
305 494
502 1405
594 1014
1825 685
1199 741
1175 1482
868 334
585 1774
1564 1708
922 1939
927 784
605 1769
35 1935
243 1960
1950 619
390 89
247 962
1768 1969
748 843
1521 1664
549 1082
160 109
1661 1914
1859 22
94 247
12 1291
1261 1960
1175 677
1888 1678
1495 1408
540 85
1625 328
1605 187
1923 897
1658 1023
267 872
1007 327
776 418
21 1631
930 447
1066 1770
263 78
776 554
1177 438
534 1359
691 606
860 1637
1781 453
862 1909
740 1653
192 496
299 1238
1889 1734
951 599
716 1469
960 1762
791 1117
1106 607
1992 1674
1449 1944
1394 1708
264 443
797 1854
1628 1018
333 995
690 1441
64 119
947 1372
1794 447
1671 1622
841 1067
710 470
1321 1579
1887 1526
888 1470
394 1605
1662 1759
152 634
1277 11
712 221
1273 516
1242 948
1620 480
646 36
1163 1686
223 1160
1209 272
930 317
1180 518
1522 1479
1366 745
1197 1553
701 508
875 476
493 618
150 1503
1423 60
396 417
1539 1522
1710 256
1628 325
827 934
605 218
948 738
455 1016
851 974
252 1688
828 1714
284 1647
1242 1881
262 165
751 672
210 1383
1769 1901
1161 197
961 30
460 1480
1344 1944
766 1563
385 1866
1876 771
231 1697
1132 844
336 75
1506 1842
1069 1713
1831 1581
416 298
1860 852
1564 380
935 884
769 166
368 1479
1993 454
604 267
959 914
1437 386
812 1532
102 1622
1904 392
963 1332
527 1173
1319 475
1963 553
1711 966
644 190
744 1883
1907 578
927 1099
1378 118
30 1064
1331 1736
1016 89
469 1959
1505 1805
1405 437
779 208
1723 1861
1116 1272
894 1865
734 983
1691 1704
385 1863
876 1480
590 272
1526 315
342 275
1821 1991
1978 934
1027 993
1497 629
592 465
260 9
336 1484
1711 12
1362 309
1150 950
161 1667
1955 1939
1756 1648
99 703
1142 1507
1040 928
448 1050
657 349
1847 201
63 750
866 275
50 1558
1170 1880
305 1654
752 1822
1992 728
1798 1228
544 1950
1380 32
185 524
979 1448
1523 287
1716 925
995 1237
292 438
1555 657
1695 73
1763 1426
984 55
30 845
459 975
1262 1835
410 859
1817 152
1061 373
6 1536
19 779
1430 186
1750 489
776 394
120 972
91 712
717 1262
315 355
394 938
398 1938
264 859
1883 1226
1692 466
531 1842
1749 607
1622 1341
1456 114
1611 1370
1941 748
501 1462
1101 1659
1374 860
1103 1869
651 1438
1532 372
871 321
1342 906
809 890
649 208
1431 413
300 1324
1221 1824
1241 972
1600 856
642 1373
1216 1772
656 1010
15 384
250 1614
159 1000
77 617
18 392
544 1861
250 163
853 1374
943 816
663 323
98 1373
578 660
882 870
1605 1128
1481 1019
875 471
1450 916
1770 476
1346 1682
4 486
198 371
838 1528
706 1259
1095 1170
517 306
1708 1762
1106 966
80 200
373 1295
1551 936
1864 608
394 946
1268 604
667 540
1310 563
899 34
309 1997
150 1008
1010 1898
828 634
981 1429
1004 1471
1894 599
187 1549
1755 1786
1052 857
488 1210
1888 469
1439 897
1508 341
1927 502
1396 1771
615 1569
489 65
1673 794
1564 1234
835 646
828 1099
1633 1644
792 1043
1445 627
349 103
988 1758
364 239
1397 114
1781 852
1240 1448
824 1422
1031 162
1178 24
1845 547
1343 910
1003 577
745 353
405 1997
1220 1480
49 708
1412 1095
385 253
1160 1600
1587 390
1451 1039
302 579
133 902
1585 1623
1834 466
1991 991
1310 639
399 240
637 293
1327 1457
1000 307
1825 1244
906 1176
343 1592
1179 722
1037 1896
966 624
1560 1120
1700 1002
793 276
936 1479
1848 1274
462 1046
124 1998
87 1475
307 1580
1871 867
1668 1995
1631 1422
1020 58
1050 1192
553 1411
1124 1984
463 975
1621 485
1512 1642
1798 756
730 832
447 296
29 1185
302 1801
1085 1646
785 1622
178 456
305 842
302 989
1942 799
1583 963
700 1409
1011 485
236 1167
609 736
45 1190
1930 1267
45 1878
1817 1961
1488 328
879 1578
1622 672
1231 1246
303 462
856 1043
1523 637
403 844
1509 209
1821 562
560 1767
43 331
1297 525
769 97
21 1080
124 1950
833 947
1737 33
868 1803
70 387
1105 1850
283 1922
1118 1790
800 1143
1806 372
1566 773
1410 1119
1230 1089
1939 1596
124 959
133 823
1667 898
1747 634
44 1166
385 1447
763 1636
320 172
1229 1186
931 953
1683 637
337 840
1469 914
338 600
247 1338
727 1098
543 547
1416 1096
290 1110
1438 1355
1179 1244
488 1625
364 1399
390 851
729 1641
585 1482
366 1752
654 838
1167 291
1463 923
1726 137
40 1801
785 1156
254 1654
1926 708
1940 1902
1373 1844
1267 713
66 1049
1796 1028
1372 633
1103 1752
1966 1926
115 49
837 1949
1297 1206
1576 956
86 658
896 187
1514 1813
719 1775
817 1718
1185 182
520 958
662 1207
695 988
1111 458
368 1307
1728 1460
1953 833
1733 1581
1714 999
1782 121
1695 876
81 1656
820 38
265 1153
193 390
1133 770
1811 2000
947 1644
1721 35
12 61
1196 912
1389 532
1435 573
897 1076
631 615
738 1006
478 635
468 201
175 1191
1598 934
48 299
319 387
144 1642
446 1900
1663 1950
644 1252
678 269
1573 1712
135 674
1511 947
1094 1867
1703 681
243 1353
1585 712
1255 816
1109 1354
1458 393
1403 473
790 668
1712 1891
415 925
1620 1810
1542 722
159 1380
960 1512
1732 57
1034 46
650 95
1892 1491
1211 949
38 686
28 614
1299 48
92 958
1177 1354
148 635
1545 749
1636 1195
522 712
1720 1376
1879 1583
476 373
1374 1300
590 184
1686 1322
1098 1027
1218 486
1940 1359
1224 1818
940 741
838 874
1094 1779
1160 1936
1157 1745
971 957
1537 683
1942 861
1259 92
269 73
1351 605
1083 628
88 173
1778 1496
685 917
683 1653
1134 958
226 1042
1649 1129
77 1967
1983 121
1225 33
669 1838
380 801
862 1697
1993 1686
1146 1243
306 1951
193 192
932 1409
1402 1778
1732 1326
842 1040
475 1918
562 151
978 607
1257 1124
1718 57
116 20
260 795
219 270
1917 1546
1122 1166
1833 1836
263 1252
929 525
459 6
564 409
1934 859
1984 1301
487 94
643 453
1237 1562
652 1029
1487 327
627 1472
1875 388
1155 1106
1114 317
527 1494
11 1828
1730 704
1154 359
697 1603
1811 774
459 286
323 1602
1715 226
1922 1667
992 191
1009 423
891 695
299 1993
1553 51
896 398
1379 1893
1133 584
970 949
1807 1732
1695 372
101 799
1264 1576
98 1746
154 1352
367 1611
1500 430
1722 687
962 579
1385 1185
752 635
1155 235
1722 1581
15 517
947 1120
1181 93
1258 1784
1601 649
1510 1846
597 1389
176 1206
1900 1011
1110 917
1196 1757
1098 282
1910 1352
1827 615
1003 162
1573 1575
880 965
1010 1498
466 249
544 64
1900 154
334 1484
1404 1197
1281 1610
664 1718
471 905
652 1857
678 2
418 1123
436 1607
1096 1111
353 1043
1583 342
196 1643
813 1952
1598 658
81 854
1493 1995
1666 1513
1478 721
1244 353
1488 1149
1183 978
120 132
1622 420
793 1970
1431 1231
1436 700
22 182
947 772
1634 1896
1672 646
1269 1757
991 1504
784 523
1283 1519
72 769
1203 628
1425 963
1513 730
666 1747
1992 158
681 601
1369 1860
1311 1851
659 1607
847 1900
682 951
1400 1635
855 26
977 689
1023 539
1985 328
1487 1618
1777 1086
424 595
755 862
959 1989
1821 421
1796 1590
1780 207
948 496
1224 1457
1129 1452
1511 1127
1554 871
788 1794
416 330
155 1685
184 171
439 1223
1566 536
278 551
1486 141
1595 142
1085 11
868 285
740 1028
1437 882
1800 125
38 1973
1317 1799
1079 318
873 615
131 453
864 132
1780 752
919 1952
159 1368
1180 1264
1442 486
1651 1067
207 1580
1709 1175
39 1695
1496 829
893 934
68 1891
1420 248
840 811
1197 100
77 530
1945 317
1747 1069
1099 48
840 1347
1301 1986
921 1271
1665 1546
450 1285
72 1926
1085 1616
522 1344
864 861
989 1387
1095 1443
955 355
8 1405
1305 1067
1647 1956
1290 1782
1337 1327
693 168
49 670
294 1643
80 1318
1226 802
317 772
969 968
1180 1828
1576 470
1469 302
469 1266
967 1821
879 233
1392 802
1376 1304
161 689
624 95
1974 1210
1147 1357
220 7
568 1
706 480
289 104
130 72
1260 623
482 276
1071 1637
1664 614
1108 1064
210 1148
645 1527
1596 1471
344 1502
574 1538
280 633
1897 235
507 661
24 1746
431 1589
8 407
288 1435
339 1879
1539 722
1603 13
1753 1234
1682 1030
1435 874
78 1786
1720 158
235 833
361 1098
1436 919
449 1761
523 1937
1674 486
1318 1051
1292 1862
1100 1143
171 1204
277 1996
1687 1776
977 211
1983 1448
1708 1032
1363 242
716 1428
1784 32
1908 1633
797 1539
1343 1373
333 1432
542 1249
439 1567
139 1590
1202 299
833 484
180 988
1094 1159
1035 156
845 1177
639 924
1575 740
174 1498
712 398
1169 735
1811 943
1480 1321
577 1882
214 160
1629 1975
1305 1104
977 221
548 301
300 1095
1341 791
1771 1972
1683 474
1924 789
196 1488
477 1004
1029 219
467 1309
888 1548
1983 543
550 1374
1364 1159
1664 100
4 54
791 1757
688 1237
346 534
1888 611
1471 1524
1093 1923
141 1816
1597 226
884 1082
1708 1254
1169 616
1805 1046
219 940
1021 462
950 1457
1531 153
1093 338
1350 399
343 1936
660 1276
264 1266
1044 7
67 1035
749 889
832 1304
761 726
885 1106
502 711
1145 1039
1155 747
1459 1581
1516 1419
594 1016
474 1039
782 197
1429 495
1111 1715
763 1191
1161 1409
149 1015
1539 1632
1084 1526
1526 1453
853 1776
692 1289
267 1451
1509 1650
1256 291
472 747
1064 1058
621 1760
1298 738
1472 372
1382 375
1039 1332
273 873
405 305
1562 1853
1067 1940
1074 1892
1720 36
636 40
1017 877
1747 1033
747 1890
1407 252
204 1984
1189 1365
27 809
1669 1093
1069 1194
580 1629
195 367
1516 1294
1831 1678
1432 1713
1443 269
25 559
326 1717
1852 1336
387 739
1217 1197
1094 967
1783 852
698 514
1777 907
171 1056
608 936
712 928
1574 943
244 722
392 165
1249 1043
369 1754
817 986
1694 1930
1486 981
1969 1845
291 1264
1793 759
1990 1242
335 296
1056 971
1060 1517
688 478
662 1873
1668 95
1734 1783
945 3
33 985
1472 1559
1130 1871
1966 1772
288 73
111 1679
230 168
1584 1352
729 209
1975 1150
7 1300
246 1275
91 1091
1184 565
839 1722
595 60
1001 705
983 138
694 1742
788 218
1729 98
208 1247
495 1758
170 944
1331 651
1834 239
1030 1025
953 694
1875 134
43 888
1037 1319
1031 358
815 1917
541 1370
1909 1400
367 1356
1389 1535
1451 1916
1585 1357
198 1521
640 1475
1090 1530
1753 1150
23 1229
1842 268
543 1886
1646 516
1826 1375
1604 894
1252 1117
26 1543
1146 918
139 1710
480 158
25 1532
426 710
393 438
1480 1612
43 709
540 325
1885 1126
232 1417
214 1042
1575 1066
1831 1358
1619 341
1833 1707
1535 1181
70 36
1197 914
938 370
73 241
1310 360
1130 138
1037 1700
819 182
1829 1069
518 1001
1741 928
380 1780
521 1002
720 654
83 1328
632 1344
922 74
1491 1875
479 612
1942 282
992 595
116 1045
573 1738
851 1195
875 1112
1407 691
193 1372
1294 182
1016 1082
804 1751
1642 1924
136 1048
589 1492
1878 192
620 493
968 1559
435 85
1924 1822
1423 242
839 270
66 452
360 456
844 1479
195 1919
892 1506
322 1443
82 661
1674 232
1900 87
1236 1283
1662 535
177 353
507 1507
1673 806
244 1405
940 404
1810 1579
428 1692
1988 1771
52 1290
1396 461
611 1047
1714 1231
435 260
1198 1387
647 66
336 338
987 1260
1719 1088
1884 131
1340 1162
653 1146
16 1958
1919 9
1390 1028
1437 1283
548 451
1718 651
286 317
1091 1427
1125 1352
380 500
706 211
1087 1956
360 1572
1130 1298
1396 447
218 1082
840 384
1319 723
1184 1664
978 1457
1973 884
1772 151
1532 246
783 1281
876 88
963 168
282 1421
829 515
1096 867
502 1807
16 927
1152 268
1811 962
498 36
617 1239
269 1381
718 59
28 48
1061 442
1655 1093
1292 1390
551 1624
1817 1343
1683 1143
981 884
289 1526
1416 503
1073 1801
2000 1502
941 474
1470 600
1044 1472
1147 1469
627 1333
219 1727
1297 1901
1154 719
369 1250
1115 203
1532 751
63 1693
1670 1950
527 873
1091 1428
1355 571
1411 84
1763 819
1245 1506
440 397
1183 192
636 720
1623 319
1164 1729
254 726
1154 1974
1259 1102
1227 981
875 1583
1922 181
362 1916
1698 1816
368 562
614 1602
377 117
887 1528
1578 120
1253 1140
1368 101
1986 1688
1414 1776
1742 819
1418 193
554 1299
1371 881
383 1530
19 455
1065 1458
1663 1862
1368 1281
1073 429
1357 795
1100 52
1090 549
665 1943
532 1453
210 983
1937 414
455 351
385 413
1241 1298
969 1755
1655 924
1793 1723
44 829
694 1934
879 1953
1461 1908
869 764
1323 605
1570 1647
297 471
627 1731
388 1019
1746 1552
1983 1017
489 1806
1963 577
810 840
1784 1569
1503 89
585 1128
375 1876
961 1368
1080 1769
1705 218
755 761
1365 1376
543 295
1463 173
1286 58
1510 1708
152 7
1497 1408
1129 1058
1657 1660
1521 81
1695 1743
765 1006
1958 231
880 274
920 334
1769 1740
1473 822
1148 1204
605 1333
1767 424
291 441
688 343
1260 1753
1232 1250
1242 1241
393 1025
950 1697
1544 95
419 848
828 1723
1817 1905
383 1562
1555 835
1931 91
1022 654
82 1993
834 771
429 569
1935 850
82 447
1115 168
273 1931
1166 306
919 1083
1767 420
1600 1243
1391 1820
1078 1870
1258 563
1389 1896
846 744
661 549
1435 1315
160 1279
1208 1551
596 1616
1599 132
1362 1513
1730 144
1606 1344
812 644
653 136
286 1970
1675 343
860 1190
166 384
1261 106
237 174
788 221
508 59
755 139
686 1433
1141 1125
631 1748
997 1112
23 664
1775 1616
399 769
930 914
945 1538
1541 1112
422 1831
1208 551
774 1686
461 1805
186 963
464 214
472 1039
891 1841
493 466
644 1841
524 330
1566 1657
1370 819
1783 1527
1268 176
415 908
1038 1949
677 1101
628 1625
1514 247
1303 331
475 1580
1262 1356
588 43
1293 886
960 323
1526 653
410 1216
798 708
532 232
1517 1160
1574 1844
494 778
1275 1358
449 1609
1327 1569
630 1634
1161 207
1490 1577
1105 1230
1203 1215
1478 1936
1839 194
347 1027
107 178
540 881
918 1792
752 545
1860 1141
1531 764
935 536
1436 927
64 1804
593 862
1380 758
1223 772
1240 1686
344 1798
1436 877
418 101
402 1112
688 1540
939 1433
11 781
123 1540
1837 1789
981 1554
508 1371
616 211
3 791
512 193
114 985
1136 118
1466 241
1040 1562
1956 795
779 1697
546 663
1996 1294
1161 1514
1895 1396
525 1251
1246 772
1790 656
1004 1871
1112 822
309 410
1131 694
90 265
437 1045
1241 739
667 1693
94 1763
1870 1842
728 1527
1136 1329
1673 977
1298 1023
1242 552
1718 1535
1199 1809
1464 1288
712 771
1434 1174
1577 634
42 380
1553 533
744 114
961 1831
1270 823
767 691
574 1242
139 1987
194 979
795 1557
1 901
873 372
130 1687
747 538
1452 173
867 674
746 99
1340 1821
375 1578
1873 846
1960 614
1958 301
1689 949
1768 1336
969 1432
1813 1962
78 930
823 1448
1016 1549
721 719
39 531
880 393
1705 702
723 867
1045 443
77 713
1387 1228
934 1195
663 1551
1961 1937
1350 63
1020 1918
141 663
1199 249
223 546
1858 326
133 1993
942 1532
1404 1827
1682 1574
1060 733
1348 608
1169 1929
1896 220
751 1004
359 887
254 1826
1078 706
1554 60
208 1427
81 155
1838 491
883 1219
1327 1723
596 1880
1929 1389
1106 1934
648 1174
1158 1928
1848 1281
1114 1688
1724 1322
1517 90
1170 1438
1134 1198
548 1631
1858 1982
1375 249
691 1199
999 1399
682 36
1303 1265
1824 315
2 1218
1174 92
1620 555
1012 862
1269 1307
497 599
493 676
174 830
1101 758
1028 830
1069 1574
631 979
1161 1430
1886 1095
1578 490
859 1924
1494 1220
402 527
148 1552
908 542
472 1050
1068 330
501 148
260 476
1440 1279
1231 1976
1039 633
1261 1837
512 787
1927 1331
1374 1249
1303 1178
1691 1723
1681 1596
1412 1835
185 1960
1929 146
7 136
36 93
1875 29
1329 943
1419 1213
1167 1904
1547 189
707 1504
1536 573
30 288
1690 549
945 1548
548 1566
1310 309
1280 1275
581 1902
878 1579
1445 1656
1120 216
247 911
198 71
1347 905
934 758
1560 743
1208 974
1872 1728
400 1992
832 901
1874 1644
1693 1544
345 1680
1972 1425
659 1328
481 1976
882 1517
413 149
337 753
494 506
32 1556
1262 1196
1291 1414
114 1502
351 1712
184 1317
1607 1140
1133 1833
1963 197
503 1989
717 1367
1705 763
1732 36
1753 1187
333 1880
1164 1303
1305 1820
1764 286
1437 1382
1083 119
960 157
263 10
903 1082
1009 894
583 1683
1938 1542
1309 1080
1261 928
1799 462
1756 1851
719 1385
547 898
487 1965
422 1397
1945 769
1698 432
449 335
755 697
419 1008
1096 408
1233 1825
394 189
1600 1857
80 772
123 728
1134 453
1909 1289
918 575
310 331
1070 682
1468 196
1457 187
1620 1055
1716 1051
1616 1287
250 1795
1669 23
1286 809
1025 1800
245 728
1978 555
975 331
1969 1852
590 1683
337 1775
208 64
75 1902
1012 1255
103 1742
277 96
596 897
167 170
1888 254
1053 712
267 522
247 1201
504 778
1260 849
341 433
518 1583
514 845
1611 598
1311 1588
1342 1490
893 639
245 223
1879 1273
1229 317
1839 1889
1455 301
1261 1466
1340 1780
845 1913
903 1289
428 1306
1270 246
1969 274
1059 1609
472 934
1520 1422
620 1040
430 1811
248 890
817 1133
248 1432
301 1030
1792 168
1464 1560
118 101
682 1560
1137 1512
1422 163
1131 278
1835 614
1774 242
1526 1737
1135 486
255 1357
574 1854
1418 133
517 1357
1191 1717
419 1656
1403 75
1209 833
1357 1246
95 1487
1504 370
1836 557
1062 524
385 580
1443 708
915 1380
211 1713
241 1680
641 424
690 4
1640 1429
1076 148
1323 227
475 1681
1997 145
962 1567
446 530
1196 4
1031 1152
1767 412
885 1540
996 20
193 821
941 811
1350 1753
1654 380
587 866
894 1105
1379 21
1600 1128
962 1190
124 1214
1262 1588
1873 1770
1465 324
242 1557
1116 318
1847 1523
290 530
340 1327
1455 358
648 1136
441 1201
1779 1143
649 815
1896 719
1307 1023
1783 822
1601 101
1852 48
1867 177
706 1845
1806 1198
424 532
373 617
1637 598
478 1219
1367 1940
504 50
1414 596
414 62
440 1085
619 34
1600 163
1141 715
824 578
1511 1168
578 653
1191 1312
1882 1279
1262 1143
976 213
25 1380
1189 54
1292 1742
962 1318
1674 1365
238 1369
687 500
369 1800
1193 1175
1776 1243
511 1113
1896 1211
1892 491
606 1287
1369 1862
259 1424
265 661
1517 717
30 244
384 511
773 1780
1897 1719
1494 1147
105 285
653 1776
138 1880
1974 937
1167 792
617 746
1212 1328
821 1783
362 561
407 525
691 539
1743 1393
682 1055
1078 176
318 1251
1236 1500
1252 1805
1130 74
1928 177
606 886
468 1111
44 1598
1004 1105
1103 428
221 1
1828 304
1343 838
1974 878
1650 577
197 1518
31 10
1435 1182
557 287
505 871
368 1373
564 1883
166 1565
1471 1162
612 959
119 728
1541 596
561 1073
426 234
157 1617
1158 583
1154 1049
716 992
159 792
1029 799
962 1181
1983 1516
1416 1218
1207 38
352 839
1364 1704
762 1515
1903 1518
1092 1563
107 1825
1385 1146
1714 1936
724 1395
266 1754
1794 369
1967 1177
1090 1363
422 1945
297 1901
845 1390
434 110
1274 1287
1179 952
973 175
1018 70
1878 1262
930 1360
171 1083
1310 1807
1405 1766
1412 483
1504 1438
1038 1220
1159 178
1361 1766
662 220
235 65
1955 1261
1261 1854
891 924
94 91
945 475
1975 1426
1077 1740
186 956
1841 1736
544 59
1528 1645
1217 1784
1980 1910
647 1299
415 1846
1983 360
115 1911
272 93
186 1218
664 1208
1102 1680
519 395
1601 1634
1294 540
973 1590
1222 192
1962 1135
1017 1202
588 86
384 1102
1063 752
141 96
1617 1219
1743 234
1499 129
962 1653
1802 1490
15 1380
960 1657
1535 1567
1455 209
1152 1163
1791 530
1708 1385
1866 1162
1504 1101
1819 1723
388 1913
914 374
498 899
919 917
772 1851
1986 1461
285 1653
702 1639
513 1543
1282 1980
1270 1448
217 382
1087 317
1671 826
148 1024
1585 150
132 1063
1447 116
681 556
891 1420
762 1671
4 156
572 1135
824 520
880 265
167 420
323 766
1161 577
1625 796
1476 1931
24 1611
1915 1882
1811 1507
916 14
1232 668
778 989
96 1118
916 529
1882 956
517 827
170 91
1899 1212
1404 1598
1075 1184
1367 1914
1749 1519
360 427
1722 494
479 653
368 867
583 542
1273 457
1997 837
348 1008
1419 734
457 918
1975 658
1449 1102
1090 425
1460 1890
717 1762
828 953
672 1665
515 1973
1106 1247
517 1775
1155 757
233 276
1189 792
1679 1201
1196 1804
38 638
69 76
1834 790
782 524
943 92
1576 169
1608 1417
1886 260
1443 115
1812 690
679 1337
1107 1874
177 722
131 807
803 373
859 844
583 1190
1715 786
896 1328
657 255
77 1321
1622 288
773 1051
1727 749
1692 1488
553 77
56 1328
86 638
1302 1416
1359 713
837 1261
604 492
1093 907
959 1952
694 1472
528 1715
150 152
1431 1143
1544 1025
413 739
375 986
1835 1848
966 268
860 302
845 1874
1661 747
1939 1098
1878 149
900 1795
440 1319
353 1525
1391 7
916 1664
1015 197
1202 1629
1399 9
948 1111
1718 687
961 611
1904 743
17 780
405 966
1520 1696
383 1748
81 524
1245 1715
1500 1380
1631 446
487 591
191 518
211 1198
1988 1290
1931 1197
1797 131
779 148
975 88
550 691
337 121
249 1058
1960 1701
781 387
1193 1561
174 338
241 598
1477 988
1474 583
1782 1279
1945 136
1106 1524
539 79
640 1746
1541 229
407 1883
427 265
1613 806
1996 1743
801 1545
1511 426
544 702
1738 1593
30 707
532 1006
1365 710
1918 781
1884 1052
815 859
1866 693
61 1633
1897 150
718 1114
346 1985
1325 1118
1709 1821
1526 942
1237 40
1586 179
1692 327
198 1458
1863 622
431 257
1402 701
601 1390
1887 218
1979 1950
1446 948
1299 1270
1229 786
877 1046
1177 486
117 1045
393 631
1639 415
348 1707
1780 1618
245 1690
282 1048
262 931
1495 1109
233 565
24 442
1050 1616
1656 147
630 679
1502 1810
1922 664
969 1887
482 1472
1961 613
665 45
991 1417
1090 1880
420 897
651 1557
1274 381
1650 494
686 1609
1584 1218
1015 1933
11 613
362 414
207 1004
1631 1689
539 1603
1165 1281
1219 275
1286 166
1564 862
646 1212
986 207
310 995
208 707
1765 1902
1179 308
1112 1356
587 443
842 361
1917 582
1541 1544
1426 1102
400 937
1999 1433
698 449
1833 1852
1972 296
540 1743
877 234
1956 1603
133 1844
647 685
551 910
248 1816
1411 746
1283 1372
1590 1599
357 1730
1494 322
1926 1643
1390 857
687 147
1938 1111
1460 1327
1732 1659
1906 1994
1137 1325
1216 1637
489 176
1327 1187
1072 161
130 1982
32 434
1620 849
1314 511
1154 154
1779 91
134 947
1630 1763
1703 1997
1581 1135
494 1616
89 760
1324 1329
1300 1228
1146 1276
1454 1014
221 1688
752 332
222 316
77 937
493 886
1963 389
700 772
135 1363
1327 939
900 354
1310 556
461 1321
1553 1128
1224 449
244 154
223 1260
842 1152
1802 1178
513 590
634 533
236 1269
1119 516
86 22
399 906
1018 477
1509 732
1139 613
1294 872
63 1641
1037 1209
466 1549
1720 325
1194 247
1669 627
523 488
291 1810
1085 707
1003 1397
1371 547
1627 1896
959 999
1569 921
1658 737
395 1417
1028 1593
172 1522
1437 1426
508 1428
929 1488
1329 396
1034 1920
611 1393
37 471
1103 1227
475 920
1655 1349
1879 61
1875 158
132 689
1218 99
1521 1127
1970 1621
1150 731
1425 1990
1895 1098
114 1392
1786 88
36 972
1519 1692
375 1538
424 70
1272 1967
619 1453
668 1479
968 1497
769 777
452 1175
1632 746
1587 1511
1623 540
403 777
1041 941
1245 1588
1881 1470
1071 1273
788 949
1185 173
1536 1881
1977 668
1318 1659
715 722
320 164
1441 579
983 1708
843 1248
1722 144
1173 436
1711 195
1860 1840
18 230
1690 213
1079 606
346 206
619 1871
1713 568
1531 328
1762 1441
1158 696
329 472
1469 1411
619 1859
1666 53
1597 22
665 1692
587 1046
1700 1526
1460 1561
495 465
1554 1881
632 1662
846 199
1546 777
1321 1079
659 633
1816 1156
397 1647
1353 492
1504 938
1002 1544
1255 1134
840 1810
779 451
1741 1208
1344 1800
1158 534
1049 651
631 1609
902 1082
1338 676
1000 401
88 1129
816 1657
1837 1835
570 663
1944 1086
1567 1149
1284 1254
1640 1546
1931 344
498 1396
1862 1239
1516 757
1198 742
1930 1283
883 807
1785 493
1909 1808
1501 30
196 1248
1844 226
819 1832
1879 1125
1537 11
1933 996
810 1973
1572 1215
1378 305
291 1177
968 1934
732 1416
1049 641
1202 5
359 823
1446 1666
587 382
336 1453
12 1364
688 1671
1878 830
1570 1469
1130 1979
405 831
576 1564
669 1055
69 417
406 1413
1005 854
611 446
1838 795
523 1608
440 1998
1366 733
1373 75
561 1229
1705 806
1580 1527
299 844
1750 834
1356 1372
96 67
1398 1046
1616 932
146 445
165 1182
1491 1338
1830 93
1266 1287
1721 276
1172 1552
1146 1949
64 692
1169 565
1992 29
1414 128
821 1928
277 755
1131 477
626 480
845 468
1508 636
42 72
313 360
1468 1447
1539 457
1730 1518
1960 1813
333 648
1527 443
1169 394
1173 886
567 56
1872 1598
1629 500
605 1128
1623 106
496 689
610 1547
995 376
429 1617
294 1400
1997 596
1320 606
1036 247
1374 1638
414 470
1828 1934
56 1843
26 1952
1623 736
1451 101
27 96
751 1475
1814 763
1540 631
1120 1808
1335 119
1338 1140
560 1667
1246 1854
735 889
1294 525
362 1905
704 1677
1462 1198
1396 678
1307 151
1580 355
661 1583
467 580
1584 187
152 149
1734 257
1057 394
754 1877
1626 1357
1930 1683
1027 1039
1954 1352
1084 1622
819 127
993 1054
1927 1460
1309 456
1436 1922
608 369
399 750
1445 1324
861 1766
1466 1401
735 1546
1828 838
1900 695
1470 13
1345 1984
1887 1267
1981 232
403 1773
1819 1745
232 1748
1925 1303
1958 1543
1819 1640
641 457
848 1452
514 421
1316 1148
719 1719
1021 1263
1639 1442
549 775
543 684
531 108
1672 197
1326 1818
875 1923
914 562
1092 905
1321 1966
152 1706
1915 1815
379 975
1197 1050
1921 1315
267 1520
1614 1461
338 1612
479 279
1960 179
1224 67
691 132
644 1953
1223 904
1117 1370
253 1302
1465 635
1117 106
1756 1861
520 142
386 1292
431 1533
350 1662
1341 782
867 216
1202 1247
415 1199
717 490
639 1825
222 878
135 1433
1620 1246
53 1242
1690 1835
696 777
795 542
1499 214
1939 1846
1224 1204
606 187
687 887
1628 1045
1204 387
932 1045
1442 567
1555 1647
944 214
1890 749
733 1941
434 1610
311 1696
107 1497
1067 338
1079 1809
1237 116
1081 1402
1507 241
77 1492
1410 1522
141 1649
1609 1304
657 1380
12 1445
42 1747
213 1314
533 1232
1038 229
1025 804
593 1180
242 99
1572 87
35 1141
1544 1030
969 675
1369 1097
1008 456
1980 1356
745 619
794 117
362 965
711 1285
679 96
1972 1538
1794 1565
1031 1127
28 830
1321 1352
482 1152
1969 197
1183 119
1919 1305
19 1152
1543 813
1821 707
687 425
1348 859
1819 806
1967 993
1168 1881
440 717
773 139
1878 282
101 1223
805 1060
332 327
475 156
1221 96
695 1273
45 264
1274 1625
1357 390
252 1363
1002 1182
227 1093
797 1970
1788 279
1159 301
1985 581
1994 425
1022 1012
653 1609
185 478
1481 890
667 1159
483 730
1828 106
243 1338
1174 994
400 751
194 567
967 234
1606 601
636 1413
1955 1108
66 1503
1501 219
136 1076
16 979
1511 185
1229 40
1512 456
332 1019
195 1940
732 678
1321 147
1428 646
1265 335
