1620 1238
678 55
1819 391
458 558
1525 1412
938 1325
1870 1195
862 284
654 1089
1417 1171
873 423
548 1028
1803 221
86 1270
1001 295
874 1694
169 771
254 1839
1181 1378
130 1751
1004 244
1546 1348
299 716
1883 456
1759 1020
1057 989
2000 51
1952 1378
87 31
987 167
159 1763
1322 1526
145 930
1045 1839
1468 1193
59 997
1164 14
470 243
1347 1934
1843 575
938 40
181 265
603 1449
1266 1399
155 509
1146 413
1450 1534
323 1086
1781 115
335 606
1387 1207
1026 1364
990 1290
1520 977
248 672
1424 146
1978 1089
749 48
1629 494
1725 4
761 1884
82 740
1273 230
1396 143
1273 1151
127 524
1790 746
278 1288
203 526
585 1826
1772 230
935 369
1160 1081
1140 506
641 1628
489 1640
268 17
1875 1309
1222 776
599 970
735 1173
1400 1022
665 714
654 1983
1144 356
302 395
1620 1849
1652 89
1058 1859
1520 1217
681 1959
1997 1214
1817 1337
814 584
359 567
1339 432
994 1367
1542 1793
1499 173
1558 661
1619 827
1159 606
565 1835
894 533
282 1910
1155 1722
1514 1915
1432 648
690 1891
547 1475
875 1367
1361 314
155 756
774 574
968 1861
1160 358
1764 353
140 1814
3 663
1103 546
1388 434
359 71
1077 1830
1637 222
1374 1020
787 727
1883 165
1057 1161
1591 885
1945 214
1971 487
1549 1977
102 1459
312 855
1302 398
1417 948
1883 1698
628 501
1521 1102
1432 908
1329 204
303 1807
10 660
373 1090
209 683
313 973
955 1088
820 192
1007 930
1457 1910
1667 1519
1057 466
1410 506
514 1671
1326 1805
1735 1659
1273 1954
831 1294
665 1534
691 832
1563 912
804 1608
662 89
1841 1681
1558 1823
1563 586
806 1630
867 1505
1883 1789
283 334
531 1884
1829 948
19 971
303 469
761 1709
1144 133
34 208
980 1628
981 1861
1320 1800
765 1330
909 94
1975 1690
1504 148
1860 1471
386 944
899 477
1991 550
1767 1977
400 890
1641 1330
1956 1016
656 48
1219 100
1024 122
1860 1704
1033 522
1013 39
255 395
206 912
270 1252
1123 1751
366 1699
159 1336
150 879
335 790
1692 1444
1739 1142
1498 1145
282 1574
218 1878
916 284
457 165
665 1584
1990 76
1512 1756
87 1953
450 1161
107 999
1512 328
1563 555
665 1337
1558 1840
949 347
65 1919
1590 1592
939 421
542 277
831 740
987 811
1944 1758
311 1751
833 1953
916 1552
426 1025
1862 1953
1045 1097
1219 1551
1561 85
1909 1985
1909 101
1784 819
1748 1070
940 68
1215 1992
410 1204
1054 1462
113 1859
1553 1370
69 1896
1481 68
677 368
325 1757
738 575
738 509
1797 1119
613 1653
1422 848
84 1471
1538 1610
1863 381
1065 822
1153 1348
1478 179
1296 591
1211 667
1598 221
1104 222
1873 221
1926 1791
1978 847
200 647
967 1552
1349 1585
482 1593
1445 167
387 68
256 648
1956 279
828 597
801 540
867 331
1866 1570
367 305
859 898
512 559
899 73
534 1447
1368 661
835 1690
1536 1773
937 1534
191 543
1952 1551
1672 1009
1883 92
342 1178
1256 593
747 1011
959 813
1695 315
1987 944
1684 1288
411 1079
658 1519
1324 1285
685 456
90 591
1717 788
1695 1670
1829 1631
1507 1412
1549 345
1182 284
325 1342
1405 382
129 1567
95 1714
1812 1216
1989 913
1234 108
367 1214
236 279
1040 657
1223 167
441 1886
1893 576
1445 177
1986 1708
1416 721
537 259
1692 1526
12 469
1949 1763
1778 158
248 1474
853 1741
310 977
1186 1403
1121 780
1180 1174
1777 1328
911 1586
1249 1454
763 970
1137 1022
1512 1475
132 1224
1685 1221
1418 1318
1417 1650
568 1573
651 1756
1648 924
255 1195
1987 646
1535 1454
183 686
1384 798
641 403
9 951
438 977
200 1683
189 1039
1203 1587
1301 56
1484 775
312 1167
1816 33
178 1218
83 1309
892 1794
1393 989
1667 1555
1305 170
1400 1108
178 1953
766 601
814 944
1503 1570
470 1953
1292 1022
132 1749
1481 402
401 1252
549 516
1841 1610
600 1888
628 1899
1863 1891
947 843
1460 152
1490 688
1038 561
1619 657
557 101
1231 1309
1162 1214
804 1845
2000 546
1971 1865
433 1309
1301 1260
482 44
734 1263
818 205
1393 986
1956 1132
947 581
1916 1935
947 946
1003 886
969 1796
1264 748
1563 1727
72 1300
325 1
59 1840
1841 652
1784 742
1870 546
1004 1523
523 1238
892 226
572 1734
537 394
1297 1091
1250 1594
1813 991
889 956
698 171
1219 847
386 999
1481 213
1313 567
263 1470
1345 668
1379 1283
1864 428
1197 1922
1873 1070
856 274
386 660
1194 1630
1481 1751
1998 227
1755 61
619 67
87 902
113 1415
291 1838
392 1807
1033 683
1847 1128
1931 332
809 1646
299 790
464 1149
156 1607
169 1138
1604 343
759 1317
794 1351
1120 1583
1379 851
899 429
1765 1663
69 1704
1258 612
535 827
666 287
854 661
1485 900
641 1039
1392 64
877 1207
565 1874
897 1844
1349 886
254 1640
693 1523
1422 1942
1177 1351
1414 1070
926 721
763 1260
720 68
144 648
1924 422
178 1933
785 1663
1063 1608
712 1238
302 1145
1619 1917
1754 973
1579 1901
774 1398
155 108
1432 208
1340 266
1484 1011
1247 1666
1284 716
1733 265
937 952
1780 1680
1352 77
1075 550
1949 1719
157 960
1629 287
38 1050
1400 1398
1738 930
25 1093
763 1526
131 292
3 898
815 1585
38 1789
1882 988
474 596
476 772
366 352
1236 891
83 275
318 1914
86 1328
2 1022
1812 811
1095 1154
1821 1888
119 1107
1549 1585
84 170
84 756
805 40
131 901
804 657
703 1330
491 398
1536 1318
1854 85
1339 171
1575 52
155 421
1267 349
1590 1187
641 1070
1430 46
809 266
196 1823
262 1138
366 1183
1457 606
739 1859
386 1554
302 1009
1162 1005
1799 1293
1175 295
193 789
758 1838
83 1681
1031 1022
794 913
1768 800
240 1390
1417 798
1892 1270
396 1599
1540 483
1945 1857
894 1020
1233 1610
476 398
713 205
936 31
894 1578
1286 45
1135 1750
255 1967
1455 1865
220 851
1019 1584
1155 134
112 646
632 1227
1284 773
249 24
622 1089
372 580
909 116
602 1820
1883 843
5 453
862 906
200 228
542 1300
953 661
1384 91
1908 1942
172 1719
1817 306
308 1907
1524 832
299 135
1921 1713
1385 197
531 776
1969 1593
982 1798
367 1034
1718 1877
1400 526
651 173
681 1927
1627 633
1234 616
1486 31
375 1365
81 177
720 1011
1417 574
1866 371
557 100
84 1074
701 1263
863 141
1662 98
408 1039
691 680
1215 1378
19 1823
1949 1202
1384 409
1182 1217
1941 1953
720 1048
844 417
1729 1276
1792 398
998 1251
665 45
1279 1877
1988 1293
1084 382
246 1009
1179 648
565 717
1696 388
595 1959
734 893
1304 1268
359 14
1802 929
1123 483
337 1881
447 1794
1504 287
703 795
1144 780
861 1719
1103 463
288 540
364 931
225 1548
681 591
1211 434
1852 1260
1280 753
679 328
1731 1278
23 1608
176 1793
619 974
1988 1751
1431 647
255 1804
337 1220
1246 1867
130 1878
1432 1933
1186 1586
1387 27
662 40
1002 607
1281 1683
1477 1732
90 1730
1998 446
392 483
448 1110
1575 948
1813 266
447 173
1836 229
758 1028
1931 1351
19 1708
1064 1459
1893 296
1321 1859
1338 633
802 1119
1579 1133
49 1848
513 487
1279 1741
806 1651
1179 244
1347 561
1508 1293
366 1907
1609 1859
1580 177
1598 1097
761 843
325 1289
1600 1601
802 790
980 522
866 422
882 923
302 1865
1911 300
1476 1202
1808 1955
1619 1678
1815 607
1057 1708
1817 1288
538 279
1137 973
1332 893
955 706
765 1362
376 1293
860 393
598 456
82 1290
968 519
844 1823
1503 1288
623 146
699 898
763 201
718 471
482 1263
126 1028
1635 1584
416 1977
212 185
534 1884
1164 1928
1546 317
1166 202
539 210
1163 1205
681 259
1115 1529
181 229
1232 345
1974 68
186 580
1392 24
482 269
552 1411
1739 459
1301 1823
249 1583
1600 1807
462 504
1095 751
1441 195
372 358
1083 1919
961 1907
724 1421
802 633
915 546
1116 1285
1579 92
975 48
1691 781
1017 1719
554 486
1392 1554
1241 406
1305 1201
1620 977
922 50
1349 1271
102 343
1292 1932
1066 1793
427 923
1352 518
1648 14
1781 36
438 307
557 1896
1338 1574
1144 1367
626 292
1301 1979
19 509
511 1881
1652 459
849 692
1327 1746
90 353
140 60
1059 1809
1860 1463
1098 1139
1549 593
378 1028
1633 1791
961 1099
866 1891
1400 227
1322 454
117 906
856 1229
69 301
833 1183
938 1844
377 1399
1669 999
255 331
1419 920
815 343
1509 934
532 1362
470 1640
1971 1470
1535 484
532 1756
1371 1996
1374 358
651 261
786 208
1921 1899
732 934
37 509
157 17
1315 1708
955 1741
1817 1102
386 1899
1230 830
1199 1756
436 1566
568 67
502 1907
1244 1724
605 1703
935 1826
90 1640
802 173
1049 265
539 1942
1738 460
1468 1833
1414 1187
1627 1342
1764 179
140 993
1790 979
1825 851
242 1891
65 1732
729 1984
479 1719
791 151
1619 1269
155 1713
1297 1516
181 795
947 593
1027 891
512 657
926 1954
673 4
1687 393
1385 435
1456 836
1100 1238
1379 1613
679 352
1123 1587
106 89
980 1818
1286 1770
833 771
130 1227
538 1879
1163 1683
384 1067
1416 163
441 1462
1862 1859
367 842
470 742
1166 1548
304 1229
235 1278
57 1336
632 545
1921 1660
1971 1285
220 1818
399 1412
191 1117
1872 1333
1563 284
470 92
911 1018
532 1907
1866 80
1374 1462
1095 44
1620 1184
818 1877
810 1323
1649 576
565 1809
1143 296
856 649
1232 1488
248 1953
168 1452
961 813
564 406
1244 1607
1635 772
786 669
400 1128
11 647
1296 459
1432 1886
565 393
1423 1910
1169 419
1302 177
1231 776
694 1048
1558 210
1945 543
1998 435
1264 608
517 1039
341 92
935 753
311 1940
1164 1722
26 1008
96 1913
373 890
1345 1440
796 1107
1976 1132
805 1896
595 1483
472 432
547 104
1215 271
1177 293
380 1756
448 1783
665 999
1137 73
312 1935
874 1149
1455 1617
665 92
57 1151
131 944
1223 1375
1579 898
1445 776
1066 1578
1100 1111
1352 989
485 1613
782 649
200 1214
1430 742
1563 1878
193 1082
1180 1933
724 1750
1477 1628
1669 1012
1405 1265
1123 421
1466 1074
1685 301
1477 1386
953 1584
693 463
862 671
703 956
1155 289
1297 1752
1695 1961
1374 1367
1579 1584
1223 1142
1468 344
437 1492
1966 1884
585 395
793 33
1273 488
1095 692
975 580
709 354
1123 1008
1115 1752
439 1793
1051 1881
892 783
1609 208
87 1260
673 1277
1476 1268
690 772
117 1826
693 244
793 1722
1590 210
359 446
628 1983
1104 88
869 1983
1538 295
1144 1723
656 92
1759 324
957 1238
1911 636
180 45
65 1961
408 1454
485 202
1284 1300
1672 6
1332 1328
318 1927
909 1724
552 1129
1673 1653
998 1048
1956 843
981 139
517 85
109 229
1051 540
1648 1161
1652 1929
978 146
1611 524
1027 1238
1160 1034
1400 1309
1371 301
11 1972
1782 105
1739 591
34 596
491 1074
754 1660
1106 1694
1032 1899
703 608
953 1617
186 781
79 842
470 559
37 1398
1841 1111
1124 1617
1603 1119
1744 1014
2000 1039
765 1570
389 999
281 1283
735 1732
903 1495
1902 1102
75 52
1311 50
491 244
1284 93
1819 259
1733 1617
131 1097
81 1823
102 1878
183 612
1200 456
1841 1859
1179 287
188 1789
1945 604
19 1714
1019 1365
399 1574
1978 1793
1685 1560
377 1743
571 1713
1725 40
1026 101
447 1634
603 1429
750 660
1739 830
1272 1804
866 1082
844 991
1911 91
1394 1867
1507 842
1705 45
994 1857
1687 1953
1353 388
595 467
1296 192
1543 1122
1545 331
1019 139
1153 1009
709 347
186 706
1504 751
1209 825
1969 295
325 91
1986 1800
602 1088
538 1791
1329 932
397 1021
1788 1018
462 1060
1182 173
566 655
1931 487
1103 499
1520 60
938 1594
699 838
150 352
333 316
1691 350
1769 1839
404 1708
814 526
433 1112
1504 128
1969 432
572 204
342 1156
142 790
1894 443
732 593
715 1583
249 843
803 432
1125 1482
1674 1936
1549 751
1261 1436
153 1282
81 1796
1175 1367
1313 368
335 575
1667 1657
1764 851
623 838
1965 1202
1509 1640
479 1201
367 781
420 409
767 417
1100 1483
532 1073
12 56
630 1193
1862 1008
1387 92
990 649
735 151
1242 944
1780 330
1304 1544
1394 314
1181 421
939 1927
1196 1593
662 1277
25 230
1291 339
426 244
1236 819
1396 708
1521 1336
1003 1082
1414 1142
765 1999
557 669
531 52
1883 68
223 1482
1748 1201
1813 31
1621 1722
1775 898
140 580
1410 92
947 1972
1322 1946
670 208
1496 986
1431 1844
150 781
793 1984
311 388
834 781
935 1102
916 64
1304 855
200 71
42 251
619 277
1033 185
782 900
462 1289
860 1890
49 706
478 421
803 1289
1788 1796
1084 89
802 306
1481 640
1514 1099
1781 1014
437 1518
223 395
282 842
1297 973
907 92
257 1610
778 1722
658 1704
87 1156
147 1610
1017 466
1250 440
335 230
1188 1918
69 1746
810 851
1094 988
1509 229
11 1128
987 606
803 1276
778 1644
1652 1640
624 1698
1797 970
690 508
1422 1356
41 158
1870 148
87 1896
126 1426
645 434
720 1362
1852 1522
1481 154
1065 1330
364 1408
399 1262
1163 1574
1720 309
749 1448
127 1228
1284 347
975 1192
685 1119
899 1119
1384 780
1185 1293
145 1041
83 1359
1460 1702
1590 706
833 264
1991 1487
1121 289
1473 1369
745 431
937 1557
153 1278
1095 80
438 989
183 134
1960 1429
138 591
1127 1278
747 1793
1310 100
183 1639
766 1411
1164 201
1718 649
1308 146
1188 1097
1481 525
1963 1386
1754 266
1031 459
1 64
64 521
521 706
706 1899
1899 1047
1047 1592
1592 45
45 1977
1977 772
772 1237
1237 35
35 1865
1865 1728
1728 1459
1459 1896
1896 202
202 55
55 1289
1289 1972
1972 1657
1657 1439
1439 1651
1651 686
686 276
276 1850
1850 1704
1704 1132
1132 1195
1195 611
611 46
46 29
29 1107
1107 1677
1677 1572
1572 545
545 1964
1964 811
811 528
528 1910
1910 719
719 1429
1429 895
895 1
719 1434
1434 227
227 751
751 494
494 1996
1996 99
99 1502
1502 1567
1567 296
296 105
105 1316
1316 1303
1303 1818
1818 1587
1587 1141
1141 1922
1922 1471
1471 1948
1948 1834
1834 1996
1471 1276
1276 1482
1482 76
76 509
509 1081
1081 1183
1183 39
39 1378
1378 488
488 244
244 422
422 1041
1041 1734
1734 264
264 1638
1638 1402
1402 1920
1920 1018
1018 480
480 1513
1513 403
403 230
230 1243
1243 906
906 374
374 1213
1213 1605
1605 1907
1907 1228
1228 73
73 1275
1275 1294
1294 1386
1386 70
70 1805
1805 1849
1849 1555
1555 1335
1335 1087
1087 1930
1930 1529
1529 1365
1365 1895
1895 1643
1643 15
15 1269
1269 864
864 214
214 663
663 1487
1487 1709
1709 519
519 1968
1968 1014
1014 1787
1787 945
945 929
929 976
976 579
579 752
752 271
271 610
610 1714
1714 1270
1270 371
371 324
324 1999
1999 477
477 393
393 1570
1570 601
601 1551
1551 1699
1699 1122
1122 60
60 1317
1317 913
913 1224
1224 36
36 1973
1973 354
354 300
300 1770
1770 4
4 541
541 976
354 1319
1319 1884
1884 1216
1216 551
551 1056
1056 770
770 265
265 1920
265 1583
1583 141
141 997
997 1606
1606 1548
1548 187
187 1218
1218 521
1218 1933
1933 1789
1789 1205
1205 1356
1356 1680
1680 692
692 271
692 976
1205 1142
1142 1192
1192 1891
1891 1526
1526 1650
1650 1518
1518 905
905 1290
1290 1889
1889 272
272 483
483 24
24 753
753 328
328 1644
1644 185
185 1914
1914 1586
1586 1844
1844 1634
1634 158
158 243
243 1020
1020 1845
1845 272
1845 543
543 1435
1435 1523
1523 1918
1918 1518
1523 1390
1390 777
777 530
530 1601
1601 672
672 1713
1713 353
353 1071
1071 30
30 406
406 1300
1300 1467
1467 1348
1348 1337
1337 1678
1678 1560
1560 287
287 577
577 1218
287 965
965 1239
1239 1126
1126 305
305 1439
965 1746
1746 419
419 56
56 1073
1073 1112
1112 559
559 30
419 1161
1161 1330
1330 851
851 1881
1881 824
824 1983
1983 1072
1072 607
607 1323
1323 53
53 296
1072 1491
1491 1006
1006 1534
1534 556
556 1463
1463 1458
1458 1318
1318 1202
1202 428
428 680
680 229
229 70
428 316
316 1573
1573 64
1573 648
648 1119
1119 1979
1979 1227
1227 222
222 540
540 352
352 1079
1079 1443
1443 573
573 1034
1034 195
195 334
334 509
334 893
893 1694
1694 201
201 125
125 1519
1519 1021
1021 31
31 274
274 394
394 963
963 795
795 1670
1670 652
652 1756
1756 173
173 1
173 789
789 1800
1800 1079
789 91
91 1746
1756 406
1756 522
522 294
294 920
920 1081
920 1086
1086 1712
1712 1330
1712 1433
1433 1623
1623 465
465 1793
1793 349
349 813
813 1877
1877 289
289 483
289 1176
1176 1080
1080 1857
1857 960
960 1879
1879 1404
1404 1012
1012 391
391 1824
1824 762
762 1923
1923 446
446 330
330 412
412 746
746 1917
1917 501
501 1683
1683 382
382 85
85 208
208 890
890 574
574 1838
1838 1263
1263 440
440 880
880 110
110 668
668 1670
668 1757
1757 1610
1610 1412
1412 1881
1412 1824
1610 52
52 798
798 1664
1664 1184
1184 1351
1351 1048
1048 1043
1043 421
421 1408
1408 890
1408 284
284 1666
1666 742
742 55
421 727
727 1008
1008 1342
1342 893
1342 80
80 1355
1355 1723
1723 529
529 115
115 819
819 166
166 1915
1915 1722
1722 413
413 1093
1093 1980
1980 1240
1240 573
1240 1086
1980 1884
413 77
77 68
68 580
580 1970
1970 1722
1970 1156
1156 280
280 1440
1440 596
596 466
466 40
40 584
584 1993
1993 783
783 14
14 524
524 951
951 604
604 499
499 1050
1050 163
163 1646
1646 453
453 1500
1500 1871
1871 1403
1403 696
696 260
260 1470
1470 463
463 1110
1110 1293
1293 934
934 891
891 944
944 948
948 336
336 1919
1919 13
13 128
128 722
722 309
309 1530
1530 932
932 224
224 984
984 1599
1599 912
912 1383
1383 604
1383 683
683 108
108 1378
683 1071
912 1367
1367 776
776 999
999 855
855 586
586 1492
1492 266
266 1796
1796 100
100 1029
1029 369
369 1724
1724 1826
1826 160
160 1
160 525
525 1328
1328 431
431 148
148 1398
1398 179
179 1977
148 345
345 1631
1631 1773
1773 1607
1607 1786
1786 1842
1842 518
518 1035
1035 1992
1992 504
504 1789
1607 1907
345 1318
148 1436
1436 1899
1436 1406
1406 1309
1309 135
135 368
368 1516
1516 781
781 1097
1097 1888
1888 89
89 214
1888 576
576 838
838 118
118 67
67 661
661 1794
1794 636
636 647
647 395
395 633
633 923
923 1288
1288 921
921 1704
633 201
395 1157
1157 797
797 356
356 154
154 1522
1522 1505
1505 717
717 1804
1804 1554
1554 1698
1698 1171
1171 799
799 1630
1630 954
954 567
567 101
101 358
358 221
221 908
908 1761
1761 1099
1099 1730
1730 1021
1730 951
908 350
350 1933
350 1663
1663 1959
1959 434
434 167
167 1835
1835 1839
1839 500
500 243
500 347
347 1719
1719 1110
1719 1348
1719 417
417 1884
417 45
347 1447
1447 898
898 1359
1359 836
836 1336
1336 1128
1128 948
1128 836
1128 526
526 741
741 527
527 1142
527 1151
1151 1118
1118 1191
1191 104
104 1343
1343 332
332 423
423 435
435 1566
1566 228
228 1983
1566 1262
1262 1955
1955 73
1566 986
986 561
561 210
210 471
471 363
363 1796
210 1552
1552 1712
561 1878
1878 1519
435 1743
1743 460
460 136
136 1740
1740 1350
1350 919
919 1372
1372 1628
1628 1117
1117 1375
1375 1102
1102 1174
1174 958
958 902
902 1459
902 55
1174 51
51 35
51 290
290 98
98 1758
1758 391
98 1243
98 295
295 1750
1750 137
137 821
821 1149
1149 800
800 1608
1608 326
326 1632
1632 1531
1531 659
659 1871
326 17
17 616
616 27
27 508
508 1928
1928 1207
1207 1028
1028 1972
508 1055
1055 1176
508 1237
17 197
197 221
1608 94
94 1201
1201 143
143 1594
1594 618
618 671
671 171
171 1060
1060 1360
1360 425
425 1550
1550 1251
1251 1074
1074 1901
1901 1585
1585 608
608 1954
1954 85
1954 550
550 756
756 540
550 1011
1011 1703
1703 443
443 152
152 1495
1495 574
443 1783
1783 848
848 857
857 1757
857 1689
1689 655
655 530
1689 1728
1703 63
63 1161
63 567
63 855
1703 202
550 1972
1585 92
92 331
331 1070
1070 593
593 989
989 1585
331 649
649 1763
1763 344
344 711
711 746
1763 251
251 1091
1091 60
251 1913
1913 1557
1557 721
721 1362
1362 716
716 528
716 1616
1616 1617
1617 1859
1859 78
78 808
808 1559
1559 1707
1707 103
103 1488
1488 906
1488 1505
103 823
823 1005
1005 812
812 339
339 1737
1737 1584
1584 1985
1985 1448
1448 1331
1331 330
1584 1354
1354 1076
1076 1377
1377 962
962 505
505 1079
1076 259
259 1413
1413 1253
1253 1639
1639 924
924 943
943 1830
1830 1221
1221 1806
1806 1638
1221 946
946 1452
1452 614
614 285
285 1962
1962 1295
1295 217
217 1105
1105 1645
1645 252
252 348
348 116
116 705
705 1858
1858 161
161 198
198 216
216 1671
1671 1014
198 1740
161 667
667 1260
1260 1826
1260 730
730 1702
1702 769
769 1053
1053 407
407 1363
1363 1613
1613 402
402 1880
1880 251
730 279
279 977
977 570
570 275
275 1415
1415 1354
570 1389
1389 385
385 1154
1154 533
533 269
269 1837
1837 374
269 773
773 1380
1380 1820
1820 1527
1527 1995
1995 1428
1428 28
28 618
28 1220
1220 1934
1934 924
269 885
885 536
536 463
536 1251
885 274
533 825
825 1573
1154 1515
1515 896
896 487
487 1364
1364 1749
1749 368
1749 1283
1283 451
451 383
383 1929
1929 870
870 1791
1791 58
58 1316
58 546
546 202
546 1440
546 822
822 1741
1741 158
822 1010
1010 456
456 1483
1483 544
544 35
1483 1634
456 1195
456 413
546 1833
1833 1984
1984 1713
1984 702
702 1285
1285 627
627 836
1285 886
886 43
43 1585
43 1453
1453 309
1453 993
993 1022
1022 896
1022 1108
1108 88
88 1425
1425 1567
1425 1574
1574 914
914 526
914 497
497 1710
1710 1936
1936 277
277 413
497 93
93 704
704 578
578 1369
1369 1534
93 524
914 1337
1574 261
261 900
900 1896
261 170
170 540
1574 1660
1660 843
843 918
918 841
841 1451
1451 1167
1167 995
995 1709
843 406
1660 973
973 612
612 970
970 1025
1025 1927
1927 1089
1089 1704
612 952
952 488
952 61
61 1271
1271 676
676 139
139 771
771 1276
771 1078
1078 688
688 133
133 1861
1861 31
771 1547
1547 740
740 1378
1547 432
432 382
432 338
338 1475
1475 1519
1475 506
506 1859
506 1243
338 221
1271 1798
1798 1282
1282 1855
1855 1351
952 1277
1277 1193
1193 226
226 394
1277 1899
973 775
775 409
409 1111
1111 1039
1039 1690
1690 1796
1690 48
48 1043
1690 636
1039 330
1039 1289
1111 1913
1111 634
634 1208
1208 1198
1198 444
444 751
1111 733
733 1848
1848 1411
1411 954
733 1252
1252 606
606 388
388 1793
388 1763
388 1016
1016 1467
606 208
409 788
788 596
788 956
956 349
973 469
469 307
307 1184
469 509
88 1214
1214 1551
993 343
343 723
723 1254
1254 878
878 931
931 1737
723 393
993 205
205 930
930 555
555 123
123 1139
1139 62
62 625
625 1107
930 714
714 1807
1807 1850
1807 394
993 1823
1823 1694
1453 1724
886 543
886 1173
1173 1238
1238 1640
1640 770
1173 790
790 1041
1173 1835
1173 477
702 204
204 315
315 483
204 1670
204 428
702 1076
1984 660
660 1655
1655 1344
1344 243
1344 879
879 830
830 648
830 1612
1612 1287
1287 1706
1706 1114
1114 1795
1795 279
1344 1113
1113 838
1113 1494
1494 1278
1278 1376
1376 1953
1953 487
1953 1009
1009 1906
1906 1752
1752 165
165 1213
1906 1255
1255 1370
1370 252
1953 558
558 1544
1544 1204
1204 1107
1833 1723
1791 322
322 301
301 467
467 1462
1462 192
192 1708
1708 322
192 71
71 1653
1653 1897
1897 1751
1751 1454
1454 1597
1597 1884
1653 459
459 273
273 1593
1593 851
273 481
481 1399
1399 422
1399 1793
459 567
1462 1118
1462 1449
1449 185
1283 67
1515 1092
1092 293
293 480
977 1082
1082 454
454 581
581 661
161 1681
1681 530
1681 1594
1858 1967
1967 195
1105 1804
1221 1530
943 1745
1745 744
744 696
924 1212
1212 1946
1946 708
708 332
1212 901
901 971
971 1659
1659 1539
1539 449
449 1849
1212 1348
1413 1814
1814 1421
1421 1668
1668 1874
1874 1360
1874 920
1668 1606
1413 70
259 988
988 1935
1935 1678
1076 39
339 1067
1067 1947
1947 351
351 247
247 1957
1957 652
351 1594
339 1757
812 1510
1510 908
1005 1942
1942 1716
1716 1096
1096 486
486 319
319 76
78 213
213 20
20 1910
1859 893
1859 1395
1395 45
1859 1973
1617 1809
1809 1145
1145 1355
1145 177
177 646
646 73
1809 1090
1090 1922
721 1134
1134 445
445 484
484 360
360 1015
1015 1333
1333 1464
1464 1437
1437 1937
1937 1555
1333 528
1134 50
50 1513
50 393
1913 1727
1727 146
146 1571
1571 314
314 1138
1138 1187
1187 669
669 1585
669 800
669 864
1727 1910
1727 483
649 1467
331 85
331 1796
1585 1110
1901 267
267 1683
1251 421
1060 1174
800 780
780 1205
137 1839
295 1300
1174 1554
1628 1192
1372 1036
1036 381
381 289
919 642
642 349
136 1042
1042 1050
460 151
151 70
151 398
398 67
1151 371
741 1435
741 1651
836 221
1839 52
1835 1471
1959 100
1663 45
358 1569
1569 370
370 891
101 1933
647 1840
1840 1961
1961 1142
1961 245
245 1888
661 783
576 495
495 1467
495 122
122 657
657 640
640 1225
1225 85
1225 668
1888 591
591 596
591 1444
1444 244
591 1583
1436 1289
431 597
597 648
525 324
1826 1530
1826 1857
100 105
1492 1482
1367 522
984 934
932 1890
1890 1679
1679 1294
1679 1500
1679 1293
948 543
934 1896
934 1650
463 1886
1886 1217
1217 611
1217 1426
1426 1355
1426 1732
1732 422
584 1183
40 24
1156 1614
1614 120
120 1268
1268 1932
1932 1265
1265 292
292 440
292 1879
120 768
768 403
580 945
77 991
991 272
1722 1578
1578 208
529 475
475 1229
1229 1867
1867 579
475 327
327 842
842 1129
1129 44
44 1088
1088 175
175 1325
1325 1178
1178 1172
1172 317
317 352
317 827
827 1601
827 1474
1474 1390
1474 134
134 964
964 6
6 1270
1723 695
695 1276
1355 110
80 244
1008 770
727 509
574 33
33 187
208 1606
85 1348
382 1884
501 1647
1647 64
412 847
847 105
1877 287
465 32
32 1587
32 652
294 1756
125 1442
1442 422
648 1996
1202 1317
1601 575
575 620
620 974
974 753
974 1651
158 429
429 1018
158 1133
1133 494
1192 264
1789 1973
1548 997
36 516
516 832
832 1940
1940 306
306 615
615 979
979 1081
324 1850
214 594
594 748
748 1438
1438 1046
1046 264
214 1228
480 1587
2 534
534 1256
1256 1811
1811 426
426 168
168 743
743 1705
1705 677
677 557
557 560
560 881
881 281
281 1595
1595 588
588 1136
1136 1512
1512 888
888 1441
1441 1324
1324 892
892 59
59 218
218 1808
1808 1525
1525 1158
1158 1499
1499 1248
1248 1582
1582 856
856 1852
1852 793
793 1339
1339 1279
1279 234
234 1549
1549 19
19 1563
1563 1739
1739 1423
1423 735
735 1379
1379 1538
1538 1313
1313 1904
1904 1206
1206 291
291 1250
1250 1469
1469 1717
1717 568
568 786
786 1264
1264 520
520 1684
1684 1674
1674 1179
1179 1003
1003 1361
1361 1420
1420 1455
1455 1790
1790 512
512 298
298 1905
1905 1813
1813 114
114 157
157 193
193 632
632 448
448 1731
1731 1682
1682 174
174 1065
1065 112
112 754
754 1620
1620 1841
1841 1667
1667 720
720 1040
1040 980
980 592
592 476
476 1577
1577 168
476 1625
1625 884
884 1912
1912 304
304 1658
1658 1853
1853 1124
1124 156
156 639
639 211
211 1609
1609 1051
1051 1779
1779 1371
1371 1579
1579 1242
1242 1385
1385 1832
1832 670
670 940
940 602
602 600
600 302
302 180
180 1788
1788 225
225 1870
1870 935
935 1819
1819 75
75 698
698 1718
1718 1974
1974 925
925 1024
1024 323
323 283
283 1828
1828 1358
1358 1210
1210 820
820 1148
1148 585
585 1306
1306 959
959 710
710 542
542 793
542 1450
1450 1181
1181 1203
1203 149
149 1233
1233 829
829 1781
1781 1267
1267 1247
1247 1180
1180 1388
1388 1797
1797 1852
1388 16
16 357
357 1206
16 725
725 517
517 1869
1869 386
386 1169
1169 1815
1815 1279
1869 587
587 1939
1939 303
303 1266
1266 496
496 682
682 1280
1280 1854
1854 41
41 693
693 438
438 1345
1345 684
684 950
950 687
687 1409
1409 837
837 1810
1810 492
492 21
21 757
757 233
233 145
145 1774
1774 1109
1109 1000
1000 637
637 1755
1755 1596
1596 1147
1147 1418
1418 1817
1817 694
694 1186
1186 1864
1864 1952
1952 791
791 190
190 1211
1211 1292
1292 794
794 1785
1785 635
635 679
679 1190
1190 992
992 1561
1561 852
852 712
712 1611
1611 609
609 1007
1007 329
329 998
998 1396
1396 1219
1219 1767
1767 424
424 447
447 699
699 983
983 1945
1945 258
258 1419
1419 678
678 22
22 1286
1286 814
814 1291
1291 390
390 1621
1621 1188
1188 1908
1908 114
1908 983
1621 1939
1621 138
138 1493
1493 1504
1504 87
87 181
181 909
909 713
713 1562
1562 664
664 1831
1831 554
554 176
176 1931
1931 1944
1944 865
865 81
81 41
81 21
865 1764
1764 873
873 1478
1478 1994
1994 389
389 215
215 883
883 1366
1366 298
883 645
645 256
256 1368
1368 691
691 109
109 219
219 1504
1368 690
690 392
392 1391
1391 196
196 378
378 853
853 1493
378 1960
1960 117
117 1061
1061 65
65 1898
1898 630
630 150
150 1990
1990 622
622 1581
1581 178
178 1094
1094 65
178 942
942 1695
1695 1589
1589 1545
1545 298
1545 877
877 1801
1801 1245
1245 129
129 718
718 674
674 1562
129 766
766 1748
1748 709
709 1340
1340 1892
1892 342
342 874
874 1312
1312 755
755 206
206 184
184 47
47 1950
1950 397
397 418
418 1649
1649 1925
1925 949
949 479
479 297
297 613
613 1991
1991 681
681 589
589 599
599 1304
1304 846
846 478
478 237
237 1803
1803 468
468 1068
1068 257
257 1219
257 1637
1637 643
643 1675
1675 707
707 916
916 731
731 1717
731 404
404 564
564 817
817 206
817 592
817 1661
1661 760
760 380
380 1489
1489 595
595 665
665 83
83 377
377 1455
1489 1185
1185 1836
1836 1564
1564 1052
1052 1736
1736 685
685 144
144 1799
1799 372
372 311
311 186
186 1249
1249 282
282 1490
1490 430
430 654
654 1489
1249 1885
1885 1701
1701 582
582 1875
1875 635
1875 1430
1430 1131
1131 90
90 1098
1098 1766
1766 1543
1543 246
246 418
246 1476
1476 1503
1503 1626
1626 364
364 1031
1031 759
759 107
107 1521
1521 732
732 433
433 1911
1911 106
106 1600
1600 1045
1045 1322
1322 1123
1123 1982
1982 1338
1338 957
957 254
254 801
801 507
507 1345
1338 1965
1965 180
1982 283
1123 232
232 1691
1691 25
25 379
379 490
490 1206
379 1416
1416 1514
1514 1924
1924 1432
1432 1234
1234 511
511 1540
1540 868
868 1320
1320 1189
1189 207
207 1165
1165 66
66 1801
66 1409
66 188
188 162
162 1711
1711 1280
1711 1387
1387 839
839 164
164 1735
1735 439
439 1729
1729 79
79 1501
1501 375
375 1759
1759 922
922 124
124 1633
1633 1101
1101 1027
1027 644
644 1912
1027 191
191 1302
1302 1963
1963 1887
1887 897
897 1143
1143 1697
1697 1147
1697 1332
1332 673
673 1540
673 1002
1002 1063
1063 1373
1373 238
238 810
810 767
767 1847
1847 1885
1847 496
238 1150
1150 1771
1771 1692
1692 1637
1692 1731
1150 815
815 119
119 341
341 876
876 833
833 662
662 572
572 907
907 747
747 1394
1394 249
249 1636
1636 1465
1465 1327
1327 1582
1636 933
933 1341
1341 1989
1989 1851
1851 743
933 241
241 1332
933 1812
1812 367
367 502
502 1893
1893 312
312 470
470 876
470 1514
502 1190
367 1206
367 1765
1765 1261
1261 809
809 234
1812 1296
1296 1422
1422 1211
1422 1116
1116 448
1116 1963
249 531
531 310
310 325
325 1357
1357 638
638 1676
1676 1604
1604 860
860 1059
1059 941
941 1769
1769 375
1769 126
126 203
203 804
804 335
335 947
947 437
437 1509
1509 408
408 1768
1768 1700
1700 859
859 728
728 1062
1062 498
498 871
871 703
703 299
299 889
889 1373
889 1170
1170 1419
703 1725
1725 1245
871 9
9 1206
9 1424
1424 436
436 866
866 726
726 859
726 23
23 493
493 715
715 180
493 69
69 1602
1602 1580
1580 49
49 452
452 111
111 1326
1326 538
538 1715
1715 457
457 1131
457 288
288 231
231 373
373 653
653 121
121 639
121 1943
1943 1320
121 985
985 1456
1456 1603
1603 1904
1603 1520
1520 1410
1410 1909
1909 872
872 1556
1556 1766
1556 1687
1687 157
1687 193
1687 400
400 37
37 1909
400 1137
1137 1853
1456 182
182 1576
1576 1124
182 1241
1241 130
130 191
130 968
968 235
235 366
366 1986
1986 1480
1480 1969
1969 807
807 700
700 1130
1130 320
320 553
553 1144
1144 194
194 1629
1629 159
159 1121
1121 1717
1121 375
1629 1246
1246 1588
1588 10
10 172
172 1721
1721 737
737 140
140 869
869 441
441 939
939 1472
1472 90
441 903
903 1095
1095 698
140 1754
1754 1392
1392 1836
737 588
1721 760
172 613
172 562
562 72
72 233
1246 1353
1353 239
239 966
966 910
910 1246
966 1226
1226 1222
1222 1627
1627 802
802 1742
1742 1164
1164 1445
1445 1581
1445 491
491 1223
1223 1829
1829 724
724 59
724 1186
724 1590
1590 734
734 1738
1738 882
882 1998
1998 212
212 981
981 1199
1199 587
1199 1686
1686 270
270 496
1686 818
818 355
355 1257
1257 1258
1258 455
455 749
749 313
313 975
975 1321
1321 96
96 42
42 427
427 1127
1127 1624
1624 1301
1301 1498
1498 1479
1479 1397
1397 1562
1397 1778
1778 1619
1619 1558
1558 1311
1311 321
321 1083
1083 162
1778 1281
1281 515
515 1981
1981 233
1981 996
996 967
967 242
242 1084
1084 1532
1532 1013
1013 1821
1821 107
1013 1595
967 927
927 1259
1259 1905
1259 1882
1882 1180
1259 1215
1215 779
779 479
1259 953
953 1541
1541 281
1541 57
57 308
308 992
57 904
904 448
953 191
953 399
399 961
961 1357
961 552
552 1563
552 926
926 250
250 473
473 854
854 464
464 1353
464 392
473 1297
1297 1374
1374 297
250 1166
1166 887
887 585
926 1618
1618 675
675 1654
1654 1478
1654 1991
675 1590
1618 764
764 1688
1688 972
972 1760
1760 1381
1381 1461
1461 124
1381 925
1688 1304
764 1197
1197 983
764 1168
1168 1196
1196 803
803 1468
1468 968
1196 1987
1987 1236
1236 1975
1975 987
987 1160
1160 1315
1315 1536
1536 1507
1507 414
414 863
863 1125
1125 796
796 223
223 867
867 196
867 778
778 236
236 694
236 569
569 396
396 1158
396 907
569 333
333 1038
1038 1200
1200 922
1038 1894
1894 318
318 1916
1916 132
132 846
1894 240
240 629
629 849
849 1308
1308 1816
1816 461
461 1100
1100 1652
1652 758
758 820
461 1310
1310 1163
1163 565
565 474
474 223
474 84
84 1305
1305 340
340 734
565 82
82 399
1816 678
1308 666
666 693
1308 1001
1001 1863
1863 376
376 1533
1533 387
387 1144
1863 1352
1352 268
268 38
38 1152
1152 1831
1152 1673
1673 1846
1846 894
894 571
571 1832
571 1669
1669 1715
894 255
255 549
549 1524
1524 1473
1473 41
1473 1591
1591 917
917 1153
1153 1598
1598 346
346 1480
1591 405
405 1194
1194 835
835 729
729 189
189 1231
1231 590
590 442
442 728
590 651
651 102
102 1160
1231 1001
835 631
631 1334
1334 537
537 365
365 1284
1284 831
831 1974
1334 1498
1334 840
840 1393
1393 411
411 1528
1528 1249
411 438
1393 1718
631 239
631 874
835 184
1194 1511
1511 785
785 738
738 915
915 510
510 539
539 966
785 605
605 736
736 286
286 1997
1997 489
489 739
739 1272
1272 478
489 218
1997 7
7 253
253 1136
1997 1873
1873 262
262 1414
1414 623
623 131
131 820
623 401
401 628
628 263
263 1622
1622 337
337 26
26 1140
1140 1477
1477 698
1477 433
26 982
982 1484
1484 1329
1329 462
462 1956
1956 1004
1004 937
937 1759
1956 1525
1329 899
899 523
523 1540
523 1332
1484 1921
1921 774
774 1030
1030 1949
1949 1883
1883 894
1883 278
278 598
598 566
566 1615
1615 1136
1615 759
1615 1774
566 881
566 1292
598 1075
1075 1299
1299 782
782 1061
782 1101
1299 1966
1966 1777
1777 1776
1776 1856
1856 1939
1776 1629
1966 736
598 437
278 1182
1182 1667
982 74
74 1499
982 1537
1537 1032
1032 1715
1622 710
1622 846
263 1747
1747 1987
1414 535
535 765
765 1481
1481 1784
1784 969
969 97
97 980
1481 1775
1775 1120
1120 837
1775 211
1775 416
416 1635
1635 1281
1635 1517
1517 1872
1872 1382
1382 1017
1017 1387
1382 95
95 862
862 638
1382 1774
1872 950
535 1313
535 1581
262 875
875 1656
1656 1106
1106 1478
1873 1234
286 1064
1064 583
583 1189
1511 455
1473 1971
1971 619
619 1868
1868 1509
1868 184
1524 1938
1938 1931
549 916
1846 641
641 806
806 1950
1846 1391
38 1988
1988 1568
1568 1456
268 1049
1049 1037
1037 1466
1466 1420
1466 1368
1308 1211
240 515
1894 658
658 1827
1827 113
113 1508
1508 1720
1720 787
787 2
787 617
617 1802
1802 415
415 1044
1044 1306
1508 1266
658 1066
1066 157
1066 1397
569 1582
236 1148
223 1274
1274 1026
1026 1431
1431 1685
1685 1866
1866 127
127 1446
1446 784
784 1696
1696 1058
1058 1427
1427 532
532 1469
1427 1057
1057 1347
1347 656
656 1546
1546 200
200 1397
200 805
805 153
153 1469
1546 1373
1057 492
1058 845
845 427
845 1321
1058 938
938 1159
1159 861
861 750
750 928
928 420
420 759
420 380
420 713
928 1077
1077 1641
1641 1642
1642 503
503 701
701 621
621 1553
1553 86
86 1103
1103 1780
1780 142
142 12
12 1417
1417 1862
1862 3
3 927
1417 1273
1273 513
513 1162
1162 359
359 873
1103 211
503 239
1641 119
1077 548
548 1235
1235 1135
1135 1665
1665 281
928 1206
1159 858
858 1903
1903 1346
1346 361
361 745
745 1542
1542 1493
1542 320
745 258
361 79
1346 54
54 1320
1346 1711
858 225
858 5
5 1626
1696 342
1274 1104
1104 936
936 837
936 697
697 1209
1209 1324
1209 1693
1693 1596
863 18
18 689
689 384
384 1424
18 1624
18 1808
1536 302
1315 169
169 1033
1033 990
990 1843
1843 174
996 1813
1981 1023
1023 985
515 199
199 90
199 1312
199 1320
515 1101
1281 218
1778 643
1397 1388
1479 1589
1498 1496
1496 726
1127 650
650 1069
1069 1951
1951 1869
42 792
792 196
792 1658
96 1810
1321 844
844 1485
1485 994
994 829
844 184
844 978
978 1792
1792 826
826 1963
978 1711
975 482
482 1860
1860 1733
1733 1019
1019 302
1860 1441
355 485
485 1232
1232 1911
485 1489
1686 1401
1401 1595
1829 955
955 34
34 11
11 2000
2000 1460
1460 1509
1460 1506
1506 731
1460 850
850 1575
1575 1711
850 1772
1772 190
491 21
802 1672
1672 725
1222 1633
1226 1762
1762 834
834 563
563 1782
1782 877
239 1958
1958 1726
1726 389
1353 1939
1246 1759
1629 992
553 1801
700 684
807 1625
968 679
1241 698
288 1298
1298 1418
111 1320
111 1186
866 763
763 1976
1976 1648
1648 1941
1941 983
436 1538
498 1565
1565 1230
1230 1324
1062 1409
408 761
761 215
1509 1900
1900 1486
1486 1384
1384 1115
1115 1349
1349 603
603 1400
1400 626
626 458
458 1753
1753 220
220 720
947 568
1059 1054
1054 1155
1155 1000
1054 1405
1405 147
147 22
147 1244
1244 206
1405 1320
1059 150
1604 1902
1902 1978
1978 1994
1902 1543
1357 1675
341 114
1697 450
450 816
816 1024
191 1085
1085 426
1633 1898
1735 1233
1711 492
188 114
1234 303
1416 1785
1416 1662
1662 1626
1521 1407
1407 624
624 1175
1175 472
472 1177
1177 248
248 1313
1131 206
1430 589
372 1876
1876 1803
685 47
1836 950
1185 1803
817 707
599 138
589 8
8 155
155 1247
47 196
184 1939
206 1825
1825 1497
1497 1314
1314 1898
755 1744
1744 1146
1146 837
874 645
342 87
1695 362
362 1210
1391 1109
690 157
1478 1912
138 149
998 547
547 1788
679 410
410 1811
1211 1040
791 980
1817 183
183 1371
1147 1822
1822 1870
1774 911
911 514
514 438
1409 1790
684 592
1280 283
16 1024
1781 1457
1457 1705
1457 828
828 1535
1535 959
1233 1248
925 892
225 1926
1926 234
304 209
209 1841
592 560
592 1158
114 1905
1361 1307
1307 1512
