1193 1012
1997 1342
388 187
885 1942
411 675
102 1866
992 456
1909 1043
1621 1448
1528 1234
750 269
1422 1175
1310 965
1789 1064
1758 1511
53 155
66 872
632 181
1496 962
495 199
37 1582
873 765
725 1090
1860 1549
42 663
1775 419
184 1923
346 1801
378 275
820 1108
187 1841
1128 480
1707 91
1066 422
925 1931
961 146
1077 75
1385 205
1546 804
1719 1898
1826 673
1958 1420
1672 737
953 1494
879 1064
208 1249
536 1123
950 533
598 701
1928 1498
877 1337
1085 227
682 118
1749 711
515 136
302 566
312 553
1010 209
1168 1209
1452 61
800 1031
3 1610
169 1009
1733 1487
899 1383
1716 768
478 204
931 416
721 543
1576 782
252 459
585 1807
82 1730
1103 1374
760 567
1879 611
315 430
119 1792
297 1976
947 1960
1967 1262
1101 1353
1190 403
1459 621
73 296
1601 1092
913 593
403 54
588 705
1477 1458
917 1022
1727 795
61 481
640 1353
1172 78
1195 1696
1358 1964
95 1352
948 826
1861 1304
306 84
400 1879
1335 401
934 924
371 1628
1535 646
978 16
1278 1701
1192 731
160 649
1639 176
676 649
643 1140
1052 192
624 1156
917 612
335 932
513 685
1314 1429
46 870
1850 1207
1340 1416
395 996
1480 628
905 553
1786 1
1263 539
93 694
1358 230
615 410
746 1891
711 1326
1960 199
1569 1090
1393 316
1380 1429
1509 211
215 1441
1770 1865
1939 514
1604 1256
234 1373
683 1050
512 42
1055 697
509 577
841 1226
1759 697
1256 1137
1398 920
1850 1352
1913 625
1489 404
1565 792
911 331
1130 100
1107 559
619 1964
1487 1654
449 506
1035 452
528 374
1158 1030
1991 1375
158 1104
1637 1695
1194 262
1321 1156
1195 1374
382 1611
1292 1454
1640 1839
1393 1031
1520 941
193 501
797 1425
1858 1307
463 1036
558 500
786 1737
1239 1082
1363 506
167 256
1656 1244
734 362
1954 83
1596 1731
1832 156
1632 1256
1471 1359
1065 84
735 458
149 1270
1782 49
138 1839
1627 275
586 497
1769 1125
400 1743
659 138
1742 1654
526 760
271 181
1120 37
1508 1760
1548 1623
549 1574
1020 928
1543 1545
1467 33
67 1003
1187 89
1439 869
1197 368
595 338
1833 685
1848 410
592 186
885 1997
286 1513
123 1859
1248 1328
137 61
1805 460
1621 1324
1923 1118
1109 1725
1098 1651
1907 1660
315 1414
79 1835
286 823
298 9
531 968
1874 1438
750 646
509 1801
1753 2000
916 516
1918 1242
1832 1869
1268 1660
1041 324
1069 1533
983 369
1048 1824
1635 1508
478 1953
185 1701
1430 818
1686 1025
524 255
348 391
1579 1981
827 1869
414 347
535 295
1973 1563
1480 797
1316 1466
777 1571
1673 1747
1920 1887
498 1972
1875 722
1800 1973
1923 1237
637 223
23 719
616 820
1012 1542
888 693
478 118
1136 1144
536 1946
749 1873
202 489
146 827
1340 1002
1115 1184
1341 1287
806 107
1195 1931
1915 830
1327 730
1596 1556
242 1469
173 720
1144 1523
1047 355
1505 1248
662 1583
1082 486
843 1523
165 1428
1882 1252
69 1867
41 408
1931 1562
1363 484
351 1005
1767 516
1806 140
1949 1927
1227 1064
1364 211
1051 1351
1693 773
1031 1531
636 1258
1439 221
1511 774
516 719
1499 378
33 1177
204 483
843 884
233 1935
1041 1806
366 1975
194 575
556 166
572 1071
54 1204
952 1125
836 447
330 1478
1000 1557
1188 510
1835 360
907 656
663 256
1252 1011
252 574
745 1913
1811 19
723 645
1644 1998
1108 1275
592 1527
1484 782
286 622
1093 1665
514 448
1644 1783
247 856
1782 256
959 925
1624 940
701 1095
1407 1223
729 1483
546 459
746 220
507 1813
1439 279
1240 1385
1571 134
889 1429
291 1148
1826 1172
1166 1917
1821 1905
1880 390
1835 416
744 1931
289 1005
624 650
113 1593
541 28
1733 767
601 1049
302 1223
1688 443
825 673
107 1964
1090 1738
655 1285
1231 932
326 1376
1163 1979
1350 1327
287 1464
1723 526
880 1384
838 1797
619 213
1396 1891
1889 281
738 150
1635 211
1437 208
457 1123
1188 1964
48 1444
1000 293
1036 205
1546 962
1395 1845
121 1598
1898 154
1935 1876
598 708
1155 1621
341 1717
115 1900
1244 913
1061 688
1035 1191
1314 1328
867 803
582 1965
752 409
232 1189
202 1761
98 919
1546 332
1675 73
591 708
848 175
1633 989
1250 1110
151 1561
779 1939
745 1063
1439 830
1973 583
720 178
388 1669
1220 945
569 1611
723 1145
1499 583
1035 1006
1078 1680
325 1978
541 607
158 1285
1618 318
1661 703
242 1841
422 1338
505 7
302 1515
458 754
1267 840
50 1027
1621 133
795 278
1303 693
1555 59
718 1424
1626 1177
106 769
121 722
1526 152
1991 851
8 447
1846 553
953 78
834 996
61 1771
1418 539
43 855
1782 597
450 1244
1221 635
1689 1655
366 394
1796 1307
97 1998
900 696
367 653
659 1468
715 190
686 316
1318 1959
1825 946
66 1137
1758 1182
146 1534
953 1710
1250 922
79 1911
282 579
1090 1560
1704 1854
1875 1394
1403 507
1268 31
546 1860
1155 944
169 1845
137 208
561 1548
888 271
632 567
678 1081
979 212
616 1001
179 1326
1596 155
1109 1655
1115 172
58 1845
1246 1636
1411 1721
1571 1005
1464 1282
198 1568
1395 1498
1159 1046
905 1612
274 402
1867 975
226 776
982 874
1101 865
151 123
1487 565
1602 1212
634 278
1263 579
1673 741
1398 1912
1572 812
948 694
1700 989
960 1541
772 52
968 1300
733 1172
1564 1869
1400 1583
1850 1652
1201 1586
1695 824
862 1951
207 1750
1879 1943
241 90
1507 1701
818 1170
235 1386
756 342
1819 141
1163 1783
353 484
196 635
1271 753
1993 1917
268 402
1375 783
790 169
1932 154
850 1817
890 1822
1606 1719
1280 474
1672 1184
214 1040
1007 697
1321 789
53 349
1742 1105
875 125
829 886
1668 427
287 1011
949 566
1770 1999
1462 264
860 492
1126 124
89 1057
1197 1275
445 355
90 331
346 1386
747 886
669 673
1137 150
277 712
1331 1181
1943 1610
1791 770
741 836
1497 1637
1408 1503
343 1258
1207 1538
1322 913
79 1331
138 1947
596 297
755 1785
901 1888
436 1795
147 263
153 843
68 926
380 1137
180 448
653 989
359 1880
1832 19
1504 671
1545 618
1672 530
1110 893
539 1019
1259 1177
660 1718
706 633
1868 706
401 275
680 1072
751 130
1702 48
1797 444
379 1108
734 1954
1875 810
809 1022
1218 861
161 1694
242 1095
1279 884
437 1542
388 92
800 246
144 1911
640 1167
33 553
1135 650
773 789
599 267
113 1774
1379 1450
1997 1010
176 1469
1340 9
1391 491
1509 776
984 1368
729 1582
136 1162
254 618
108 1482
727 57
959 1248
873 195
1344 1885
974 1029
1942 581
928 1697
1298 583
1966 1812
334 489
103 948
277 213
224 664
1462 1928
1432 1936
1536 755
997 1223
934 1964
972 1278
1942 205
902 625
917 1383
1962 749
185 1625
1091 978
1839 1359
1189 773
440 117
1235 660
1197 596
1484 1514
173 166
1115 1948
245 1143
541 809
1491 205
1053 1117
243 1143
1817 782
228 1511
1540 1820
164 1912
1197 426
796 93
1433 565
1197 1696
993 1066
1141 647
188 1095
392 1808
1625 1999
711 760
1742 1636
630 880
772 637
375 1875
1524 767
1612 1851
795 1643
1788 48
1975 1365
1239 128
704 236
414 1208
199 1179
1793 412
1113 1032
691 798
1262 1455
1063 435
1612 1998
250 1105
1685 1088
838 1918
182 985
1579 186
402 273
1721 963
626 1574
1763 209
505 182
682 1690
128 1888
18 1760
881 294
925 1148
1240 839
444 1869
1765 409
353 1822
7 1428
990 663
107 1645
588 854
235 527
536 1812
741 1573
1995 555
955 1683
288 559
1870 1153
1179 1531
1688 587
1868 221
1155 1179
1592 1922
772 255
900 1352
512 1947
1607 571
71 280
762 60
82 863
1726 39
745 957
286 862
279 1342
1592 870
1260 1840
1032 1006
1382 1088
1861 1988
148 606
1501 1048
145 451
1458 471
670 1630
22 1006
1130 1016
986 116
1110 975
643 963
1468 448
1389 456
1368 110
923 1940
1576 275
1874 1324
927 631
1118 605
1981 1190
132 717
496 1637
1103 146
838 65
1881 101
2 92
1723 1842
129 876
1196 349
1743 1021
96 996
1670 1817
620 1655
1426 1329
1606 1650
271 84
1094 672
1432 278
970 1335
345 553
1786 876
800 1090
1500 576
180 774
959 245
414 520
499 872
678 1300
702 220
177 783
350 633
368 1192
1975 754
1216 719
1376 50
224 12
1586 125
941 1547
1810 807
1821 1394
1254 1998
153 825
1522 826
1045 854
1023 933
603 683
495 896
1357 1854
1165 977
669 789
1099 1891
1159 1294
465 256
1984 575
418 903
756 275
1035 1839
817 436
235 62
417 1273
1017 590
996 1464
234 1135
895 414
359 1306
926 1409
1912 1636
536 1608
1661 781
1819 424
1773 1027
1023 391
42 1927
1788 1644
771 39
844 514
1015 1702
972 169
877 586
1090 1315
1543 897
1904 1526
184 1261
1519 394
662 1125
35 408
611 854
756 250
254 922
1091 1667
1888 548
723 1815
1497 763
1773 816
1260 593
799 806
624 1095
1495 855
1605 604
1912 346
1580 1570
1818 1588
248 660
580 786
640 1072
1430 1776
68 936
1090 581
428 1791
1218 1156
266 590
281 1711
610 77
819 491
1433 1884
1476 892
1712 791
885 65
307 1577
31 878
1307 1551
370 1173
1240 1585
872 1144
979 1444
1487 312
1215 36
1191 1419
1650 12
1318 741
729 700
1553 594
1786 1481
897 553
798 1562
1018 290
1216 1680
1003 928
1529 887
1456 1917
363 999
608 77
438 210
865 1778
973 321
1994 1768
835 1404
1376 1386
838 363
804 1795
1624 1675
1163 262
1510 506
441 679
394 1464
990 495
206 1965
289 1137
43 30
83 574
1066 272
1120 275
787 471
1646 1554
1466 1622
1325 1755
257 1064
254 1422
405 1548
1395 1641
767 1228
1540 1459
1086 1474
1338 1412
441 1932
1458 222
16 447
1773 734
1959 431
907 1032
693 1767
1626 1151
1786 1148
1576 178
927 798
1762 343
1218 1555
1462 1584
1335 578
1841 112
1470 1698
1540 186
1041 329
1388 1308
1528 1144
380 488
1409 539
723 731
601 723
1308 1401
77 36
1696 946
1808 1718
1748 79
934 618
1672 210
777 981
1551 1948
527 559
4 1017
847 538
1578 385
49 398
588 803
1724 1198
60 608
1904 939
892 273
949 1444
457 313
1936 327
229 1032
897 340
1994 369
750 1026
1283 504
1608 180
1423 273
897 1682
1245 1692
1671 248
768 588
949 1944
1920 1771
1504 920
1305 19
837 788
311 448
1580 246
1302 92
1402 319
1032 1150
1510 236
732 1607
143 1152
743 1085
1238 1830
1349 1324
274 880
799 635
740 155
1736 246
57 1886
406 1638
1026 158
1275 771
1846 5
823 369
1912 1218
324 1855
623 534
1035 574
1427 1142
1517 85
1325 307
1620 1074
464 1969
446 896
1850 1997
877 307
1332 5
647 1888
1017 1300
165 1278
184 1512
1811 228
1188 1731
251 1825
336 911
193 181
1539 77
503 568
304 362
1360 1777
192 485
1398 1315
1130 169
1840 1799
1291 1926
1721 91
1753 964
1298 693
414 195
1858 1872
1915 185
302 1213
1971 1075
912 236
171 1616
1894 237
1834 1089
1677 448
1409 1900
1334 1300
1406 66
1596 725
1627 482
111 1916
1640 13
437 1618
1274 1390
57 1873
1086 773
1957 1857
1968 1680
1898 1064
127 944
1704 156
1037 1144
1503 1513
1755 1010
880 995
635 805
126 648
1646 107
718 752
403 1329
233 1827
1888 617
153 1620
503 1284
1368 1525
1418 1842
1279 951
1564 521
21 1583
577 49
115 86
906 1842
1525 1444
417 11
1977 144
1727 318
512 1857
347 540
289 41
1476 1252
219 1169
1116 194
1345 809
560 1774
535 1887
1318 446
201 712
1377 593
525 372
260 425
233 1976
564 276
1569 1960
1949 588
1596 723
498 1528
182 667
1096 1655
563 1823
358 1599
1149 476
1042 664
165 1951
397 1039
1946 1883
525 550
734 1326
403 1038
1187 1813
1830 1725
1859 1777
1600 282
377 783
1720 964
1102 1172
1800 1194
1439 346
885 1460
1114 1610
1571 625
761 1591
1247 727
457 1702
1726 612
1408 1432
619 140
1791 88
1843 432
1202 1807
169 339
1036 1912
858 607
1004 17
134 125
602 859
359 1903
522 1651
1434 1710
1392 1580
1671 22
704 666
320 1473
1363 345
759 78
8 1450
41 863
1120 1819
1303 1320
1721 1665
1890 1824
302 80
909 547
1382 171
403 1582
796 789
1578 152
164 1385
1067 152
1684 1397
1437 942
580 975
1108 1451
446 1189
462 732
1567 416
1775 110
735 1307
655 208
935 920
746 1092
1084 1455
1334 1753
1545 1895
592 1552
85 1542
1906 1593
1388 447
1628 1738
897 518
162 1575
734 876
345 1361
1363 862
108 1436
446 868
1759 863
1183 1175
1993 1582
862 1979
1836 372
713 1149
1208 1745
797 485
1909 277
1841 1944
820 1166
1096 577
944 1034
680 278
1908 1848
897 1827
495 1005
591 1145
608 211
802 674
1025 1718
394 1428
298 1144
1968 629
995 1425
525 1283
1126 1072
1276 783
1982 1386
805 1143
1293 1309
1556 169
147 604
491 619
786 1960
1628 663
993 1923
920 1745
1147 552
71 1669
816 863
1935 118
647 1533
935 444
583 291
389 1095
845 249
385 78
1824 941
906 715
682 1239
125 776
1479 1408
704 1302
111 870
240 1954
305 494
1500 806
1051 28
1465 1530
877 1925
463 1034
1218 1663
1121 668
286 1227
1766 936
1160 1020
1923 203
1731 1836
491 575
160 993
592 1189
1236 1532
47 645
552 530
1295 181
1218 1468
981 1039
757 40
546 1107
1440 1345
430 68
1043 702
1298 1181
856 1001
726 1775
1192 1297
418 1976
1729 1873
1996 1359
78 88
187 202
1326 258
1545 1526
1283 792
1817 1177
275 1362
1839 296
502 486
630 1568
235 1273
860 1942
510 351
1127 703
1584 1383
61 996
1133 1702
176 1899
1916 1401
1021 708
1505 332
1088 581
1423 230
1691 1873
404 1486
414 1357
1671 1862
591 322
1051 873
1302 1492
759 1000
1136 283
1533 1266
1908 870
229 1397
1707 543
142 130
1830 1911
376 1424
1511 1584
134 1057
310 781
857 504
662 1230
1028 413
733 1580
1079 152
882 916
304 696
1325 1793
520 1075
1962 1893
495 586
10 1587
1521 408
370 6
1200 1615
1915 321
1691 763
269 826
1147 296
1327 506
908 1563
801 979
1946 1178
483 586
185 1401
15 358
1862 1299
1920 1135
1078 1120
888 1281
417 1827
679 562
219 1285
1618 1947
1405 141
437 1902
1200 1348
456 1623
923 1722
1962 539
1738 537
228 1037
1830 399
1519 1875
1064 755
1435 36
1435 1558
1671 1611
788 1144
1626 1320
819 1206
1762 1993
1981 480
1171 255
672 1045
938 1050
1968 1511
747 347
529 1241
1419 925
1966 1352
1405 1204
825 421
629 1058
1755 854
1439 857
790 1859
905 33
406 14
741 744
1870 1566
149 412
92 471
828 164
1038 1584
151 142
1379 1101
519 235
1069 1081
1127 463
583 385
591 763
1927 1568
321 1191
1880 1381
1308 1158
975 728
918 928
845 35
1640 836
933 269
650 1277
1331 1638
1051 1589
1661 1555
153 1378
81 1129
1005 142
1254 1102
1036 751
1553 1629
1533 774
566 399
869 248
1454 2000
328 1925
1669 112
830 1308
293 26
692 874
602 270
1126 853
1932 1849
623 1814
1596 1230
1535 1938
1458 1265
1041 804
63 1214
555 1720
955 582
1904 132
1776 65
325 136
1731 394
695 1947
119 1517
759 1095
795 1865
845 531
655 1521
848 596
1657 1265
1821 551
653 558
1650 1872
458 1216
118 141
1761 755
1480 497
80 460
132 285
301 1591
726 441
1067 1527
570 855
1165 1859
674 1714
1759 1832
106 213
1370 859
1609 1225
1996 748
1479 423
799 1354
169 11
885 242
1 331
317 1396
793 1558
556 486
32 894
127 1550
984 639
1993 398
822 58
1910 427
1440 1309
164 1073
328 1230
1214 1705
1099 38
1218 1954
274 1738
1440 747
336 1405
1251 1142
277 490
1188 1810
950 292
1628 444
1829 793
375 197
1396 130
231 1718
650 1148
1334 625
564 455
1810 1321
38 1430
1943 1518
1744 980
647 1591
1982 849
1725 1713
1671 522
1620 1416
185 610
1634 995
1188 1695
635 262
1338 47
523 1486
326 1162
1083 1622
1161 201
1453 844
462 1972
1253 569
596 147
1290 1140
56 1778
450 1843
1410 246
3 1562
1615 316
1326 1893
961 1541
1454 1566
1402 1207
860 938
969 1701
865 264
1395 477
896 611
1138 1957
897 166
1632 1562
662 313
1799 200
1095 1802
829 1397
1099 1947
1597 192
1265 1676
396 797
1576 1432
1335 489
1505 978
1632 763
763 1360
1894 669
1041 239
1570 900
905 1171
524 1884
1729 1605
1832 600
1311 177
96 1822
13 1651
1962 857
1719 1435
834 1472
413 627
1192 865
106 80
1103 1873
944 230
1788 897
1344 1052
1913 271
467 770
999 723
155 617
333 1118
496 258
1133 1887
1085 287
38 1879
149 1397
53 737
980 516
1863 444
931 849
1972 1793
346 583
1459 358
893 313
301 1101
566 1492
1366 218
1053 1330
1617 627
465 86
777 1917
44 1117
254 231
460 1199
1094 791
380 314
62 1118
1713 47
677 397
1863 281
856 477
167 1226
298 998
1657 1638
1690 1414
1289 617
1472 1468
1681 1514
1931 1711
366 1346
1415 497
1284 1859
882 758
1036 1843
1388 107
1820 135
1804 1720
629 1836
680 1828
1685 1954
1145 1148
1627 133
993 75
1451 1711
729 1754
1455 1068
1923 1629
1068 331
564 968
760 771
587 100
637 1682
1502 563
1155 832
816 1573
532 668
1571 1146
904 1536
204 1951
640 1409
1341 146
390 1148
716 808
888 1274
1525 1144
1728 1577
216 785
233 426
338 1224
1257 1683
363 1400
1769 1275
1857 1375
1918 260
336 421
490 1506
1908 1336
1431 1004
1456 527
301 1042
1671 1361
470 1738
1901 871
336 444
1303 1582
449 1650
355 1718
1728 1808
736 426
528 218
829 1917
1572 1275
251 1258
429 1739
1837 766
1155 893
1409 1055
1395 458
26 1644
23 1409
126 1637
708 180
517 390
81 461
1932 839
1556 1035
371 1169
1528 1100
954 529
1259 542
356 1516
279 1680
114 1665
784 402
1947 1859
1781 732
245 1119
228 1623
689 1289
1184 370
566 1619
1649 1031
1343 485
1806 806
1920 1646
453 1383
1402 1580
1779 273
328 841
548 1309
82 1961
513 1926
896 6
405 1272
822 1848
368 1437
1324 11
481 466
463 1292
1411 1799
1647 926
1641 189
21 1230
1404 1883
1161 1975
1376 1562
1810 1233
1696 1774
1454 452
247 955
561 1150
756 136
315 1032
673 1575
1045 574
1809 766
1341 45
128 1851
481 1182
1539 1758
1841 459
13 290
1997 477
132 195
182 1938
310 1374
1437 2000
188 559
1539 841
311 792
587 1616
404 767
1084 1300
1070 1614
1349 409
1308 1185
1832 1329
1488 1782
1405 1019
495 1902
1541 1031
1236 1006
1388 1921
1829 1056
815 200
546 704
1378 1144
1164 535
138 331
229 1037
834 1837
1752 712
1051 1859
69 260
477 751
794 584
1889 710
654 1444
382 1840
984 892
551 1926
1013 280
400 1677
1549 473
1649 1801
1881 104
536 1291
672 1535
1227 39
103 939
1084 900
898 1922
1295 1177
767 559
797 1518
1216 533
647 378
895 356
500 1356
91 200
1232 1843
361 109
791 205
498 853
1271 180
796 424
2000 744
1159 175
251 1670
300 207
825 787
1810 554
775 840
1047 826
1192 460
764 553
610 1911
821 644
732 1281
1096 1148
1660 681
1578 1038
1637 1348
738 1926
797 1891
1716 1471
329 1566
1259 453
1604 289
1626 1799
602 1347
376 1449
592 518
1361 1064
630 1806
1816 1351
1147 905
632 166
217 1123
1914 1599
1546 1347
1830 722
677 674
292 52
704 875
235 1556
412 410
1051 789
1882 802
1254 911
625 1854
1115 866
299 970
440 1620
1124 1447
1706 1734
1434 1507
214 755
946 1522
1470 1840
762 219
944 727
426 122
68 608
107 884
1496 1135
1210 1464
704 82
576 195
1337 272
1886 410
1341 1061
411 209
1582 374
1268 1
20 629
1653 1566
482 1297
1448 1054
1700 1030
647 365
86 358
1189 1819
895 714
1155 325
1769 1624
1051 1921
1192 1922
153 810
1748 1170
343 419
1423 70
167 246
483 957
1198 312
1504 479
466 1472
1911 1199
306 1740
1585 1985
440 1115
1668 96
1973 1716
1779 1152
421 1033
1259 1428
830 29
118 617
300 1079
662 1296
1303 1789
515 230
1382 1377
335 587
561 111
1748 980
91 1537
928 1010
1365 1980
1950 203
1127 465
1888 857
1315 719
201 1328
1541 1208
1432 1057
1008 1951
1456 874
1107 186
1462 367
1697 291
61 173
1780 1964
409 851
1939 757
1301 1456
2000 1204
1248 622
1188 1595
372 454
24 785
1436 175
1342 163
1284 663
492 1677
495 606
690 1004
1501 292
952 1178
1121 1347
1243 1905
576 544
184 1898
1835 266
1763 1563
1721 1617
1700 1862
710 851
1597 612
919 1419
958 582
1120 250
1023 232
1178 688
671 520
628 1817
1576 408
1435 551
1069 345
19 604
1066 174
871 1547
877 455
1957 1617
830 272
546 48
383 1577
764 1891
1272 291
1255 14
441 1261
1380 1717
701 175
1937 1720
179 807
1828 1737
902 933
1773 721
125 578
1543 1849
1494 694
1176 1234
830 897
1325 1857
143 1704
298 1353
1042 436
531 1558
1266 649
1117 535
1628 1938
98 1561
1752 65
162 393
1042 133
71 610
395 297
380 1261
364 554
1222 1087
36 1659
647 424
278 31
1736 1313
1275 789
1510 107
894 1144
1653 1911
848 280
950 331
1530 1203
465 57
1155 1303
363 1662
905 1235
937 1646
312 421
1475 1293
388 306
1414 1683
1700 1423
1833 582
784 1641
241 596
234 737
1848 1636
272 281
1612 1695
1812 1032
860 1515
1282 668
947 1964
250 701
1884 706
1312 36
760 535
1207 1924
1101 506
1004 1144
185 12
1185 121
1408 1743
1403 1985
322 1389
628 963
1812 635
1068 1987
33 1873
1730 684
1271 1833
1553 610
21 1235
1000 1349
345 121
68 1365
1875 1451
1949 1602
656 826
919 1181
297 270
1640 611
280 1895
2000 1374
904 102
1609 1935
1872 130
1025 222
1281 1988
449 40
607 1328
240 45
1020 1187
1836 1663
1328 991
1766 1468
796 1532
752 1225
680 1726
474 350
893 964
1811 1645
1644 530
1042 1154
1430 290
1794 1175
853 1924
115 212
241 658
1231 657
430 1436
251 1102
344 313
611 130
1164 390
1742 338
1636 176
1334 1136
571 544
1879 451
652 1782
161 1039
1694 147
97 656
1704 1252
1337 719
1850 774
1388 132
315 1044
1545 555
1080 946
1410 1145
1441 205
658 1075
1316 1140
736 545
1958 1711
20 831
640 1718
1609 1615
1349 1593
103 236
84 85
144 51
1740 1562
1682 1907
1262 876
1710 466
804 358
1862 793
1746 874
145 755
756 1224
1094 1627
1311 1143
703 1179
1839 110
1983 1512
1769 713
1846 1566
1346 341
748 1715
1430 489
735 1660
382 1903
417 291
793 1566
1099 1817
712 551
1786 1539
476 1905
1621 1944
912 893
1752 656
1611 264
1779 1988
1493 1824
1509 1026
99 769
1231 1927
1617 962
1681 566
1320 1301
1311 1466
1713 1039
782 1702
478 501
596 2000
620 1900
25 981
178 622
1066 1849
572 749
732 892
274 914
14 1682
1041 228
1724 569
1176 493
430 1532
1319 1422
412 1751
623 1566
1678 451
1001 1027
938 409
1439 1907
885 1910
841 169
1698 439
518 154
1392 1630
850 175
1348 1763
813 29
1642 1185
1653 169
148 865
923 641
1253 1885
40 59
430 186
302 1306
1462 1605
1379 1972
970 1242
414 696
1402 1731
915 1481
1043 1010
1106 752
438 657
613 575
1397 1926
923 583
1401 1523
323 1145
1070 983
129 1447
1471 539
1506 1336
821 212
1929 757
1913 1090
742 1231
1550 230
1162 1490
1578 618
1803 1854
252 1336
1387 285
1596 227
305 1625
936 1387
1977 555
338 269
873 344
1061 1384
1509 402
93 1878
1157 497
1834 741
300 11
1953 843
1778 75
1519 1639
401 197
678 752
897 1520
235 185
1125 1164
1624 1492
423 113
149 1240
1553 107
1139 558
28 209
109 514
616 1586
823 163
1160 747
588 1512
641 1383
187 667
1736 933
1950 1591
689 1451
172 534
434 545
1013 1942
652 956
1697 1082
1728 713
1901 978
1361 96
1647 1241
1462 1326
1433 302
616 673
279 119
524 795
1793 1033
1003 1936
1372 687
1110 798
1508 1853
170 1265
648 248
1333 1100
1691 728
1969 1947
1771 1469
961 888
1915 1281
1206 372
1499 1851
951 1453
531 1413
1430 588
715 1860
1262 1801
1006 1924
1167 1988
1289 1575
974 1926
419 1291
1436 778
1711 774
1770 1017
1161 1659
1704 1905
1845 189
111 840
386 1532
1471 494
1301 1835
54 1956
1920 1531
1994 1050
643 123
495 404
415 1324
1344 1519
1439 1657
1270 774
231 806
846 1422
1363 207
286 1885
1259 226
499 134
62 1484
194 768
1627 126
1095 1855
1769 132
1197 1183
1704 237
1983 981
1710 938
652 287
56 871
607 1313
946 1713
1087 1447
142 1145
623 1304
779 755
881 962
1573 466
1842 657
1723 117
967 116
81 471
690 1257
715 431
127 81
377 269
740 1936
337 68
457 22
1990 1995
1611 535
1797 386
844 694
438 306
725 230
241 1829
1660 787
66 70
472 1595
1888 236
262 398
1053 29
595 776
890 209
1298 141
1915 1643
173 1946
1332 207
1355 1636
1445 806
1354 1142
1334 1709
322 1946
1458 166
583 365
1552 1866
1474 447
1372 282
711 790
345 1830
1743 874
591 1900
1831 1294
1454 857
1126 1584
812 859
1915 1788
977 780
1530 1464
1236 633
1312 1011
1499 1944
1039 1891
998 723
1361 787
1136 811
405 838
730 808
1510 674
214 605
1371 653
937 1457
1817 442
123 530
736 375
1704 262
1880 1247
1290 1943
1590 187
1256 171
755 236
1188 1671
993 1785
566 703
47 471
1841 1148
4 339
950 1435
373 1780
476 1925
330 1366
973 355
632 266
1758 461
1699 576
1879 260
407 794
1113 1720
605 412
139 343
1533 688
866 421
1476 1447
1443 1039
560 1747
1076 314
1008 581
245 314
161 1133
1393 86
1418 1033
1622 1309
1432 779
1049 1324
1237 687
1126 804
1991 1667
580 338
1880 1650
185 1763
935 1084
394 835
1776 1964
1517 205
968 694
619 40
438 574
1282 349
1496 1560
300 1706
1214 465
1298 81
1437 1456
844 618
970 692
1130 1555
1897 1257
1626 38
1889 1896
1913 1737
1191 674
1748 821
1600 1766
1959 1308
1386 544
790 1784
394 1869
1161 1102
915 513
698 1725
1043 1052
1250 76
1364 144
259 1356
919 1532
61 220
1576 1467
1559 398
61 77
678 823
756 1872
1813 258
1402 1829
1935 456
1043 882
1846 66
919 520
1546 1449
1277 1105
371 1383
1250 358
769 1616
982 1113
748 586
1274 942
1961 1683
1187 1796
1383 1397
1709 1278
1122 397
699 1640
363 1110
526 677
827 1709
1195 153
1677 1217
1410 1924
911 1854
1705 1985
1319 607
940 1681
1392 1860
368 12
1766 1267
856 1659
715 1776
446 399
951 1435
239 886
623 697
1847 1276
82 23
62 280
1707 1574
593 262
8 379
1060 722
1637 41
1557 667
1314 769
60 1842
1449 11
820 760
126 1335
739 1586
510 1300
1435 211
499 169
1893 401
980 752
871 230
246 675
1202 1862
775 182
661 1415
686 293
1454 617
202 1892
1363 1105
672 374
87 23
1268 249
441 1065
1380 496
1329 49
916 1383
422 528
1794 544
1553 421
1797 1534
1507 1370
1023 1879
1967 836
1260 1657
364 652
1431 1625
1197 946
1133 1149
1626 707
601 606
324 1676
848 737
1151 112
1708 664
69 1268
1771 96
1433 466
1000 779
1176 813
219 1558
32 951
62 1651
122 1182
670 594
1153 886
1937 557
339 1564
57 757
1557 145
14 1565
1932 547
975 1651
1633 757
935 1778
1435 1799
1748 1959
1403 718
761 1965
187 609
9 1845
1530 1187
987 972
1596 265
26 782
595 1984
292 933
1503 1289
1686 410
336 1545
1586 891
1384 111
637 1096
320 315
1301 1057
1036 1025
1341 438
1466 1924
1705 1680
545 442
1192 1305
1950 272
498 178
670 1756
307 1987
128 76
1827 374
46 1928
202 1878
1904 1416
902 465
1435 767
775 28
1344 1319
1298 476
1337 531
219 1841
1861 1548
1540 1246
1194 653
133 1538
795 1219
718 1157
744 891
952 531
1548 1564
1090 1387
1940 1324
158 1009
400 1795
1298 1560
1169 1905
1311 1219
1449 1616
1804 490
678 565
1083 1239
1439 645
1545 1089
834 786
890 1283
942 516
813 285
1949 1463
1125 1288
292 618
1310 1800
96 155
1107 1948
1596 470
586 102
19 776
1909 49
1828 147
1174 97
651 491
3 776
1032 402
670 480
1586 1815
877 774
16 1532
1414 19
1664 697
62 24
595 1524
2000 1726
1955 73
1447 719
344 1493
443 664
1868 1704
954 334
1466 17
1885 1610
837 60
420 1873
254 955
1085 863
1867 1717
1535 130
838 372
629 341
802 1715
188 1441
1130 1554
317 1808
117 1561
68 739
873 24
1972 269
1760 1939
1263 468
216 1484
736 603
956 568
1662 1840
293 1812
1109 1565
515 205
1177 412
1886 265
1017 1735
637 164
1696 1835
1372 1905
922 1216
1440 1383
1094 1008
131 1163
1067 1916
1115 872
1044 1117
1662 521
1367 1717
214 1518
771 1787
641 1008
1269 1649
1228 1523
759 423
1452 1985
1559 617
1235 284
670 1557
517 658
1135 466
1946 1404
1923 574
1000 971
1687 1281
603 1891
1733 1983
1091 1314
1936 1217
1065 476
584 408
644 1068
1664 1739
1197 1847
1140 785
392 191
545 999
815 1055
619 1375
208 412
1520 1329
825 1315
678 681
1912 1790
1259 828
381 588
1743 841
1269 154
1912 458
32 1953
35 352
1949 1532
10 1518
1028 1314
379 1095
1373 1789
184 280
929 1558
1694 1474
158 1659
1827 88
1268 1456
1449 941
1989 763
1906 5
1465 1480
1681 1892
1109 1802
1561 410
1804 1903
592 308
1838 1285
1431 1645
607 562
1904 1282
1310 563
1973 627
1059 141
590 192
1355 826
1996 1378
1225 798
304 755
294 1683
993 91
1078 41
698 1482
911 48
1117 1432
1150 141
1191 997
1099 329
69 1951
940 1599
415 1457
902 632
1245 1725
1003 892
477 805
819 764
1429 88
1149 1978
1755 1026
790 1100
390 1659
1645 1965
1675 1032
1215 843
1615 1578
1791 995
1668 142
1485 822
345 979
833 1182
478 181
957 1843
1908 904
1648 1996
429 1795
63 749
577 1942
887 1901
1117 374
1733 1148
1640 548
1727 782
1340 1121
1048 1193
1843 1822
98 1224
802 291
847 1964
952 1641
367 1675
735 876
745 754
744 1178
1788 503
1355 515
246 1105
283 1383
500 429
1 1427
652 1654
1867 1960
79 696
562 1899
1807 1588
1313 1651
711 493
1932 1329
495 1365
455 362
608 1183
1344 643
45 1199
1591 41
1101 356
909 1817
1636 1273
843 1175
623 776
1042 811
1262 1830
288 1577
371 501
1101 1309
1707 452
607 1198
1201 884
820 1482
430 1997
823 1464
1672 551
959 1739
1882 1401
1686 1570
895 880
641 1774
850 1844
305 708
1932 1917
1914 1993
934 1996
419 86
673 1178
1284 1666
359 1882
1070 112
971 1525
630 1931
430 26
114 1365
131 324
1254 1883
371 408
293 1171
598 1182
1508 1481
736 473
495 145
508 18
662 947
509 435
899 1695
1016 228
1262 1210
764 259
1977 829
1445 483
1633 883
601 1760
951 562
572 1823
1408 410
850 1171
367 829
1191 483
658 88
426 493
117 1871
1632 48
1206 981
541 1922
1062 1911
1116 1121
351 1181
130 197
1607 1630
1757 1142
1456 412
1332 1144
1299 933
1815 688
430 652
1066 514
71 928
12 1329
1967 47
1920 1796
168 92
299 458
1959 827
187 25
1649 731
1287 46
1318 262
1099 1970
1133 1734
897 1027
786 1932
1446 1869
1137 1607
1922 840
328 419
19 255
1989 1293
603 321
1788 1979
1161 1567
251 1725
1781 891
1406 1241
351 1860
1458 551
517 1054
146 1084
759 1745
122 1883
1745 416
1933 1460
1209 521
704 1924
648 316
1464 861
1488 1283
1459 1589
292 1161
1996 1776
1127 946
1759 415
1949 1277
249 424
932 96
980 789
1612 101
982 1184
1862 1106
1663 1710
1863 257
1688 956
1129 1204
1333 1747
1762 339
802 1595
1670 341
1441 109
119 898
143 1740
742 989
694 1313
1008 1089
113 1338
1141 1171
1514 1845
548 1568
656 422
515 719
1111 1872
518 1594
1658 1684
907 978
1502 869
791 938
299 1370
1847 1999
506 1651
1697 1585
161 1020
670 1297
1475 112
1058 75
1884 1456
1174 1971
1398 83
1997 1965
1846 809
1284 1252
43 1725
983 1781
1853 621
1771 537
987 1265
1126 389
1592 1857
1937 1156
1069 1005
1773 639
1825 1217
1231 297
906 811
598 622
1968 1601
1480 1509
1000 931
1402 1193
232 273
732 1266
718 1536
1243 364
939 933
509 1910
608 1595
1107 738
947 141
204 115
603 381
927 718
536 933
1308 1396
79 590
1941 783
1947 1603
1675 1813
641 661
961 144
989 1582
1908 1979
514 1961
795 1059
389 671
962 1854
613 1227
873 1824
1479 1474
1624 340
591 481
1126 808
726 138
1557 1607
66 1468
683 324
221 1119
164 1876
713 1217
108 85
1648 1794
1600 1817
245 115
1176 1156
528 1616
861 399
1410 911
936 561
726 293
462 819
1066 1751
342 481
145 1436
387 1854
885 421
940 334
889 639
1625 1784
1794 1512
1867 999
100 1366
172 516
412 710
1184 55
569 11
1973 476
490 262
1487 41
727 787
1859 1281
777 283
334 64
616 396
754 1007
1161 968
434 508
1977 1702
939 1768
1045 1085
1649 864
1187 1184
1385 1951
1498 1925
69 518
1426 180
1677 522
1910 1242
1743 17
1778 466
1615 1512
378 135
223 663
368 1396
1661 124
766 1033
858 1926
1345 1021
1418 770
1818 1970
507 1077
473 995
1517 399
1036 992
1499 157
652 1119
1428 1266
682 1928
1311 626
1241 579
923 212
839 1684
1574 1180
1503 1429
1376 1085
350 88
1392 1549
160 540
1596 472
1290 1073
1183 1199
1693 77
277 262
642 1045
1661 393
1772 1232
1685 857
841 1356
1341 572
1789 100
1837 1890
1167 59
250 1890
1210 1399
1253 285
1385 534
45 871
469 1142
1566 1852
1923 1925
1754 84
1496 845
525 10
1598 489
112 1532
723 1281
1716 88
1093 1880
1640 926
1915 1817
468 1873
1772 1682
169 17
1738 1568
185 845
1609 1183
242 391
1210 1336
772 1301
852 19
1476 1067
523 1518
707 1657
1699 1804
206 1850
1061 452
1035 339
251 788
1828 346
206 1510
1459 1756
502 347
1384 1396
1325 1905
1570 1122
560 1560
1784 658
324 317
901 1805
1837 585
148 262
1067 1598
1959 454
938 1324
437 105
1456 667
1461 1646
62 1384
1618 781
323 1225
157 28
119 1219
838 1223
538 273
1231 1014
474 125
274 1528
1197 1470
1529 1436
939 1716
21 868
1519 247
1183 1901
326 896
1848 1357
1070 1335
388 1931
1183 659
1288 995
521 1212
1364 1470
943 1499
1318 1714
1091 1001
465 1559
90 1564
1187 246
1625 1430
1656 1354
794 887
1243 152
122 1359
449 1453
1549 1523
1325 1789
532 1156
1474 1444
952 942
965 1463
1646 731
671 347
1115 171
1585 540
355 551
1115 1391
301 1287
1972 807
711 1774
1889 1180
1612 487
240 868
1996 403
606 391
1574 783
917 1006
1934 1639
589 222
1327 24
779 660
4 508
1871 1004
815 102
1373 1164
139 1162
1563 409
920 876
1000 693
762 723
1764 1655
1373 1352
619 660
270 1481
1971 1936
1020 252
1155 964
899 296
1533 340
148 705
995 871
515 1040
443 854
1127 1634
1202 633
831 1535
781 778
784 520
709 573
1850 329
1017 329
992 147
1350 232
1880 501
1691 698
1991 1404
1952 1039
625 857
759 581
498 365
1440 642
975 415
1493 1676
367 493
1084 1735
1636 369
1314 597
313 86
407 1027
113 1851
50 534
100 1142
962 738
178 696
686 1673
1432 31
324 1244
1419 1356
1067 1958
194 114
517 1596
349 1907
1695 1523
1572 1750
1968 1893
799 1767
626 447
661 1741
647 144
1472 582
126 118
1536 962
1657 40
1806 565
860 1977
330 1261
1857 826
923 258
498 1530
637 808
875 1687
1734 211
1154 1156
1993 1575
1696 758
1069 1744
993 487
698 1853
706 150
812 163
752 1802
120 200
440 213
134 1383
460 369
1595 189
1325 369
814 865
411 256
935 1732
837 1984
1775 1581
1841 1562
1450 1994
903 1172
919 1874
359 1487
900 792
507 855
1207 1935
24 916
1746 649
843 1300
525 471
1130 1855
1500 1663
287 1225
407 316
1070 354
908 1525
1136 101
733 1815
728 73
1140 1933
1186 1041
648 111
1972 712
1847 479
1274 1877
1493 697
1715 565
1919 1830
42 1954
859 1506
770 2000
1334 1199
1455 1710
1635 1390
503 1896
1379 1947
701 1390
1067 35
1805 1386
727 886
842 974
307 693
1455 1019
786 255
529 933
1257 529
1104 416
46 1877
1502 138
242 393
704 733
1333 7
1118 1565
678 947
1797 1735
1392 1085
99 135
1066 1878
1334 1549
149 427
1846 39
597 1805
699 1081
1268 295
1580 824
572 1945
909 1226
594 506
1424 970
1708 454
1969 1522
1319 1396
77 1494
1653 1005
321 1163
226 577
876 1839
1294 1199
326 282
1590 225
939 701
1664 771
445 1322
208 1034
556 723
709 130
234 1481
1287 1128
831 1815
1840 497
1276 1551
842 656
899 1472
1721 1886
544 1552
1147 195
254 1796
163 798
417 1687
512 1097
69 1380
1604 44
1120 1145
1188 1903
1724 968
1195 1026
87 1622
912 37
332 14
822 746
1337 1522
746 1460
1363 1597
350 1988
1909 1089
1429 924
1764 1952
291 1614
1426 989
94 1895
709 1980
923 821
305 1253
1958 731
1312 1541
666 1295
1473 166
1548 1033
1729 1454
1346 684
179 1454
1016 620
193 1296
1930 453
889 180
1728 1939
1808 787
1399 1029
1771 1829
570 1063
1656 1364
919 125
1690 158
756 1075
1377 112
1218 1683
437 394
1596 1389
1876 467
464 1537
1183 1887
726 842
1656 1434
1086 1848
224 268
786 1377
1196 513
236 1843
1501 873
116 969
1810 1754
1479 1015
1042 823
1267 1242
1501 198
556 1154
1418 847
1000 1457
1789 265
1488 1409
1730 851
1414 1017
1065 941
1959 1065
1489 1756
952 1631
1791 1573
659 1412
1904 1957
1771 1859
128 1582
437 77
440 1737
1479 968
987 1149
1380 1323
248 818
830 905
1671 470
1382 1965
532 403
1632 461
716 449
1405 104
1877 1938
1321 1034
8 113
605 868
1155 1839
1541 1718
966 58
254 158
1797 268
356 1442
1405 667
1729 1829
1709 1522
716 1509
1407 201
1652 7
1005 554
1188 966
407 327
1762 504
443 1939
635 1010
165 51
1041 272
518 1928
740 1564
1400 1841
48 55
1476 225
1884 866
1389 1416
477 789
1275 1790
725 1144
115 1929
797 1278
1174 724
381 1636
1804 186
1738 489
1036 571
1653 352
937 497
986 1739
1690 1715
1861 765
1052 268
1244 664
10 1703
440 1904
1303 1314
131 843
472 1685
1006 262
1084 1356
1892 1655
1195 1805
1510 1974
988 1936
812 1927
1750 618
1724 323
911 1057
243 1425
1992 75
173 1495
837 1610
201 1460
283 562
1283 1390
368 468
1916 408
363 1455
1004 1768
1935 581
1949 1817
1555 751
1533 940
1809 444
1329 1577
1187 356
1226 1142
1671 1245
704 86
1130 1137
70 1900
1517 488
815 281
152 91
982 574
1115 1790
127 1657
801 1993
1972 1381
26 1007
716 583
828 1493
1195 1233
483 1761
1847 3
139 1823
1717 1088
1277 789
846 1267
1804 1430
742 1336
508 541
1431 1185
1799 1512
470 497
323 1927
1165 48
1727 1712
1642 986
373 1175
1528 1988
1628 1683
881 1097
1699 972
939 1647
56 733
1369 1156
1540 940
404 452
76 23
1688 65
1734 112
476 829
1606 710
298 997
119 369
286 414
626 1676
1529 1815
1721 746
1044 1382
599 565
330 1360
1830 1976
182 1199
1431 1315
903 1708
1674 406
1377 213
1672 878
356 427
420 1249
1093 197
185 258
202 898
1732 617
1777 1420
1252 1787
515 1680
1197 96
1102 1244
929 358
577 278
623 942
831 472
1365 1628
1673 201
1578 1330
157 1560
360 1490
1725 783
923 263
1982 1740
1032 1011
1189 900
1746 145
874 1154
1395 1034
258 781
117 751
381 1570
384 1549
1449 753
99 1113
82 189
1766 1423
1107 1050
90 1976
1612 1443
1091 753
1690 1991
526 708
499 628
1322 120
1470 296
501 1027
518 1493
1993 1163
1231 1237
689 302
998 1317
1125 1087
800 1686
1094 703
1284 757
138 636
154 1119
184 1004
1337 429
1847 1178
730 671
280 1012
1518 205
1950 1589
1764 23
1929 230
797 844
1694 1265
819 690
89 101
1943 1534
1860 1736
1454 275
1844 1362
1125 1419
394 1100
1668 1061
1661 184
79 729
1847 1048
1503 1050
148 1056
1796 1288
336 282
693 1220
1318 1730
790 1559
188 651
8 602
1288 639
89 1854
875 132
501 985
1704 911
1395 1530
1423 1985
420 487
836 421
1312 1894
1762 1165
333 486
1650 342
1502 585
1294 258
1094 114
1427 1622
1495 1522
1811 181
648 948
1721 1009
979 506
1724 1389
90 1409
1500 612
682 392
1210 1565
1983 270
1331 1853
214 675
1047 1883
604 1887
156 565
1553 1730
1673 39
164 1965
470 1129
440 1109
325 615
390 166
1496 1907
1991 978
1503 651
391 1887
1262 1378
106 112
1870 501
838 868
1743 1369
294 1489
