203 1124
1491 203
1458 1744
1517 1105
232 625
1673 809
1887 1403
1874 332
1785 171
293 1009
627 412
492 1535
222 939
1746 1417
1697 1808
1585 55
418 831
1665 466
1563 630
370 151
71 684
1 1684
1799 1697
452 1185
1668 330
97 906
1878 244
1298 1119
1046 99
1254 981
797 825
300 1869
915 1220
1736 1516
714 1364
1337 359
1624 1762
822 1536
562 461
717 1895
1216 1508
883 1840
1751 1863
911 714
1573 1091
1782 1969
579 1140
356 832
1897 141
1009 1528
1485 492
97 237
1722 1267
1743 117
550 1691
1919 1677
554 1556
1910 1876
807 1015
933 35
1266 872
87 791
710 1723
12 389
1425 1968
1549 192
1779 957
1513 286
257 448
1212 1632
501 566
1992 76
18 1707
575 1480
1805 1422
1850 479
1840 1494
1863 1719
1933 1281
1438 512
1722 853
1336 641
863 9
1603 1434
1059 247
1454 1958
1346 1171
367 359
238 831
249 1689
971 218
48 466
1408 661
1051 350
218 1907
751 1284
1244 475
1112 625
26 574
1101 1059
1697 658
1828 1789
45 993
1333 655
177 282
474 590
952 1143
750 1264
153 866
351 1725
1211 34
588 1533
900 1647
1171 1008
1729 771
759 1165
1824 486
75 62
1484 1104
368 1747
903 1382
517 840
1769 1933
1077 1648
1129 1856
1817 840
1643 1541
180 1176
1662 1734
1987 578
861 1384
496 1710
833 826
897 609
805 1433
1231 1300
355 1614
1935 1414
1451 1366
142 107
1661 181
932 1681
1483 1892
1632 1013
1603 545
1234 1241
1471 811
740 1340
485 1667
58 1803
1597 1233
844 1057
34 937
1349 1819
311 1190
566 271
1587 616
740 1233
794 1892
1745 1357
352 438
501 294
1235 1194
1409 1507
1020 1255
1534 1491
872 1506
455 686
216 937
626 1469
1740 1927
500 1291
1486 1054
349 637
323 1412
1060 456
1033 808
1194 1298
371 1896
223 1635
74 446
1949 1615
257 1306
1686 1415
968 1749
754 748
993 663
836 1781
680 587
1311 616
591 693
1717 221
1467 1725
148 193
344 394
1971 386
394 757
359 1270
851 722
49 1320
1055 345
609 215
458 1627
535 158
1507 1651
167 1367
1787 1525
1563 288
149 1012
735 852
249 1915
876 408
838 825
447 1540
992 1101
434 1959
1332 454
1023 1148
1882 1926
1980 894
158 1905
222 1620
1188 991
1033 1151
132 401
180 612
1999 1984
1799 428
1528 1240
1827 1198
410 1856
259 824
1637 476
845 1884
586 195
1175 67
1449 1834
308 1394
681 1381
1000 111
440 1540
340 1725
306 1232
89 1057
1893 232
1583 1821
498 1975
278 1762
243 811
535 42
273 802
1053 693
909 252
1608 1425
371 635
546 1963
282 1570
725 928
1597 1414
1644 1827
1333 51
243 1036
299 1482
1237 1771
660 832
177 1355
1828 58
963 924
1356 1505
58 1997
1804 23
422 812
285 879
1658 908
834 146
1393 1536
1035 1827
674 1701
1059 1423
1410 1987
679 1877
1792 718
1990 1951
1391 1451
1417 1997
909 197
534 1852
1477 717
802 663
1153 1289
1942 198
902 805
1328 1118
1803 639
714 1754
1995 1159
1015 254
1988 1315
1118 1209
1469 455
1712 676
1189 924
573 237
761 1321
1918 939
989 1442
1248 1672
1968 127
643 1159
1764 22
1586 1814
63 784
39 1707
1193 921
331 795
183 280
1254 989
1556 1280
860 132
999 1379
1645 921
854 1117
1592 49
1816 1582
545 278
244 963
383 1353
1287 602
1221 1517
899 977
20 293
695 1291
1029 1812
1857 1778
1518 479
1538 491
332 181
1443 748
362 46
87 1106
217 825
169 1546
859 776
1455 1046
503 382
1356 326
1058 11
1049 1048
1812 1899
1637 330
437 688
1382 885
131 1667
164 1956
1116 1867
454 981
1813 1325
500 892
986 536
995 1865
1067 1630
334 1624
690 4
1388 920
1192 1830
502 1967
1802 1582
566 1009
964 1270
210 1870
411 387
1881 682
1467 360
1257 1490
1611 1520
125 1342
1174 313
1952 1528
83 1444
1874 1721
1526 590
742 1909
1070 905
729 563
1825 1686
704 808
1995 807
1566 398
1748 1012
496 936
1361 13
1694 870
440 1747
1501 1863
1461 929
51 1291
100 59
675 539
1304 81
164 1751
381 999
1032 31
484 443
153 657
1274 1196
1309 612
1402 1190
198 99
1316 1788
436 467
1396 953
1586 1101
1074 1431
905 106
1659 1536
1953 719
3 251
1674 991
958 800
783 1689
1938 1245
114 446
1274 1320
384 390
756 207
1098 487
1694 1988
1734 186
471 408
241 1238
1064 50
1032 1245
993 1057
1779 1830
471 1480
1792 1806
1589 1839
1554 105
869 154
1332 1795
348 64
1089 1221
116 213
336 1250
1346 1883
1331 1710
1765 1165
78 1888
59 415
900 1316
909 1134
408 482
1809 750
511 959
689 696
1213 603
1948 328
250 1639
1639 286
1779 1824
1394 181
615 1900
1720 7
1538 827
1059 853
865 361
1000 1189
293 928
1196 1190
1469 1750
1990 1776
1868 1769
155 441
1816 1039
1589 952
1222 984
1073 1583
1373 1482
1585 1052
1592 224
1797 396
1863 1677
1079 1931
647 1874
436 1920
1930 1829
415 1101
964 774
440 849
143 713
1701 1305
116 334
1910 1586
1606 1107
1557 89
1321 49
1924 43
1770 568
797 489
1304 792
910 1368
823 1483
1288 483
659 298
124 779
1252 1125
1346 1444
1895 970
1733 1104
1557 390
644 654
211 1433
784 1435
883 1749
1733 1707
795 1398
871 415
481 1318
1082 792
81 118
1437 161
1063 694
58 1327
1878 1865
543 1784
176 1393
1484 1583
470 1788
1918 443
1435 1461
1769 1710
833 69
101 1585
451 60
660 245
654 557
995 1718
1307 1216
1969 1127
816 1404
973 1099
76 521
1014 1121
1740 1100
904 698
1975 1161
208 1929
1573 503
1521 1804
270 1597
1064 1520
885 511
1918 1035
1498 40
1560 627
1998 1918
1749 609
1446 329
1299 1989
382 1651
1064 1319
331 310
1439 285
1639 735
1383 15
67 1564
52 668
899 879
315 1382
351 286
1191 609
710 617
1542 1492
152 416
999 1138
1752 1835
1355 35
295 701
1390 470
566 1205
1789 50
843 760
1933 886
300 1645
1745 1695
1380 912
672 399
1916 967
616 315
1188 1297
958 1192
1611 1468
1849 694
28 1166
1991 1427
1366 625
1325 317
96 611
849 362
517 1130
1776 276
1703 1022
240 53
739 1834
115 1433
968 1354
1972 957
633 1393
911 1564
1976 976
790 331
861 1142
1565 488
204 1693
1787 31
1895 1016
1990 1592
1667 1131
1193 30
1194 652
822 801
1182 1509
496 1705
1883 870
521 934
13 810
674 421
1738 218
1171 1815
1302 421
160 848
478 365
1032 1148
298 1582
1106 960
508 1845
1052 801
799 65
1527 1025
1319 189
913 58
941 831
1395 350
61 1050
494 972
943 1828
1735 590
1700 774
1011 1478
1917 1780
508 831
1798 1935
384 1015
625 757
1916 753
1852 1685
116 495
750 759
1498 1094
1046 1751
89 1613
1854 1805
1349 1742
1841 1297
1463 1244
760 748
259 516
563 79
1182 1684
1380 1881
956 1911
712 403
656 1598
1266 1417
1337 1434
382 1725
85 631
1252 1344
701 1571
925 1604
1878 400
17 1078
553 1419
1941 860
1906 1946
1602 757
1265 442
1497 303
642 688
958 287
1441 668
1794 924
75 996
291 1559
1133 43
727 896
723 1770
1539 906
853 531
1250 1928
105 827
796 1419
587 786
736 1285
1640 1168
145 812
1645 1876
474 1595
650 827
712 1372
1492 1748
1252 761
148 518
1492 1500
994 1767
1876 936
416 1166
1380 1330
761 105
240 605
701 1105
130 1238
885 1766
1193 1828
1019 1335
1025 1514
309 1385
1349 1673
942 1853
1603 1780
917 458
1162 1537
1900 236
1107 668
518 1829
214 1245
469 696
1978 1455
315 1908
521 592
828 150
1174 290
31 95
1041 1826
1153 1770
1957 1084
1461 724
1233 633
1896 1439
1469 835
710 1832
1386 842
842 1630
339 696
1608 264
870 666
1654 1646
302 1636
1642 1012
1833 261
269 476
1224 1921
937 35
482 1630
368 65
1587 742
1545 875
888 713
1996 1834
649 1180
1756 1272
521 553
258 362
359 1106
928 35
336 1440
1181 800
1071 1259
1386 1817
1263 1584
1996 1693
1969 539
238 1115
1163 1810
314 1615
483 1906
678 19
1734 1382
481 1143
94 1987
1669 1906
371 333
1485 1164
1116 1341
315 713
928 921
128 1758
873 1081
417 1833
1545 1410
490 1142
1603 1216
290 35
1010 1585
1090 454
1443 692
1724 1391
1591 1740
1942 1681
922 1300
135 1818
1486 30
55 1565
1912 1693
312 564
1763 684
1874 1040
1609 1805
1497 1649
1713 219
25 224
1890 1098
522 1412
1464 550
300 1956
201 934
1454 866
293 1769
1756 960
1921 431
402 543
1857 706
418 1489
878 1476
496 27
24 350
1403 1411
483 1982
276 1787
1916 262
1917 802
1496 1533
1616 401
872 1085
750 414
1897 945
1649 1403
665 1409
1099 1595
1151 474
1371 1749
1603 1048
380 399
1075 701
410 1689
1504 1659
1015 1935
1960 677
1882 1940
1730 506
418 1306
963 403
1982 162
1249 1499
9 1850
1802 384
1691 1268
561 1563
1821 857
70 1288
1362 169
34 1839
674 1768
406 1673
1153 987
1838 286
1760 1183
1650 1115
322 660
457 107
939 731
160 233
1327 610
726 1586
28 1987
1854 1971
664 69
754 882
1916 758
1602 16
1039 713
995 1120
638 1282
1333 1700
1695 986
503 1833
45 99
1595 511
1505 1394
979 924
502 389
855 1005
752 1447
407 1259
309 1362
1424 1924
718 496
1193 468
291 1441
1155 1518
1763 1647
1950 1789
1404 609
382 1187
407 1694
374 1631
895 1275
714 1899
261 140
986 1249
1475 1974
1500 1274
1474 1051
1592 612
107 183
1859 1074
1155 946
1174 1187
1979 295
1031 418
448 79
35 420
1077 1635
1436 150
917 1763
1985 571
1098 1203
253 1968
1968 679
1120 1738
1291 1713
262 1612
1964 268
1631 1678
1275 215
220 22
39 623
822 1198
424 1882
87 101
1199 894
1151 457
507 815
664 301
1096 560
1979 1545
1552 418
1778 445
1405 812
918 1140
655 1298
1317 1119
1871 359
33 850
208 276
249 978
473 954
1474 684
1701 67
106 1798
1949 135
21 567
1227 34
405 1639
1072 622
1615 1932
111 868
167 1650
1364 1790
144 1575
1207 39
1559 93
1690 474
282 909
969 40
1646 1121
883 1908
380 449
648 1733
1290 1399
393 700
1034 1756
1067 621
165 1691
786 1114
1634 954
1207 853
1570 889
1481 1971
1977 1337
1308 731
302 1796
400 211
1757 1359
1237 1847
253 479
1707 878
909 1549
473 1049
546 884
1149 156
703 1163
1919 1410
1812 419
184 1462
1850 263
1034 992
664 750
440 1768
1685 1463
756 590
1848 166
1983 873
1341 970
845 1539
1310 1122
1439 1113
1523 1933
1599 1271
351 549
23 763
659 299
1619 1793
1643 751
1158 1248
400 991
1917 1832
1852 781
273 875
1301 1473
380 1069
89 365
1501 1417
1557 1868
241 815
1872 123
506 423
841 1602
1507 41
194 623
19 1417
1741 560
837 202
1386 1577
823 1888
1083 1697
620 1281
1953 1109
31 1537
617 601
362 528
280 109
439 232
1863 44
1806 18
1587 1110
1756 1525
901 253
20 1986
1417 981
469 12
455 915
395 1684
1043 208
1507 1766
1535 813
44 189
1671 1730
693 1395
1776 1335
507 1976
1861 1737
296 571
438 1404
674 601
621 1810
1481 1562
168 425
1422 332
626 785
99 58
1342 1890
627 1068
1757 1780
605 1289
508 1088
1390 117
392 491
1394 1614
617 102
26 1095
382 434
1304 1383
1918 1291
766 964
276 1733
377 1105
1306 1546
456 73
950 465
1975 1318
1191 522
1373 1154
1337 993
801 607
90 1337
588 1401
1098 1138
1174 1127
326 976
299 1383
1043 831
884 859
1413 1604
875 512
1171 1680
1055 1509
1812 1304
962 1188
404 1197
1089 392
97 1027
866 924
159 905
1775 703
863 324
1055 1046
262 1127
107 1048
956 305
1484 1224
38 1040
281 1650
1759 1949
871 1727
1020 111
337 955
1863 898
1229 1779
1070 1732
196 718
1655 663
177 454
1607 1744
1994 194
895 1722
1983 1638
1301 422
287 1217
499 1663
838 33
1368 487
1031 1782
726 1001
774 265
1434 293
384 876
119 924
158 718
693 785
1087 936
4 1270
1552 405
1367 1324
1538 330
1195 1898
1591 1822
1595 661
1473 1369
1554 153
1107 1943
849 1321
382 1856
1608 299
1007 1436
11 640
164 156
1547 809
1224 977
467 269
853 1345
1265 937
1055 171
1706 1648
99 925
731 486
263 1589
746 483
1425 222
845 52
806 970
1218 1737
606 1834
1503 1072
1076 12
267 248
1716 793
1718 1746
1544 1035
1144 1529
1120 1487
564 1814
1471 464
1460 1196
913 289
1081 193
265 1710
90 1925
1185 1931
1250 1257
626 910
99 1968
1809 564
710 1377
798 724
1229 1202
574 763
698 585
899 1281
1205 451
1907 1437
93 786
830 1743
702 435
437 169
1976 2000
1181 1036
1718 1345
961 670
1582 1767
405 481
1435 1888
497 1725
1979 436
171 58
1392 972
1320 1704
126 410
1134 1405
692 30
915 318
1956 4
448 1784
610 945
14 1402
72 1411
1916 1958
1328 352
1665 1032
585 1231
745 801
1174 637
1757 1013
749 250
1301 1670
550 28
1503 61
1350 1165
710 80
680 1398
497 1077
373 538
1482 86
19 456
1093 605
875 1670
1904 670
616 287
546 1001
966 1696
1291 391
1481 398
300 1231
1200 640
1924 1366
998 235
997 975
758 1510
247 1737
1357 664
1739 1090
783 1332
1605 1793
1157 1224
1432 30
98 895
930 1284
1622 134
188 1662
954 926
499 1463
104 897
1909 936
1592 258
1423 1267
1497 293
1951 876
1767 1317
1276 1037
1503 1176
403 1742
665 408
1492 1783
1740 364
1767 1364
242 1034
407 570
1448 1093
1931 708
43 332
177 647
1864 1984
190 1190
585 286
180 345
1126 457
344 1939
1924 1250
136 640
326 1471
1707 1864
1235 148
109 531
1 1181
1181 1696
1696 1735
1735 1680
1680 1
1735 826
826 784
784 1358
1358 1655
1655 621
621 1358
621 817
817 752
752 78
78 784
1655 1
1655 1181
1358 1
2 131
131 742
742 1349
1349 337
337 1969
1969 127
127 2
337 1675
1675 1398
1398 1349
1675 1897
1897 411
411 2
1675 2
1675 237
237 2
742 2
3 1948
1948 1618
1618 510
510 1862
1862 1077
1077 1101
1101 44
44 1618
44 3
1077 1618
1862 3
510 1948
4 1677
1677 1368
1368 1431
1431 1082
1082 1612
1612 589
589 1645
1645 1368
1645 4
589 1082
1612 1368
1612 479
479 1677
1082 1106
1106 4
5 1885
1885 1724
1724 874
874 624
624 96
96 1991
1991 5
624 126
126 1724
624 1392
1392 1496
1496 874
624 5
874 1885
6 579
579 1475
1475 121
121 6
1475 1346
1346 1690
1690 576
576 1346
576 845
845 370
370 1346
370 579
1690 1475
7 1502
1502 173
173 853
853 47
47 1704
1704 321
321 1946
1946 787
787 47
787 1819
1819 708
708 1704
708 527
527 853
708 853
1704 279
279 7
47 7
47 173
853 7
8 830
830 1087
1087 620
620 1258
1258 666
666 1647
1647 813
813 323
323 62
62 623
623 620
323 1647
813 620
813 8
1647 1258
1647 8
9 669
669 1228
1228 846
846 1361
1361 20
20 1362
1362 846
1362 9
846 669
1228 1147
1147 669
1147 9
10 636
636 962
962 108
108 967
967 1464
1464 1491
1491 10
1491 149
149 1974
1974 10
1974 796
796 521
521 462
462 962
796 636
1974 1491
149 10
149 967
149 1464
11 1173
1173 851
851 1326
1326 1266
1266 592
592 457
457 1173
457 797
797 1266
797 11
592 851
1326 11
12 660
660 1415
1415 12
660 663
663 12
663 1694
1694 1478
1478 1115
1115 1694
1115 1355
1355 485
485 57
57 1355
485 663
1355 1694
13 698
698 1192
1192 544
544 1894
1894 698
1894 1192
1894 158
158 1892
1892 1669
1669 1192
1669 544
158 544
1192 13
14 609
609 1577
1577 603
603 1137
1137 86
86 933
933 409
409 609
1577 1714
1714 1808
1808 1933
1933 14
15 1932
1932 162
162 793
793 1555
1555 477
477 1932
477 15
477 593
593 597
597 1555
1555 15
16 1205
1205 407
407 1649
1649 1205
407 574
574 1727
1727 1205
1727 89
89 407
407 1065
1065 1205
407 16
17 685
685 224
224 528
528 1238
1238 804
804 1446
1446 1165
1165 528
1446 528
804 528
528 1516
1516 17
18 762
762 728
728 1299
1299 939
939 533
533 1382
1382 568
568 868
868 1303
1303 1903
1903 906
906 701
701 939
701 568
568 18
939 619
619 728
19 1230
1230 566
566 1166
1166 1582
1582 1188
1188 1166
1582 993
993 617
617 19
21 232
232 26
26 1452
1452 992
992 1493
1493 994
994 45
45 1167
1167 395
395 26
992 834
834 1578
1578 232
992 21
22 1135
1135 449
449 1880
1880 1934
1934 1267
1267 1568
1568 399
399 613
613 156
156 1652
1652 812
812 1428
1428 1016
1016 22
23 384
384 1350
1350 518
518 459
459 1389
1389 23
1389 1011
1011 1193
1193 1553
1553 384
1553 1011
1553 1043
1043 459
1043 1396
1396 384
1553 567
567 1978
1978 32
32 459
24 331
331 1560
1560 519
519 1538
1538 707
707 519
707 24
519 1054
1054 781
781 1560
519 24
25 1621
1621 1673
1673 1936
1936 1621
1936 763
763 1761
1761 731
731 639
639 25
1761 870
870 25
870 229
229 1621
763 1673
27 1661
1661 602
602 1973
1973 1656
1656 1352
1352 1973
1656 27
1656 1661
1656 1827
1827 1426
1426 602
1426 1661
28 405
405 1584
1584 1440
1440 405
405 716
716 94
94 1212
1212 28
29 195
195 824
824 221
221 677
677 1210
1210 181
181 847
847 771
771 398
398 1412
1412 29
771 195
30 109
109 1109
1109 1318
1318 789
789 1613
1613 878
878 1318
1613 68
68 30
68 764
764 332
332 1864
1864 789
332 30
764 755
755 1628
1628 1141
1141 30
764 30
31 1659
1659 1091
1091 889
889 481
481 31
481 713
713 1876
1876 1659
1876 31
713 31
713 1180
1180 386
386 889
1180 590
590 481
590 31
33 238
238 253
253 1777
1777 930
930 238
253 1913
1913 238
1913 1730
1730 238
1913 33
34 545
545 1733
1733 263
263 706
706 1518
1518 1749
1749 1250
1250 1261
1261 1518
1261 406
406 34
406 1733
1250 468
468 1749
468 545
35 1429
1429 1297
1297 1710
1710 989
989 35
1297 914
914 810
810 1297
810 1429
810 1760
1760 599
599 1111
1111 810
599 1297
1760 35
36 564
564 1868
1868 1094
1094 1207
1207 1189
1189 1094
1207 1187
1187 484
484 448
448 1868
1187 927
927 1291
1291 1812
1812 564
1812 1971
1971 1637
1637 1207
1971 1094
1971 36
1971 1291
37 294
294 1728
1728 761
761 375
375 59
59 1527
1527 120
120 1748
1748 375
1748 1527
120 375
1527 294
1527 37
38 154
154 1006
1006 333
333 452
452 1957
1957 732
732 1526
1526 38
1526 333
732 452
1957 1006
452 1373
1373 38
1373 1006
1006 1784
1784 38
39 1084
1084 1064
1064 895
895 1731
1731 1962
1962 795
795 1340
1340 1962
1340 895
795 1162
1162 1754
1754 1646
1646 1084
795 1064
1064 689
689 39
40 1028
1028 562
562 404
404 81
81 970
970 702
702 516
516 881
881 204
204 928
928 404
928 562
881 40
516 562
702 562
702 40
41 1575
1575 454
454 1138
1138 1620
1620 1466
1466 41
1138 50
50 271
271 1138
50 41
50 1742
1742 454
50 454
1138 1630
1630 1575
42 472
472 513
513 778
778 718
718 1738
1738 513
718 472
778 816
816 1410
1410 1996
1996 1022
1022 42
1022 495
495 864
864 778
495 513
43 312
312 1104
1104 1507
1507 492
492 772
772 483
483 43
772 1104
1507 43
46 435
435 236
236 1558
1558 275
275 236
275 858
858 937
937 1965
1965 1721
1721 887
887 461
461 945
945 1705
1705 1256
1256 1130
1130 491
491 1558
1130 461
1256 560
560 858
1705 1558
945 435
461 275
858 1558
858 46
1558 46
48 849
849 1626
1626 747
747 1554
1554 1434
1434 1136
1136 1224
1224 1792
1792 1271
1271 849
1792 1377
1377 1046
1046 1041
1041 850
850 1118
1118 48
850 1626
1041 1626
1046 1792
1377 48
1377 1136
1792 849
1792 1554
1224 849
1434 849
49 1262
1262 744
744 53
53 58
58 1262
744 1543
1543 1681
1681 832
832 1895
1895 990
990 1401
1401 1268
1268 1262
1543 346
346 49
51 415
415 1385
1385 65
65 1975
1975 1385
1975 785
785 1030
1030 1501
1501 415
415 1846
1846 1789
1789 51
52 170
170 379
379 1552
1552 1757
1757 861
861 1454
1454 766
766 1643
1643 52
861 52
1757 184
184 170
1552 170
1552 52
54 1312
1312 1241
1241 1283
1283 551
551 1183
1183 1993
1993 921
921 801
801 54
801 1283
1283 739
739 1312
55 349
349 1513
1513 1906
1906 965
965 557
557 1383
1383 1110
1110 1423
1423 791
791 1513
791 1699
1699 1644
1644 349
1699 1110
1110 55
557 55
56 1080
1080 1125
1125 1062
1062 56
1062 536
536 1456
1456 806
806 56
806 605
605 424
424 56
424 345
345 1080
60 672
672 953
953 1988
1988 1505
1505 1364
1364 60
1364 1960
1960 886
886 672
1960 132
132 792
792 60
61 437
437 303
303 888
888 446
446 1608
1608 61
888 1970
1970 1888
1888 303
303 61
63 905
905 823
823 1086
1086 418
418 1182
1182 63
1086 983
983 76
76 629
629 137
137 111
111 905
111 1388
1388 629
1388 63
76 63
76 823
64 1700
1700 1243
1243 1108
1108 1796
1796 890
890 1964
1964 1697
1697 678
678 1752
1752 737
737 1424
1424 64
66 873
873 1328
1328 1042
1042 1477
1477 671
671 66
67 1202
1202 1145
1145 423
423 1779
1779 1145
423 1294
1294 262
262 77
77 1049
1049 421
421 281
281 1145
262 208
208 1003
1003 1447
1447 1588
1588 67
1003 1294
1003 1145
208 1294
69 786
786 922
922 714
714 1867
1867 1462
1462 1633
1633 628
628 282
282 160
160 1474
1474 69
1462 714
1462 786
714 112
112 98
98 1650
1650 714
112 922
70 1481
1481 1938
1938 87
87 70
87 1458
1458 1549
1549 1938
1458 1938
71 135
135 289
289 1184
1184 376
376 688
688 1073
1073 1366
1366 932
932 618
618 289
618 686
686 940
940 1284
1284 289
1284 686
376 1344
1344 1184
1344 1882
1882 1184
1184 71
72 520
520 1995
1995 1178
1178 339
339 800
800 863
863 201
201 520
863 1939
1939 72
339 1937
1937 428
428 773
773 1858
1858 1175
1175 72
73 343
343 1369
1369 1121
1121 1254
1254 641
641 1324
1324 700
700 73
74 285
285 107
107 416
416 1342
1342 1500
1500 193
193 508
508 285
508 107
508 74
1500 458
458 1076
1076 1310
1310 270
270 1276
1276 285
1076 285
1342 285
75 896
896 1176
1176 1272
1272 471
471 1473
1473 1787
1787 205
205 1153
1153 1265
1265 1780
1780 1918
1918 75
1473 1272
79 538
538 1316
1316 1667
1667 1470
1470 1002
1002 1221
1221 683
683 202
202 1221
202 79
1221 79
80 614
614 918
918 1805
1805 1684
1684 821
821 918
821 1920
1920 1805
1684 614
1684 80
918 80
82 1066
1066 1317
1317 1079
1079 667
667 935
935 82
935 1066
667 82
83 901
901 893
893 769
769 1472
1472 1545
1545 83
84 1783
1783 365
365 1559
1559 1090
1090 1910
1910 711
711 365
711 1736
1736 1783
1736 1371
1371 1783
1736 394
394 1155
1155 1783
1155 151
151 1783
151 1090
151 365
151 394
1155 535
535 84
535 1559
394 1783
85 1218
1218 977
977 643
643 1853
1853 903
903 1313
1313 1102
1102 326
326 1305
1305 740
740 644
644 85
1305 1313
1102 643
1313 85
1853 85
88 1140
1140 1776
1776 1998
1998 756
756 1211
1211 598
598 1057
1057 1746
1746 1302
1302 444
444 756
444 213
213 1409
1409 300
300 1561
1561 1140
213 164
164 1785
1785 88
164 88
213 756
213 1057
1302 756
1302 1998
90 572
572 1961
1961 1534
1534 1580
1580 309
309 304
304 134
134 833
833 1000
1000 128
128 1695
1695 1391
1391 335
335 950
950 1000
950 1580
1695 90
128 90
128 304
1000 1732
1732 1534
134 1961
91 1245
1245 1678
1678 133
133 522
522 1234
1234 1790
1790 133
133 1713
1713 91
92 968
968 397
397 1569
1569 358
358 1376
1376 838
838 397
838 1005
1005 630
630 1186
1186 92
1005 736
736 968
736 1376
1005 92
838 177
177 1947
1947 968
177 358
1376 968
93 1045
1045 1573
1573 93
1573 296
296 1356
1356 1387
1387 1264
1264 1688
1688 1768
1768 1430
1430 548
548 93
95 487
487 1525
1525 1289
1289 1161
1161 182
182 1331
1331 859
859 182
859 95
859 1861
1861 1596
1596 1099
1099 241
241 182
241 1289
241 95
1161 1148
1148 1525
1148 95
97 986
986 1122
1122 802
802 615
615 1750
1750 1718
1718 1174
1174 498
498 1036
1036 1718
1718 1029
1029 802
1718 97
1718 1122
1750 97
99 1488
1488 1142
1142 831
831 883
883 1986
1986 1343
1343 99
1986 233
233 497
497 1986
497 883
233 1631
1631 1986
1986 1488
1986 831
100 733
733 1917
1917 782
782 1601
1601 367
367 100
367 680
680 1309
1309 175
175 1601
1309 782
101 305
305 130
130 722
722 656
656 1103
1103 1617
1617 443
443 776
776 373
373 101
130 1908
1908 218
218 103
103 661
661 1908
103 101
102 1803
1803 971
971 1953
1953 1786
1786 1980
1980 350
350 1803
350 952
952 1199
1199 1980
1980 1257
1257 102
1257 1786
1786 1152
1152 245
245 1786
1152 1803
1786 971
104 1070
1070 1020
1020 1977
1977 561
561 1007
1007 104
1977 188
188 1020
1977 378
378 417
417 1813
1813 256
256 212
212 104
212 1676
1676 1214
1214 1070
1214 104
105 882
882 1810
1810 987
987 464
464 364
364 1929
1929 1989
1989 258
258 1842
1842 1512
1512 1929
1512 364
1842 105
1989 105
1929 705
705 464
705 882
705 105
106 1619
1619 1157
1157 1375
1375 322
322 749
749 1453
1453 1375
749 1619
1157 106
110 949
949 1907
1907 189
189 1999
1999 1156
1156 1463
1463 1585
1585 110
1463 1907
113 1745
1745 1893
1893 1797
1797 1581
1581 1896
1896 980
980 453
453 113
453 1916
1916 1797
1916 980
453 1896
1896 1797
1581 148
148 1329
1329 966
966 1797
1797 1745
1893 1421
1421 113
1421 1745
114 808
808 227
227 550
550 670
670 904
904 550
904 645
645 941
941 316
316 227
316 1773
1773 984
984 1255
1255 1019
1019 1278
1278 550
1278 316
1019 1448
1448 941
984 227
1773 114
115 1831
1831 1451
1451 1467
1467 1756
1756 1570
1570 115
1467 601
601 588
588 1860
1860 601
601 1441
1441 115
116 726
726 429
429 632
632 1012
1012 455
455 1994
1994 138
138 750
750 1685
1685 116
429 1411
1411 902
902 726
117 719
719 445
445 1772
1772 1838
1838 1416
1416 445
1416 1345
1345 1772
1345 1771
1771 1442
1442 1838
1772 117
445 117
118 1877
1877 1351
1351 1123
1123 157
157 1911
1911 1160
1160 936
936 1196
1196 687
687 936
687 1215
1215 1123
1215 118
687 1201
1201 938
938 981
981 1898
1898 1877
1196 118
936 1351
1123 1877
119 948
948 1851
1851 947
947 1023
1023 604
604 249
249 119
249 1236
1236 1100
1100 266
266 1471
1471 119
1471 654
654 1482
1482 947
1482 119
1482 222
222 1624
1624 1023
1624 266
1471 948
1236 1023
122 1191
1191 616
616 1564
1564 1498
1498 1716
1716 915
915 1966
1966 248
248 122
123 1984
1984 268
268 524
524 827
827 190
190 1967
1967 268
1967 1984
827 1902
1902 524
1902 268
827 123
827 1984
124 1930
1930 1503
1503 1671
1671 436
436 124
1671 860
860 1107
1107 836
836 1483
1483 240
240 1486
1486 860
240 1107
240 1503
836 124
1671 124
125 400
400 596
596 919
919 159
159 125
159 1875
1875 400
919 1603
1603 400
129 254
254 1001
1001 1143
1143 1394
1394 929
929 1590
1590 129
929 1001
136 920
920 390
390 790
790 1817
1817 979
979 1200
1200 790
1200 136
790 541
541 136
790 920
139 1849
1849 351
351 1404
1404 317
317 1239
1239 441
441 1849
441 139
317 351
1849 210
210 1374
1374 139
210 139
140 570
570 194
194 741
741 230
230 512
512 829
829 306
306 741
306 512
306 570
230 651
651 1889
1889 1059
1059 140
651 741
194 140
141 907
907 694
694 1925
1925 392
392 290
290 255
255 393
393 1683
1683 255
1683 141
142 1572
1572 1081
1081 1854
1854 1682
1682 1747
1747 1081
1854 1435
1435 1625
1625 1557
1557 1572
1435 1081
1854 142
143 934
934 1075
1075 956
956 314
314 946
946 1248
1248 1353
1353 625
625 143
625 1259
1259 143
1259 1025
1025 1616
1616 835
835 1653
1653 946
1616 299
299 625
1353 956
144 1717
1717 530
530 898
898 1319
1319 530
1319 1707
1707 476
476 898
898 1300
1300 362
362 144
145 894
894 931
931 1763
1763 1323
1323 387
387 1149
1149 925
925 955
955 1814
1814 1096
1096 1763
1814 1763
955 1506
1506 456
456 1763
456 1909
1909 496
496 709
709 1323
1909 145
1909 1506
1506 1763
955 145
925 1320
1320 1323
146 199
199 638
638 1794
1794 410
410 1638
1638 1794
410 1767
1767 146
1767 199
147 917
917 257
257 1941
1941 244
244 1419
1419 1664
1664 1171
1171 244
1664 147
1419 383
383 912
912 1884
1884 1381
1381 1665
1665 642
642 1642
1642 1941
912 244
150 1951
1951 297
297 1751
1751 1465
1465 150
1951 356
356 909
909 150
152 430
430 203
203 611
611 729
729 556
556 715
715 655
655 1879
1879 203
655 430
203 152
203 283
283 430
153 442
442 1800
1800 231
231 1833
1833 153
1833 1528
1528 287
287 231
1800 153
155 1540
1540 515
515 1055
1055 1791
1791 1782
1782 828
828 534
534 438
438 1347
1347 1095
1095 1252
1252 1791
1782 640
640 1701
1701 1540
1055 155
161 1244
1244 1422
1422 412
412 1026
1026 389
389 1432
1432 745
745 161
1244 1260
1260 161
163 388
388 1378
1378 1832
1832 163
1832 899
899 1881
1881 1378
899 388
165 780
780 1053
1053 743
743 1799
1799 1504
1504 1992
1992 1053
1992 865
865 165
865 1053
1504 743
1799 1687
1687 165
166 951
951 1008
1008 1766
1766 1719
1719 1566
1566 1237
1237 1449
1449 1021
1021 166
1021 1105
1105 1237
1566 1008
167 1088
1088 1806
1806 1461
1461 1692
1692 267
267 1088
1461 988
988 1806
988 167
1806 463
463 167
168 1384
1384 1956
1956 820
820 1579
1579 1460
1460 805
805 171
171 532
532 1890
1890 1548
1548 168
1890 171
169 291
291 295
295 1734
1734 1887
1887 1711
1711 478
478 291
1711 169
1887 1112
1112 295
172 372
372 679
679 1972
1972 976
976 679
976 842
842 1035
1035 1068
1068 313
313 788
788 328
328 924
924 1445
1445 1139
1139 1517
1517 172
174 1640
1640 1627
1627 1485
1485 211
211 1674
1674 352
352 1922
1922 1640
1922 1627
352 1883
1883 174
1674 1485
176 1837
1837 277
277 329
329 1744
1744 1131
1131 329
1131 1743
1743 857
857 1982
1982 607
607 176
857 1524
1524 549
549 1743
178 1873
1873 553
553 359
359 1487
1487 363
363 843
843 553
843 1083
1083 178
179 1216
1216 1455
1455 1943
1943 179
1943 480
480 1290
1290 1942
1942 179
1942 1216
1290 179
1290 1943
480 179
1455 179
180 272
272 770
770 892
892 1499
1499 292
292 892
1499 1592
1592 1114
1114 272
1114 180
1499 180
183 1436
1436 783
783 1450
1450 1924
1924 783
1924 1919
1919 1450
1450 1071
1071 1242
1242 1963
1963 293
293 734
734 658
658 783
658 1169
1169 183
1169 1242
1242 183
185 710
710 995
995 1904
1904 1599
1599 1878
1878 1479
1479 1004
1004 634
634 526
526 1904
1004 185
1004 1058
1058 1542
1542 1878
1058 710
1904 710
186 310
310 1119
1119 1282
1282 310
1282 848
848 403
403 1648
1648 186
1648 1119
1648 1282
187 1804
1804 972
972 1380
1380 187
1380 1443
1443 1775
1775 665
665 1804
665 1739
1739 681
681 1151
1151 490
490 396
396 565
565 1120
1120 1623
1623 577
577 1804
1775 187
1380 1804
972 1609
1609 187
191 1762
1762 1693
1693 239
239 1092
1092 246
246 1762
246 1729
1729 1092
1729 239
1693 191
192 862
862 999
999 973
973 1213
1213 854
854 380
380 973
380 1213
854 1668
1668 973
1668 192
854 192
196 1056
1056 1146
1146 798
798 1051
1051 1146
1051 540
540 503
503 798
503 1755
1755 196
197 1515
1515 1764
1764 1336
1336 555
555 431
431 1515
431 1336
555 1537
1537 259
259 197
1537 197
1537 1764
1537 1336
1764 197
1764 662
662 197
198 1949
1949 1459
1459 1027
1027 198
1949 1872
1872 1015
1015 1758
1758 1010
1010 1015
1758 1949
1758 198
1015 717
717 1335
1335 467
467 1872
467 198
200 327
327 759
759 696
696 1367
1367 779
779 866
866 220
220 876
876 200
876 1287
1287 200
206 852
852 1281
1281 1232
1232 505
505 1117
1117 539
539 206
1232 581
581 1365
1365 957
957 1593
1593 852
207 1567
1567 451
451 207
1567 1935
1935 1715
1715 1327
1327 754
754 207
754 493
493 1778
1778 1494
1494 1567
209 1915
1915 1641
1641 1874
1874 486
486 450
450 676
676 209
676 247
247 450
450 1604
1604 486
1604 209
1604 1928
1928 1217
1217 209
1928 1915
1641 209
214 1240
1240 1480
1480 214
1480 355
355 583
583 1914
1914 422
422 1826
1826 1547
1547 996
996 284
284 214
1547 1914
1826 691
691 583
215 278
278 582
582 504
504 278
504 215
582 215
216 1657
1657 1798
1798 465
465 1657
465 216
1798 216
217 799
799 1132
1132 1418
1418 1521
1521 1823
1823 867
867 799
1823 1263
1263 1132
1263 799
1521 217
1521 273
273 1235
1235 1622
1622 217
1622 799
1235 1418
219 637
637 1565
1565 586
586 1511
1511 1614
1614 1293
1293 219
1293 433
433 219
433 1614
586 219
223 777
777 1551
1551 391
391 1629
1629 1047
1047 1195
1195 223
1195 1698
1698 502
502 1047
502 1670
1670 1047
1670 777
1670 1629
1698 223
1195 777
225 635
635 1983
1983 1097
1097 288
288 594
594 1600
1600 758
758 336
336 942
942 1759
1759 225
1759 1600
942 1600
1983 225
226 1807
1807 1403
1403 1852
1852 910
910 1158
1158 1072
1072 1209
1209 1158
1209 910
1209 1509
1509 1550
1550 1807
1550 1158
1072 1753
1753 1403
1072 226
1158 1990
1990 910
1158 1285
1285 1249
1249 1807
1249 1852
1285 910
228 1124
1124 1574
1574 368
368 1802
1802 320
320 958
958 1306
1306 440
440 228
958 1793
1793 1400
1400 1802
1400 1574
234 807
807 911
911 998
998 366
366 234
911 622
622 1841
1841 1639
1639 1952
1952 807
1639 807
235 558
558 1060
1060 1063
1063 235
1063 1901
1901 235
1901 466
466 235
466 1185
1185 775
775 235
775 1279
1279 466
1185 558
242 653
653 1563
1563 1871
1871 1816
1816 1519
1519 1177
1177 1891
1891 501
501 704
704 1816
704 1825
1825 1338
1338 704
1825 501
1825 242
704 1563
1177 653
1871 1484
1484 1563
243 1662
1662 897
897 626
626 961
961 1061
1061 692
692 626
1061 243
250 1492
1492 347
347 298
298 1067
1067 587
587 1602
1602 298
1602 1067
1067 1686
1686 250
251 419
419 1159
1159 1921
1921 1078
1078 1514
1514 1544
1544 385
385 1725
1725 1159
1544 811
811 1921
1544 1298
1298 251
1514 1781
1781 960
960 251
960 1078
1514 650
650 1159
1514 419
252 1531
1531 1508
1508 517
517 563
563 1420
1420 408
408 1304
1304 757
757 1811
1811 517
757 252
1304 1531
260 523
523 1660
1660 470
470 1723
1723 260
1660 1098
1098 1275
1275 260
261 1968
1968 361
361 261
1968 1905
1905 1615
1615 585
585 1863
1863 1523
1523 1048
1048 1863
1048 261
264 474
474 1666
1666 646
646 1691
1691 1981
1981 1037
1037 1815
1815 264
1815 1981
1815 474
1037 646
1691 1666
265 735
735 610
610 884
884 1959
1959 426
426 875
875 1663
1663 1233
1233 1959
1959 559
559 610
559 627
627 265
884 265
610 265
269 1399
1399 600
600 1154
1154 269
1154 1270
1270 1595
1595 1535
1535 1522
1522 1821
1821 1397
1397 269
1397 1154
1821 1535
1535 1363
1363 1270
1595 1399
1595 1038
1038 600
274 1017
1017 1979
1979 916
916 1357
1357 943
943 1359
1359 1204
1204 1172
1172 721
721 1017
1204 1357
1359 274
276 1226
1226 1093
1093 1085
1085 1273
1273 325
325 668
668 1273
668 944
944 1093
1273 276
280 631
631 1050
1050 1288
1288 631
1288 1274
1274 1050
1274 280
1274 631
1050 280
286 1190
1190 353
353 1536
1536 1571
1571 509
509 840
840 1635
1635 1348
1348 840
1348 509
1348 531
531 1277
1277 286
301 814
814 580
580 1795
1795 877
877 1225
1225 1788
1788 814
1788 301
1225 814
302 723
723 1774
1774 1337
1337 344
344 1865
1865 402
402 746
746 794
794 1954
1954 1292
1292 344
1954 1865
402 302
307 1219
1219 1052
1052 1607
1607 578
578 1955
1955 401
401 1018
1018 1052
401 1607
1607 1219
1052 307
308 1533
1533 1425
1425 584
584 913
913 1533
1425 1251
1251 354
354 308
354 1413
1413 1251
1251 1587
1587 1332
1332 1533
311 1912
1912 684
684 1706
1706 1407
1407 1845
1845 926
926 1468
1468 822
822 1845
1468 1845
1845 885
885 1997
1997 1562
1562 311
1562 482
482 684
885 1912
315 1829
1829 712
712 1740
1740 1170
1170 748
748 315
748 1829
1740 1223
1223 712
1223 1830
1830 315
1830 1611
1611 712
712 369
369 1829
1829 1856
1856 315
318 1900
1900 1372
1372 1231
1231 1529
1529 839
839 414
414 1532
1532 318
1532 1769
1769 969
969 606
606 414
969 1900
1769 839
1372 318
319 1437
1437 730
730 1339
1339 1437
1339 511
511 1689
1689 1203
1203 319
324 1923
1923 1636
1636 500
500 648
648 1039
1039 324
648 1654
1654 725
725 664
664 500
664 1636
1654 473
473 1809
1809 500
330 1672
1672 1490
1490 1360
1360 330
330 1722
1722 1014
1014 1726
1726 1402
1402 1433
1433 1722
1402 330
334 682
682 1926
1926 334
1926 900
900 334
338 991
991 1325
1325 1469
1469 1850
1850 1530
1530 1341
1341 338
340 1033
1033 1246
1246 923
923 340
923 1222
1222 1126
1126 1033
1222 537
537 1033
537 494
494 1034
1034 340
1222 340
1033 844
844 342
342 439
439 1033
844 695
695 1295
1295 340
341 1333
1333 552
552 1116
1116 569
569 1708
1708 1606
1606 1820
1820 371
371 855
855 341
1606 552
1708 1116
348 1089
1089 543
543 1679
1679 506
506 751
751 803
803 348
751 348
1679 1089
357 1834
1834 1247
1247 1197
1197 959
959 1024
1024 488
488 1150
1150 1834
1150 1379
1379 974
974 1844
1844 1834
1844 1379
1379 1610
1610 1197
488 1197
959 1247
1247 357
360 1886
1886 727
727 525
525 690
690 1168
1168 469
469 1194
1194 727
1168 360
1168 1886
374 1539
1539 703
703 767
767 841
841 659
659 374
377 815
815 1253
1253 1839
1839 1040
1040 377
1839 815
381 1308
1308 425
425 1586
1586 1405
1405 1308
1405 1945
1945 1074
1074 381
1074 819
819 381
425 1702
1702 1308
1702 381
382 1301
1301 432
432 1720
1720 1857
1857 547
547 1720
547 382
547 499
499 612
612 1444
1444 382
612 1720
413 1950
1950 1632
1632 1044
1044 1658
1658 964
964 1583
1583 1134
1134 1658
964 1128
1128 1770
1770 413
1128 1658
1658 697
697 1632
420 1520
1520 982
982 1931
1931 1847
1847 420
1847 1414
1414 542
542 818
818 1598
1598 809
809 420
427 1032
1032 1651
1651 427
1651 1843
1843 1840
1840 1869
1869 1417
1417 1843
1417 427
1869 427
1869 1032
434 1286
1286 1220
1220 724
724 1712
1712 507
507 760
760 1985
1985 1395
1395 1286
760 434
507 1286
1712 434
1712 1835
1835 595
595 1322
1322 724
1322 1286
447 1439
1439 1334
1334 674
674 768
768 1866
1866 1334
768 1438
1438 765
765 1129
1129 674
765 1206
1206 1703
1703 447
1703 674
674 1439
460 529
529 975
975 978
978 908
908 475
475 529
908 529
908 460
529 1476
1476 1393
1393 529
489 1958
1958 1741
1741 1269
1269 1828
1828 1133
1133 1311
1311 1741
1133 1741
1741 1634
1634 891
891 489
1741 1457
1457 1958
514 774
774 1013
1013 1765
1765 774
1013 1859
1859 954
954 774
1859 514
1859 1822
1822 514
546 872
872 1489
1489 825
825 554
554 1229
1229 1179
1179 1330
1330 1314
1314 825
554 546
571 699
699 1589
1589 649
649 1495
1495 997
997 1164
1164 608
608 1144
1144 571
573 1427
1427 1163
1163 1541
1541 1987
1987 1546
1546 1227
1227 573
575 2000
2000 1390
1390 753
753 575
2000 1899
1899 1836
1836 1709
1709 1406
1406 2000
1406 1836
1406 575
591 1307
1307 1031
1031 591
591 1497
1497 1510
1510 1605
1605 720
720 591
633 1296
1296 675
675 880
880 985
985 675
985 1940
1940 1855
1855 675
1940 633
880 633
647 1113
1113 871
871 1370
1370 1113
1370 1386
1386 647
1370 647
652 869
869 1976
1976 1824
1824 1408
1408 738
738 1597
1597 652
1824 1009
1009 652
869 1280
1280 1591
1591 869
657 1870
1870 1198
1198 1737
1737 1069
1069 1208
1208 1576
1576 1737
1576 1069
1208 1315
1315 657
1069 657
673 1927
1927 1801
1801 1944
1944 1594
1594 1801
1944 673
1801 1127
1127 673
1127 1927
693 879
879 1556
1556 693
879 963
963 1321
1321 693
837 1354
1354 856
856 1848
1848 1818
1818 837
