1999 2997
323 239
458 1523
570 1716
1802 1263
1863 107
1802 1459
186 778
1802 298
1802 78
1802 164
1452 1802
1079 493
1246 1802
1802 1324
1021 1802
1157 1802
1203 1802
617 1578
1802 577
17 127
1802 1394
1802 1889
1718 1802
342 1802
1802 1191
1710 1802
1878 1896
3 1802
1802 1199
1638 58
1802 1358
425 863
795 393
117 383
197 1802
1074 878
1147 1802
1085 1368
1765 622
885 1078
107 1802
1802 1052
1802 1137
1802 652
233 1766
1859 657
406 1329
1802 580
583 1575
1802 1854
1802 1615
1802 732
1802 1839
1406 607
869 1802
1802 1605
1802 592
1802 1875
1976 1984
1484 1135
1802 235
614 1802
1802 1965
1815 1802
490 1274
563 1222
1802 810
1802 1699
51 937
592 1547
1442 1719
1813 1802
1706 914
979 1802
88 1802
384 1802
1258 1802
365 1773
821 1802
1802 1596
1802 1457
700 640
106 1802
182 1802
1271 1802
1802 1471
1802 388
11 1802
385 1802
1802 1490
1370 1802
1648 1802
1802 213
1802 285
1802 1516
1520 1802
1746 1968
1957 1323
631 1802
1802 1686
1587 1485
708 1802
1802 351
1802 953
150 390
1106 1802
1802 939
902 1166
1118 1710
346 1802
1802 414
1155 1802
73 1802
104 1802
1802 1197
1802 344
1355 1802
1802 1849
860 1802
295 1802
1802 762
161 1802
1657 1802
1987 1860
1988 1802
1868 1802
714 1369
1802 1871
133 1048
1369 1802
1802 563
568 1802
1802 1061
871 120
1802 1477
803 1802
1297 1802
1802 405
1948 1164
480 742
1802 779
1559 1857
229 1564
1802 1671
1802 1133
841 1715
1802 371
1802 750
870 1802
1802 1320
1802 1613
1802 1660
225 1802
1143 385
1020 1802
1802 995
924 1802
1679 329
1982 1802
352 1802
1639 1331
262 1802
986 1802
183 1802
225 269
1802 841
1802 1797
1697 1802
1802 1312
851 1802
1214 1802
1802 863
25 1784
1802 715
1245 1802
1802 494
1802 608
1131 1802
1083 1142
447 1802
1909 1802
678 1049
655 1802
219 268
1764 405
1802 559
1949 1201
1802 1506
1802 359
1518 1802
1802 22
20 1862
673 1682
1426 1802
1554 162
566 544
1043 1802
1586 1802
30 1802
1802 250
337 1998
974 375
1716 1802
1074 1802
1802 999
1802 1924
1921 1802
986 1511
737 654
1802 171
417 1802
1318 359
183 1137
1802 1318
585 1802
1634 1096
1802 1556
1802 445
1023 1991
787 1802
1656 1799
1802 1574
504 1802
1802 1421
1802 1587
1202 1858
1299 1802
1802 74
1802 1673
1802 422
1464 1738
85 1802
1802 64
1802 1190
1802 1460
478 1802
1802 245
1802 1898
409 1802
1750 1802
766 1227
706 1802
1802 68
1802 1339
231 1913
1802 177
1802 310
294 300
906 1802
1780 1802
1026 1574
851 403
1802 1757
736 305
1064 1674
1985 1802
91 1802
786 1802
1980 569
1236 1802
76 733
1995 32
733 1802
271 1839
1558 1802
473 1820
1802 67
870 100
195 1802
344 1726
377 1802
503 1533
1802 1221
888 1802
325 1802
1802 444
408 857
1802 1465
1802 223
38 1802
806 1894
494 856
901 1841
1883 1603
575 577
1802 1944
1802 763
1802 31
322 366
531 40
1362 827
815 1203
1108 1507
956 1802
962 1802
1341 1276
1802 1168
1395 1802
471 1802
564 1802
1247 1802
1946 1055
144 1802
999 1874
1802 369
1802 1178
1802 1700
1802 783
1642 1802
1802 1038
1912 372
1272 1802
1802 1498
391 1526
142 1802
400 1802
1802 984
1802 59
1802 284
1802 58
1989 1802
678 1802
1802 219
9 1802
1802 1215
1844 1802
1802 1114
1355 1604
1802 375
496 1802
947 1802
1781 1855
1851 1802
626 506
1493 1802
583 1802
1802 412
1499 992
1966 1802
740 1267
1802 1283
573 1802
508 1599
755 1802
1974 1030
418 887
50 565
1080 1802
666 1734
1802 82
898 149
1802 1413
21 442
173 793
1579 624
951 1802
1990 296
178 1802
1204 1802
462 1802
1486 543
1557 749
1218 1802
1802 1734
1368 1802
1802 1763
635 1376
1802 753
1802 302
1802 432
1802 536
1053 1802
896 1075
1802 1708
1811 1802
572 1688
1859 1802
793 1802
835 1707
1802 1046
1802 978
690 1802
1893 1733
610 35
306 1223
691 776
1790 1802
812 1954
1469 1802
1802 613
287 1677
1141 1802
1802 1332
1943 1802
1802 1091
1188 1802
1802 854
785 1713
1802 837
734 916
1968 1802
521 783
596 1802
503 1802
1685 1802
1802 531
1802 1683
1986 1636
772 899
819 1802
453 1897
14 604
1802 920
713 1802
333 1802
1334 1787
1433 1348
1078 1802
110 1802
1777 1714
1333 1943
10 1802
1802 1598
1802 6
1339 1382
1802 411
1385 39
1802 1464
1373 1935
124 1802
636 262
1660 1487
172 1116
572 1802
1802 1816
368 1531
1846 1802
944 1601
166 1802
1828 1802
1802 129
484 1218
702 1802
616 1251
1390 1802
1802 1264
1140 1391
887 1802
892 277
1802 1066
1802 768
1264 1493
49 1802
1802 212
1802 660
1427 1802
1802 785
1802 1077
1210 175
1802 1706
1802 878
1151 1358
1471 698
474 1802
801 1802
549 1802
1802 1554
155 1916
1648 1701
1856 228
625 1802
1720 1802
1802 1695
1802 165
1420 1802
368 1802
987 1790
1802 1177
1802 791
287 1802
1802 1544
534 1802
1802 25
1818 1802
209 1933
348 1534
1802 745
1802 249
1381 1802
478 1939
659 1802
1802 1089
603 1802
1983 1349
1802 1752
1802 1791
1479 621
1802 133
1057 1802
132 1802
1802 1311
1802 1393
131 1802
964 1802
483 1802
1802 1279
1056 1452
1802 836
207 1128
1802 1449
1802 227
1802 390
1802 994
758 1802
1538 1802
21 1802
1802 1437
522 1802
1802 1082
1802 1222
1802 518
1687 1544
1260 1802
587 1802
1571 1802
1802 372
1291 1802
1802 578
1802 820
1351 1802
1032 1802
236 932
1802 848
1802 1626
1665 1802
57 1667
95 823
643 1802
1802 1610
1127 1311
212 1303
1802 1048
1802 330
1804 1802
1802 1378
1802 252
1802 857
1802 1270
1998 1802
1802 701
256 1802
1558 780
193 1802
1802 1947
396 1802
1802 1916
1430 1802
1152 1802
1825 1802
1095 1802
1189 1802
1022 1516
482 1680
1473 1802
700 1802
1802 1022
1802 1003
868 758
1654 138
456 1802
237 313
1802 1028
1802 33
1802 1860
1802 1955
1887 1304
1802 1856
81 1076
1045 6
1802 1014
1592 253
285 355
516 317
1873 1802
52 1802
1482 585
135 1861
1970 1906
77 1802
762 922
1802 1777
1802 1836
1741 1802
1802 1527
1802 646
1802 628
1802 1159
1802 665
898 1802
615 1730
1999 860
196 1238
954 501
1802 644
1802 19
987 1802
756 1802
1298 556
1569 1802
439 1802
493 1802
1802 892
1381 1751
956 537
1863 1802
1802 1830
1823 1802
1802 1910
360 1802
96 824
270 551
326 1882
1802 278
1802 746
177 962
1715 1802
1428 407
486 1802
1880 1802
1802 1886
1802 558
324 781
1802 500
1802 1463
1802 1436
1769 279
1029 1802
1774 1802
1553 1106
520 1440
873 331
1758 1802
1092 1802
339 804
1114 1711
1633 1802
1802 1329
1802 354
714 1802
1226 1802
1802 305
204 1618
1052 1698
1037 1802
1223 1802
1478 293
111 222
1588 1254
1802 1288
615 1802
1423 1802
1802 141
1802 236
641 1294
1802 944
897 831
1888 1338
1802 185
1005 1802
1472 1802
806 1802
62 1802
1922 1449
1183 1208
1540 1834
1305 511
1075 1802
943 1346
1802 1529
1802 651
1656 1802
1658 1802
1802 797
1802 636
1802 933
1802 1239
1802 839
542 964
1330 1802
259 1842
738 1802
1193 445
1802 1148
1802 530
1624 1802
1657 1015
401 1802
883 1802
1455 1240
1802 1296
1624 1467
161 945
1789 205
1802 656
1802 840
1673 679
1802 1771
1802 1781
1985 1307
1802 1604
1243 1802
1273 1963
1363 1802
1846 1095
1870 1073
1802 376
683 1802
1802 1652
1802 914
1964 198
1802 1560
1526 1802
1802 695
1802 1478
1802 1629
203 1802
1802 1201
763 1115
935 250
1802 1689
399 1299
1802 289
352 201
1802 937
1802 194
157 1243
1304 1802
433 1802
112 1802
1802 703
41 1197
1807 1802
1248 1802
1001 1802
1799 1802
1802 1323
1049 1802
1802 1442
1232 1491
1802 1523
215 676
1668 882
1589 1802
1802 1497
1101 244
481 1802
888 567
216 1244
1891 1802
1675 154
325 923
1802 243
1802 1292
1753 1771
1802 968
283 1802
1802 1004
1802 1409
1727 1561
42 980
1145 1927
747 1802
1802 51
1802 1480
1723 470
632 1247
1802 95
1187 1802
1908 1802
1831 1028
1357 400
1802 1563
1266 908
119 1472
55 1802
1580 1802
891 1802
1802 1018
1515 1802
446 990
1802 767
79 1802
156 1528
1802 811
1396 1525
1000 1802
1340 1802
84 1802
1938 1802
939 701
761 1802
468 315
1802 1086
1189 362
1802 794
946 1722
848 61
765 489
519 1176
1653 1802
664 417
1802 1994
1802 538
1802 1922
1802 1954
1950 1802
1327 1110
1802 1744
1340 1767
1802 1663
1802 1857
696 1802
875 1214
1383 1802
1802 314
539 1802
665 686
1879 178
514 12
1802 34
541 1802
1802 386
1225 397
1396 1802
1342 1802
1167 810
1802 1045
1832 15
1802 1198
1802 1375
167 1826
1904 1365
1802 1121
1802 677
1871 1284
1831 1802
796 1123
349 1802
1060 1802
1802 424
1121 660
1884 522
1432 1802
1858 1802
1020 1126
1543 1917
1997 1802
894 1802
1802 1379
1509 1802
1802 1233
1802 126
1802 27
1802 957
1802 1845
1802 1638
1802 1491
1802 83
1802 1964
955 1802
32 1802
334 1932
693 1551
1383 166
1492 1802
1907 1802
1372 1908
1802 1408
1146 716
1802 267
1802 1979
550 1802
900 373
907 1802
373 1802
1802 808
341 1875
1802 1389
1802 228
1404 1099
1480 1400
1070 1451
1808 1168
949 1802
555 1325
1802 1535
1237 1802
60 753
1802 192
1802 255
1802 1276
1360 1802
1923 1802
1035 1802
1124 1802
1065 1802
1445 1802
1217 1802
1802 66
1443 752
609 483
1693 1802
310 298
1087 1802
553 1802
1802 1608
1600 1271
313 1802
627 1182
1167 1802
1802 1144
797 983
173 1802
569 1802
941 1542
1662 1802
145 966
328 1393
1802 403
1562 852
727 1669
1802 637
1021 1034
1802 1682
1802 1267
566 1802
120 1802
1802 1528
465 1666
651 1343
207 1802
172 1802
1412 880
1749 1802
1802 1937
692 588
1961 1802
798 1802
1466 1788
1802 1308
1588 1802
65 1736
562 1309
1802 1974
1802 450
1359 240
635 1802
142 1450
1007 539
1876 920
111 1802
210 1802
1919 1802
1802 1281
875 1802
1802 101
1802 138
66 360
1502 1802
1802 248
1161 590
184 1965
1802 1186
1802 1677
1273 1802
1802 498
71 491
1802 264
1720 297
996 1802
190 1596
945 1802
1802 415
748 1802
1704 1802
1742 859
917 1802
1802 1670
1468 1802
477 1802
1802 1761
384 876
1802 1819
1681 1059
350 1802
1576 1802
723 1802
1802 1729
1802 136
1337 1802
380 1802
1346 1802
1064 1802
1564 1802
1802 18
429 1593
1802 799
1171 1891
1802 337
290 1614
382 1872
1899 1802
1208 1802
321 1474
1689 732
697 1802
348 1802
1160 1802
1026 1802
1995 1802
151 1275
1632 595
1644 1760
896 1802
1802 1971
1802 707
382 1802
1802 1835
726 1605
26 1712
890 500
940 1931
1274 1802
930 1802
431 975
1154 1802
1702 1802
1976 1802
1802 716
1802 484
777 1802
544 1802
540 1802
1572 1802
1802 561
685 1802
1182 1802
1942 1836
274 1802
1802 381
1607 1802
1802 119
1417 488
1802 590
822 1802
1802 782
1802 324
1802 605
1802 1760
1552 1743
1723 1802
1802 488
1802 1504
1802 1959
1802 741
1802 1655
1802 1896
1129 1953
1802 1489
1142 1802
1802 570
1418 524
1802 562
1802 271
626 1802
238 1517
1721 1802
1980 1802
1802 941
1802 434
1606 179
1618 1802
1174 1802
200 1802
790 1802
1802 1109
1487 1802
1802 1975
560 1370
1802 667
1802 1209
1802 710
1810 634
1067 1802
1427 124
1802 184
1802 975
1802 1632
1802 315
327 1802
1033 63
1802 1356
650 340
1802 681
970 1180
1802 317
370 1993
1802 842
1207 369
1034 1802
1802 1609
1802 900
1466 1802
408 1802
475 959
731 412
97 1802
1802 940
1802 423
1626 926
1802 532
13 1802
156 1802
1802 510
1802 617
565 1802
1377 1802
1802 1171
1802 5
1741 1032
1802 1514
655 1027
1062 1802
770 1802
545 1802
1837 1802
49 241
1484 1802
1097 1661
1635 579
443 1802
1802 60
316 195
849 1802
1802 392
1505 1802
458 1802
329 1802
393 1802
1947 1786
39 1802
1802 602
1969 1802
927 1802
311 1802
1539 1802
473 1802
1663 760
959 1802
843 1802
1802 1306
1802 1841
487 1805
676 1802
1802 1119
1802 1890
358 1802
1708 1147
1802 971
1545 1802
221 361
1250 312
457 1802
288 69
421 1802
1802 910
501 1802
1802 336
658 602
492 1550
890 1802
1802 867
334 1802
1644 1802
1645 1823
505 1802
1802 1019
1802 1770
1802 729
1251 1802
1731 1802
1802 1206
1802 1557
1981 925
518 764
1802 1796
1112 1581
1838 1802
1811 1384
1802 93
546 199
764 1802
1802 1722
645 1062
1890 924
707 1566
235 652
786 74
557 1187
684 1802
997 392
466 1802
1802 1621
436 125
661 416
1802 825
1348 1802
719 533
1802 519
1788 1802
1802 1583
1108 1802
419 1802
1802 669
1793 1802
481 787
1431 1802
1654 1802
1802 1302
1749 703
1802 1643
511 1802
1802 1335
879 911
596 1772
1802 629
934 1802
141 1572
845 1940
275 1802
1802 1812
309 1802
159 1319
668 52
637 1880
735 1735
1802 1435
1802 981
1802 1244
1232 1802
1802 1450
777 1565
1802 611
182 462
670 1802
1802 303
969 1802
720 748
1802 918
782 115
345 1802
1802 1446
1802 1942
711 1802
1570 1321
1802 1794
1494 1761
988 1802
1782 1802
644 102
979 1697
686 1802
165 1824
54 1802
90 662
168 1802
1802 1158
410 1802
1802 1255
1835 1185
1802 379
1885 1456
1633 1231
1802 610
30 1061
1802 1692
1549 1802
233 1802
1365 1802
1802 1661
4 80
410 1905
1802 796
1758 850
1802 852
1301 730
1854 909
1382 1802
1802 221
1920 1802
1895 1802
1802 272
215 1802
683 1042
1802 1429
1252 1287
194 16
1555 404
1584 1802
374 358
1990 1802
1645 1802
847 642
1183 1802
1802 242
1802 778
1802 187
116 1802
1576 1181
1230 1609
1798 1802
948 1802
1392 687
1802 127
371 1377
567 1802
1802 1951
902 1802
1315 1802
1280 59
54 1828
903 1802
1802 322
1 1515
889 1093
176 1802
805 1960
843 1747
1802 14
1496 1802
429 1802
1996 1577
1802 361
1165 553
1802 347
43 1429
1802 1012
1269 1853
1621 248
1802 1855
671 1802
1029 434
1845 273
1404 1802
858 1802
747 1967
1802 1058
1725 110
455 5
23 1802
1802 459
960 1802
1802 1294
1802 1031
1495 1802
283 251
1981 1802
1802 1719
1683 1812
723 1462
1802 1357
1145 1802
214 1802
346 1659
1138 1802
154 1802
722 116
1909 89
1333 1802
1766 1802
1802 1227
865 1802
208 1802
1581 1802
1802 1687
1802 744
1754 1069
282 1802
1802 1705
1216 1802
98 1037
1181 1802
1802 506
1522 137
1639 1802
1802 1359
1802 724
1802 1257
1977 800
1802 1277
1802 1546
1865 1802
1802 663
1802 1125
1081 430
131 1696
1802 395
1904 1802
1090 1802
1802 1072
1672 474
1802 469
1802 451
1476 1361
1953 1802
1802 1728
814 743
1665 708
1802 1481
1802 618
814 1802
246 1241
258 838
1868 1046
180 496
1802 1827
1852 129
991 422
1536 813
769 1802
973 1802
1344 1580
1930 1802
245 1500
1802 1532
294 1802
1044 1397
378 1379
1543 1802
1802 70
1173 67
1186 37
162 1802
1054 272
1800 1802
293 1802
1350 1802
682 1802
1802 157
1102 715
1703 289
1625 1802
1802 1301
1802 970
1649 1802
86 1837
1802 1911
1802 430
449 530
304 1802
1802 1740
776 1802
1634 1802
1366 23
1802 209
1344 1802
1041 1802
96 1802
1499 1802
122 1508
1724 1802
1852 1802
335 1802
903 1705
1802 1862
1802 1776
1815 56
1802 1132
832 1849
1802 16
1211 1930
653 1865
1802 1866
1128 1802
1802 1403
1519 1295
967 677
1829 1802
1914 330
507 1802
1051 1802
1802 398
1278 1802
821 915
1583 794
1802 464
582 1174
812 1802
65 1802
1816 188
1153 1802
1802 1268
1701 1802
1802 485
1802 1884
170 73
1802 1667
1630 1802
448 1315
29 1802
264 479
872 910
1802 1541
1802 1867
1637 1460
657 1802
1802 674
641 1802
549 1103
1762 883
1156 1802
689 1802
505 517
435 1802
383 1802
1802 1575
1422 789
1713 1802
1867 1332
105 541
1802 1195
1445 243
1726 1802
1400 1802
1802 69
1313 1802
508 1802
1060 1077
1043 1792
958 1802
1802 1579
1024 1651
1802 1275
263 1235
1737 886
1802 736
1802 649
91 525
1261 1997
1483 1035
698 1802
1806 1802
983 1802
1070 1802
630 1111
1802 277
995 1152
1196 1248
1172 1802
1802 257
1426 402
1802 1931
254 189
1513 134
954 1802
1802 838
1802 952
1935 1802
1802 263
115 1802
859 1802
1802 719
1802 1475
1802 704
1802 1826
265 608
1802 1751
1100 1802
1409 1205
1635 1802
1840 1380
1802 1007
1802 1906
1764 1802
147 1802
1514 1354
515 597
444 1847
1802 1252
1802 579
928 1330
1518 1012
303 345
1802 662
1802 1285
619 218
1802 134
1802 872
1802 1151
1802 1280
1199 1803
1802 831
1802 802
1802 1173
1802 425
1802 850
117 1802
440 1640
1802 163
1350 11
202 1802
607 1802
1802 1785
1802 1688
411 649
291 834
1058 1461
1089 1825
1300 1448
1802 75
1802 1840
1829 1113
1802 1169
1578 1802
1802 720
581 936
1802 1433
342 1086
1795 409
1802 441
1230 1802
1709 1700
292 220
712 419
1802 1207
1802 688
735 1802
1802 402
854 168
413 938
1802 1628
1848 318
145 1802
650 1802
1925 1402
381 1050
1485 1802
905 705
1256 1802
1802 1047
420 123
266 1802
632 1802
471 139
1802 911
864 1802
1802 297
1548 1802
1501 1413
550 1594
1802 1229
1802 1820
1530 1802
856 1802
1501 1802
1802 1494
1802 1135
153 1802
685 988
1386 1802
1011 7
1802 879
128 1926
1567 1051
620 1802
388 1470
816 1236
1619 1892
1802 1179
1802 191
740 1802
721 1233
1802 1675
809 906
282 428
1373 1802
673 1802
1099 1802
1802 239
1802 922
1422 1802
1312 1268
1295 1802
1802 993
362 1802
1802 17
1703 1802
1623 1802
946 1802
1603 1802
1102 1802
260 1446
1620 1802
1824 1802
559 1130
893 1802
1398 146
1125 1419
1802 1440
86 1802
1550 1802
1561 1802
1691 1802
1802 1611
1162 1802
1982 1569
356 1098
589 1802
1802 230
1300 1802
1392 1802
1802 1140
1352 1435
104 1504
1265 1802
1802 1762
176 629
1154 38
1527 121
1179 210
1802 1958
1325 1802
1802 1410
1802 1249
1802 1205
1599 1802
223 1184
523 1025
1802 1134
87 1959
1802 1462
1735 1802
997 1802
100 1802
656 1424
1802 407
1765 1802
89 1802
465 1802
1802 1331
1802 440
13 1928
668 1802
871 1802
379 830
1802 1202
666 1802
1802 1877
1262 1802
1411 1802
1010 1671
1692 1739
1802 1552
742 1802
1739 1802
1802 1415
950 1802
948 421
648 1802
1738 1802
1802 1772
773 1532
1084 1802
1802 712
1600 1802
1425 1802
1483 1802
431 1802
150 1802
377 1819
1434 206
1925 1802
1394 568
1288 513
680 1068
576 1802
26 1802
1802 622
1802 926
1802 102
1802 861
1180 1802
1016 1802
1977 1802
374 1802
955 1286
1347 1802
1802 1555
1802 186
189 1802
512 1802
378 1802
1415 308
1802 1676
989 1802
1610 1094
687 1802
68 1088
1434 1802
1802 542
1802 320
1802 921
436 1802
1783 728
1707 1802
1530 1699
1510 1019
396 1420
1162 364
1802 709
1444 600
1802 247
159 1802
1023 1802
171 1591
1038 972
1802 1322
1652 620
1455 1802
1802 98
1802 743
1869 1938
1802 1747
1802 1850
1802 1366
196 1802
1802 1617
1926 1802
1864 1802
1802 1983
1802 693
62 825
1905 1802
1802 1454
1211 1802
1802 1773
1615 769
260 1802
1508 1802
139 1802
1802 367
477 682
1802 1417
504 148
1802 204
1219 1623
1802 813
1802 1714
1802 1418
1802 885
1802 1674
1802 426
1802 1166
1802 737
1948 1802
985 281
1017 461
633 1718
1802 1254
1802 1814
1285 561
1802 99
1497 252
1690 472
1802 1786
1259 1802
1802 265
1324 193
1802 1286
1192 1886
70 904
1972 1802
311 1498
1802 397
1802 560
1161 1802
1163 1802
1967 1802
1101 1802
1399 1221
1549 1436
1802 1551
842 1691
226 1802
1225 1802
1843 1802
832 1802
1802 105
1802 1391
1065 953
1802 387
1802 1915
1802 404
846 24
1696 1802
1802 913
1802 181
1317 1389
1802 199
1802 1712
1802 1027
1802 1949
1802 363
1253 1802
1919 29
1802 1533
1802 1184
1802 1567
490 1802
1438 1371
1148 1407
1802 92
628 302
664 1802
1802 53
818 78
1802 170
492 1802
389 1801
1479 1802
1802 312
349 512
1802 306
724 509
994 1956
1802 899
1071 1342
619 1802
817 540
727 1802
598 695
594 1802
1802 574
1388 1802
497 1802
1979 929
1598 1717
1802 1212
1802 1602
1934 1833
299 1818
128 1802
1602 532
1802 1503
1178 1794
1802 328
1802 895
527 1802
982 1057
1317 1802
1802 692
1847 1802
1802 1775
284 1246
1802 1962
1260 274
1937 1589
1367 88
1802 1651
9 414
357 1802
1802 1439
1213 648
1507 1802
1802 905
1676 1215
1139 1802
1163 1729
844 1802
1802 1861
1802 143
1802 48
1770 1360
307 1802
1802 1672
1802 1310
1416 639
925 1802
1802 40
1793 828
881 1063
752 1802
376 18
1802 1098
1802 1374
1802 231
1802 1316
828 1802
774 1144
1802 912
1175 1802
180 1802
779 94
1802 547
1371 1802
191 93
604 1802
1802 1519
1921 963
1802 909
1802 319
1802 963
1642 1421
424 1920
1802 1055
520 1802
1640 1802
1139 1694
1802 1834
1802 1326
661 1802
1802 722
1802 366
1802 868
1802 461
1529 971
1601 1802
1802 942
1802 12
690 118
1978 802
1170 485
338 1802
1802 355
1802 8
1730 1802
543 1802
913 1509
1802 1901
1802 1559
916 1802
1802 413
1802 1593
1802 1903
1802 1298
1313 1800
1005 140
1802 1946
1158 213
332 1802
1933 1802
936 1802
932 1802
1802 1008
1056 1802
1802 1787
1802 593
942 1278
1802 1129
713 439
1536 1802
364 1802
1488 1802
1802 1002
923 1802
97 1877
599 1802
1802 118
238 1802
774 1802
125 1802
1802 1573
1802 253
1783 1802
998 438
1160 930
476 1802
1802 1872
1582 1802
1025 1802
1802 760
1802 1521
1802 222
1802 835
1405 256
1658 1684
788 1802
1424 1802
587 1732
1802 1594
276 638
335 1821
766 1802
1316 1195
517 1802
1802 1746
1118 1802
1802 1534
1802 772
1013 593
1802 1192
1646 1802
1802 1063
28 1802
1802 990
90 1802
1802 468
1802 57
1011 1802
1802 1309
1269 1802
1776 1432
1704 1080
845 1802
114 158
1547 1802
640 1802
528 1802
1802 47
1802 653
1743 1802
1802 108
1228 1802
977 77
627 1802
152 1802
1725 1802
1542 1802
538 791
891 1390
524 1802
1802 586
1802 80
246 1802
108 441
401 1310
1802 515
464 510
1477 1655
978 174
967 1802
529 761
295 1458
1802 1681
326 1802
996 869
218 1802
1361 1802
1266 1802
1802 1261
72 756
535 1944
1802 1059
1802 804
1802 597
1802 834
1802 679
1220 19
1802 296
1929 1802
1619 1802
149 1802
1802 1848
526 667
491 1802
1134 801
1802 1585
185 1122
697 829
513 1802
1802 4
1191 833
103 1936
1003 808
454 1347
1802 529
704 1899
1802 633
343 1802
202 1744
365 1802
1733 1802
1668 1802
1802 46
969 1563
1802 555
1753 1802
257 1895
36 351
416 1802
1802 1042
1802 739
1270 460
1802 130
1172 669
1653 1582
1756 1802
237 1802
433 893
855 729
1802 1165
1538 1297
1802 1742
1283 1731
1802 1110
1802 1328
1802 1952
1802 340
1802 217
1975 242
595 1802
1802 1290
112 1809
1802 1224
1802 1116
1802 299
151 1802
469 822
917 1279
1457 28
773 1802
1351 1053
1802 985
85 1488
44 1066
1802 42
616 1802
865 688
1018 27
594 1138
240 1802
1802 1321
951 702
1802 1664
1802 123
840 849
198 1802
800 1802
509 1802
1802 1737
754 1958
387 606
1802 961
1802 974
1617 261
820 1229
1469 1036
1496 1157
588 1802
428 1802
1293 1802
1844 1503
1769 1802
770 1898
1966 84
1608 320
1802 1517
1709 1802
792 1209
1750 309
1334 1802
113 319
1015 1802
873 1802
1465 699
1802 1107
1992 1378
581 1802
1789 1802
1802 1960
535 1802
1650 1802
1571 1293
1832 1802
1838 877
1104 548
1188 739
927 227
1606 1802
754 1802
1115 1802
1802 1068
516 1802
286 1802
1105 580
1802 427
1802 1024
1732 1802
1802 775
721 1802
1883 1802
1009 1686
1802 827
1929 1200
502 527
208 1881
137 1802
475 1802
1595 1802
10 717
1802 1013
681 181
1802 1040
1802 1745
1797 931
1802 765
353 1802
757 1628
672 1802
1802 931
1649 864
1802 61
1546 819
1802 1917
1869 1802
1438 1802
790 576
586 347
1637 1802
370 1802
1133 1613
1894 1802
1353 1802
48 1345
1150 1802
43 1802
1830 423
1802 449
1802 323
1573 456
1802 1881
1755 1802
1103 1802
495 1802
1802 1085
1802 1808
601 1802
1802 1647
1806 1646
316 1802
1864 443
214 564
2 1328
1802 1711
1177 136
1017 1802
1495 1016
1149 1802
1306 1353
1238 1802
1962 1631
1802 1616
639 1802
244 1802
1502 976
1792 1802
308 1802
1338 1802
1785 1641
836 426
1631 1802
638 1802
1802 290
1802 1387
1802 1641
356 1802
1802 582
884 1685
672 547
1690 1802
699 1802
1802 1678
1612 1031
1511 1802
1805 1802
1302 163
1802 1999
1842 1802
1802 391
1918 1802
1468 1961
1169 1796
45 1802
1810 1802
781 1802
680 1802
1614 1802
1802 1336
1387 1159
15 1802
1395 476
92 75
144 1336
1802 438
1802 1235
1989 1490
1802 1451
1888 1802
1802 728
389 1802
1882 1802
1257 353
1784 1802
1802 1397
882 1802
1802 1405
557 1802
1802 809
1802 929
634 1802
1431 755
1802 114
1802 606
1356 1175
1912 1802
1117 1802
113 1802
1412 1802
706 1239
147 211
1314 1153
1802 1622
654 1802
1851 1756
1802 234
1447 1625
1795 1802
354 126
489 1802
811 603
1802 502
1562 1802
1802 612
526 1802
1802 1996
1802 321
1411 1740
1565 1802
1097 1802
1802 1314
1084 1822
1802 759
1423 427
1054 1802
1802 823
1414 1802
1522 1802
1802 420
1535 874
1745 1702
1802 175
1216 1759
886 1802
705 1802
826 675
300 1802
1185 1802
1802 915
1196 1802
623 495
767 947
1212 1258
386 1120
1802 318
1892 1802
135 1802
1802 1612
1047 1014
788 1131
1802 833
1802 1170
912 1721
1802 1853
1802 757
1802 847
1143 1802
1987 1802
1234 1802
1802 1367
908 1802
487 1802
1779 618
1524 1802
1802 1030
1643 1290
631 1627
771 343
750 1889
1802 1105
1802 35
230 1489
1090 197
1802 874
1802 877
1277 968
1802 20
1375 1206
1072 696
1802 1821
251 1802
881 1802
1087 689
232 798
730 1802
1802 1945
1802 479
278 1768
201 1802
1802 1779
1802 188
394 960
1802 1698
1923 1590
1802 1327
1827 1556
1778 1802
1419 1802
1802 1470
1893 1802
1220 1802
1073 1802
1802 598
1802 276
1510 1802
711 1910
1597 1802
41 1802
1973 1802
327 837
1802 780
1802 691
867 1272
952 674
1414 459
1291 1611
965 574
1802 1566
1001 1040
824 1802
1802 1941
1927 1802
1802 1833
1802 591
1307 1802
1802 1486
1629 1647
448 1802
1802 1679
1802 454
1802 1176
1802 273
1231 1802
192 1763
1213 1802
1802 1577
1802 1570
1802 1736
1802 725
1802 472
1802 1146
1364 1802
1109 99
745 55
1104 1802
1190 1282
1924 961
853 993
928 1802
1194 1969
1782 1092
1802 87
1802 1010
1804 1492
1802 789
1802 1978
1591 1802
174 1802
1802 1970
751 1802
1759 1802
1802 1513
1242 1802
977 1802
807 1039
1802 1036
132 301
307 1775
1341 1802
280 152
314 499
164 1439
1802 1669
1748 1802
992 1802
1802 1474
1802 846
613 1281
1009 1802
1410 1320
895 1955
37 1802
395 1664
552 894
1802 1050
1802 1456
1802 645
1911 646
1802 2
336 670
1802 452
1659 1802
1802 71
1802 1897
1802 855
1595 217
1802 482
934 1630
600 1802
1093 1802
1041 22
1512 1802
106 1901
1802 1553
1088 1802
261 1802
1803 1802
1866 357
1802 1531
1791 1907
1802 269
1802 72
1802 1458
332 839
1802 866
466 738
205 1802
1802 514
140 1802
1802 467
1802 1352
1363 1584
406 1802
1956 1802
584 8
1150 536
1802 470
1127 1802
1802 1500
880 1802
1802 1590
1802 1380
1107 1481
46 528
1802 771
571 1802
1505 1124
1210 1802
1004 671
254 1802
1902 1802
190 1802
1802 292
486 367
103 1802
1900 1802
1592 1802
1802 1461
1802 731
1802 480
1802 1876
1802 1754
795 1802
232 1802
684 1242
1802 94
1802 1932
1253 1752
281 1802
1957 1802
1778 1437
1879 1802
1141 605
1986 1802
1802 394
1802 525
957 1537
169 1322
1482 1802
155 1802
972 1802
1155 450
1802 1282
725 1234
398 1401
1802 642
775 45
1255 741
1802 36
1802 897
1033 1802
1443 1802
1296 1226
1951 1607
1802 1537
1802 1193
1963 1802
803 1952
1616 1950
1802 1684
1407 1802
1284 1802
1136 1802
1091 1541
919 1802
1372 1802
1473 919
268 1802
1843 1560
1524 844
1802 1444
1802 455
1802 206
1453 1802
280 1802
1402 1802
1728 275
1802 1399
1802 551
1802 1822
1802 1164
1802 694
1082 1337
901 1802
1802 24
1000 571
418 1802
432 82
83 1695
1463 1119
1428 1802
1388 1425
1802 288
726 1802
259 1802
663 1902
1662 1994
1885 1802
121 1802
64 1817
1539 1454
109 1802
247 1149
1802 291
1748 33
130 153
350 1622
1724 498
1802 44
1941 1006
179 1802
1802 1801
1798 1289
1111 1802
1802 1305
1403 1548
7 1802
1008 1265
998 1802
1903 333
1263 1441
861 751
1802 805
1802 1123
1386 1850
1802 817
1874 1802
935 1802
3 1292
1335 338
1802 556
1802 675
1204 558
718 1545
1694 1802
1249 759
1802 609
331 1802
647 1802
1802 575
933 1780
1802 1241
1364 415
1802 1083
1802 1081
1802 537
266 143
1802 991
1117 267
1219 1802
980 1802
1112 1802
1802 1809
1620 1755
158 1802
1156 1807
554 1802
1817 1802
1666 1802
1006 1802
81 1802
1774 694
1453 573
876 1802
200 1973
1802 630
973 1506
584 1802
853 1802
1250 1802
710 625
1802 463
226 591
1467 1802
341 1802
101 589
521 1802
1918 457
1887 1802
1512 918
746 768
1237 601
507 1693
907 643
1802 1767
1802 1130
1802 548
718 1802
982 1802
1345 1802
1993 1802
380 1757
1802 1398
1122 1802
1100 744
965 1802
1447 1802
1636 1802
1802 279
709 435
938 1802
1936 1802
1376 1802
1094 1802
1802 499
1802 1194
1802 784
1802 818
63 1802
1984 1802
1940 1802
1802 1476
34 447
792 1802
1802 546
554 47
799 452
611 1900
1814 1971
1802 966
1802 1120
1802 167
1132 984
1228 599
187 1585
976 1802
467 858
950 1198
533 1802
1262 921
1802 1349
1441 1802
1802 1992
1802 830
1802 399
578 1459
621 1802
1802 241
1568 1475
1802 1680
446 1802
624 1802
1217 1067
1113 1802
169 1802
1972 1002
1802 224
1256 612
1873 497
1521 1374
717 1802
1988 1586
545 784
437 1802
1802 1240
1928 1802
1802 1289
148 1802
286 1136
1802 211
1802 160
826 1802
1802 442
904 1802
1802 1303
234 989
301 1802
1069 1802
31 109
1079 1802
79 534
1044 1802
1416 1802
1802 1568
1802 1540
1768 1802
122 1802
1126 1802
1802 884
1802 1717
1802 1914
1802 552
1802 1406
460 1802
1945 1915
1802 216
816 1802
1650 1326
1802 1627
523 1802
1802 1362
1343 1802
1870 1802
623 1802
1430 614
1802 56
270 1802
958 1520
1245 981
437 1224
1913 1802
1597 451
1802 339
1308 463
146 1802
1802 50
1802 453
160 249
1802 1354
1071 1802
1385 1802
1802 862
1802 1
1802 815
229 1802
258 1802
1802 829
1802 943
1802 734
647 304
1939 1802
658 1802
1802 1384
363 1813
1802 1319
1039 1802
807 1802
862 1670
1802 1934
1991 1802
224 1678
1802 1878
1287 1802
1802 1200
220 1802
1802 1448
1802 1096
1525 1802
53 659
749 1802
76 1802
255 1259
1802 1401
866 949
1076 1802
1802 889
203 1408
1727 1802
1999 1999 1999 1999 1999 1999 1999 1999 1999 1999 1999 1999 1999 1999 1999 1999 1999 1999 1999 1999 1999 1999 1999 1999 1999 1999 1999 1999 1999 1999 1999 1999 1999 1999 1999 1999 1999 1999 1999 1999 1999 1999 1999 1999 1999 1999 1999 1999 1999 1999 1999 1999 1999 1999 1999 1999 1999 1999 1999 1999 1999 1999 1999 1999 1999 1999 1999 1999 1999 1999 1999 1999 1999 1999 1999 1999 1999 1999 1999 1999 1999 1999 1999 1999 1999 1999 1999 1999 1999 1999 1999 1999 1999 1999 1999 1999 1999 1999 1999 1999 1999 1999 1999 1999 1999 1999 1999 1999 1999 1999 1999 1999 1999 1999 1999 1999 1999 1999 1999 1999 1999 1999 1999 1999 1999 1999 1999 1999 1999 1999 1999 1999 1999 1999 1999 1999 1999 1999 1999 1999 1999 1999 1999 1999 1999 1999 1999 1999 1999 1999 1999 1999 1999 1999 1999 1999 1999 1999 1999 1999 1999 1999 1999 1999 1999 1999 1999 1999 1999 1999 1999 1999 1999 1999 1999 1999 1999 1999 1999 1999 1999 1999 1999 1999 1999 1999 1999 1999 1999 1999 1999 1999 1999 1999 1999 1999 1999 1999 1999 1999 1999 1999 1999 1999 1999 1999 1999 1999 1999 1999 1999 1999 1999 1999 1999 1999 1999 1999 1999 1999 1999 1999 1999 1999 1999 1999 1999 1999 1999 1999 1999 1999 1999 1999 1999 1999 1999 1999 1999 1999 1999 1999 1999 1999 1999 1999 1999 1999 1999 1999 1999 1999 1999 1999 1999 1999 1999 1999 1999 1999 1999 1999 1999 1999 1999 1999 1999 1999 1999 1999 1999 1999 1999 1999 1999 1999 1999 1999 1999 1999 1999 1999 1999 1999 1999 1999 1999 1999 1999 1999 1999 1999 1999 1999 1999 1999 1999 1999 1999 1999 1999 1999 1999 1999 1999 1999 1999 1999 1999 1999 1999 1999 1999 1999 1999 1999 1999 1999 1999 1999 1999 1999 1999 1999 1999 1999 1999 1999 1999 1999 1999 1999 1999 1999 1999 1999 1999 1999 1999 1999 1999 1999 1999 1999 1999 1999 1999 1999 1999 1999 1999 1999 1999 1999 1999 1999 1999 1999 1999 1999 1999 1999 1999 1999 1999 1999 1999 1999 1999 1999 1999 1999 1999 1999 1999 1999 1999 1999 1999 1999 1999 1999 1999 1999 1999 1999 1999 1999 1999 1999 1999 1999 1999 1999 1999 1999 1999 1999 1999 1999 1999 1999 1999 1999 1999 1999 1999 1999 1999 1999 1999 1999 1999 1999 1999 1999 1999 1999 1999 1999 1999 1999 1999 1999 1999 1999 1999 1999 1999 1999 1999 1999 1999 1999 1999 1999 1999 1999 1999 1999 1999 1999 1999 1999 1999 1999 1999 1999 1999 1999 1999 1999 1999 1999 1999 1999 1999 1999 1999 1999 1999 1999 1999 1999 1999 1999 1999 1999 1999 1999 1999 1999 1999 1999 1999 1999 1999 1999 1999 1999 1999 1999 1999 1999 1999 1999 1999 1999 1999 1999 1999 1999 1999 1999 1999 1999 1999 1999 1999 1999 1999 1999 1999 1999 1999 1999 1999 1999 1999 1999 1999 1999 1999 1999 1999 1999 1999 1999 1999 1999 1999 1999 1999 1999 1999 1999 1999 1999 1999 1999 1999 1999 1999 1999 1999 1999 1999 1999 1999 1999 1999 1999 1999 1999 1999 1999 1999 1999 1999 1999 1999 1999 1999 1999 1999 1999 1999 1999 1999 1999 1999 1999 1999 1999 1999 1999 1999 1999 1999 1999 1999 1999 1999 1999 1999 1999 1999 1999 1999 1999 1999 1999 1999 1999 1999 1999 1999 1999 1999 1999 1999 1999 1999 1999 1999 1999 1999 1999 1999 1999 1999 1999 1999 1999 1999 1999 1999 1999 1999 1999 1999 1999 1999 1999 1999 1999 1999 1999 1999 1999 1999 1999 1999 1999 1999 1999 1999 1999 1999 1999 1999 1999 1999 1999 1999 1999 1999 1999 1999 1999 1999 1999 1999 1999 1999 1999 1999 1999 1999 1999 1999 1999 1999 1999 1999 1999 1999 1999 1999 1999 1999 1999 1999 1999 1999 1999 1999 1999 1999 1999 1999 1999 1999 1999 1999 1999 1999 1999 1999 1999 1999 1999 1999 1999 1999 1999 1999 1999 1999 1999 1999 1999 1999 1999 1999 1999 1999 1999 1999 1999 1999 1999 1999 1999 1999 1999 1999 1999 1999 1999 1999 1999 1999 1999 1999 1999 1999 1999 1999 1999 1999 1999 1999 1999 1999 1999 1999 1999 1999 1999 1999 1999 1999 1999 1999 1999 1999 1999 1999 1999 1999 1999 1999 1999 1999 1999 1999 1999 1999 1999 1999 1999 1999 1999 1999 1999 1999 1999 1999 1999 1999 1999 1999 1999 1999 1999 1999 1999 1999 1999 1999 1999 1999 1999 1999 1999 1999 1999 1999 1999 1999 1999 1999 1999 1999 1999 1999 1999 1999 1999 1999 1999 1999 1999 1999 1999 1999 1999 1999 1999 1999 1999 1999 1999 1999 1999 1999 1999 1999 1999 1999 1999 1999 1999 1999 1999 1999 1999 1999 1999 1999 1999 1999 1999 1999 1999 1999 1999 1999 1999 1999 1999 1999 1999 1999 1999 1999 1999 1999 1999 1999 1999 1999 1999 1999 1999 1999 1999 1999 1999 1999 1999 1999 1999 1999 1999 1999 1999 1999 1999 1999 1999 1999 1999 1999 1999 1999 1999 1999 1999 1999 1999 1999 1999 1999 1999 1999 1999 1999 1999 1999 1999 1999 1999 1999 1999 1999 1999 1999 1999 1999 1999 1999 1999 1999 1999 1999 1999 1999 1999 1999 1999 1999 1999 1999 1999 1999 1999 1999 1999 1999 1999 1999 1999 1999 1999 1999 1999 1999 1999 1999 1999 1999 1999 1999 1999 1999 1999 1999 1999 1999 1999 1999 1999 1999 1999 1999 1999 1999 1999 1999 1999 1999 1999 1999 1999 1999 1999 1999 1999 1999 1999 1999 1999 1999 1999 1999 1999 1999 1999 1999 1999 1999 1999 1999 1999 1999 1999 1999 1999 1999 1999 1999 1999 1999 1999 1999 1999 1999 1999 1999 1999 1999 1999 1999 1999 1999 1999 1999 1999 1999 1999 1999 1999 1999 1999 1999 1999 1999 1999 1999 1999 1999 1999 1999 1999 1999 1999 1999 1999 1999 1999 1999 1999 1999 1999 1999 1999 1999 1999 1999 1999 1999 1999 1999 1999 1999 1999 1999 1999 1999 1999 1999 1999 1999 1999 1999 1999 1999 1999 1999 1999 1999 1999 1999 1999 1999 1999 1999 1999 1999 1999 1999 1999 1999 1999 1999 1999 1999 1999 1999 1999 1999 1999 1999 1999 1999 1999 1999 1999 1999 1999 1999 1999 1999 1999 1999 1999 1999 1999 1999 1999 1999 1999 1999 1999 1999 1999 1999 1999 1999 1999 1999 1999 1999 1999 1999 1999 1999 1999 1999 1999 1999 1999 1999 1999 1999 1999 1999 1999 1999 1999 1999 1999 1999 1999 1999 1999 1999 1999 1999 1999 1999 1999 1999 1999 1999 1999 1999 1999 1999 1999 1999 1999 1999 1999 1999 1999 1999 1999 1999 1999 1999 1999 1999 1999 1999 1999 1999 1999 1999 1999 1999 1999 1999 1999 1999 1999 1999 1999 1999 1999 1999 1999 1999 1999 1999 1999 1999 1999 1999 1999 1999 1999 1999 1999 1999 1999 1999 1999 1999 1999 1999 1999 1999 1999 1999 1999 1999 1999 1999 1999 1999 1999 1999 1999 1999 1999 1999 1999 1999 1999 1999 1999 1999 1999 1999 1999 1999 1999 1999 1999 1999 1999 1999 1999 1999 1999 1999 1999 1999 1999 1999 1999 1999 1999 1999 1999 1999 1999 1999 1999 1999 1999 1999 1999 1999 1999 1999 1999 1999 1999 1999 1999 1999 1999 1999 1999 1999 1999 1999 1999 1999 1999 1999 1999 1999 1999 1999 1999 1999 1999 1999 1999 1999 1999 1999 1999 1999 1999 1999 1999 1999 1999 1999 1999 1999 1999 1999 1999 1999 1999 1999 1999 1999 1999 1999 1999 1999 1999 1999 1999 1999 1999 1999 1999 1999 1999 1999 1999 1999 1999 1999 1999 1999 1999 1999 1999 1999 1999 1999 1999 1999 1999 1999 1999 1999 1999 1999 1999 1999 1999 1999 1999 1999 1999 1999 1999 1999 1999 1999 1999 1999 1999 1999 1999 1999 1999 1999 1999 1999 1999 1999 1999 1999 1999 1999 1999 1999 1999 1999 1999 1999 1999 1999 1999 1999 1999 1999 1999 1999 1999 1999 1999 1999 1999 1999 1999 1999 1999 1999 1999 1999 1999 1999 1999 1999 1999 1999 1999 1999 1999 1999 1999 1999 1999 1999 1999 1999 1999 1999 1999 1999 1999 1999 1999 1999 1999 1999 1999 1999 1999 1999 1999 1999 1999 1999 1999 1999 1999 1999 1999 1999 1999 1999 1999 1999 1999 1999 1999 1999 1999 1999 1999 1999 1999 1999 1999 1999 1999 1999 1999 1999 1999 1999 1999 1999 1999 1999 1999 1999 1999 1999 1999 1999 1999 1999 1999 1999 1999 1999 1999 1999 1999 1999 1999 1999 1999 1999 1999 1999 1999 1999 1999 1999 1999 1999 1999 1999 1999 1999 1999 1999 1999 1999 1999 1999 1999 1999 1999 1999 1999 1999 1999 1999 1999 1999 1999 1999 1999 1999 1999 1999 1999 1999 1999 1999 1999 1999 1999 1999 1999 1999 1999 1999 1999 1999 1999 1999 1999 1999 1999 1999 1999 1999 1999 1999 1999 1999 1999 1999 1999 1999 1999 1999 1999 1999 1999 1999 1999 1999 1999 1999 1999 1999 1999 1999 1999 1999 1999 1999 1999 1999 1999 1999 1999 1999 1999 1999 1999 1999 1999 1999 1999 1999 1999 1999 1999 1999 1999 1999 1999 1999 1999 1999 1999 1999 1999 1999 1999 1999 1999 1999 1999 1999 1999 1999 1999 1999 1999 1999 1999 1999 1999 1999 1999 1999 1999 1999 1999 1999 1999 1999 1999 1999 1999 1999 1999 1999 1999 1999 1999 1999 1999 1999 1999 1999 1999 1999 1999 1999 1999 1999 1999 1999 1999 1999 1999 1999 1999 1999 1999 1999 1999 1999 1999 1999 1999 1999 1999 1999 1999 1999 1999 1999 1999 1999 1999 1999 1999 1999 1999 1999 1999 1999 1999 1999 1999 1999 1999 1999 1999 1999 1999 1999 1999 1999 1999 1999 1999 1999 1999 1999 1999 1999 1999 1999 1999 1999 1999 1999 1999 1999 1999 1999 1999 1999 1999 1999 1999 1999 1999 1999 1999 1999 1999 1999 1999 1999 1999 1999 1999 1999 1999 1999 1999 1999 1999 1999 1999 1999 1999 1999 1999 1999 1999 1999 1999 1999 1999 1999 1999 1999 1999 1999 1999 1999 1999 1999 1999 1999 1999 1999 1999 1999 1999 1999 1999 1999 1999 1999 1999 1999 1999 1999 1999 1999 1999 1999 1999 1999 1999 1999 1999 1999 1999 1999 1999 1999 1999 1999 1999 1999 1999 1999 1999 1999 1999 1999 1999 1999 1999 1999 1999 1999 1999 1999 1999 1999 1999 1999 1999 1999 1999 1999 1999 1999 1999 1999 1999 1999 1999 1999 1999 1999 1999 1999 1999 1999 1999 1999 1999 1999 1999 1999 1999 1999 1999 1999 1999 1999 1999 1999 1999 1999 1999 1999 1999 1999 1999 1999 1999 1999 1999 1999 1999 1999 1999 1999 1999 1999 1999 1999 1999 1999 1999 1999 1999 1999 1999 1999 1999 1999 1999 1999 1999 1999 1999 1999 1999 1999 1999 1999 1999 1999 1999 1999 1999 1999 1999 1999 1999 1999 1999 1999 1999 1999 1999 1999 1999 1999 1999 1999 1999 1999 1999 1999 1999 1999 1999 1999 1999 1999 1999 1999 1999 1999 1999 1999 1999 1999 1999 1999 1999 1999 1999 1999 1999 1999 1999 1999 1999 1999 1999 1999 1999 1999 1999 1999 1999 1999 1999 1999 1999 1999 1999 1999 1999 1999 1999 1999 1999 1999 1999 1999 1999 1999 1999 1999 1999 1999 1999 1999 1999 1999 1999 1999 1999 1999 1999 1999 1999 1999 1999 1999 1999 1999 1999 1999 1999 1999 1999 1999 1999 1999 1999 1999 1999 1999 1999 1999 1999 1999 1999 1999 1999 1999 1999 1999 1999 1999 1999 1999 1999 1999 1999 1999 1999 1999 1999 1999 1999 1999 1999 1999 1999 1999 1999 1999 1999 1999 1999 1999 1999 1999 1999 1999 1999 1999 1999 1999 1999 1999 1999 1999 1999 1999 1999 1999
