1832 1328
758 64
1988 972
1139 271
1502 1196
560 891
116 864
66 60
1750 814
1543 1504
1139 1819
728 1215
1245 1592
1257 1378
736 1927
1531 880
1327 729
574 851
1524 1986
1044 1391
1256 1870
1966 945
1886 1393
579 1438
1862 643
1534 737
311 1377
1112 138
1793 1970
61 1644
1698 1976
736 1758
303 849
773 1689
63 1484
1617 1186
986 1327
110 1437
1395 1352
932 712
227 1275
319 722
1773 493
1765 924
751 959
1357 1735
309 1461
1502 1738
1568 1846
116 1943
1481 1139
714 508
1009 876
410 254
63 1801
734 682
66 1362
1033 991
1769 833
160 156
668 1609
1084 1555
758 1315
595 380
367 1138
1578 127
1037 1104
1524 1529
98 1634
1217 1223
209 1646
1961 117
71 384
1112 1709
713 1999
636 1882
206 117
222 1826
1342 1808
1032 993
1239 244
172 391
1924 62
446 1311
1601 960
1989 869
1534 567
1032 1672
1852 1062
1749 131
1236 1087
63 1612
1269 1199
536 326
1112 1952
1486 934
1509 1147
120 1664
396 1141
14 1885
1259 1213
1908 723
14 24
196 902
1992 993
38 115
1027 658
1286 1092
700 1275
54 1565
175 952
1112 61
1585 1830
1234 840
1139 358
1335 600
1294 555
1996 702
1647 1728
1865 1314
119 1758
1753 1959
914 1990
127 1065
684 1947
1228 1346
349 814
358 293
884 328
735 1039
311 539
674 362
477 874
651 1786
1257 1134
1647 1704
1621 957
1473 559
1694 1665
447 1623
516 1661
1649 814
1957 1344
717 993
1206 573
1447 1891
1114 1251
600 438
446 975
736 1816
690 321
1315 905
1773 1060
1294 560
800 1094
304 59
446 1292
1701 1040
1053 1984
332 1843
530 237
237 84
358 1011
1678 560
593 556
1013 358
914 34
700 493
36 1908
1351 845
1415 1807
837 1341
700 201
236 1376
1417 876
1529 985
1448 1013
185 777
1876 1834
1213 885
372 647
1877 408
714 1575
36 256
1897 1009
1589 718
1865 1343
232 1202
1037 1110
1004 1427
1852 956
217 867
241 701
1694 1224
1192 1588
1750 1607
937 1895
1335 1276
1580 791
658 1842
537 618
393 69
884 1639
1865 235
1028 1111
782 1005
1584 879
1647 1076
1832 1651
1484 1894
863 1266
1967 1424
860 1024
1362 901
54 1771
734 147
283 1557
1259 818
1153 1258
585 289
304 73
1072 373
426 670
237 634
1902 53
279 1113
135 817
1325 1198
1933 1626
1758 1601
1485 1460
863 278
728 247
1242 1946
467 17
435 428
1448 1796
1662 194
1032 343
1873 1183
1535 1915
1242 1396
938 1734
157 614
678 512
417 300
446 1095
671 1361
1192 997
309 1107
1241 511
73 1048
298 1542
662 506
36 713
1735 1022
1335 1460
840 1830
143 1652
1012 1612
483 42
1234 983
273 212
1334 1664
1136 1962
821 446
54 1921
1032 530
383 801
736 1470
119 1290
932 545
636 1747
735 327
1242 1000
1524 1626
129 1366
852 1768
600 540
1364 1646
1760 384
610 1970
174 1260
601 1386
2000 1004
466 1712
1832 1988
690 792
423 1566
286 208
1506 60
1852 1874
751 1573
589 1256
73 1600
1713 817
437 226
621 1644
389 1811
883 698
586 471
1939 1895
1735 335
1206 154
279 562
1209 140
1463 107
426 1293
1535 766
1922 1785
1818 530
1280 1153
1568 137
585 649
209 1874
134 411
1269 173
466 175
1303 640
395 1656
1866 1446
1511 1340
616 1790
437 570
367 1927
157 746
1245 1939
1531 266
1419 565
293 9
662 543
1430 1900
895 1951
1006 111
236 1437
1168 1906
152 1453
658 1965
1033 1091
536 1071
1396 269
791 381
1707 1025
1108 484
1852 33
217 1301
129 308
1484 900
1877 1799
1112 186
1303 1852
353 278
393 89
1173 602
1787 99
1351 850
1419 1100
172 1859
1535 1782
1595 885
1724 1756
1421 1970
916 198
1452 455
183 1572
1486 984
1365 1887
1122 1548
1452 300
204 315
1589 708
1365 1939
1348 606
528 1127
243 1022
1173 282
1865 564
537 252
1408 23
1580 1650
1245 51
1084 266
878 1372
986 742
450 1504
351 1
411 640
837 149
536 1603
1227 1584
1524 1436
1239 1260
1141 301
1141 1138
196 1777
134 1764
1064 907
662 1912
446 181
1217 1531
1285 560
1832 1258
120 1348
1589 283
1933 1917
758 1073
1678 731
925 1421
717 344
1122 1165
1422 206
1694 818
1662 1221
1006 88
1698 1890
1064 1252
621 1423
1399 364
1013 1020
304 1538
1084 493
1931 1905
1049 52
237 842
1271 1854
1753 106
349 1752
585 509
1020 1545
63 1872
1392 650
586 95
651 332
120 516
1936 1767
870 1267
4 676
217 1915
1294 719
1171 1962
701 1563
1662 1277
1004 1418
776 599
1422 837
616 1777
1647 967
1351 1554
453 488
1780 1196
645 1153
265 1700
1285 1580
1470 1160
66 909
12 1040
143 1224
1399 1169
1222 1846
1399 1873
1658 703
203 886
993 685
1750 719
227 384
139 1234
1769 1537
1502 1262
334 1355
791 1894
741 1162
540 1949
1773 977
986 231
947 1314
751 113
1357 833
781 726
1399 475
956 1764
1463 567
332 278
537 664
417 972
1206 1844
393 170
1753 438
243 864
1027 1600
1892 1345
227 674
119 731
586 1228
788 1996
1808 325
196 1302
674 1940
372 890
1315 1065
791 169
332 262
690 993
1662 466
1902 873
1738 1919
1058 1115
537 1147
1612 1324
1245 1075
1419 794
690 1387
167 447
453 1779
287 1729
736 1395
1724 1004
1724 969
120 1359
438 1751
1453 886
944 294
1042 216
1713 1906
1111 370
1184 292
593 1920
636 190
993 929
1192 1951
720 1439
1877 58
351 243
1448 1221
1203 1776
932 1187
1617 1389
453 1791
440 1141
536 1953
1881 1442
426 703
1612 616
925 399
925 148
1780 1297
1250 1007
157 1976
1043 1791
1500 863
847 1105
1141 1819
1707 979
528 118
713 1787
1961 358
1280 1359
711 1868
690 414
954 1002
286 1277
612 597
1506 1107
1580 452
1511 1139
1913 1924
1992 1367
1568 1195
222 54
925 636
1144 281
1084 291
426 1220
713 852
715 131
417 1511
372 879
1209 319
174 401
120 1907
636 431
171 479
1148 1720
1241 1929
1482 279
116 1778
621 1358
1647 332
1852 386
1485 737
1141 348
1013 1157
870 730
1241 80
1148 80
586 560
1259 1296
1588 468
502 953
426 1322
1836 1146
485 502
265 1063
1453 1087
1064 1640
183 1191
1382 632
164 66
265 600
1585 1695
326 1648
180 1424
1534 356
1139 1764
585 715
548 1662
1950 1813
1037 208
1303 143
870 399
410 1576
715 1398
1032 927
1122 1433
485 1000
1724 603
477 104
270 1833
1160 1542
1726 1505
1069 1817
1020 1102
528 1300
1135 185
1921 378
316 932
1698 468
1257 748
1206 849
1629 1383
1735 1075
185 1830
956 969
1351 501
878 1695
1348 507
395 922
1201 1801
1502 240
1903 1137
219 17
383 449
1256 1393
663 1009
1758 1909
396 1331
319 1966
141 1146
1304 1898
185 1332
1482 665
870 1100
1578 69
1986 166
304 1086
1992 1556
674 1989
1122 937
1049 520
1502 1794
1227 1128
560 1708
1866 1031
1957 1696
791 1642
1882 1917
353 436
1224 1263
466 794
73 653
1738 1485
1653 1611
1899 1747
1886 1282
455 1100
204 642
1480 960
736 259
1585 964
1769 510
1936 614
1148 1661
1850 410
1206 1400
1067 1425
1846 659
586 270
1585 254
1096 927
1453 1367
1415 238
791 659
1 408
408 104
104 37
37 1076
1076 295
295 813
813 1591
1591 808
808 688
688 386
386 1871
1871 721
721 1048
1048 1969
1969 1677
1677 39
39 729
729 371
371 398
398 704
704 952
952 642
642 996
996 1363
1363 652
652 609
609 248
248 977
977 994
994 1458
1458 130
130 1563
1563 673
673 1949
1949 1667
1667 656
656 918
918 1360
1360 1772
1772 1255
1255 842
842 430
430 17
17 6
6 1407
1407 1761
1761 1161
1161 1182
1182 1106
1106 881
881 923
923 1191
1191 1582
1582 724
724 213
213 1181
1181 289
289 631
631 685
685 1918
1918 1640
1640 1372
1372 1740
1740 451
451 443
443 1942
1942 946
946 811
811 317
317 1193
1193 442
442 1920
1920 1200
1200 391
391 478
478 664
664 1047
1047 41
41 799
799 1575
1575 404
404 923
404 1838
1838 1326
1326 1864
1864 1711
1711 1730
1730 90
90 1102
1102 1346
1346 1915
1915 592
592 249
249 739
739 1393
1393 198
198 360
360 1532
1532 214
214 376
376 1555
1555 892
892 1375
1375 794
794 214
794 1833
1833 377
377 154
154 82
82 278
278 898
898 432
432 1183
1183 379
379 1081
1081 919
919 541
541 1777
1777 1501
1501 1768
1768 1005
1005 759
759 339
339 1172
1172 46
46 235
235 1059
1059 992
992 725
725 33
33 841
841 487
487 350
350 1642
1642 340
340 1526
1526 1380
1380 718
718 1660
1660 1940
1940 1190
1190 1208
1208 230
230 693
693 416
416 1577
1577 1692
1692 3
3 457
457 1875
1875 414
414 1038
1038 768
768 441
441 1691
1691 484
484 133
133 1499
1499 683
683 609
683 1233
1233 724
1233 49
49 424
424 568
568 260
260 190
190 602
602 744
744 74
74 998
998 484
998 314
314 1888
1888 868
868 1833
868 592
1888 1856
1856 142
142 1642
142 165
165 1949
165 1220
1220 1708
1708 1751
1751 1671
1671 1002
1002 1620
1620 1599
1599 838
838 545
545 1050
1050 830
830 1566
1566 1819
1819 1895
1895 681
681 285
285 1938
1938 138
138 1029
1029 1648
1648 823
823 390
390 23
23 1115
1115 814
814 407
407 449
449 347
347 1804
1804 519
519 587
587 1549
1549 679
679 927
927 13
13 1497
1497 1602
1602 1714
1714 1288
1288 1801
1801 99
99 765
765 1745
1745 96
96 1505
1505 615
615 1805
1805 931
931 1983
1983 958
958 145
145 244
244 1855
1855 1923
1923 291
291 676
676 879
879 1414
1414 504
504 469
469 207
207 955
955 1230
1230 1512
1512 1576
1576 514
514 1414
514 1798
1798 988
988 1928
1928 580
580 904
904 470
470 1125
1125 1587
1587 449
1587 748
748 555
555 1062
1062 37
1062 769
769 1823
1823 1207
1207 429
429 28
28 982
982 1400
1400 44
44 159
159 712
712 850
850 1219
1219 1483
1483 1070
1070 1441
1441 614
614 103
103 285
103 117
117 48
48 997
997 615
997 882
882 1008
1008 1377
1377 1544
1544 996
1544 1456
1456 679
1008 238
238 1977
1977 1169
1169 1156
1156 967
967 1820
1820 1604
1604 862
862 53
53 1725
1725 839
839 1018
1018 1403
1403 902
902 1079
1079 1063
1063 1435
1435 797
797 874
874 1106
874 62
62 459
459 1985
1985 809
809 1369
1369 746
746 1011
1011 1927
1927 1267
1267 1363
1267 6
1927 1183
1927 292
292 448
448 1293
1293 1383
1383 1742
1742 1822
1822 50
50 526
526 880
880 1207
880 443
526 380
380 1633
1633 1849
1849 355
355 1768
355 1157
1157 819
819 695
695 68
68 362
362 1199
1199 1806
1806 33
1806 698
698 255
255 329
329 318
318 1329
1329 1489
1489 324
324 673
324 792
792 1734
1734 1305
1305 93
93 1751
93 1507
1507 1313
1313 891
891 1557
1557 942
942 468
468 1105
1105 921
921 321
321 1051
1051 1273
1273 605
605 256
256 1443
1443 604
604 702
702 929
929 1461
1461 510
510 225
225 563
563 1711
563 378
378 757
757 1548
1548 1175
1175 1952
1952 1844
1844 1847
1847 752
752 1533
1533 1282
1282 52
52 1831
1831 11
11 267
267 554
554 1812
1812 1719
1719 497
497 62
497 72
72 1471
1471 102
102 894
894 476
476 1426
1426 1956
1956 1709
1709 1354
1354 1352
1352 233
233 1790
1790 789
789 138
789 1887
1887 1800
1800 1776
1776 975
975 178
178 888
888 1981
1981 1446
1446 1803
1803 370
370 680
680 957
957 1709
957 555
957 104
680 345
345 1762
1762 5
5 492
492 726
726 623
623 123
123 934
934 445
445 906
906 1147
1147 1611
1611 1274
1274 1627
1627 190
1627 922
922 945
945 911
911 246
246 463
463 673
463 144
144 1687
1687 848
848 1722
1722 261
261 1274
261 1981
261 1526
261 1331
1331 566
566 1283
1283 346
346 1052
1052 1412
1412 1864
1412 100
100 465
465 1830
1830 1665
1665 64
64 331
331 1015
1015 851
851 1764
1764 256
1764 620
620 1495
1495 1537
1537 617
617 1193
617 56
56 1317
1317 768
1317 1880
1880 282
282 85
85 1900
1900 81
81 31
31 935
935 78
78 1496
1496 1465
1465 169
169 608
608 757
608 347
608 910
910 1142
1142 1725
1142 935
1142 1507
1142 140
140 1688
1688 949
949 1978
1978 599
599 764
764 637
637 288
288 473
473 1774
1774 210
210 322
322 448
322 592
322 655
655 256
655 702
210 1398
1398 1041
1041 1934
1934 1137
1137 1962
1962 1087
1087 1859
1859 1086
1086 1338
1338 202
202 1350
1350 1060
1060 436
436 1948
1948 779
779 512
512 86
86 559
559 1553
1553 936
936 1341
1341 926
926 615
926 792
926 1607
1607 258
258 716
716 111
111 1300
1300 738
738 1498
1498 85
738 898
738 290
290 930
930 1379
1379 618
618 1409
1409 1003
1003 1289
1289 591
591 1637
1637 971
971 1095
1095 1258
1258 1383
1258 1645
1645 1947
1947 1607
1947 1603
1603 156
156 1845
1845 1047
1845 1946
1946 969
969 1068
1068 1548
1068 1804
969 1094
1094 1503
1503 1082
1082 1888
1082 1744
1744 628
628 448
1744 37
1744 1853
1853 996
1853 10
10 1055
1055 1810
1810 1034
1034 231
231 107
107 1008
107 1121
1121 1505
1121 971
231 1644
1644 1638
1638 1538
1538 859
859 1943
1943 567
567 650
650 486
486 1016
1016 1065
1065 692
692 215
215 806
806 1319
1319 1822
1319 1454
1454 26
26 1674
1674 285
1674 710
710 1161
710 1100
1100 635
635 629
629 977
629 1802
1802 242
242 1287
1287 24
24 39
24 1834
1834 154
1834 1930
1930 212
212 1127
1127 415
415 1856
415 874
212 216
216 1477
1477 1896
1896 1705
1705 1815
1815 1491
1491 961
961 260
961 133
1491 276
276 17
276 33
276 114
114 506
506 1948
506 1733
1733 1667
506 1880
506 1508
1508 18
18 1254
1254 525
525 1008
1254 1951
1951 924
924 927
924 1106
924 1305
1951 1685
1685 39
1685 1660
1685 1110
1110 70
70 1771
1771 1336
1336 813
1336 252
252 1251
1251 818
818 1416
1416 836
836 1255
836 1560
1560 524
524 1952
524 1680
1680 1552
1552 1826
1826 1314
1314 1842
1842 1947
1314 1266
1266 706
706 218
218 1123
1123 756
756 1118
1118 1031
1031 428
428 1883
1883 77
77 1935
1935 166
166 1428
1428 596
596 1405
1405 34
34 361
361 654
654 170
170 1817
1817 1746
1746 1402
1402 1
1402 901
901 1731
1731 1542
1542 1194
1194 1682
1682 754
754 1314
754 696
696 1358
1358 1819
1358 1197
1197 1090
1090 382
382 1309
1309 1344
1344 1893
1893 151
151 1615
1615 35
35 979
979 339
979 1134
1134 452
452 1556
1556 1783
1783 1562
1562 470
1562 1697
1697 1248
1248 1284
1284 1564
1564 974
974 1100
974 1722
1564 1143
1143 235
1143 1459
1459 817
817 1798
817 990
990 354
354 1361
1361 299
299 1643
1643 613
613 101
101 1639
1639 1299
1299 1644
1299 581
581 1814
1814 328
328 1708
328 1976
1976 476
1976 555
1976 534
534 1596
1596 867
867 849
849 513
513 1723
1723 905
905 1215
1215 1150
1150 1040
1040 1944
1944 1427
1427 1237
1237 257
257 509
509 970
970 43
43 1943
43 939
939 991
991 210
991 1094
991 533
533 1946
533 1799
1799 964
964 199
199 1440
1440 44
1440 783
783 1700
1700 376
1700 51
51 549
549 588
588 987
987 490
490 1659
1659 1618
1618 812
812 342
342 833
833 112
112 1097
1097 58
58 1854
1854 978
978 1215
978 582
582 1100
582 1383
582 1917
1917 1504
1504 999
999 1673
1673 922
999 1265
1265 723
723 1794
1794 1559
1559 1468
1468 294
294 1625
1625 607
607 1890
1890 981
981 1982
1982 1152
1152 1321
1321 1002
1321 1542
1982 1577
1982 1295
1295 503
503 1455
1455 1437
1437 1615
1437 546
546 1165
1165 17
546 1898
1898 551
551 1720
1720 1260
1260 284
284 357
357 378
357 1843
1843 972
972 1870
1870 1727
1727 639
639 763
763 1788
1788 1912
1912 1689
1689 1981
1689 201
201 1889
1889 795
795 374
374 1719
374 524
1889 454
454 19
19 1645
19 1789
1789 1273
1789 1688
454 431
431 1423
1423 1373
1373 1980
1980 1790
1373 1163
1163 1324
1324 1586
1586 1080
1080 1827
1827 753
753 197
197 402
402 1246
1246 112
1246 580
1246 1374
1374 1113
1113 169
1113 1490
1490 527
527 400
400 1759
1759 300
300 1756
1756 1926
1926 170
1926 108
108 132
132 1088
1088 802
802 34
802 193
193 221
221 9
9 1046
1046 1356
1356 973
973 13
973 335
335 1397
1397 1586
1397 923
1397 1656
1656 1413
1413 946
1413 565
565 1397
1413 950
950 44
950 201
950 106
106 697
697 948
948 13
948 1235
1235 6
948 461
461 109
109 1391
1391 1784
1784 68
1784 476
1784 1611
1784 11
1784 675
675 1925
1925 770
770 834
834 1562
834 629
770 1867
1867 288
1867 343
343 1743
1743 1546
1546 1347
1347 1676
1676 1130
1130 573
573 1960
1960 302
302 312
312 1871
302 1078
1078 1306
1306 1942
1306 208
208 412
412 1384
1384 552
552 1934
552 1174
1174 220
220 1211
1211 439
439 342
439 1039
1039 501
501 1306
501 1709
501 23
1039 1078
1039 462
462 1565
1565 1293
1565 584
584 348
348 131
131 484
131 429
131 1914
1914 1115
131 1378
1378 341
341 1513
1513 575
575 239
239 468
239 1778
1778 814
1778 659
659 1530
1530 1167
1167 200
200 936
200 719
719 400
719 894
719 291
200 670
670 975
200 1674
200 775
775 292
775 953
953 557
557 320
320 1332
1332 1494
1494 1381
1381 597
597 623
597 1945
1945 246
1945 1339
1339 624
624 1883
624 1811
1811 615
1811 1353
1353 962
962 1046
962 381
381 1474
1474 454
381 790
790 146
146 1941
1941 1441
1941 1574
1574 1683
1683 256
1683 1270
1270 1180
1180 1386
1386 1815
1180 1747
1747 1661
1661 722
722 1462
1462 1320
1320 363
363 856
856 707
707 622
622 1952
622 1571
1571 542
542 251
251 1968
1968 448
1968 750
750 899
899 1316
1316 1548
1316 103
750 1674
1968 873
873 247
247 1891
1891 913
913 928
928 486
913 1548
913 797
913 1762
913 920
920 1328
1328 768
1328 1885
1885 294
1885 1800
1885 1916
1916 149
149 1154
1154 365
365 844
844 330
330 336
336 433
433 1824
1824 1464
1464 46
1824 156
1824 1937
1937 1449
1449 1705
1937 558
558 976
976 1238
1238 936
1238 1962
976 529
529 1337
1337 1619
1619 1634
1634 1391
1634 1777
1634 1916
1634 697
1634 1935
1619 1821
1821 811
1821 1813
1813 344
344 1668
1668 1230
1668 473
344 1620
1813 1520
1520 845
845 1801
845 512
845 1252
1252 935
845 1539
1539 307
307 1211
307 150
150 570
570 254
254 1008
254 1888
150 223
223 1490
223 1971
1971 682
682 1630
1630 1406
1406 1293
1406 296
296 1163
296 1991
1991 1997
1997 1454
1997 1613
1613 1728
1728 460
460 6
460 1207
460 425
425 1718
1718 1101
1101 1620
1101 968
968 1503
1718 1692
1718 1560
1718 1291
1291 1598
1598 1680
1598 1905
1905 1664
1664 1244
1244 1675
1675 188
188 480
480 1162
1162 1438
1438 861
861 842
861 911
1438 45
45 1809
1809 1272
1272 1432
1432 1268
1268 1181
1268 1974
1974 1804
1432 1459
1432 538
538 323
323 489
489 705
705 475
475 1739
1739 27
27 1863
1863 137
137 33
1863 936
27 343
1739 399
399 1605
1605 1597
1597 1237
1597 1356
1605 1180
1605 1990
1990 1762
1990 1528
1528 195
195 1542
195 106
195 363
195 199
1528 535
535 1016
535 909
909 83
83 1276
1276 561
561 1638
561 970
561 33
1276 1547
1547 772
772 731
731 1654
1654 1874
1874 1708
1874 787
787 1466
1466 128
128 494
494 1708
494 708
708 1525
1525 108
1525 609
708 641
641 1830
641 280
280 346
280 1312
1312 518
518 1911
1911 977
1911 115
115 857
857 760
760 1021
1021 402
1021 1231
1231 649
649 1925
649 571
571 128
571 1599
649 420
420 1282
649 1920
649 1034
649 1943
1231 1071
1071 518
1071 352
352 1692
352 341
1071 191
191 556
556 1541
1541 1479
1479 151
1479 927
1479 1177
1177 186
186 769
1177 89
89 97
97 384
384 44
384 45
384 596
384 1727
384 1343
1343 1561
1561 1472
1472 1302
1302 1776
1302 1440
1472 1522
1522 1310
1310 653
653 576
576 188
653 1214
1214 1893
1214 724
1214 1150
653 365
1310 422
422 1906
1906 122
122 242
122 1366
1366 325
325 1900
325 1874
325 1289
1366 1672
1672 452
1672 1346
1906 858
858 465
858 844
858 87
87 1624
1624 1056
1056 1060
1056 472
472 694
694 1261
1261 1106
1261 1066
1066 718
1066 607
1066 133
1066 385
385 611
611 406
406 412
406 1583
1583 269
269 1964
1964 53
1964 245
245 1409
1964 729
269 113
113 535
269 915
915 876
876 896
896 90
876 315
315 1293
915 1839
1839 488
488 1648
488 832
832 1124
1124 95
95 1887
1124 1579
1579 814
1124 1487
1487 1995
1995 1475
1475 762
762 50
762 1803
762 191
1475 509
1475 1560
1995 306
306 1767
1767 1934
306 1911
306 1018
306 1593
1593 599
1995 1782
1782 1394
1394 313
313 1553
313 1849
313 709
709 1089
1089 523
523 1706
1706 1710
1710 1232
1232 1255
1232 187
187 1371
1371 1251
187 380
187 1812
1710 1468
1089 1465
709 230
313 850
1394 748
1394 1743
1394 1363
1782 165
1782 1024
1024 1748
1748 1510
1510 1816
1816 1732
1732 7
7 1221
1221 52
1221 427
427 1910
1910 624
1221 1727
7 1821
7 1164
1164 1635
1635 402
1635 643
643 1731
643 542
1635 80
80 726
80 1851
1851 182
182 1547
182 1107
1107 1762
1107 582
1107 430
1851 940
940 1363
940 652
940 1018
940 1859
940 1522
1851 1551
1551 1955
1955 1880
1551 1871
1551 10
1635 394
394 210
394 1884
1884 785
785 1036
1036 412
1036 1162
785 1403
1884 969
1884 641
1884 1927
394 1781
1781 1017
1017 153
153 327
327 1490
327 210
327 1537
153 1513
153 1626
1626 250
250 60
60 370
250 952
1626 1414
1017 721
1017 1297
1297 828
828 496
496 1771
496 1655
1655 1638
1655 547
547 623
547 1105
547 1211
1655 1670
1670 588
1670 640
640 984
984 1581
1581 96
1581 828
984 1702
1702 1077
1077 1720
1077 727
727 1740
727 1512
727 1938
1077 826
826 425
826 49
1702 1637
984 1573
1573 482
482 1623
1623 1296
1296 698
1623 1708
1623 165
482 1729
1729 297
297 672
672 1229
1229 32
32 543
543 1708
543 1015
543 865
865 1563
865 1363
865 772
865 1441
1229 1138
1138 623
1138 905
1138 247
1138 909
1138 1249
1249 1007
1007 1831
1007 464
464 1919
1919 1514
1514 391
1514 105
105 1978
105 1558
1558 1129
1129 985
985 814
985 822
822 1000
1000 1611
822 1954
1954 465
1954 1263
1263 723
1263 155
155 216
155 934
1263 716
1263 784
784 1019
1019 804
804 969
804 140
1019 94
94 1427
94 798
798 1318
1318 1035
1035 987
1035 691
691 646
646 1779
1779 1696
1696 1703
1703 1695
1695 508
508 1450
1450 749
749 515
515 1711
515 1644
515 529
1450 809
1450 17
1695 106
1703 531
531 1459
531 1016
531 1352
1703 1558
1703 130
1703 1512
1703 343
1696 1368
1368 1759
1696 82
1779 971
1779 673
1779 51
646 400
646 1309
691 575
1035 1848
1848 205
205 568
205 1764
205 816
816 1720
1848 784
1848 903
903 1592
1592 864
864 503
864 617
1848 233
1318 1553
1318 1288
1318 21
21 1436
1436 1467
1467 1237
1467 848
1467 1202
1202 581
21 274
274 1166
1166 1829
1829 836
1166 1857
1857 933
933 1383
933 1188
1188 1791
1791 1347
1188 215
933 1553
1857 983
983 1608
1608 632
632 869
869 333
333 732
732 774
774 40
40 264
264 412
264 333
40 359
359 248
40 692
40 416
40 259
259 1948
259 1656
259 1640
259 1099
1099 1854
1099 260
1099 1288
1099 405
405 742
742 1768
742 1979
1979 177
177 1657
1657 229
229 1240
1240 855
855 953
855 1731
1240 1894
1894 1558
1894 121
121 1607
121 380
1240 697
1240 1156
229 1307
1307 1704
1704 1978
1704 1282
1307 1496
229 1755
1755 1688
1755 592
1657 777
777 1622
1622 1
1657 1293
1657 1582
177 130
1979 1295
1979 397
397 1328
397 495
495 1118
495 606
606 67
67 464
606 603
603 1289
606 1346
606 368
368 1308
1308 1879
1879 779
1879 1022
1022 599
1022 1305
1879 661
661 354
661 770
1308 775
368 566
606 102
606 1052
606 526
495 682
495 84
84 1338
84 1281
1281 1840
1840 470
1840 1546
1281 1667
1281 1963
1963 786
786 1040
1281 295
1281 1998
1998 1770
1770 387
387 35
1281 398
397 900
900 263
263 1806
263 1712
1712 521
521 1106
263 1097
900 825
825 1590
1590 1516
1516 1204
1204 809
1590 88
88 1109
1109 1730
88 346
88 1243
1243 716
1243 1290
1290 1805
1290 1659
88 1940
1590 997
825 1567
1567 665
665 827
827 1736
1736 1383
1736 1292
1292 1663
1663 965
965 1688
965 869
1663 772
1292 815
815 1401
1401 429
1401 926
1401 1261
1401 1661
1401 1586
815 64
1292 767
767 1418
1418 1208
767 1751
767 317
767 40
1736 539
539 1388
1388 1423
1388 1849
539 1115
539 1943
539 151
1736 136
136 726
1736 756
827 392
392 1226
1226 998
1226 151
392 8
8 1960
8 959
959 1425
1425 1553
1425 1438
1425 918
959 1347
827 1420
1420 550
550 1117
1117 1383
550 248
1420 1681
1681 449
1681 1097
827 231
665 982
665 1299
665 1338
665 812
665 22
22 828
665 494
665 757
1567 1161
1567 546
900 660
660 1322
1322 20
20 778
778 1959
1959 1669
1669 1508
1669 831
831 465
831 1523
1523 1440
1669 1329
1669 335
1959 271
271 1934
271 1816
1959 6
1959 184
184 1008
184 846
846 1656
846 955
846 1636
1636 148
148 1411
1411 1076
1411 1699
1699 1116
1116 1561
1116 991
1699 990
148 1496
1636 596
1636 1330
1330 1806
1636 1370
1370 1372
1636 1745
1636 499
499 1946
499 151
499 1586
499 1212
1212 1272
1212 179
179 1978
179 457
184 971
1959 552
20 1132
1132 544
544 1434
1434 1557
1434 268
268 652
544 1801
544 1
1132 856
1132 226
226 1987
1987 1637
1987 848
226 1118
226 1503
1132 619
619 1557
619 1680
619 1272
1132 486
1132 765
20 1432
1322 716
660 1605
900 803
803 1570
1570 1521
1521 267
1521 1553
1570 230
1570 1642
1570 299
803 144
1099 1497
1099 1708
333 1766
1766 1298
1298 1075
1075 733
733 328
1075 1278
1278 1016
1278 456
456 1684
1684 1972
1972 1410
1410 1752
1752 1374
1752 1632
1632 1319
1632 1045
1045 1994
1994 1076
1994 1717
1717 1211
1994 1333
1333 1345
1345 1126
1126 1191
1345 44
1345 1575
1345 1997
1333 473
1994 1948
1994 79
79 639
79 1343
1994 975
1994 197
1994 862
1045 703
703 1952
703 889
889 685
889 1115
1045 1332
1410 1856
1972 1435
1972 288
1972 173
173 1540
1540 1176
1176 253
253 1002
253 56
1176 1889
1540 1628
1628 474
474 295
474 1024
474 348
474 1984
1984 1802
1984 400
1984 552
1628 1005
1628 130
1540 919
1540 675
1540 1167
1684 458
458 851
458 1208
458 1691
1684 376
456 819
456 1424
1424 520
520 169
520 511
511 934
511 1806
511 1016
511 1763
1763 1637
1424 1948
1424 1807
1807 1693
1693 1517
1517 875
875 255
875 1859
1517 430
1517 1003
1517 738
1693 672
1693 234
234 138
1807 633
633 1087
633 1925
633 1731
633 276
633 1158
1158 844
633 1283
1807 373
373 1940
1807 1251
1807 375
375 911
1807 1163
1807 848
1424 1403
456 724
1278 1102
1298 1904
1904 757
1904 909
1766 1200
1766 1969
333 1438
333 1519
1519 905
1519 919
1519 1754
1754 904
1519 1569
1569 430
1569 41
333 1230
869 1379
869 824
824 731
869 33
869 1645
632 1275
1275 421
421 929
1608 953
1166 874
1166 1223
1223 1688
1223 1831
1223 934
1223 451
1223 1159
1159 1861
1861 1975
1975 885
885 686
686 1088
686 1805
686 1734
686 1548
686 1553
686 1611
686 1606
1606 1788
1606 161
161 569
569 588
569 1460
1460 640
1460 890
890 1981
1460 1198
1198 257
1198 510
1198 1504
1198 2
2 1944
2 1611
2 1119
1119 1858
1858 1282
1858 1427
1858 1105
1119 216
1460 1575
161 1405
1606 921
1606 990
1606 1859
885 935
885 1680
885 1361
885 1553
1975 503
1975 491
491 65
65 1878
1878 1574
1878 364
364 980
980 1193
65 362
65 1070
491 853
853 1819
853 1501
1861 1794
1861 590
590 1445
1445 724
1445 696
590 1674
590 165
1861 1444
1444 154
1444 221
1861 638
638 1630
638 607
638 1958
1958 1952
1958 1441
638 1613
1861 1515
1515 692
1515 1527
1527 1956
1527 1193
1527 1611
1515 1440
1861 92
92 904
92 228
228 1768
228 1087
92 202
1166 1010
1010 1971
1010 403
403 731
1010 35
21 1728
1318 118
118 623
118 1151
1151 51
1151 428
798 747
747 1390
1390 470
1390 394
747 927
747 1943
94 1488
1488 1060
1488 1721
1721 1309
1721 935
1721 1102
1488 769
1019 399
1019 1541
784 743
743 192
192 1207
192 823
192 1472
743 888
743 471
471 1274
471 297
743 1803
1263 176
176 1249
176 1289
1263 946
1954 290
1954 1130
1954 150
1954 693
822 1813
1129 801
801 877
877 1195
1195 1600
1600 131
1600 1344
1600 1618
1195 340
1195 1346
877 1856
801 213
801 1431
1431 1688
1129 132
1558 1659
1558 1999
1999 337
337 1666
1666 1310
337 712
337 1273
337 796
796 699
699 498
498 1981
498 562
562 756
562 1690
1690 385
562 70
699 953
796 35
1999 1929
1929 1533
1999 1715
1715 760
1558 572
572 75
75 1189
1189 115
1189 1476
1476 872
872 963
963 666
666 1074
1074 1785
1785 62
1785 324
1074 652
1074 1784
1074 1446
1074 1835
1835 158
158 1510
158 1768
158 1746
158 42
42 124
124 9
124 1547
42 449
872 1369
872 1047
872 1005
872 1311
1311 1956
1311 266
266 1301
1301 1856
1301 81
1311 592
1476 1207
75 340
572 792
1558 1546
1558 1566
1558 867
105 1654
464 150
1249 1973
1973 766
766 115
1973 1870
1973 1277
1277 859
1973 891
1973 338
338 617
338 348
338 280
1249 1310
1138 1314
1138 408
1229 1369
672 125
125 1716
1716 1741
1741 1942
1716 436
672 1671
672 252
297 1131
1131 775
297 609
1729 1237
1573 1920
984 1186
1186 59
59 1611
59 462
59 1024
640 730
730 813
730 1270
730 1610
1610 1841
1841 1833
1841 1827
1610 1387
1387 955
1387 1098
1098 476
1098 1185
1185 573
1610 1907
1907 1338
1670 486
1655 1291
828 194
194 563
1017 1477
1017 1054
1054 1274
1017 394
1781 1175
1781 429
1816 1786
1786 1086
1786 532
532 106
532 623
1816 936
1510 989
989 927
989 1372
989 888
989 224
224 820
820 292
820 1087
224 866
866 1414
866 123
224 682
224 1927
1024 1993
1993 47
47 1909
1909 848
1993 718
1993 131
1024 130
1995 1905
1995 917
917 626
626 1837
1837 1375
626 1458
626 1496
626 112
917 1631
1631 1369
1631 1609
1609 1150
1609 1747
917 1207
1995 1711
1995 1018
1995 1598
1995 874
1487 1023
1023 72
1124 1248
832 1413
832 1404
1404 1616
1616 168
168 1849
168 335
168 1746
1616 967
1616 163
163 843
843 1105
843 1872
1872 449
1616 1728
1404 1697
1404 906
1404 1854
488 897
897 430
897 1945
1839 1553
1839 1646
1646 1651
1651 1938
1646 952
915 1149
1149 111
1149 650
269 1175
406 328
611 718
611 647
647 1367
1367 1128
1128 1932
1932 336
1932 413
413 806
1128 1864
1128 256
1367 1429
1429 757
647 400
385 1205
1205 922
1205 1014
1014 657
657 839
657 1553
657 1664
1205 291
1205 381
1205 780
780 30
30 904
30 1385
1385 330
780 1113
1205 1291
1205 1346
1205 1441
1205 275
275 1642
275 1737
1737 650
1205 1686
1686 1247
1247 591
1247 1916
1686 1554
1554 578
578 1539
1554 807
807 189
189 522
522 1875
522 519
189 814
807 689
689 62
689 1548
689 1346
689 739
1554 361
1686 977
385 82
1066 946
1261 1244
1261 1276
694 1805
694 82
472 391
1056 461
1624 553
553 91
91 1400
91 1941
91 58
87 140
858 1708
422 1563
1310 1830
1522 1414
1522 291
1472 549
1472 1402
1472 70
1472 1730
1343 53
384 181
181 1505
181 211
211 1680
97 1349
1349 1451
1451 856
1451 1423
1451 33
1349 607
1349 1539
1349 740
740 1803
97 725
97 1038
89 1990
89 462
1177 575
1479 1264
1264 1143
1264 1650
1650 197
1650 642
1021 1990
760 1868
1868 1376
1376 918
1376 1968
1868 755
755 1440
755 57
57 210
755 994
857 1428
115 1040
115 1073
1073 144
1073 844
115 1477
1911 475
518 615
280 1503
641 552
494 1746
494 1440
128 428
1466 935
1466 1157
731 779
731 1783
83 1405
83 451
909 1172
909 1644
909 433
1990 1843
1990 879
475 431
489 575
1272 288
45 635
1162 906
1162 257
480 248
188 783
188 1146
1146 249
1146 707
188 819
1675 1890
1675 34
1244 1207
1664 813
1664 1556
1664 479
479 276
479 1915
479 1981
1664 112
1905 588
1905 1299
1905 942
1905 282
1905 738
1598 1783
1598 1216
1216 759
1216 1526
1291 418
418 1618
1718 1091
1091 990
1091 1562
1091 1795
1795 1549
1795 1446
1091 1130
1091 1102
1091 685
1728 911
1613 1102
1613 369
369 1442
1442 793
793 1860
1860 296
793 1762
793 1912
793 255
1442 154
369 1945
369 53
1997 1797
1797 1320
1797 1962
296 1803
296 24
1406 1812
1630 1826
1630 1380
1971 1548
223 943
943 1513
223 510
223 1374
307 1092
1092 1828
1828 109
1092 26
307 998
1539 1815
1539 434
434 1156
434 400
434 1011
1539 771
771 557
771 1106
845 1536
1536 677
677 1944
677 407
677 584
1520 1575
1813 1137
1619 1260
529 1465
558 1034
1937 90
330 1900
844 1145
1145 1194
1154 949
149 874
149 1002
1916 941
941 151
247 575
247 1313
247 1798
1968 1414
251 210
251 1178
1178 461
542 977
542 1262
1262 812
1262 1155
1155 676
1155 631
1262 893
893 1477
893 363
893 1687
707 1771
856 199
856 598
598 1133
1133 887
887 156
887 1170
1170 1981
1170 388
388 1864
388 100
388 1225
1225 919
1133 1323
1323 371
1133 960
960 584
1133 1183
363 339
1320 567
1661 473
1661 1504
1747 1078
1747 799
1941 710
381 604
962 1938
1353 768
1811 15
15 1970
1970 510
624 1115
1381 1688
1332 819
557 1620
557 230
953 1196
1196 1346
953 692
1167 630
630 1051
1167 444
444 1822
1530 103
659 1772
1778 1947
1778 1559
1513 257
131 1273
131 519
462 1407
220 726
220 382
1174 1102
1174 1826
552 391
552 1093
1093 594
594 1577
594 132
594 1282
1093 871
871 442
208 904
1078 1047
1078 970
1078 46
302 1273
302 1076
1960 1708
1347 1461
343 1641
1641 1545
1545 1615
343 1314
1867 473
1925 70
1925 1557
1925 144
1925 587
948 246
697 977
697 642
950 996
950 454
1656 347
335 835
835 1490
835 382
335 1637
335 704
973 1279
1279 1497
973 1459
1356 1057
1057 764
1057 1751
1356 144
1046 688
1046 1685
193 1237
132 797
1759 244
400 1265
400 69
69 23
69 753
69 939
400 1414
527 500
500 617
500 851
1490 102
1490 685
1113 814
197 1373
197 1814
753 401
401 934
1827 1469
1469 214
1469 1896
1469 1893
1469 1819
1586 1901
1901 1011
1586 1985
1586 360
1586 1553
1324 1319
1163 432
1373 1918
1423 1603
1423 117
431 1372
454 1120
1120 76
76 1725
76 1981
454 468
1889 1427
1889 1115
201 1104
1104 1965
1965 16
16 299
1965 1804
1965 111
1104 340
1689 1059
1912 1734
1788 1326
1788 577
577 998
1788 429
1788 470
763 669
669 1526
669 667
667 862
667 257
667 931
763 1041
763 481
481 1350
1870 685
1870 1898
972 1503
972 215
1843 1831
284 1355
1355 1582
284 100
284 1340
1340 1930
284 299
1260 1258
1720 823
1720 1083
1083 1711
1898 470
503 1003
1295 29
29 514
29 907
907 1563
907 1830
607 212
294 1218
1218 1143
294 1518
1518 921
1518 623
1518 1041
1468 1253
1253 922
1253 451
1468 487
1559 1643
723 737
737 1300
723 1611
723 1095
723 289
1265 757
978 1313
1854 971
58 1369
1097 1439
1439 1026
1026 52
1439 1599
112 100
812 56
812 328
490 1326
987 151
588 769
588 126
126 813
126 756
549 1792
1792 1508
1792 1938
51 706
51 1920
51 1018
1440 805
805 604
199 685
964 891
1799 1197
533 1603
533 898
939 922
939 1134
970 886
886 687
687 510
886 683
886 1426
257 212
257 1393
1237 1103
1103 1063
1103 1081
1237 1562
1237 1555
1427 305
305 1087
1427 345
1944 314
1944 1461
1944 295
1040 1667
1040 1826
1150 894
905 1796
1796 25
25 1137
513 1940
513 1034
513 814
849 1181
849 78
867 55
55 1398
55 819
55 1978
534 1478
1478 1465
328 879
328 1060
581 931
1299 1284
1299 1660
1639 1640
1639 301
301 248
301 18
301 1869
1869 1187
1187 1614
1614 281
281 1620
281 1512
1614 1550
1550 1414
1550 1059
1614 1182
1614 664
1187 1409
101 504
1643 17
1643 1940
1361 308
308 1642
308 476
354 681
990 1633
990 469
990 1856
1143 1008
1564 604
1564 1140
1140 414
1140 797
1284 37
1248 927
1697 340
1783 545
1556 1667
452 664
1134 1806
1134 765
1615 1985
1309 1679
1679 1928
1090 1314
1090 1050
1197 350
1682 1359
1359 154
1194 704
1402 1403
654 329
654 493
493 1030
1030 272
272 147
147 838
272 996
1030 291
1030 230
654 756
34 922
1405 1050
596 441
166 514
1935 648
648 1038
1031 1025
1025 1777
1118 814
1118 1566
1118 874
756 656
1123 1383
706 262
262 744
1266 442
1266 1687
1266 486
1314 244
1314 1563
1314 1887
1826 68
836 1293
836 744
818 892
1251 898
1251 23
1251 1790
1251 154
1251 33
1771 1059
1685 1830
1685 310
310 1403
1951 442
1951 370
1508 1806
1508 451
276 90
276 277
277 1018
276 695
276 507
507 1871
1815 216
212 1008
212 1830
1834 906
1287 235
1802 329
635 769
635 459
26 745
745 911
745 117
26 566
1454 138
1319 1757
1757 407
1757 512
1319 1831
692 908
908 1805
908 946
908 255
1065 627
627 1627
627 246
650 53
650 1179
1179 240
240 1594
1594 854
854 103
854 1711
1594 1708
1594 1380
1179 591
1179 644
644 1219
1179 1762
567 1400
1638 1230
1638 911
1644 1956
1644 1360
1644 929
1034 942
1810 1801
1055 1175
1055 625
625 1492
1492 906
625 409
409 285
625 702
625 1313
1853 789
1503 951
951 1047
951 285
1503 1923
1503 138
1094 17
969 1011
969 936
156 445
156 100
1645 1532
971 1061
1061 652
591 1563
591 1856
1003 1648
1409 1800
1409 967
618 1956
1379 1181
1379 842
930 1953
1953 103
290 1555
738 1599
1607 1888
1341 1776
936 1611
1553 814
1553 33
559 6
86 583
583 1764
86 851
779 1433
1433 1501
1948 1915
1948 256
436 1389
1389 292
436 1048
1350 761
761 28
761 942
202 504
202 792
1087 1414
1087 1742
1962 1283
1137 1805
1137 904
1137 469
1041 693
210 1847
210 1978
210 1730
1774 1426
288 1611
637 623
764 1326
599 331
599 698
1978 267
1978 451
949 85
140 888
140 894
140 355
910 248
910 41
910 563
608 1011
608 1457
1457 419
419 792
608 165
169 526
1465 1708
31 874
31 1566
85 478
85 1587
282 429
282 1501
56 1938
617 345
617 1076
617 995
995 449
995 37
995 442
1495 992
1495 465
1764 1051
1015 1183
331 74
64 1493
1493 1181
1830 683
1830 285
100 33
100 1200
100 1895
100 1471
566 6
261 1652
1652 931
1722 1775
1775 366
366 977
366 958
1687 1800
246 1888
1627 1147
1611 564
564 568
1147 90
906 96
934 748
123 704
623 1801
726 1326
5 1777
5 729
1762 510
1803 117
1803 1725
1446 729
1446 235
1981 1938
178 1076
178 443
178 1407
1800 1471
1790 614
233 1085
1085 1599
1352 1969
1354 1360
102 1985
1812 28
554 339
554 842
11 1372
52 1526
1282 1714
1533 1572
1572 1548
1847 1063
1847 1915
1952 977
1175 685
1548 1441
757 946
757 407
510 1293
604 340
256 314
321 1181
942 615
1507 292
1734 318
792 718
329 724
1199 90
1199 1602
362 1499
68 688
695 797
819 1383
526 505
505 1001
1001 1403
526 1400
1742 765
292 996
1011 814
1369 823
459 721
459 744
62 839
874 967
1063 347
53 1207
1820 249
997 912
912 1949
48 443
1441 1708
1441 892
1441 1833
1441 1210
1210 449
1210 49
1070 356
356 799
1070 1346
712 469
712 379
1207 568
580 966
966 1838
580 230
580 340
514 1172
1512 1038
207 340
469 1915
1983 416
1983 1648
1805 829
829 1182
1505 198
765 1183
1801 799
1602 1804
1497 214
1497 724
679 721
347 998
449 162
162 17
407 799
1648 811
545 725
1002 918
1671 1740
1671 1772
142 634
634 130
744 517
517 693
484 1161
414 1772
1875 994
718 992
33 952
46 1825
1825 1047
46 1920
1172 1501
759 371
919 1677
379 704
898 810
810 652
1375 248
892 1346
1555 721
214 1730
1915 688
1047 918
664 721
1191 37
