1 1731
1731 1813
1813 1309
1309 1884
1884 483
483 213
213 67
67 270
270 1023
1023 702
702 322
322 370
370 1038
1038 492
492 130
130 1413
1413 1877
1877 653
653 1787
1787 29
29 8
8 973
973 294
294 489
489 1062
1062 1086
1086 1977
1977 499
499 1456
1456 795
795 608
608 882
882 1355
1355 1163
1163 1284
1284 1899
1899 941
941 1214
1214 1155
1155 1798
1798 562
562 309
309 1723
1723 1277
1277 878
878 844
844 210
210 215
215 1814
1814 854
854 1179
1179 88
88 1455
1455 944
944 1344
1344 220
220 1165
1165 1671
1671 124
124 1921
1921 1782
1782 1097
1097 1840
1840 1465
1465 1354
1354 1358
1358 922
922 1510
1510 908
908 325
325 240
240 1717
1717 1243
1243 1024
1024 1518
1518 180
180 341
341 1497
1497 1528
1528 535
535 771
771 1420
1420 15
15 79
79 227
227 1747
1747 267
267 1361
1361 42
42 1359
1359 817
817 1940
1940 1786
1786 872
872 417
417 1911
1911 188
188 127
127 1308
1308 1452
1452 1761
1761 233
233 1018
1018 566
566 732
732 806
806 1974
1974 756
756 667
667 957
957 717
717 933
933 979
979 551
551 1067
1067 869
869 1270
1270 1741
1741 1327
1327 1939
1939 243
243 1545
1545 1356
1356 845
845 876
876 540
540 1651
1651 1269
1269 1064
1064 1701
1701 775
775 624
624 43
43 290
290 1827
1827 244
244 807
807 1957
1957 1201
1201 1564
1564 355
355 254
254 1628
1628 1138
1138 232
232 1785
1785 833
833 1041
1041 1211
1211 1569
1569 176
176 510
510 1753
1753 1145
1145 675
675 814
814 1674
1674 568
568 1536
1536 496
496 1185
1185 1450
1450 1927
1927 1040
1040 1411
1411 1193
1193 1285
1285 415
415 932
932 488
488 802
802 103
103 1862
1862 1765
1765 652
652 1943
1943 1692
1692 780
780 1035
1035 1612
1612 1052
1052 50
50 631
631 1428
1428 1004
1004 1802
1802 1724
1724 1750
1750 1485
1485 541
541 1392
1392 452
452 725
725 1596
1596 1634
1634 1992
1992 1807
1807 704
704 1707
1707 1722
1722 544
544 805
805 165
165 1303
1303 581
581 691
691 1502
1502 324
324 861
861 1147
1147 352
352 1371
1371 1318
1318 1825
1825 1716
1716 1109
1109 48
48 1551
1551 865
865 998
998 45
45 170
170 460
460 1820
1820 969
969 250
250 1442
1442 853
853 1212
1212 305
305 798
798 1721
1721 548
548 654
654 1060
1060 1976
1976 23
23 1776
1776 1386
1386 198
198 277
277 86
86 906
906 1530
1530 1895
1895 1951
1951 841
841 1321
1321 1357
1357 1412
1412 1326
1326 1732
1732 1170
1170 1598
1598 1439
1439 1542
1542 1102
1102 459
459 1274
1274 1325
1325 959
959 620
620 1931
1931 1673
1673 1203
1203 1519
1519 477
477 206
206 1301
1301 1217
1217 76
76 1016
1016 99
99 811
811 424
424 1228
1228 663
663 427
427 107
107 1181
1181 1134
1134 709
709 1488
1488 1742
1742 1875
1875 1832
1832 125
125 1524
1524 715
715 1837
1837 1292
1292 484
484 1496
1496 1282
1282 1394
1394 1636
1636 502
502 735
735 721
721 1614
1614 1773
1773 241
241 1872
1872 1537
1537 445
445 1766
1766 1699
1699 90
90 681
681 1682
1682 1045
1045 1128
1128 921
921 224
224 515
515 156
156 1760
1760 1632
1632 671
671 1958
1958 116
116 175
175 366
366 292
292 1242
1242 1492
1492 321
321 197
197 409
409 335
335 747
747 384
384 584
584 1254
1254 1266
1266 1591
1591 1646
1646 229
229 1511
1511 1919
1919 910
910 346
346 491
491 1851
1851 870
870 1030
1030 513
513 1051
1051 359
359 1555
1555 516
516 1752
1752 536
536 1600
1600 1248
1248 1710
1710 1657
1657 1469
1469 497
497 898
898 1975
1975 724
724 600
600 839
839 1160
1160 138
138 1792
1792 118
118 874
874 578
578 593
593 587
587 1993
1993 601
601 327
327 1755
1755 1087
1087 1059
1059 1580
1580 781
781 326
326 698
698 1610
1610 172
172 1698
1698 1841
1841 1811
1811 1512
1512 1005
1005 1026
1026 1729
1729 1074
1074 253
253 561
561 446
446 547
547 1719
1719 129
129 382
382 1818
1818 24
24 214
214 82
82 1168
1168 1746
1746 1199
1199 1894
1894 1515
1515 580
580 209
209 1954
1954 1167
1167 1466
1466 916
916 1800
1800 74
74 1404
1404 1584
1584 1312
1312 1505
1505 1981
1981 1932
1932 303
303 1338
1338 984
984 226
226 1111
1111 1279
1279 36
36 1313
1313 950
950 437
437 848
848 1257
1257 1417
1417 458
458 1494
1494 1219
1219 155
155 300
300 880
880 629
629 400
400 1669
1669 703
703 1409
1409 1630
1630 1365
1365 700
700 1251
1251 77
77 1988
1988 1769
1769 1886
1886 911
911 816
816 954
954 115
115 1188
1188 391
391 1484
1484 1093
1093 517
517 1898
1898 813
813 1126
1126 1621
1621 1164
1164 1763
1763 1073
1073 1697
1697 689
689 1385
1385 372
372 1235
1235 1302
1302 752
752 112
112 1238
1238 1171
1171 1267
1267 1878
1878 1063
1063 783
783 751
751 904
904 1065
1065 1008
1008 464
464 981
981 1586
1586 1573
1573 877
877 442
442 1635
1635 1808
1808 1883
1883 1643
1643 1774
1774 1039
1039 59
59 1595
1595 1463
1463 1553
1553 153
153 1295
1295 273
273 1207
1207 1337
1337 627
627 1506
1506 395
395 1856
1856 1458
1458 1850
1850 1205
1205 1275
1275 1910
1910 182
182 749
749 1481
1481 251
251 320
320 974
974 1135
1135 1696
1696 1805
1805 1780
1780 336
336 438
438 114
114 1273
1273 1680
1680 1191
1191 450
450 1893
1893 1029
1029 1655
1655 1178
1178 121
121 1909
1909 1675
1675 373
373 1608
1608 1198
1198 1903
1903 363
363 295
295 144
144 18
18 1299
1299 1486
1486 708
708 1272
1272 393
393 258
258 662
662 1323
1323 1209
1209 302
302 1123
1123 1143
1143 1647
1647 470
470 255
255 444
444 828
828 754
754 195
195 495
495 1874
1874 279
279 565
565 1184
1184 614
614 1539
1539 1638
1638 637
637 157
157 779
779 1672
1672 287
287 664
664 970
970 1464
1464 1146
1146 1599
1599 965
965 314
314 677
677 842
842 649
649 883
883 159
159 1283
1283 1791
1791 1554
1554 1231
1231 1736
1736 421
421 1589
1589 1457
1457 1964
1964 1470
1470 1157
1157 742
742 221
221 1129
1129 1541
1541 1183
1183 62
62 1835
1835 1263
1263 1865
1865 1300
1300 183
183 1594
1594 1795
1795 773
773 940
940 597
597 860
860 1855
1855 907
907 1602
1602 575
575 793
793 923
923 506
506 200
200 1930
1930 1812
1812 636
636 357
357 44
44 918
918 960
960 812
812 1487
1487 1913
1913 1221
1221 1349
1349 1099
1099 1454
1454 1304
1304 611
611 32
32 899
899 797
797 1332
1332 1908
1908 435
435 757
757 30
30 514
514 1686
1686 1833
1833 1953
1953 319
319 1504
1504 1712
1712 1656
1656 60
60 26
26 1693
1693 712
712 538
538 401
401 1917
1917 1353
1353 1297
1297 87
87 1176
1176 1234
1234 388
388 1449
1449 22
22 952
952 53
53 1743
1743 1351
1351 1166
1166 1346
1346 1929
1929 1558
1558 360
360 1730
1730 644
644 1101
1101 522
522 364
364 1480
1480 1335
1335 1676
1676 431
431 473
473 1047
1047 1033
1033 31
31 758
758 1306
1306 858
858 658
658 1122
1122 1973
1973 1906
1906 242
242 380
380 1508
1508 9
9 1857
1857 553
553 520
520 1088
1088 1995
1995 430
430 179
179 976
976 1986
1986 1836
1836 810
810 330
330 234
234 1127
1127 1514
1514 628
628 1961
1961 1013
1013 101
101 185
185 716
716 884
884 1979
1979 818
818 837
837 521
521 1935
1935 764
764 85
85 1372
1372 268
268 463
463 1500
1500 307
307 208
208 647
647 1334
1334 94
94 714
714 1410
1410 684
684 318
318 770
770 759
759 1106
1106 457
457 519
519 1821
1821 237
237 579
579 207
207 630
630 1495
1495 1876
1876 533
533 1828
1828 1959
1959 146
146 1847
1847 743
743 1771
1771 131
131 1683
1683 1912
1912 987
987 686
686 1845
1845 936
936 1585
1585 552
552 592
592 792
792 881
881 1562
1562 750
750 313
313 699
699 1249
1249 166
166 163
163 542
542 655
655 248
248 1324
1324 1307
1307 1560
1560 539
539 1885
1885 1373
1373 1987
1987 480
480 123
123 96
96 247
247 1803
1803 1563
1563 1382
1382 993
993 621
621 1027
1027 632
632 897
897 1572
1572 291
291 142
142 192
192 1379
1379 1740
1740 891
891 769
769 19
19 75
75 343
343 455
455 1843
1843 1220
1220 1517
1517 843
843 1089
1089 1965
1965 559
559 946
946 1577
1577 1370
1370 1096
1096 755
755 784
784 1779
1779 1728
1728 1066
1066 1727
1727 1296
1296 767
767 1640
1640 1240
1240 1317
1317 1901
1901 211
211 1001
1001 557
557 1202
1202 1663
1663 1888
1888 741
741 1441
1441 141
141 1396
1396 1399
1399 1474
1474 1194
1194 1383
1383 774
774 596
596 34
34 387
387 1187
1187 331
331 928
928 164
164 56
56 994
994 122
122 838
838 867
867 673
673 762
762 235
235 278
278 903
903 713
713 1264
1264 569
569 738
738 10
10 1421
1421 1615
1615 1114
1114 989
989 1709
1709 1032
1032 1566
1566 1343
1343 873
873 821
821 396
396 1287
1287 1905
1905 1261
1261 1859
1859 406
406 1294
1294 768
768 567
567 117
117 113
113 1080
1080 1196
1196 825
825 190
190 1115
1115 819
819 710
710 61
61 1120
1120 1649
1649 178
178 1400
1400 358
358 1348
1348 948
948 332
332 456
456 283
283 52
52 111
111 1907
1907 1633
1633 1352
1352 1962
1962 1789
1789 201
201 261
261 1230
1230 523
523 78
78 659
659 288
288 1049
1049 863
863 37
37 1314
1314 1924
1924 174
174 1132
1132 971
971 402
402 1550
1550 353
353 1588
1588 1290
1290 512
512 1384
1384 868
868 1552
1552 1549
1549 1604
1604 796
796 28
28 1252
1252 150
150 530
530 1915
1915 850
850 961
961 626
626 1085
1085 1826
1826 1654
1654 413
413 119
119 1790
1790 1020
1020 407
407 692
692 1664
1664 66
66 108
108 1260
1260 376
376 149
149 866
866 1933
1933 39
39 140
140 564
564 613
613 1331
1331 280
280 412
412 1966
1966 1206
1206 274
274 1333
1333 148
148 1192
1192 694
694 696
696 257
257 212
212 1720
1720 1316
1316 1830
1830 997
997 17
17 453
453 1322
1322 1703
1703 875
875 1714
1714 718
718 1590
1590 1084
1084 468
468 1226
1226 1605
1605 622
622 1090
1090 1770
1770 635
635 966
966 14
14 33
33 1937
1937 461
461 1579
1579 1174
1174 672
672 824
824 1256
1256 1467
1467 1799
1799 1568
1568 786
786 1945
1945 1777
1777 656
656 1239
1239 132
132 1715
1715 763
763 937
937 128
128 1291
1291 1137
1137 1882
1882 1527
1527 151
151 1869
1869 1360
1360 500
500 588
588 454
454 1437
1437 1863
1863 1044
1044 1824
1824 338
338 1705
1705 1350
1350 1990
1990 983
983 1422
1422 1140
1140 1793
1793 834
834 964
964 205
205 1677
1677 1445
1445 339
339 835
835 1068
1068 1700
1700 1764
1764 1662
1662 857
857 1920
1920 301
301 1690
1690 1955
1955 46
46 947
947 271
271 1592
1592 1984
1984 1017
1017 390
390 855
855 1858
1858 63
63 532
532 4
4 1151
1151 381
381 311
311 862
862 574
574 996
996 949
949 1434
1434 1435
1435 550
550 1557
1557 1704
1704 1380
1380 832
832 451
451 1956
1956 1616
1616 879
879 1781
1781 1268
1268 1416
1416 245
245 177
177 1679
1679 1077
1077 1490
1490 1890
1890 371
371 1078
1078 815
815 465
465 162
162 7
7 1652
1652 1576
1576 586
586 323
323 1670
1670 1007
1007 1197
1197 1980
1980 967
967 1022
1022 920
920 924
924 986
986 487
487 915
915 1738
1738 225
225 737
737 688
688 912
912 885
885 1107
1107 1706
1706 1871
1871 685
685 602
602 91
91 1142
1142 1661
1661 633
633 1748
1748 58
58 1968
1968 1232
1232 193
193 80
80 1941
1941 1459
1459 1982
1982 1218
1218 1543
1543 1848
1848 808
808 1546
1546 337
337 308
308 729
729 1414
1414 766
766 931
931 919
919 100
100 1431
1431 1112
1112 1241
1241 256
256 604
604 1725
1725 803
803 218
218 137
137 1758
1758 1509
1509 619
619 1625
1625 97
97 1320
1320 1914
1914 1050
1050 199
199 1593
1593 1472
1472 1794
1794 1440
1440 1423
1423 1896
1896 2
2 1784
1784 1419
1419 791
791 555
555 1925
1925 1462
1462 230
230 1493
1493 1668
1668 1003
1003 1756
1756 1684
1684 1131
1131 1897
1897 49
49 733
733 351
351 800
800 216
216 1224
1224 1471
1471 534
534 1376
1376 1233
1233 739
739 54
54 1319
1319 104
104 734
734 595
595 1342
1342 342
342 1618
1618 606
606 299
299 909
909 158
158 1983
1983 486
486 886
886 503
503 707
707 851
851 1834
1834 1581
1581 105
105 558
558 1685
1685 1424
1424 951
951 914
914 507
507 1624
1624 1902
1902 344
344 161
161 392
392 697
697 864
864 1250
1250 286
286 1985
1985 403
403 196
196 1401
1401 1754
1754 1058
1058 126
126 109
109 1570
1570 1767
1767 297
297 1622
1622 1158
1158 479
479 594
594 1082
1082 1015
1015 1963
1963 1751
1751 746
746 1253
1253 1922
1922 361
361 57
57 1575
1575 1970
1970 93
93 760
760 945
945 263
263 1288
1288 524
524 1289
1289 849
849 1801
1801 1389
1389 888
888 1011
1011 687
687 1091
1091 719
719 1650
1650 1620
1620 1403
1403 545
545 645
645 12
12 1200
1200 556
556 1407
1407 968
968 788
788 110
110 634
634 1513
1513 55
55 1538
1538 723
723 1271
1271 1141
1141 1426
1426 889
889 282
282 1056
1056 1075
1075 1110
1110 1587
1587 956
956 139
139 1926
1926 1904
1904 365
365 623
623 895
895 646
646 701
701 1433
1433 440
440 1223
1223 236
236 1070
1070 1460
1460 1072
1072 1535
1535 398
398 706
706 404
404 1918
1918 410
410 1997
1997 189
189 790
790 81
81 1881
1881 789
789 1227
1227 1749
1749 1118
1118 83
83 298
298 1311
1311 1522
1522 1873
1873 1531
1531 642
642 930
930 1852
1852 41
41 1031
1031 5
5 441
441 1150
1150 1286
1286 504
504 1996
1996 1028
1028 1432
1432 1660
1660 1667
1667 518
518 1175
1175 731
731 765
765 1644
1644 641
641 1276
1276 609
609 462
462 1613
1613 1048
1048 1375
1375 666
666 1759
1759 571
571 386
386 102
102 1021
1021 990
990 678
678 349
349 1159
1159 472
472 1611
1611 1971
1971 1310
1310 856
856 1447
1447 369
369 84
84 1870
1870 935
935 607
607 498
498 1648
1648 801
801 1367
1367 219
219 1378
1378 1762
1762 831
831 1363
1363 826
826 1804
1804 1195
1195 375
375 405
405 262
262 1369
1369 1623
1623 1842
1842 1390
1390 345
345 449
449 1245
1245 894
894 690
690 1879
1879 1055
1055 1280
1280 1246
1246 1534
1534 1443
1443 1236
1236 1520
1520 65
65 985
985 1796
1796 1136
1136 1258
1258 823
823 852
852 136
136 1529
1529 469
469 1364
1364 310
310 639
639 439
439 1172
1172 1095
1095 340
340 1034
1034 1864
1864 476
476 493
493 1117
1117 693
693 509
509 1639
1639 1083
1083 1532
1532 316
316 570
570 777
777 650
650 612
612 1482
1482 980
980 905
905 1071
1071 665
665 589
589 605
605 836
836 1305
1305 466
466 106
106 1565
1565 95
95 51
51 1124
1124 312
312 1347
1347 1822
1822 265
265 1315
1315 582
582 418
418 573
573 2000
2000 1388
1388 16
16 1444
1444 1408
1408 748
748 1806
1806 1711
1711 674
674 1887
1887 374
374 1691
1691 590
590 1139
1139 1336
1336 1708
1708 475
475 1999
1999 929
929 1694
1694 350
350 1501
1501 385
385 443
443 1012
1012 1262
1262 1778
1778 1259
1259 1341
1341 1006
1006 328
328 1054
1054 591
591 1658
1658 583
583 1161
1161 1108
1108 249
249 367
367 794
794 1103
1103 334
334 356
356 1900
1900 202
202 1476
1476 134
134 1149
1149 1994
1994 411
411 511
511 1204
1204 13
13 1626
1626 1601
1601 1119
1119 1969
1969 1854
1854 1619
1619 98
98 1009
1009 1891
1891 1148
1148 414
414 1177
1177 1002
1002 1430
1430 531
531 1121
1121 203
203 1516
1516 64
64 425
425 1574
1574 657
657 1972
1972 1561
1561 1152
1152 1810
1810 422
422 71
71 728
728 1540
1540 1328
1328 1105
1105 1607
1607 1544
1544 194
194 169
169 1053
1053 679
679 1169
1169 1255
1255 21
21 354
354 35
35 72
72 1606
1606 222
222 423
423 934
934 761
761 988
988 1934
1934 1130
1130 397
397 617
617 1215
1215 281
281 676
676 20
20 1819
1819 1989
1989 1665
1665 822
822 1641
1641 610
610 753
753 1427
1427 1477
1477 1395
1395 599
599 1100
1100 1298
1298 1788
1788 670
670 1387
1387 1797
1797 1734
1734 70
70 494
494 1281
1281 329
329 1104
1104 1688
1688 1418
1418 1398
1398 1265
1265 1726
1726 1942
1942 1739
1739 1133
1133 958
958 1340
1340 1247
1247 554
554 38
38 1499
1499 482
482 991
991 348
348 1377
1377 925
925 598
598 269
269 11
11 799
799 1222
1222 1081
1081 1473
1473 1617
1617 1293
1293 1092
1092 543
543 1944
1944 73
73 999
999 436
436 1880
1880 977
977 25
25 563
563 727
727 1491
1491 1182
1182 577
577 1838
1838 1689
1689 560
560 618
618 1397
1397 399
399 1173
1173 1642
1642 648
648 1916
1916 276
276 1817
1817 416
416 1037
1037 680
680 1061
1061 1745
1745 955
955 368
368 917
917 859
859 1695
1695 27
27 1446
1446 1960
1960 471
471 809
809 576
576 1448
1448 963
963 490
490 526
526 943
943 448
448 1156
1156 467
467 1362
1362 1831
1831 186
186 1839
1839 259
259 133
133 1809
1809 726
726 296
296 485
485 1025
1025 1687
1687 1507
1507 1189
1189 1438
1438 695
695 787
787 264
264 69
69 147
147 317
317 1583
1583 1010
1010 720
720 284
284 1653
1653 1162
1162 572
572 1345
1345 776
776 432
432 785
785 1571
1571 1503
1503 315
315 782
782 1213
1213 304
304 827
827 1366
1366 528
528 1525
1525 1330
1330 1478
1478 447
447 1406
1406 525
525 603
603 661
661 1533
1533 1076
1076 740
740 231
231 625
625 1526
1526 939
939 1952
1952 744
744 1775
1775 1844
1844 829
829 1815
1815 772
772 926
926 1659
1659 191
191 1645
1645 1846
1846 408
408 978
978 152
152 433
433 505
505 1225
1225 135
135 266
266 1498
1498 1949
1949 378
378 1190
1190 1244
1244 238
238 1125
1125 1475
1475 1578
1578 1860
1860 546
546 428
428 223
223 1186
1186 289
289 722
722 145
145 890
890 549
549 1967
1967 992
992 1702
1702 846
846 275
275 616
616 1036
1036 893
893 1627
1627 1744
1744 377
377 615
615 683
683 736
736 1866
1866 171
171 246
246 711
711 1402
1402 1998
1998 420
420 1381
1381 508
508 1042
1042 638
638 962
962 478
478 585
585 260
260 1393
1393 527
527 1014
1014 682
682 120
120 1019
1019 252
252 204
204 1483
1483 669
669 1567
1567 306
306 887
887 1946
1946 434
434 1950
1950 1829
1829 272
272 1468
1468 293
293 1368
1368 1547
1547 938
938 1867
1867 927
927 68
68 173
173 1923
1923 1415
1415 1936
1936 651
651 1046
1046 389
389 1144
1144 995
995 383
383 1374
1374 1938
1938 1737
1737 426
426 913
913 239
239 1597
1597 89
89 481
481 362
362 975
975 40
40 892
892 1892
1892 820
820 1391
1391 1816
1816 1216
1216 6
6 643
643 953
953 1783
1783 537
537 285
285 778
778 184
184 1733
1733 1329
1329 1180
1180 394
394 1631
1631 1079
1079 154
154 1948
1948 187
187 902
902 1043
1043 1718
1718 901
901 1523
1523 181
181 1582
1582 1000
1000 168
168 745
745 92
92 1678
1678 804
804 1521
1521 972
972 668
668 900
900 1603
1603 1637
1637 1861
1861 474
474 1116
1116 982
982 1278
1278 942
942 1405
1405 429
429 660
660 1154
1154 1153
1153 143
143 1237
1237 1823
1823 830
830 347
347 840
840 1113
1113 379
379 1947
1947 1681
1681 419
419 1629
1629 1978
1978 160
160 1556
1556 1768
1768 1849
1849 896
896 47
47 3
3 1425
1425 529
529 1489
1489 1429
1429 1094
1094 871
871 1757
1757 1609
1609 1928
1928 1559
1559 1208
1208 1991
1991 1461
1461 1210
1210 1451
1451 1057
1057 1069
1069 1098
1098 217
217 730
730 1889
1889 1713
1713 1339
1339 1548
1548 1666
1666 1453
1453 640
640 1479
1479 705
705 1735
1735 847
847 1868
1868 1772
1772 1853
1853 501
501 333
333 167
167 1436
1436 228
228 1229
1229 1
