2000 4000
1241 1207
1846 1155
917 1332
540 1500
1282 20
316 590
696 1169
1185 1357
1212 615
1344 93
6 1045
77 214
1910 1511
813 303
1245 1825
547 902
325 1390
1479 638
798 1511
599 110
1911 1333
609 1731
217 1410
308 218
430 356
1161 300
708 358
652 110
1955 1067
373 565
1877 1204
474 303
1444 1484
1671 325
1599 602
1733 1549
1245 918
1325 1989
98 1236
63 857
1496 1428
1232 1586
1741 1336
325 1010
395 507
67 392
1428 1206
209 1361
1417 1178
892 182
1992 856
179 1496
980 713
1522 331
1112 1560
1680 645
564 378
493 300
1759 1257
297 1899
337 1494
433 431
826 1026
621 68
1723 1580
1927 1764
1916 1613
235 1262
1034 1705
1269 1102
1903 1469
1020 555
1066 915
963 250
185 1299
335 659
1539 1805
1026 1132
1483 1272
897 673
514 302
999 1664
1440 217
409 1892
234 596
1171 897
944 1595
1861 1125
64 947
765 1242
919 1295
1204 1159
1822 823
135 1172
1153 455
212 755
1280 108
811 1899
1189 715
1374 1706
1745 768
1038 1991
998 466
107 1896
238 1725
1227 14
1255 193
1008 1886
1488 958
288 845
1823 1326
342 1220
723 1880
694 204
1137 1508
1976 1600
795 714
388 1332
199 1942
622 219
1460 1343
94 1722
418 1068
70 88
1649 44
524 1824
1572 787
340 1731
1303 1065
464 455
1162 1282
1056 1888
1467 1238
1003 1482
273 1098
233 374
716 654
848 1289
1205 960
1933 1576
849 1502
434 1945
1936 1256
1229 1230
21 1128
730 1816
916 769
1998 1696
1876 1044
1266 54
454 574
1483 1894
1425 1470
1055 768
1937 1086
1606 1434
110 1029
926 200
377 1514
1897 1864
1288 875
146 1673
648 1397
801 858
428 1269
1815 946
932 1469
1323 1252
244 1691
1993 1880
887 1258
1004 408
1891 231
1110 1752
1502 1602
1646 1196
339 974
1450 618
1539 839
379 392
1397 1388
46 1405
1059 274
894 1479
159 1376
1570 1234
1392 1233
1723 739
1037 1894
1024 1070
1597 1250
390 1915
452 192
1771 935
1349 165
499 1942
1666 577
103 1139
42 198
461 982
806 778
985 401
1217 582
1367 78
1173 1950
1492 1867
894 1862
1997 1963
801 1143
1070 1888
457 12
1063 369
1370 32
941 337
1335 511
794 1930
294 318
729 732
1577 1687
68 105
829 1154
1808 618
465 1461
1825 547
998 773
1909 1280
1967 12
662 1258
658 430
421 381
58 1431
724 306
915 1297
1537 356
1960 413
1986 512
764 332
171 159
1500 588
1330 1003
82 374
249 401
1815 1352
293 881
387 1825
646 427
873 377
218 1726
1451 1288
1420 671
1516 972
1626 1842
1904 1271
84 1371
1802 1531
1027 1126
1429 1678
228 1224
1464 426
1312 1616
637 220
1144 801
1968 508
574 1971
443 1473
1727 1199
1405 1071
1622 1126
1790 1773
994 587
1351 832
516 557
1870 1232
1129 1310
574 1610
50 533
1517 592
748 1009
827 1494
1254 1275
1301 1620
1404 1391
1468 492
201 480
590 1616
1106 1299
1365 1563
1024 1383
1713 1793
844 389
221 1412
1427 884
1054 54
81 83
409 1802
1341 293
716 609
1581 801
1650 1119
548 1154
99 1578
1148 588
983 220
1925 1917
1864 1816
375 1271
547 546
298 817
442 116
911 1635
1636 1082
1044 1375
1217 1112
1439 269
551 1193
894 1123
1887 1518
371 473
1187 1222
1643 229
526 655
1495 1025
421 456
1882 1356
1567 653
581 709
1610 1195
1265 1827
617 1777
204 1576
1858 1402
793 1928
1859 483
1269 537
528 139
880 162
524 846
1917 1916
310 125
457 1670
58 1989
438 1691
306 1136
16 930
1762 1036
1877 1716
158 1561
1152 858
806 48
402 1219
314 1569
328 1046
1543 850
1139 148
1865 1854
349 933
827 1025
1240 1219
543 298
856 195
1782 240
564 606
1574 1807
32 1642
744 1626
483 1272
607 468
1874 1740
1217 4
159 400
181 828
534 875
1885 1416
422 58
297 861
122 245
1292 63
1687 579
1397 2
1081 1461
740 151
1017 1476
1269 1366
1998 685
827 472
1545 684
142 1722
197 266
970 1674
57 398
1701 1267
898 1617
1223 1497
1262 144
718 1322
1304 1558
1137 116
575 1820
1915 1191
7 137
889 1967
498 1743
1323 219
1633 848
1489 807
1320 960
255 68
839 468
1174 1729
1986 1289
1016 727
1287 773
905 1410
1152 1577
1020 1913
456 189
1463 646
501 1897
1910 108
1209 1232
461 1340
1867 1259
1807 441
1333 379
1552 1189
28 637
1274 1669
1328 808
17 405
536 1837
1112 1264
1654 833
27 1524
772 1923
395 807
68 1656
1106 863
194 1366
1694 364
852 1327
1885 1723
742 571
1550 1347
1161 333
1801 387
1837 1267
1 597
1869 849
384 859
420 1394
1275 493
1520 446
1616 1659
451 1162
1334 1259
112 1784
5 1260
1931 1645
763 584
1031 1787
763 128
1724 1311
1231 1871
978 1710
460 1967
228 249
1318 1221
1275 1728
1314 1629
25 222
1517 75
549 859
1634 238
670 744
1054 1811
320 1506
115 1888
1155 318
531 1156
1633 1570
1203 969
969 1270
318 369
1776 921
225 720
1106 1518
1667 1662
450 1897
1007 383
667 802
1580 62
1284 1342
1041 446
357 343
78 524
1706 28
409 1115
1433 1932
121 1487
765 413
1165 1836
365 1133
1789 1670
1172 1966
1319 1999
1835 1860
1419 518
269 1428
593 162
1227 1964
1965 1495
1635 443
1274 1922
1255 1188
156 368
1781 1623
111 146
23 735
1504 1636
43 969
1264 156
1721 370
1721 113
226 1903
1175 1154
1442 138
1723 1414
982 1217
817 1133
1921 196
1178 443
1811 1236
1033 161
992 1180
1890 1932
16 958
1049 1091
80 1414
1225 1728
1343 996
1905 1798
1543 1758
284 1266
1343 1352
1667 964
1551 232
744 1908
1785 903
357 1317
1561 391
618 1764
1379 1976
1236 1202
380 95
300 1884
1335 1721
3 1756
1180 888
191 1081
1778 1219
1954 434
869 1732
47 1291
1394 1804
1344 385
1447 361
1094 111
42 479
874 276
54 1061
1338 1977
1698 133
1237 122
1045 1782
390 252
1062 193
1137 1856
1372 625
1233 1627
1297 511
101 1424
244 1968
604 9
702 1435
1416 1258
1353 1745
1555 1585
651 1261
270 613
703 556
941 1850
1317 1283
1104 1032
1863 34
1303 145
1820 542
1261 732
581 1352
1675 444
1402 1556
1606 850
1978 1903
432 799
1942 279
1576 1288
595 580
1342 1617
1178 839
1774 1734
1128 1658
1400 1003
1198 1127
1911 1690
1521 1071
211 1927
1003 622
883 651
75 669
1329 1188
244 1491
874 659
1184 1280
962 1525
1240 84
1365 218
1971 1498
52 279
1717 1342
1191 534
1201 1171
1265 791
1323 175
1209 737
618 241
45 1087
583 859
1934 636
1383 263
609 52
1452 1002
911 1366
270 1620
1724 586
900 2000
85 431
1823 498
1638 1836
125 1987
1030 1285
1982 1241
716 1322
13 376
222 113
593 555
394 1718
160 1750
162 1542
619 687
1434 1054
736 1348
916 775
156 1128
1194 1956
224 77
1842 1148
811 152
1156 1737
120 139
1231 897
965 256
145 1912
1814 136
88 773
432 1094
1092 1957
1285 121
1597 863
1253 1559
1736 26
1755 1042
1855 243
89 703
1203 942
195 18
1439 1187
984 1772
1030 591
1778 164
1401 1291
1008 1298
318 1458
1568 1097
960 987
1150 1858
667 153
818 1864
1809 1188
226 420
1960 1122
182 1605
514 689
1914 358
1497 271
1850 669
979 1332
204 1516
144 753
872 1575
1270 1316
197 1410
376 1372
950 1102
777 835
1529 1678
767 185
1653 264
797 1873
1859 229
162 1946
320 1221
1373 1670
181 1190
299 948
1228 1779
1684 1019
285 1323
606 1391
943 1171
1368 405
815 1939
1754 1708
1857 1567
1229 912
430 1795
1348 315
1412 537
519 499
970 1396
189 266
1601 836
1971 705
1072 1032
1538 271
1055 1725
215 288
1883 1935
951 780
281 1694
378 736
1719 319
982 1101
131 60
916 103
583 1520
1542 246
677 921
141 304
295 1284
1322 83
1993 1526
247 984
398 296
1746 1845
1132 642
228 827
1057 710
389 112
225 1063
1064 1195
1273 1194
1854 701
1829 278
1446 1040
1543 743
691 1459
935 769
309 861
898 51
875 30
568 1787
1793 263
1841 128
675 870
1157 28
1949 216
547 230
1830 163
154 1531
249 1039
750 261
482 1546
365 568
902 1252
114 514
1444 24
1688 825
1322 1989
992 1612
439 1032
541 758
1444 280
503 1884
1333 1861
1479 1711
1364 125
1734 418
1522 1995
1359 631
1742 102
571 1880
193 8
518 1534
1585 1291
1535 180
980 1602
78 1418
451 767
614 1997
889 78
783 1145
1811 1653
1344 869
1955 938
1788 1098
748 67
861 1150
703 339
162 215
1493 1476
1058 1052
957 1992
1513 1789
157 1846
518 1006
382 746
1091 1631
102 1967
917 773
1118 1814
109 125
341 1707
1135 1901
997 1950
404 1310
404 302
1156 1820
1811 55
1168 1362
1570 621
245 351
1676 890
1076 446
548 46
1446 198
936 1153
277 1175
617 1536
1871 1191
38 990
355 454
734 352
419 815
640 473
546 1836
1848 465
1352 493
438 1415
1314 216
1471 1820
208 507
1692 728
1040 310
493 1687
230 1948
57 1414
1445 1370
1999 52
911 1362
1171 261
1200 349
1586 1911
1387 657
986 1012
927 941
1045 1026
1177 279
1918 1555
47 326
1287 405
1875 1974
1140 255
1051 881
1651 472
207 951
742 65
723 1985
1352 1318
1978 1684
1497 1062
49 1723
1995 1375
10 1769
1335 905
1218 1121
832 1734
1800 110
1441 1447
628 1591
1253 1967
706 603
353 1412
747 1527
5 888
1159 462
1253 290
1938 1413
1512 967
59 1299
669 847
90 917
432 268
491 387
1560 854
247 568
1515 234
1486 1099
1761 605
311 742
378 498
1124 1122
39 1194
949 1289
1888 1512
1613 976
1759 1619
154 459
1595 136
487 1984
1671 1818
1566 1195
1528 1946
153 776
1477 42
474 716
1167 1756
491 1944
268 1653
1006 1637
1539 416
1724 824
1864 1845
1628 1474
1885 1310
1831 1977
298 1678
1209 679
788 1259
644 1012
399 1398
48 1589
610 510
1834 349
160 1152
1829 1955
222 611
565 910
724 96
559 170
1352 1617
1912 201
228 1430
1348 1039
703 1534
1749 713
509 1432
37 1187
223 625
975 147
282 1238
1867 1880
1719 438
52 407
210 87
769 1955
367 346
1620 1432
796 1480
1526 1473
362 368
803 9
276 671
1908 961
1606 540
374 830
1641 71
718 1683
4 1950
220 383
1906 97
1510 1224
489 1725
1355 1941
1881 277
323 1420
960 848
1804 688
95 551
1863 1356
1774 581
297 1872
986 118
1900 1815
1343 972
372 1575
879 1736
1709 919
742 47
1400 717
187 475
1031 909
171 1757
540 1418
1451 1525
433 1277
1029 306
1931 1578
969 1520
384 949
47 846
1447 1237
1418 1059
1631 704
1590 1930
1510 470
1817 1615
1220 1467
1157 330
1646 328
1383 446
18 286
918 230
1831 1906
1636 1280
1471 294
769 1909
208 1637
226 908
345 1976
254 1950
68 1840
1384 407
1691 1737
1786 597
682 727
539 683
966 369
95 195
951 1767
1356 3
30 1466
1615 917
1351 8
1932 426
529 1309
1919 1574
1860 735
384 1377
1063 72
1157 356
324 1557
1077 1595
1894 166
998 963
95 539
72 960
1721 1449
898 820
48 1976
992 978
1711 1512
1532 1801
753 912
1084 1094
449 1436
1980 1144
1386 243
1195 921
1562 1194
1855 1371
202 1682
1 1944
1219 1445
684 1866
1828 1606
912 1281
1438 372
344 1514
816 1700
808 868
383 382
488 764
1298 1333
1167 729
1208 736
92 1738
86 999
652 603
397 223
919 1917
1068 244
826 996
33 732
798 1152
1355 263
94 1364
1725 1182
989 993
1242 1224
1596 1446
1096 1323
1635 372
1041 1806
420 883
345 760
1534 1139
487 1842
93 365
748 883
137 1274
23 89
728 1562
21 698
1536 220
1165 1537
1001 887
264 1923
170 102
330 644
293 1848
1319 1486
1413 157
1960 471
1731 327
225 1255
907 1258
655 830
374 1778
922 1973
495 1096
901 586
1936 666
451 1746
659 1071
146 1083
1182 1354
943 1308
397 1085
753 424
1879 938
1523 1794
1398 1267
589 793
1500 1385
1336 736
1266 347
1447 1456
838 1433
1792 1109
1580 436
772 135
1376 1682
778 913
859 1934
306 328
1462 19
1893 1980
1120 513
1638 131
84 1881
1660 1860
892 921
1801 1716
154 1761
1855 1995
433 1707
1937 1548
1336 1130
215 363
153 610
1454 224
1068 1902
578 879
130 1376
1536 1503
724 777
784 682
1868 1508
1755 1026
322 1755
1868 756
779 728
830 1238
1493 1259
1142 654
1979 1288
1614 545
1171 1198
1027 181
1378 1587
820 1094
1910 1557
999 865
555 825
1250 530
1039 1985
1749 1493
1609 179
1030 957
1091 313
585 888
1901 432
640 1269
1880 412
265 1979
514 375
1854 1129
1025 1159
1517 1498
1226 1234
234 1647
1230 1103
593 1256
57 721
1198 1511
673 1980
168 1438
794 1989
41 1
1443 649
343 1171
1005 488
1791 1323
439 1357
1743 1033
745 1620
341 1427
1606 1390
721 1285
119 1206
359 1128
1625 1519
7 613
137 1595
587 1294
1317 198
1225 1137
1962 1904
1704 1651
923 914
1731 1847
1125 1078
76 1756
1635 1390
556 1647
1963 123
127 1354
840 1085
1620 1206
446 1490
1241 1481
328 1823
981 840
921 644
1869 68
581 367
1980 1209
931 1741
1419 1707
1269 133
434 1475
953 760
573 1981
767 365
1077 1682
361 1986
309 710
1679 612
1906 1020
1692 1386
990 267
57 1657
625 1466
191 106
1998 278
674 1811
1978 1179
301 1913
360 1876
1822 716
1885 72
1831 1114
1601 649
1255 127
949 182
66 559
1444 307
1123 1626
935 257
1779 8
17 1599
1285 1627
727 1920
1906 1483
450 1442
1067 691
327 90
1669 616
109 1073
932 506
963 1840
1959 49
1287 1347
715 1435
1039 921
594 625
1928 890
1982 1933
50 44
1959 959
553 1220
860 224
16 1617
1211 335
1018 167
257 95
1167 329
1246 531
212 9
1096 789
987 385
986 1168
412 984
956 508
1740 1119
1460 434
1144 1332
409 1465
1375 460
1087 1282
1132 60
1974 1128
1683 46
416 1626
82 344
372 884
580 396
807 190
1913 1762
1606 939
1568 1029
202 1193
298 1224
1617 1633
793 539
1533 562
1962 558
1546 751
1079 114
188 295
1526 822
105 287
1764 1157
1875 1359
436 860
1999 533
1303 565
1043 1548
1191 1714
1533 496
1709 458
1432 608
1394 905
1809 1365
64 1397
594 492
402 1201
1330 696
1431 1361
768 940
714 1123
1528 373
1832 1677
504 743
796 917
1070 418
830 1761
224 79
1475 463
53 743
855 514
1856 781
1790 390
1120 1712
1183 1614
177 1746
1715 1212
1914 1497
1226 325
1082 810
1683 594
1965 1903
1707 711
926 1268
670 553
1898 952
359 1482
533 1244
1802 719
1352 384
312 1516
198 1392
1809 1134
646 1271
1137 476
700 1238
661 482
810 892
1175 647
790 495
948 1285
240 1239
353 787
1311 251
334 1119
1689 683
1111 473
1416 1110
648 1363
1514 918
211 738
344 763
1882 1930
1981 25
1111 1129
1780 1833
1252 360
1263 906
195 372
1924 273
1930 387
610 1060
1974 1811
683 1555
1558 170
687 1885
1707 1587
1912 252
1624 1063
242 376
1401 1325
1027 484
110 791
1942 1862
1001 249
817 1641
1972 1372
1426 104
1365 30
107 1899
1808 130
173 161
621 1946
629 496
20 1127
392 1671
1753 1869
1491 1868
2000 668
600 433
1079 1057
646 1452
408 1000
1212 1108
1211 1440
1645 247
107 1678
1763 1310
622 511
1067 1255
1729 770
859 314
1849 864
769 1285
525 360
1125 727
1052 577
669 521
101 478
926 698
1723 391
1928 1091
1686 90
259 8
1336 26
727 661
1754 931
236 1276
1864 1111
1091 611
818 1435
1635 1321
1202 1672
641 824
507 908
386 692
125 249
977 1330
1186 531
141 644
1968 1063
1831 261
1900 435
105 457
1826 1124
1416 1457
680 586
1507 1348
416 1235
132 1535
1970 174
937 1034
1087 370
1441 1179
1030 282
954 458
191 468
423 1823
1287 484
1551 8
1252 404
727 162
1964 1705
1014 1653
64 625
257 1535
1840 1444
885 606
580 263
1659 566
875 1962
24 902
354 1747
1856 795
1350 846
1037 712
1783 584
1311 217
1247 171
1555 1249
1845 613
1405 1883
783 734
587 768
396 1754
445 1280
28 1764
1591 107
1800 39
518 79
68 100
1052 1656
383 1748
939 680
1410 1138
1570 1073
273 1244
218 965
126 1600
52 356
473 1845
93 1558
678 596
1323 577
622 1714
1595 1072
855 325
541 922
829 92
1447 409
849 1640
1790 308
1190 1210
1487 134
1065 1637
876 1022
222 213
1131 135
1268 765
329 972
1715 1651
474 201
581 590
509 1483
135 1374
893 1625
1012 1606
98 107
389 613
683 1338
1622 1833
1900 530
1379 359
1505 1528
1186 1790
1294 1711
1748 1479
45 284
888 883
460 364
1081 702
1942 1130
1808 89
1104 228
858 1988
205 200
1938 1971
1609 33
1056 73
821 1490
40 1371
592 1804
1460 178
709 1992
1857 225
1792 582
1257 1261
520 344
1119 592
1707 555
496 623
1827 585
1867 783
585 1243
1797 1698
610 1562
816 632
896 1700
1309 1385
429 593
1976 1400
349 1018
643 1197
1688 1780
1806 1020
792 1479
670 227
785 184
1197 139
1788 1091
1990 804
1037 1969
1243 1389
859 923
1976 1474
1842 1348
965 217
639 208
380 1424
965 1718
145 921
508 1807
1963 731
1392 582
208 326
488 1365
1296 983
1648 814
799 1811
996 1911
1400 275
464 645
132 1808
429 158
57 1599
202 1565
57 560
1958 251
316 563
515 1916
361 454
1779 387
462 1346
168 218
342 728
1639 1148
373 849
1911 661
540 1075
1929 1511
1063 731
1937 73
82 514
1593 1913
1864 846
1261 239
1664 593
80 786
1743 314
1485 1183
1327 1195
421 1838
251 529
607 296
1648 1886
1668 147
76 1267
370 1497
548 1646
1465 806
1526 1976
630 934
1356 777
1154 1071
1057 1189
36 12
409 582
1587 321
315 63
1255 722
1808 1771
1024 1415
1019 645
1299 1425
349 461
371 1279
1187 508
453 966
248 1281
584 981
399 345
1307 732
623 1756
65 1076
636 709
959 787
1865 1419
729 1836
186 1586
1109 753
80 803
757 1078
738 537
1449 1596
1850 1342
1660 31
1160 82
1847 273
1521 950
1173 292
560 864
1700 879
795 1133
334 1437
283 1382
1040 941
315 816
1855 783
273 111
891 1893
45 1222
954 1584
232 332
1603 1291
289 1641
1979 1232
1232 76
361 1702
933 1066
1644 278
360 1410
397 633
1505 1667
218 757
889 675
1830 1748
54 595
1377 1936
1897 346
1456 557
920 1823
1982 935
1922 62
215 1162
292 490
898 298
1008 1731
770 516
1622 1039
268 820
1191 1465
1181 160
282 1966
144 439
1023 712
1115 1153
377 1249
1427 1244
982 1465
1234 1265
1402 173
1010 773
1180 1577
381 1091
505 1011
498 1440
64 430
1266 343
1431 1496
284 383
1758 550
1455 846
773 2000
1128 706
671 361
1085 638
808 1688
1489 352
1078 1609
842 1716
66 981
1529 802
311 450
1062 1102
1280 747
1320 737
912 874
797 236
567 615
967 1078
1712 340
355 1111
1124 248
1564 1855
105 1537
1526 208
1161 1098
1956 426
1130 501
1182 1859
519 1029
1333 514
200 382
299 1305
141 205
131 1326
499 1473
1477 1319
661 830
237 195
1227 954
1568 942
834 871
519 200
61 1639
1520 1133
1243 1254
1259 1350
1733 820
1156 779
827 1203
983 834
1360 1158
488 243
1715 1922
1795 1220
1974 1439
889 1363
1504 1055
856 1582
723 1673
1378 453
343 444
1560 1605
1270 355
1495 746
854 278
1695 723
989 1862
6 1138
111 846
369 587
1211 79
524 944
1439 1826
1627 1360
1870 60
743 1105
608 1736
1352 1677
929 902
238 806
435 1625
428 630
1173 537
1639 303
418 665
1078 1300
1042 129
1613 1542
1693 432
826 1773
1843 1850
751 1972
1331 573
1158 718
1360 458
700 851
1860 1938
121 1773
1260 1141
1683 1389
1759 119
1338 671
1210 1399
1199 438
1651 1401
994 1316
898 1435
965 688
998 1817
1901 873
1608 303
955 1813
505 499
980 1286
63 762
967 1639
1510 712
485 409
1353 1241
699 1755
783 874
465 423
878 794
1135 1909
871 1512
1125 483
153 456
1967 1490
1016 1685
217 1987
389 1613
1515 1466
146 1618
553 310
1969 579
466 1909
131 1725
1289 1829
1127 285
1192 1129
1125 1026
1274 498
872 401
1487 1377
448 568
1817 1495
1244 67
1995 1313
1995 109
1124 1156
1571 851
1641 1434
1453 951
271 810
1295 1006
1332 460
366 406
704 1193
1329 1972
1243 145
1013 1680
1908 1791
618 1830
90 500
304 417
90 497
737 1808
211 1510
1642 842
1390 139
1603 1957
232 1591
470 54
1125 1348
1746 1001
1210 1801
1027 1157
562 184
786 245
497 1319
1256 12
176 1676
1825 1786
918 793
1161 1884
316 1507
719 1503
1764 450
864 1772
1071 1874
1286 1693
760 1975
1531 76
1627 202
1004 714
849 1781
900 1965
1592 402
1743 394
647 1852
1195 835
1234 1398
1340 765
255 2
932 1885
1923 1616
287 378
308 1630
1241 63
1583 517
423 150
884 1119
1160 764
693 671
302 1751
1402 1528
1702 1634
1339 94
1093 1091
1045 210
837 1011
1586 35
1797 685
931 250
122 1525
678 117
370 1885
1474 118
364 722
1899 1541
1437 1135
1815 1152
577 1985
1404 498
1344 142
550 551
770 1541
1794 1443
1112 319
810 306
1214 832
873 1440
930 730
804 1031
739 1285
47 1489
676 98
1185 1099
134 322
235 1299
1265 1453
1490 209
960 883
832 1726
1845 669
1958 1617
1917 925
140 257
669 1693
1511 663
333 225
1329 374
303 76
683 1408
1574 620
1117 415
142 404
758 1456
179 1543
661 682
1179 596
1492 514
732 2000
922 1303
1799 355
282 716
1064 558
1027 1622
1834 1034
264 384
1923 875
169 207
1685 766
1297 210
1966 1447
1470 1528
1249 1061
46 722
1171 884
1331 1792
1057 709
1723 1537
41 1748
1308 428
1627 1833
1084 245
1366 125
1602 1525
1739 789
1897 1101
1911 145
1989 536
1708 1900
1045 1943
714 762
1233 264
938 87
697 854
856 1966
826 280
493 1222
831 384
1895 40
873 1112
213 1881
825 50
662 135
1774 898
1700 573
1289 321
1517 147
1515 1946
1977 24
81 1211
1238 148
542 1181
243 1511
1563 1867
1656 1532
541 638
1528 234
884 407
9 1840
341 1109
1527 230
1044 339
924 1967
96 1389
1185 1679
1935 552
787 327
585 272
772 991
612 259
856 1228
1156 1414
119 977
1611 767
955 1934
689 534
48 864
1901 137
1076 205
1430 935
1020 188
730 1137
1084 1561
1922 363
714 285
182 108
1064 1745
560 962
1447 129
56 918
457 537
1537 787
279 1577
1332 109
1352 250
469 908
1411 300
55 270
165 72
320 376
195 1614
1936 375
1954 1354
125 1796
362 396
916 689
192 1847
1982 1448
639 364
22 430
1946 156
1730 152
759 1782
1997 1423
56 1821
1549 957
1585 280
758 791
651 395
416 316
981 262
278 1895
37 1544
390 1315
1033 1621
823 1209
981 36
1635 1471
1981 1794
536 671
183 362
48 588
1640 1555
572 1103
1614 283
237 92
277 906
34 1120
1246 1093
832 1695
573 1422
459 1745
633 461
264 560
732 536
1673 955
1274 723
86 127
1235 1687
294 614
689 113
824 1720
1783 1026
1388 1920
633 118
1753 1327
1827 1421
1810 810
1550 877
27 1325
682 1060
788 272
181 1829
1531 1403
1035 529
1957 1215
1314 1154
866 1408
1591 845
187 1842
1980 153
932 1090
1918 1931
1946 804
159 59
707 999
693 673
82 1991
1917 1809
284 1478
1612 1819
1309 1498
462 1927
1510 1407
163 847
540 260
56 274
1753 1505
1984 1440
1922 1428
1395 461
1521 199
482 916
1731 1476
644 1373
123 282
1121 1796
1804 1630
819 438
1766 279
1583 544
1160 1377
754 1182
453 411
1019 1224
1500 762
1011 1050
637 8
1184 1750
1054 481
882 591
746 256
1150 278
76 859
878 1109
366 1765
526 605
573 1869
972 960
804 890
650 1250
48 822
496 1593
1711 1067
1745 1351
1101 740
1518 38
1300 1840
216 1126
206 584
1319 1973
126 1215
912 1651
348 1207
510 932
1440 584
1077 101
1204 1599
90 723
996 1979
1757 1853
1005 1992
1566 1472
1743 136
667 629
418 15
689 1143
1221 1974
1355 1626
980 1332
1338 1560
309 720
1104 1446
245 1221
1652 559
1921 582
1066 1532
594 1643
1549 609
999 515
1200 291
1561 1942
859 907
478 151
516 1242
973 166
1534 1758
1944 1949
1214 288
961 155
1393 1489
1311 423
1243 1667
1784 1986
1564 45
219 338
96 642
1436 715
53 850
52 752
271 903
116 59
816 1720
1405 1425
1097 1990
1714 923
893 623
1193 437
1395 1375
1878 1195
482 1413
1194 1369
507 823
1933 783
1107 2000
608 433
1372 741
730 625
7 1505
342 723
826 657
942 1648
899 1560
1317 297
1167 1581
757 943
731 918
1830 474
1661 1862
458 508
685 1112
627 498
1457 1864
541 915
73 767
618 959
1002 1979
1435 1225
1745 543
1517 1583
1614 664
1771 1441
1003 1312
1959 272
1412 749
107 23
1246 1596
306 1569
851 955
1523 77
1950 542
1711 850
1566 696
1853 982
979 1860
684 1641
1716 44
1390 153
1813 1653
754 232
833 627
933 384
1370 776
563 1996
284 429
1124 453
1300 1905
1040 1948
1574 177
431 1760
1450 1822
1868 1333
281 496
794 116
708 1215
1915 719
1996 1816
291 1640
1315 1805
1068 111
466 548
588 1721
478 1574
197 757
1444 1710
1630 1789
507 551
413 1946
1187 795
494 371
1925 1174
814 1239
838 1080
432 715
1048 1673
596 666
780 205
1867 1394
1301 412
309 228
1194 1381
931 1775
777 281
822 839
1641 1707
810 1759
200 1447
1395 1446
1440 4
740 1087
1616 1128
14 671
1708 998
614 793
1238 1677
1074 1540
1298 643
590 706
1963 744
583 767
559 420
1777 1133
626 1495
1816 206
1524 150
1769 281
1144 1259
560 1636
1577 844
858 406
1150 488
1620 295
181 721
1193 381
1629 789
891 844
37 250
1547 1415
148 1611
1082 256
714 1196
745 1189
1696 579
1221 1629
1913 1776
1589 1742
173 150
1460 397
2000 1633
634 1382
1405 263
1218 195
646 1580
844 378
933 483
1386 18
1787 1399
1322 123
148 269
314 114
1903 1728
1762 1703
350 114
880 572
344 1735
1390 854
408 174
142 282
483 531
1071 1566
1223 558
147 1254
568 7
1826 244
1780 848
580 1073
1873 1275
1445 1944
304 1212
25 94
502 546
855 680
998 1505
453 1287
370 496
1833 90
22 1283
1729 344
1602 366
225 872
1367 1861
1324 1690
1853 1475
1664 85
117 1407
721 1462
313 56
1772 935
680 1021
764 1184
1815 926
264 451
1533 1759
612 1696
528 725
1271 654
1183 1788
749 1600
713 1969
1138 1936
592 153
1977 592
131 52
109 581
930 463
1029 1675
963 139
1952 845
1500 732
1015 1109
1514 1729
1251 839
608 1828
1287 1741
199 131
1198 865
544 1136
1858 10
626 895
1867 200
1542 1435
1627 8
664 574
1454 829
1076 886
1349 329
1490 504
1240 1428
917 39
580 274
965 100
1907 1706
1440 1672
1308 416
1060 1680
279 658
1348 1952
1901 1021
1265 331
774 963
947 785
1222 841
1497 1745
532 1151
1021 561
790 351
450 911
829 86
1183 681
1994 1186
910 1400
1479 467
1976 149
563 1720
1174 1451
1548 1175
409 819
96 1608
1277 1788
1572 1188
99 1838
1450 690
1906 1460
704 36
1936 992
989 588
1721 1709
983 674
1738 1506
370 310
700 1263
1450 701
268 1448
1583 1781
1532 1164
618 556
1568 561
91 887
1475 1617
1913 1769
837 445
591 1932
1588 258
383 1042
1408 1991
868 998
1102 657
1614 406
1847 1833
1290 1434
1641 1753
717 942
369 1351
1533 307
1830 190
1064 1461
388 1925
1590 97
1166 759
1574 1939
103 902
1969 960
788 1718
565 524
95 804
744 1678
1248 1417
1164 536
1624 1402
1735 554
321 123
694 1521
1128 144
715 337
507 1598
1398 295
98 1335
1807 1350
1335 1162
308 1176
1491 591
1932 1991
699 414
592 1178
1002 1571
271 272
1033 898
1171 1692
1410 1375
1727 486
1370 1722
421 458
278 491
557 93
1287 534
146 1544
1834 980
1804 94
1382 853
175 770
1524 1415
104 968
960 136
175 454
741 402
1248 677
1325 463
739 1580
985 315
1625 485
1074 678
1296 923
1019 1872
224 332
808 1071
1349 1447
870 975
73 1975
1164 1092
421 918
742 63
1818 98
423 1309
39 1286
542 1316
424 90
1570 1730
835 1729
271 1240
1568 1481
1103 650
1661 1552
426 1214
735 1362
650 1698
1463 326
1391 1811
86 51
840 1471
1093 675
1231 574
1883 1741
1632 646
773 269
614 1827
790 378
752 387
357 985
1154 797
1615 1275
732 1780
1886 735
1817 1946
242 1556
189 302
677 237
1090 873
1270 1974
1022 1964
1092 723
458 2
1488 744
687 1793
873 1558
1914 351
1932 1691
683 496
1650 1490
1223 677
489 436
1038 169
1488 848
483 535
810 1818
617 1859
67 918
492 1536
151 304
895 79
413 1273
1258 328
1762 1669
1990 1450
1249 1578
1968 1461
1075 1232
1907 1823
1263 1085
143 1710
1629 972
1613 264
388 900
670 1917
220 1350
1867 1818
495 1280
1732 880
1907 1822
204 1814
1660 915
1985 302
1280 1333
1253 1375
1906 826
1490 1948
1811 1273
668 877
566 1439
1123 537
753 1148
1650 1100
935 1776
1743 1515
1351 1905
1965 1055
778 1432
108 1238
2 1647
1969 1862
1410 161
1772 1703
1743 520
1221 820
1299 1190
924 1347
1530 482
34 1475
1549 625
420 1840
194 1478
639 1552
1283 1
1886 967
786 1752
1171 1432
1529 1644
71 623
27 611
1895 1876
1259 22
1142 443
963 519
1320 663
218 822
26 958
393 1797
207 409
791 1614
1634 573
330 948
1053 1144
464 1181
789 1009
1710 394
1633 1804
815 22
1212 1804
1739 1067
818 197
549 1241
768 37
221 1626
798 939
1907 286
1163 642
985 9
1680 430
938 1693
1379 864
336 783
1413 1488
28 1096
1558 182
913 1006
1347 1269
649 500
931 1110
1461 1238
168 250
1187 584
534 139
649 844
794 721
27 867
1930 969
454 935
131 28
1923 1558
364 2000
425 1877
1001 334
1149 1412
1912 138
1816 975
106 287
1911 1368
1370 1367
1992 1796
1199 804
753 1167
380 540
1252 1156
1376 635
470 1916
852 386
1638 810
623 1785
1507 433
1719 522
725 1181
660 1880
1596 1344
1912 291
955 255
1385 1294
820 587
678 1637
1559 9
349 1193
1418 35
777 1568
608 357
1671 1221
548 1200
1345 747
857 812
1264 876
1874 320
1115 1876
1052 1871
1710 630
26 1401
1052 1915
205 957
1516 365
1686 1496
729 6
386 1054
1883 950
215 924
101 322
602 1080
1485 1991
435 1282
1228 1637
1294 752
1932 517
879 201
1729 369
1894 878
295 828
271 1631
1849 449
461 1107
1948 1417
540 1444
621 491
574 808
880 635
1258 91
657 814
1479 802
75 175
188 1211
522 468
1671 1952
76 1087
954 840
1882 513
1964 820
1525 1549
1775 968
1771 1717
805 1673
1057 176
290 1170
814 694
1240 671
1317 242
158 614
139 1510
1412 1232
118 280
1327 719
1434 1949
1363 854
503 1556
543 455
547 441
797 1890
1435 705
1219 1046
537 9
1790 917
1992 1132
594 1897
510 525
1080 1974
91 228
1674 87
986 411
1444 365
958 60
495 944
113 1642
905 1087
850 57
295 333
245 1571
492 494
68 1056
442 580
282 1939
1143 1120
871 1743
1343 133
288 1717
1099 720
1879 129
1869 1226
1122 418
828 938
1298 10
1235 361
663 1889
28 529
1671 1648
278 879
1331 1752
1419 1358
1698 511
1789 264
455 1472
879 1201
1929 685
1318 1941
1107 1412
1873 113
369 901
256 1560
392 1545
1882 1091
1291 350
1651 1054
1110 190
1470 1178
1087 619
1729 1069
1083 1490
1232 745
859 960
554 302
682 1261
953 1971
1324 1092
471 859
721 1282
1396 1580
360 1665
1768 1992
383 511
1465 153
1410 16
409 1094
1023 1733
553 614
476 1483
1337 736
712 1655
1581 755
1005 1143
1512 801
1385 702
1078 1872
1532 879
1736 591
728 1729
1647 304
1354 1286
964 1259
1906 847
601 1897
1407 937
1201 1336
286 352
42 109
383 98
1816 185
1171 1847
1073 72
1605 1117
575 1601
1863 792
1879 1098
1823 4
1576 911
568 317
1990 1119
656 904
1404 787
576 1832
1219 1314
692 1434
522 1186
1997 1591
1343 1217
611 1631
762 961
646 1862
345 96
360 1704
1531 1334
1044 33
87 10
1786 1501
253 174
1237 937
1020 1659
465 500
1690 215
1169 932
232 595
1408 348
451 156
1072 1355
106 1421
1502 1313
1722 1386
123 1493
1307 1692
67 148
1934 313
1560 743
1341 1906
67 1252
579 662
132 1269
1157 622
742 1427
839 418
188 685
474 1056
20 699
594 1089
1822 1570
1841 367
1495 1461
1229 678
731 1230
1355 1909
378 354
521 1789
233 1585
1595 115
1542 1484
1161 1574
765 726
1198 1280
1971 1876
884 1706
1275 1075
129 1730
1313 1973
1987 1507
1277 1117
1180 1104
386 872
1352 1853
1162 385
293 931
132 1165
380 1479
64 1408
1156 1490
233 1238
1713 748
386 791
1102 248
1193 768
948 1820
1612 1463
1624 947
1104 910
1294 1470
1823 1297
163 9
1581 469
498 1830
149 533
715 458
1955 568
1873 417
871 487
680 992
650 1967
1157 1323
1089 713
1740 1767
1092 1015
480 451
613 231
1946 1085
1474 1996
1981 1987
905 768
1656 130
912 423
1881 1232
845 1654
1752 381
1474 953
344 646
1801 1581
1730 1861
486 905
879 818
2 275
1889 1671
1802 1477
220 1757
691 416
648 1741
669 616
597 1434
658 342
311 1990
1614 538
1121 1835
1072 1391
573 1318
657 1921
1923 732
767 107
1953 1254
126 66
1808 1950
802 73
72 225
1593 1031
1869 1431
1316 1603
766 1796
1565 353
319 911
649 993
579 1595
1582 246
1056 623
600 1511
846 871
1232 699
590 624
766 326
1479 6
284 1670
112 648
1485 1612
1237 1167
698 1342
1086 43
1698 656
854 1357
52 269
1707 77
338 25
320 513
817 1358
1483 1392
404 1614
1118 183
1581 702
1818 1627
1834 1678
1762 378
628 1703
1645 254
1962 1286
1498 101
329 760
914 952
576 1369
882 1916
1869 112
1526 1515
448 918
1800 153
893 268
943 1345
20 1879
1532 401
698 888
334 1524
874 197
308 1137
272 163
163 1884
210 870
1176 1978
1961 1050
664 418
86 76
1015 1244
47 414
1532 1053
1589 1328
488 335
94 639
152 1664
1808 500
1641 1876
975 741
721 1766
218 1064
995 588
989 624
661 1011
1447 1028
527 1501
995 1433
1458 1059
1833 1453
1917 1873
970 1667
1424 1802
703 816
1949 1586
783 1250
921 1072
454 1370
1368 400
1222 1426
787 819
1363 1170
384 694
944 1155
1188 1664
12 1302
1245 1471
1368 631
1167 739
505 265
828 630
103 1287
293 922
952 98
840 1852
957 334
228 666
1982 1895
1804 1134
1144 614
1182 1742
356 1121
1686 1266
435 407
757 339
572 1836
652 315
844 1687
1249 1479
1490 102
1656 233
7 1459
799 382
42 1724
1298 1438
842 1129
83 920
256 1148
1002 1883
1359 1460
228 286
256 896
1359 226
460 888
437 948
1565 1349
87 1579
234 37
1618 1661
54 90
89 748
1506 1825
1008 129
830 203
1108 1486
462 1418
1329 300
1714 1102
92 466
23 1712
546 323
13 199
1979 1968
819 1888
150 874
1117 817
357 1770
63 783
951 242
1561 310
1232 613
403 547
407 403
90 250
1254 1873
1191 1025
977 266
970 843
221 1079
307 356
1681 1340
57 1187
1253 1262
1187 1759
1385 1533
1255 1335
1922 464
1061 1366
233 1097
289 570
1432 1444
112 649
75 1781
830 478
198 92
1266 113
1450 1442
767 42
1297 1078
1503 326
414 1768
1732 698
847 1353
1454 982
1083 429
945 1255
1950 155
1301 1142
859 1711
1082 367
1233 348
682 1165
255 1788
228 897
804 835
1701 738
614 1516
1464 1666
1641 281
1834 1841
612 157
607 978
230 1271
1738 1146
1704 727
87 395
1499 1246
1769 1797
1625 754
1980 1898
170 103
504 1801
1884 576
1757 175
994 1828
1547 1180
945 104
1822 1787
183 359
442 1392
456 554
1970 523
341 1098
158 849
1021 808
493 311
1986 720
505 115
1417 374
1411 1767
1660 1964
609 706
1139 860
1379 1794
577 694
297 453
685 522
1768 1908
1806 1232
1394 326
651 1209
1277 287
951 1565
1572 1038
1827 747
261 143
394 1291
984 612
883 428
1797 1300
358 1109
1657 449
758 121
216 1549
678 1991
46 1221
1659 793
1300 607
1667 1432
1542 1366
1481 613
1340 1386
1081 336
121 192
1885 1691
1156 1006
1320 219
1861 1544
92 1188
1748 426
774 361
1401 54
1467 1597
670 1986
143 1410
62 1604
1383 929
1372 1538
1074 1732
493 1177
1543 1747
757 958
310 1703
61 1279
1079 246
869 729
1436 94
338 1926
971 1330
1659 1475
1769 1894
1934 1635
1799 1007
1838 520
1767 38
1647 859
106 630
26 1911
108 429
930 1346
840 625
1151 1048
1998 1196
1893 1340
153 712
1963 1183
1139 1851
563 68
752 1223
769 571
1171 938
220 1483
915 1447
963 722
805 894
1678 1057
435 957
524 144
327 1856
327 50
1222 1023
696 551
1605 1809
953 370
250 246
665 1615
1238 162
1145 1511
84 708
417 419
627 510
746 437
1568 1630
949 330
1943 323
401 1760
603 1034
522 1131
1497 1835
966 1832
347 916
932 62
372 1979
1115 1385
1090 1958
843 1511
965 304
545 1671
1232 797
1395 109
255 1511
1880 1371
1160 1883
204 1007
667 1011
612 12
1191 531
994 248
770 368
117 424
344 1221
1035 562
32 1948
716 297
411 1452
127 1314
1778 252
486 383
233 1149
1389 294
257 529
1864 1432
1637 45
362 1882
909 1796
1675 1295
1941 1561
757 49
608 1404
1589 21
1296 1991
1726 1054
910 558
906 775
375 1002
850 1922
674 446
1475 1286
1699 464
1065 1879
579 1223
373 1377
85 1563
850 1020
709 1500
1626 131
1323 698
836 143
1758 1846
1094 1335
634 378
415 1329
106 1399
489 109
1462 1709
1926 30
79 813
1140 1500
158 754
1546 1081
746 1158
560 1244
1187 181
1362 1090
1048 1385
843 356
1542 597
408 1873
1281 61
347 1359
823 1954
402 1
1421 1358
1479 682
1966 1141
23 274
1456 1578
1137 688
1620 1928
962 1928
496 1095
1544 668
315 1117
1759 1987
758 1887
150 1687
1971 615
1989 1116
496 1832
1565 1237
560 250
691 1159
1605 1282
1141 791
406 715
357 1532
1904 1775
1517 1336
1741 1706
16 1713
1011 625
551 1146
1359 1421
78 290
1880 1486
854 521
1906 1098
1922 59
246 1094
147 1991
536 1248
755 1842
289 1067
273 996
271 899
1765 1378
312 1203
609 123
927 733
339 533
1800 296
777 937
1703 1244
1666 1450
139 833
1104 97
106 623
1714 1443
220 888
1379 227
1721 1686
1861 1352
794 128
481 1177
592 1219
1545 1708
292 145
352 427
996 6
528 1998
1467 299
522 439
146 1483
1101 1497
1381 1496
180 732
709 914
409 357
46 536
1288 1500
1385 748
1494 387
793 170
331 1414
1869 348
584 278
1378 401
662 91
382 459
1546 1589
1235 335
1155 578
453 1956
284 1367
63 861
569 1657
1479 1195
1514 1053
1 831
590 145
419 403
1403 1718
796 599
514 603
993 1573
1345 279
1625 182
1537 696
925 1580
1541 76
1170 423
1549 826
1948 1347
1229 1596
841 1829
1678 947
1470 1769
208 311
1981 1507
947 1319
897 1368
1061 470
1728 1868
1625 648
1436 510
1089 1387
14 829
489 134
560 1751
1949 705
1783 1021
827 1157
968 1746
1393 1023
203 1344
1687 183
538 1802
1926 508
1931 1157
971 541
484 1244
1299 1380
1882 1902
1541 1214
863 214
476 1087
186 144
965 749
1634 56
1482 514
248 617
841 969
1673 1788
1416 841
511 271
994 215
493 504
97 1986
1104 160
773 453
487 140
1344 468
215 292
610 483
701 1405
1037 669
1431 98
535 1508
1908 1456
740 1978
974 1788
1716 375
1029 883
795 382
1136 1595
1196 979
1588 1416
1703 1903
1680 372
877 1465
696 1469
1916 1729
1282 1607
1586 1907
1307 1017
1797 380
956 289
1306 1833
1776 527
1443 1678
1615 1146
1109 457
1527 809
1887 341
1394 217
1667 1159
831 526
1022 546
1472 1634
1656 661
240 1827
181 577
1000 861
1113 1265
1131 1042
1125 1182
1221 574
1454 112
1090 1843
1995 1072
878 1410
1061 1518
1744 1886
426 1254
454 248
1541 658
1066 818
1213 1443
449 956
41 884
518 949
1185 1424
1524 1691
138 1263
34 1918
1770 111
1742 689
1129 102
931 608
483 209
544 1356
236 419
1383 351
1111 664
72 810
1766 1781
41 779
1043 714
1728 650
1005 1339
1497 782
707 1069
1802 807
1516 1730
350 1286
411 739
1459 1844
766 1537
287 1776
1388 1436
1401 310
749 416
1327 153
151 1946
1548 527
1536 244
1643 1044
229 1191
266 373
798 1595
724 213
1900 880
1052 541
872 580
1366 630
720 1227
1008 1595
298 1871
1159 722
990 1201
1333 139
1344 34
1280 1032
1740 268
983 583
867 1123
1887 621
27 1369
1956 248
1901 1329
1300 82
1830 1032
1256 195
1033 870
1770 697
58 290
1654 1301
1195 842
1592 87
655 960
953 88
1772 838
489 501
685 263
1494 949
1353 1245
371 1359
1653 1145
922 1620
614 780
459 1194
1267 413
1366 504
391 1512
1 66 5 96 5 12 8 32 347 6 1 223 1 6 1 63 16 99 1 104 42 31 27 6 8 262 11 9 1 3 21 148 297 287 1 2 2 1 17 19 15 1 12 101 11 15 75 229 128 10 4 56 525 70 199 1 170 97 8 7 10 50 35 4 1 440 68 18 1 33 74 53 108 1 9 20 4 136 5 127 12 6 2 21 63 3 20 32 126 47 20 16 209 158 127 7 6 49 1 21 18 117 31 6 232 96 17 123 16 10 8 9 12 31 36 1 1 16 1 1 71 11 92 1 146 288 24 3 61 6 3 26 1 1 5 2 77 7 3 1 1 197 2 9 32 3 120 162 13 1 9 3 29 4 2 55 60 15 2 32 3 99 212 25 61 35 2 92 72 58 1 1 2 3 2 18 10 1 4 199 137 84 12 2 33 1 2 27 1 95 1 1 5 2 84 1 273 37 2 20 374 1 2 5 31 229 71 8 2 1 12 2 5 2 135 20 66 114 70 9 99 6 38 14 12 291 14 15 23 13 1 3 19 32 5 1 29 130 1 109 1 11 17 2 31 20 4 9 72 90 2 42 4 14 41 57 179 1 33 1 1 1 8 15 12 22 1 3 95 163 168 322 4 8 69 6 1 75 4 1 2 8 382 48 5 17 36 11 2 1 506 166 127 2 45 53 6 111 4 4 41 100 1 23 1 2 231 1 17 15 2 65 2 12 38 299 1 16 147 4 27 2 2 1 46 250 9 6 11 32 20 4 2 18 3 1 3 1 203 15 1 2 1 1 8 12 34 2 42 33 2 21 1 1 1 70 188 55 92 94 1 1 136 128 87 98 2 3 13 31 4 53 18 8 88 2 155 317 2 288 181 5 18 225 135 3 32 9 3 18 12 1 25 33 45 3 15 200 10 3 314 41 1 296 15 95 4 7 70 1 4 13 3 135 1 6 1 15 4 258 76 98 4 2 1 110 41 165 2 16 408 44 385 225 1 1 47 7 3 1 1 8 2 3 1 6 1 3 209 156 413 2 3 41 55 31 126 18 1 391 12 21 65 49 81 4 194 6 187 11 10 57 1 261 1 1 1 7 2 375 11 26 10 72 1 20 102 4 53 167 99 2 1 1 71 255 1 280 15 54 10 7 4 456 31 1 24 10 28 317 19 4 5 62 3 15 4 101 7 29 173 27 1 172 334 5 7 1 13 1 2 2 12 4 42 23 119 453 48 2 383 125 4 2 387 6 12 2 1 16 15 23 2 32 95 234 215 8 1 112 3 4 30 320 2 1 1 2 172 3 30 37 134 52 59 4 24 276 1 6 1 19 30 222 345 86 2 75 1 2 4 13 10 5 10 7 27 1 3 12 1 1 100 1 3 2 139 148 15 1 7 265 62 52 373 82 2 232 1 1 163 25 60 22 22 1 282 2 34 138 7 1 13 1 41 4 19 195 10 2 1 1 3 36 15 21 3 14 6 10 78 48 2 4 2 56 4 10 15 1 243 3 12 66 3 1 33 2 81 13 5 1 1 2 49 1 12 4 1 75 1 227 19 1 16 1 13 1 5 1 2 65 2 30 1 1 252 41 67 1 48 98 413 1 74 377 3 1 23 1 22 2 17 1 65 34 6 1 55 38 28 4 9 4 2 2 311 12 6 93 69 176 2 1 67 3 37 1 157 1 5 67 47 29 46 6 15 100 55 2 2 28 4 1 1 1 120 26 1 20 1 3 2 9 1 2 19 9 18 1 1 7 31 32 1 1 1 143 13 202 9 45 3 228 1 125 15 2 3 3 17 1 29 71 2 2 3 6 1 1 1 35 1 184 1 107 137 361 15 3 2 1 2 35 5 546 8 141 1 1 1 5 207 117 66 15 53 13 10 1 7 9 4 2 9 10 5 161 4 57 1 333 1 2 2 10 1 5 2 502 12 4 1 106 1 4 37 33 8 48 25 1 1 127 1 8 64 362 4 2 42 2 147 12 10 1 180 41 262 35 1 32 33 41 1 1 2 538 94 202 3 88 68 2 2 58 2 88 39 11 14 1 169 1 171 3 2 361 43 1 127 1 164 63 8 25 8 27 3 1 332 248 1 218 8 21 1 1 3 64 93 15 11 139 27 2 2 12 7 1 2 3 154 23 4 1 3 30 73 20 144 51 390 26 10 13 50 195 16 26 1 1 30 2 2 17 16 1 4 2 5 2 36 96 8 65 2 84 103 9 263 3 1 1 210 71 1 1 19 3 1 83 1 27 76 5 1 15 2 1 94 32 92 2 208 26 3 21 1 1 3 51 81 6 38 2 5 1 14 1 66 2 4 6 1 3 61 1 6 85 42 1 7 4 1 42 3 211 61 3 1 19 2 210 22 1 1 7 1 2 2 39 325 8 11 59 17 40 174 82 370 1 2 4 19 288 1 25 4 1 119 22 74 2 46 9 8 6 18 12 30 6 1 10 1 7 4 1 2 172 41 14 46 40 256 4 3 18 52 16 2 19 52 59 1 2 58 1 6 94 143 21 1 1 313 1 2 2 14 14 97 4 53 2 519 1 3 346 16 418 50 2 5 1 3 1 5 15 32 1 3 3 7 61 20 1 1 5 1 41 1 30 1 35 17 18 1 9 7 42 1 1 2 298 2 2 108 331 16 204 11 1 1 16 2 2 2 1 1 6 35 11 492 52 54 1 45 1 2 144 13 1 12 7 204 3 7 2 2 45 280 1 122 8 27 152 1 1 123 2 9 35 1 4 2 1 4 156 15 1 8 18 10 11 6 18 7 10 6 7 4 43 3 39 2 88 10 5 36 41 3 13 17 17 3 4 2 1 300 9 1 31 325 91 3 94 52 1 1 4 366 15 6 23 19 14 26 23 23 16 130 1 11 360 73 2 119 1 1 41 2 41 9 1 25 1 8 70 4 65 189 36 1 17 2 3 48 2 4 4 170 224 267 1 1 1 3 7 501 13 1 287 2 17 1 44 7 117 21 36 1 185 13 15 185 17 35 258 16 4 160 99 20 2 123 416 1 10 159 8 1 6 120 132 20 82 97 329 8 23 1 107 11 37 11 4 1 262 45 1 1 291 199 1 11 45 49 6 1 87 12 4 2 6 287 5 5 26 19 5 11 3 1 1 475 1 1 369 1 4 4 12 1 204 13 3 75 1 1 2 85 5 32 1 46 1 4 7 1 62 5 46 59 377 3 109 11 156 121 1 177 135 1 433 1 25 108 535 1 41 2 55 216 64 73 66 1 1 13 76 2 446 2 184 101 110 7 1 1 414 33 55 72 37 1 10 1 17 3 284 27 2 1 133 106 4 2 3 2 14 6 1 35 1 203 1 2 1 193 1 6 63 27 193 152 13 2 32 2 44 3 1 21 36 13 3 44 41 1 279 1 1 8 158 2 1 282 31 1 10 11 2 7 8 5 64 23 32 5 1 53 87 1 2 16 19 14 8 1 27 27 280 600 114 27 7 82 5 1 1 3 21 7 1 3 289 4 5 1 98 36 1 1 1 312 1 3 452 490 38 9 21 56 1 14 280 1 2 3 268 76 2 2 5 1 15 1 314 21 34 186 1 3 27 2 54 22 111 257 2 1 21 41 1 5 121 4 25 185 285 7 2 1 51 6 14 42 9 11 238 180 214 64 378 2 223 263 6 1 150 1 59 7 1 4 49 6 2 1 4 43 1 13 5 69 149 5 8 7 315 15 149 6 2 8 1 9 97 1 15 3 2 5 7 1 459 171 1 32 20 2 1 1 7 95 25 15 1 107 1 23 78 5 23 1 19 112 13 293 80 1 2 23 1 1 18 8 64 1 161 10 2 56 3 1 2 1 54 50 325 28 2 185 1 1 58 21 5 6 320 29 1 165 4 4 89 4 5 165 31 57 88 309 89 26 1 1 112 7 4 13 3 7 1 34 151 28 19 5 23 176 6 27 1 3 4 2 138 18 1 170 95 1 1 25 84 13 165 51 1 2 41 1 23 121 39 166 3 3 189 3 149 19 3 2 35 1 24 74 63 6 2 70 1 215 4 44 95 6 3 16 26 22 4 2 289 24 1 2 52 407 241 1 7 3 46 2 336 3 4 41 1 1 1 23 9 3 10 215 51 2 77 13 1 2 1 74 15 22 208 3 133 57 5 45 1 1 103 1 52 11 58 10 4 2 76 2 82 128 9 33 4 124 1 34 8 2 12 3 204 155 17 6 80 2 2 45 25 17 1 1 1 31 5 1 282 99 1 13 11 7 50 21 2 11 39 28 41 35 1 2 1 4 34 6 1 9 1 1 31 63 76 10 5 3 68 1 2 1 1 12 411 40 47 14 27 7 1 6 312 2 452 196 1 8 2 13 31 27 1 3 18 9 3 22 2 6 457 19 1 1 7 3 169 1 30 1 70 291 5 1 3 1 38 16 4 4 3 17 1 1 2 33 12 1 2 54 5 5 2 357 1 259 10 126 250 4 6 11 7 139 5 1 155 10 3 281 1 93 188 151 80 31 2 69 11 3 7 1 112
