1099 2819
693 632
677 9
403 455
308 228
849 630
849 756
144 261
313 623
149 804
576 744
247 571
836 375
1057 833
588 126
406 931
985 517
307 42
122 453
92 798
295 580
1093 347
144 108
682 45
584 416
511 796
147 1018
933 370
1073 308
374 439
841 663
350 423
664 11
778 781
398 559
528 420
633 251
1050 745
200 283
1049 88
252 716
670 808
546 1033
233 612
513 65
1077 488
38 410
137 839
140 596
988 369
120 823
1054 867
286 274
374 919
790 86
78 452
348 583
577 693
102 844
873 659
147 1027
137 1044
270 601
925 957
222 782
187 606
986 344
842 365
1040 1096
767 1044
998 377
949 380
111 344
73 396
488 861
362 79
576 100
818 881
427 1014
336 127
933 793
1094 1013
309 777
669 289
877 42
343 244
227 724
132 741
671 340
1028 586
716 1082
225 1044
472 284
843 124
1020 1046
404 488
547 526
79 943
41 912
767 523
839 451
1034 204
913 520
336 458
430 1000
791 954
160 28
584 1094
492 335
60 388
948 774
767 886
612 16
181 555
824 44
378 193
332 709
570 777
880 840
216 981
766 754
1060 1088
47 675
468 1097
260 676
448 35
508 1029
56 941
213 914
107 1041
43 136
355 42
1055 810
884 687
1000 559
80 688
949 941
608 125
657 288
788 661
393 804
103 802
578 632
605 603
327 584
809 424
524 892
779 1004
17 977
351 68
788 342
1055 239
685 105
454 623
783 909
1094 86
854 964
963 108
983 1041
634 42
295 249
95 842
387 586
983 920
81 900
763 978
256 780
55 786
968 731
862 903
723 330
235 608
1023 999
138 550
94 950
96 930
481 467
405 1039
532 549
936 653
258 689
613 516
396 902
948 1089
687 790
396 678
719 501
881 636
430 648
48 364
238 831
217 516
720 161
1096 426
676 136
225 735
131 471
690 21
792 821
909 567
4 365
635 909
288 1053
1072 492
198 478
636 119
196 682
444 809
551 120
938 631
1088 406
908 261
248 767
283 871
585 824
1038 882
797 394
51 606
77 364
844 810
992 855
975 442
839 536
988 205
1088 1005
209 680
346 99
845 538
322 785
845 615
493 964
953 456
16 690
423 816
1 13
106 310
18 1080
532 513
881 890
820 426
641 118
117 956
626 749
574 508
1046 592
450 813
1037 766
1073 146
825 1001
699 1076
185 1086
1047 251
535 26
505 675
346 500
586 865
331 474
1057 869
302 508
1071 172
652 331
120 874
682 175
980 1008
157 333
421 238
391 365
286 107
213 23
71 27
861 123
539 826
299 69
2 34
640 925
717 272
357 389
825 541
887 524
136 874
867 646
697 514
936 8
252 833
284 147
616 553
218 270
371 503
274 884
685 735
319 622
461 444
703 312
1065 148
610 499
861 168
119 722
682 1042
254 249
222 1073
726 1040
676 439
108 1073
75 516
399 823
130 189
18 299
1099 790
677 711
1041 199
594 450
716 745
227 574
983 820
1042 1020
339 1046
129 179
834 915
690 809
336 10
367 453
37 69
460 262
88 708
973 401
526 396
1055 1023
176 536
491 76
859 1066
737 447
929 618
165 653
50 928
799 202
442 336
490 483
174 115
670 246
189 747
177 988
74 888
265 333
690 779
929 144
354 313
421 223
149 880
1031 117
929 626
740 92
7 339
506 691
354 877
689 113
444 185
582 1052
662 1018
874 499
985 741
128 364
769 120
68 433
860 493
126 180
206 1029
986 897
670 104
697 1024
990 248
1038 540
308 561
851 1079
478 623
941 86
35 903
982 687
1078 627
905 392
23 122
884 358
920 189
334 27
571 972
611 1033
655 221
508 306
137 548
998 17
189 780
190 492
1001 359
888 538
1069 167
888 782
442 415
1009 378
561 1057
361 686
416 97
303 327
906 429
413 717
872 113
331 375
85 997
632 809
785 973
1088 555
80 1024
971 1015
857 777
577 64
363 80
72 986
312 434
769 32
387 360
484 33
472 837
391 708
925 1084
546 76
121 555
355 297
188 324
814 683
184 762
242 908
442 235
532 190
903 643
848 462
284 4
258 210
205 201
908 707
534 381
249 636
971 178
512 907
717 667
584 983
1078 174
18 473
955 197
328 103
538 358
644 835
256 11
745 645
266 321
1074 674
382 202
460 594
32 82
492 547
807 360
112 881
1080 575
862 153
39 466
956 627
1059 170
756 2
296 627
1016 295
888 267
638 594
416 1058
715 264
222 915
458 1059
1097 841
718 348
591 517
923 492
431 986
508 726
675 591
189 544
4 34
29 958
464 1043
194 1012
101 717
349 93
103 839
967 857
439 776
185 1034
155 546
735 599
375 480
459 944
855 473
625 535
546 124
234 762
533 773
233 1037
756 129
247 729
162 838
720 681
419 89
523 969
589 545
618 103
1081 486
1019 972
509 298
162 519
66 690
138 377
250 170
369 5
932 173
72 718
376 154
109 524
442 410
827 7
741 917
527 1075
315 473
753 897
766 537
1071 235
665 578
285 312
641 279
274 422
552 20
553 181
849 1059
516 834
308 540
399 464
470 1009
1052 922
473 193
927 102
651 34
399 367
271 823
877 695
495 282
977 753
583 751
502 745
861 670
923 142
686 895
278 974
324 221
691 857
860 975
1099 720
1054 151
538 439
794 104
65 543
585 973
119 105
760 126
1087 453
862 328
258 243
548 528
571 292
717 188
116 392
916 24
788 1092
635 359
725 719
322 236
56 103
923 515
617 575
992 583
984 621
796 934
1002 220
518 1000
368 290
680 957
1013 126
338 929
471 606
691 765
1082 955
5 242
1014 470
310 492
917 342
702 55
219 417
960 546
660 257
172 554
776 600
725 403
956 79
181 64
686 37
294 311
110 508
742 403
313 218
380 1005
546 798
1037 177
487 266
863 589
1076 1067
720 641
1070 193
31 316
1044 894
268 271
128 809
321 581
818 480
296 501
117 146
324 672
149 412
202 64
1044 625
518 1011
90 389
773 1096
491 1020
395 408
1039 894
37 622
692 350
537 670
243 701
13 16
655 830
678 349
261 1033
963 739
423 526
726 912
401 968
887 251
717 668
58 236
784 1079
745 1046
815 1018
767 392
638 403
707 1066
369 660
733 894
843 910
692 811
777 744
621 642
15 372
316 372
1072 71
534 623
459 299
759 366
1071 503
528 82
1054 583
1017 233
838 739
757 225
85 130
704 422
46 552
18 522
91 645
257 388
818 218
162 699
1066 708
375 512
786 687
388 336
539 1013
238 519
972 561
181 941
314 331
368 664
165 765
3 287
131 748
257 1021
731 420
200 574
1049 217
276 805
727 567
623 371
1057 769
683 738
714 248
627 745
530 775
909 78
711 191
259 683
253 182
962 504
218 950
167 143
226 188
1084 600
1050 59
242 232
468 553
818 638
923 1094
81 551
332 737
903 348
303 351
1085 305
938 495
133 365
368 1060
943 841
735 848
872 850
1082 1020
884 447
323 566
276 958
1012 897
987 479
1055 44
1015 797
793 600
359 699
41 440
78 1053
1047 308
594 579
885 706
1078 400
215 68
304 165
648 751
371 916
819 147
166 1023
800 1054
861 258
307 767
129 403
983 1006
1021 1036
1015 568
1093 964
791 906
347 1073
756 48
478 114
884 171
142 375
97 953
303 944
312 1058
813 454
842 106
1053 349
764 516
510 582
605 546
389 61
958 1002
450 616
410 406
349 665
920 488
87 423
407 1078
955 784
5 103
796 1024
331 215
249 706
702 804
354 903
178 403
309 720
1026 803
485 263
671 407
109 358
351 598
194 798
179 769
412 303
387 2
363 729
40 167
478 813
673 497
328 357
41 714
910 1022
684 179
277 773
56 839
303 795
445 919
790 220
677 916
569 235
499 63
125 975
1022 242
161 119
513 238
552 230
145 1061
413 198
705 115
147 18
438 7
226 858
576 328
126 455
807 707
305 87
334 913
951 148
532 717
253 745
299 464
41 545
57 78
307 4
862 77
984 705
989 1050
1017 525
1041 870
200 211
4 817
753 936
59 1030
675 164
68 113
562 417
823 261
127 156
805 717
458 395
731 390
429 1096
482 1051
742 750
485 739
193 629
654 234
972 190
880 441
1032 84
333 1063
98 408
342 370
638 728
679 619
589 964
910 466
147 684
606 728
1044 187
8 57
742 560
1008 139
207 945
1073 602
329 78
515 535
500 236
145 251
252 822
204 836
343 150
18 496
281 22
550 103
199 229
1064 471
178 106
663 1021
559 677
270 846
1084 1095
463 438
742 206
1008 589
448 225
818 790
144 49
580 661
813 399
556 658
1099 356
610 658
935 873
735 499
531 280
141 480
103 987
107 292
943 775
579 1039
547 754
916 791
108 102
387 180
131 508
45 631
818 94
230 584
600 205
873 1062
96 91
1082 511
643 231
85 211
625 418
748 84
749 514
336 743
181 930
220 114
1012 184
70 436
1067 305
813 624
221 703
222 989
787 791
878 322
612 1053
312 778
171 899
771 130
66 273
585 481
165 863
703 534
129 406
669 646
96 825
210 506
178 1022
307 359
891 280
1009 417
37 145
328 970
276 1015
10 487
945 32
1012 759
729 270
649 942
531 176
415 235
803 133
771 322
650 401
66 777
889 77
645 345
134 189
720 899
447 918
265 420
1060 956
70 450
1078 830
118 115
670 429
781 65
470 823
483 329
825 490
397 859
828 558
715 1088
401 749
508 459
94 334
175 715
809 215
383 576
1085 142
423 766
787 384
604 839
484 643
1093 953
999 833
331 1075
719 969
1018 760
83 227
633 709
494 490
597 177
435 697
143 1017
150 422
118 35
663 360
947 842
190 411
117 544
111 428
465 816
1090 477
38 679
940 463
217 1080
994 151
1020 149
297 237
130 470
963 837
862 148
401 676
356 972
99 831
88 921
391 659
43 554
95 952
324 806
920 102
841 487
812 326
767 551
134 964
201 67
351 740
43 1072
1045 615
332 479
383 715
175 1033
717 1069
760 20
661 516
341 854
365 948
419 503
603 807
211 636
1047 702
878 135
76 39
508 713
602 4
446 979
712 196
449 406
857 450
363 1093
348 150
1066 848
385 661
879 538
329 1087
164 539
920 183
103 557
491 936
93 916
822 170
734 409
523 423
497 125
300 864
433 469
1016 802
645 722
563 38
748 1032
337 298
700 231
11 99
428 1052
387 881
279 192
440 498
666 590
115 434
575 951
269 531
172 652
811 131
136 222
44 172
301 978
38 998
1086 894
292 728
608 349
545 215
76 289
792 1016
324 549
927 583
164 78
138 1022
672 981
68 335
914 368
684 470
1011 666
1088 130
862 465
418 799
743 130
502 251
132 860
62 1063
778 774
249 957
25 1010
1020 1004
59 348
851 1039
164 1006
1079 195
401 72
767 732
31 995
554 234
507 85
890 1011
1023 97
451 1084
198 585
1001 427
839 280
478 577
670 712
915 395
470 529
247 115
800 965
964 34
212 263
538 601
930 702
973 326
668 759
190 228
964 951
1011 309
1086 99
1026 596
524 342
1013 536
83 528
817 11
49 289
682 624
606 539
946 893
52 610
812 581
781 314
311 283
88 608
566 685
406 652
182 752
758 152
121 964
52 746
193 715
731 971
1066 921
166 336
168 251
58 8
38 890
790 1058
113 568
441 832
1010 53
1090 641
609 525
1070 384
164 934
205 730
179 966
618 1022
593 898
849 322
635 471
31 191
118 483
657 606
706 930
372 80
757 846
850 196
14 708
310 496
416 388
568 371
843 1093
216 872
948 203
227 713
528 512
884 547
976 301
796 257
972 207
593 909
994 119
925 873
1049 968
142 225
760 376
765 410
745 888
921 821
165 1083
542 520
402 799
281 680
929 84
933 57
1002 987
95 806
154 785
650 1070
585 665
812 102
6 145
869 256
480 351
448 288
1040 824
794 745
342 390
1084 929
193 788
264 868
828 922
1097 677
363 1085
754 896
445 1016
777 559
631 484
1062 404
1030 147
951 1056
106 350
785 673
107 825
632 188
822 344
388 976
821 846
40 680
950 109
451 903
536 338
342 1025
438 165
703 271
996 364
824 293
267 211
505 718
734 1043
917 610
879 320
365 285
845 341
106 384
473 329
125 555
498 942
342 251
4 652
834 631
515 358
298 660
737 1001
976 679
327 880
401 1089
261 882
1098 857
634 476
690 929
1088 964
241 272
677 231
859 839
913 484
262 21
533 527
500 923
491 716
1064 335
1098 294
13 1068
564 145
127 940
860 695
383 536
543 410
179 924
427 920
57 1082
613 637
558 877
666 800
502 512
492 906
493 977
484 512
959 947
428 655
864 486
261 934
253 433
447 98
417 763
827 799
437 125
511 1012
32 390
486 625
991 935
929 610
1065 546
416 372
191 639
1071 604
1096 622
19 1026
384 362
747 409
889 907
809 416
125 1028
1073 253
168 177
227 392
1036 727
578 472
393 696
1083 837
472 696
500 1003
580 245
167 293
689 877
850 684
461 943
1012 1013
104 126
96 1032
22 824
353 107
190 825
106 903
786 133
521 746
502 689
899 116
813 156
53 871
546 858
1038 578
98 901
598 821
823 504
157 395
398 917
279 175
174 667
104 388
1053 364
836 1003
763 693
77 587
633 748
732 507
225 316
695 434
537 899
384 885
53 795
116 708
1075 912
305 938
588 1064
348 1098
105 852
667 393
44 1092
743 944
764 935
524 379
48 1073
562 246
120 633
127 299
469 530
530 63
1005 719
531 903
106 1040
95 645
1003 426
1001 421
311 10
796 932
1066 677
554 551
908 639
18 532
43 818
1027 76
273 187
282 386
927 746
1013 970
319 480
1070 403
96 908
337 847
781 873
983 480
461 529
664 793
956 763
1010 266
647 59
474 593
678 811
589 990
948 187
1049 457
308 406
726 562
117 346
523 929
186 84
329 746
482 639
452 565
968 179
431 782
406 86
699 884
49 323
159 193
911 202
892 172
965 120
284 272
139 611
543 1059
649 247
38 717
767 240
227 834
1035 450
423 875
606 1093
335 133
250 650
843 663
80 109
253 779
789 221
429 798
832 6
568 383
484 371
526 854
72 443
775 809
860 305
58 150
670 395
255 931
705 270
972 1026
637 212
881 637
653 435
843 353
440 476
148 923
242 659
223 461
803 317
600 257
385 43
302 500
931 576
507 692
1014 238
621 974
880 640
1081 899
776 342
146 3
72 98
524 11
685 919
1014 508
1010 1091
1025 928
601 1038
85 678
416 366
650 333
476 723
201 482
380 546
433 304
148 209
709 273
76 954
155 1022
969 1014
384 341
797 1092
355 261
705 320
773 606
73 1040
801 310
818 752
563 699
947 514
774 353
946 358
292 30
282 53
27 374
1065 322
802 395
187 955
910 498
1096 163
740 476
1029 220
1067 400
691 1005
1069 446
939 194
640 184
995 907
494 967
54 481
595 234
272 401
1007 323
931 332
148 691
163 597
100 110
306 670
881 903
354 941
564 204
950 555
575 1058
1009 285
874 116
913 363
583 600
294 785
182 163
527 335
205 1020
154 161
1059 301
355 971
83 282
320 530
259 319
792 783
635 165
182 797
874 435
418 71
551 697
998 946
473 683
192 504
656 891
480 166
492 830
648 780
11 324
165 961
252 200
1032 864
462 801
492 1041
932 905
476 312
18 276
698 919
293 300
1093 122
410 1051
659 23
981 767
1048 212
244 289
59 20
1035 158
539 363
145 339
7 432
314 724
461 889
746 169
1090 192
38 629
430 46
37 727
147 151
291 726
840 546
915 268
632 979
378 897
234 1076
290 47
1063 252
4 1056
944 364
923 860
285 607
1023 462
791 924
334 559
764 393
65 829
754 951
2 452
1062 234
1002 457
825 419
1070 89
1035 821
1013 311
233 767
731 305
605 667
817 843
989 306
477 371
1083 783
261 1042
772 585
795 700
660 319
879 432
713 138
706 932
263 856
269 654
990 731
610 75
944 201
123 152
736 777
1000 302
862 785
351 784
565 66
748 579
66 968
45 13
1093 689
874 992
1019 1023
936 704
835 1088
494 270
691 44
972 672
154 906
283 203
943 396
806 825
249 780
308 204
284 204
1027 192
622 558
1095 898
127 1093
77 2
225 894
419 1069
1056 1055
43 950
581 89
1062 876
881 866
991 738
488 23
723 587
827 809
819 58
943 294
529 39
548 471
174 214
938 909
1083 704
124 1077
1000 756
1038 268
1027 492
82 272
427 565
722 546
1003 106
1035 529
340 427
868 909
824 450
509 248
534 336
698 851
34 159
338 184
100 108
176 414
971 892
678 793
311 59
869 321
723 734
541 1002
872 199
836 739
391 16
720 197
650 244
1062 1038
151 571
271 308
554 149
261 660
472 752
222 1041
275 592
545 508
872 19
320 449
753 510
620 1092
959 206
524 940
868 904
838 250
612 194
297 58
539 550
884 401
324 548
365 1063
736 797
225 317
1000 676
1017 38
116 816
538 198
344 934
926 972
703 612
638 771
254 668
473 128
670 709
182 130
1033 1011
29 499
705 490
41 93
745 1027
209 1038
78 755
158 591
837 428
936 202
239 536
830 329
1075 1013
746 241
1023 184
47 36
471 395
416 1067
559 258
687 456
296 749
575 971
807 778
264 158
252 646
306 323
1029 826
702 70
856 85
980 763
869 659
883 1024
297 753
912 175
276 54
878 588
883 808
412 1095
934 222
1059 711
169 10
929 307
393 350
675 343
727 96
972 344
1037 541
613 1067
619 341
608 508
854 519
785 870
268 230
574 862
808 343
902 730
1043 198
836 29
762 954
914 476
260 1074
557 1090
179 839
518 911
414 749
385 810
2 246
951 732
918 147
187 217
907 197
904 445
1047 646
917 29
1073 455
1000 726
623 128
139 144
726 1077
1033 140
459 653
373 27
168 696
429 549
765 463
24 799
446 66
92 192
1019 378
394 711
1037 756
1051 955
103 926
849 796
808 62
492 312
629 956
521 994
49 44
1091 981
432 1050
777 335
91 1065
256 1040
754 889
337 38
911 730
948 1062
672 568
915 881
546 151
66 461
957 1041
875 23
254 805
756 622
1085 869
796 800
1031 646
889 295
889 230
372 836
60 412
902 528
891 355
236 426
384 53
273 941
71 169
557 991
851 1093
173 123
187 755
658 561
228 528
535 410
561 973
736 1031
844 212
957 798
552 910
691 417
235 547
436 647
269 172
907 997
162 566
252 596
1053 470
153 627
1005 120
872 596
1048 896
717 123
176 1071
334 58
502 923
858 531
266 384
317 18
652 12
462 961
465 859
296 661
15 1050
557 813
993 315
726 627
179 448
206 28
851 878
562 341
500 1027
651 768
169 971
855 149
839 762
988 662
286 282
587 18
820 196
397 1044
587 525
56 648
620 33
810 892
313 642
926 468
972 785
239 442
486 663
559 542
388 234
657 120
745 426
371 464
750 184
342 692
500 445
928 881
404 287
357 623
131 256
20 309
268 874
829 899
611 888
1025 554
253 610
978 811
145 529
578 642
626 236
904 267
42 1099
529 189
886 42
497 132
41 1
983 698
277 48
527 387
982 211
448 653
299 1020
681 72
285 673
280 443
409 330
1021 900
97 11
564 496
190 886
869 372
219 899
402 1077
569 863
30 457
269 666
1052 144
1007 801
396 1091
912 108
22 443
348 65
823 486
804 347
946 156
860 888
815 386
827 50
811 929
1025 944
770 979
224 955
710 413
379 555
519 397
367 681
668 585
742 488
666 229
9 153
56 331
408 434
910 441
390 861
135 583
174 143
985 685
885 868
210 78
293 138
916 1063
912 426
135 410
75 562
1001 914
775 345
269 876
650 258
795 612
752 144
23 517
660 400
988 994
342 957
358 1038
942 898
968 212
152 428
1087 56
464 950
339 748
508 486
675 1040
799 413
445 449
497 1057
515 786
170 309
106 383
631 1055
1093 447
697 746
234 721
717 14
264 322
1046 228
672 958
1017 1088
319 671
1061 743
815 963
644 794
964 517
603 556
810 447
172 594
532 646
721 1016
205 547
862 842
479 778
788 711
529 547
1067 222
370 522
1011 726
84 786
479 91
1066 774
1002 160
697 1047
90 671
720 864
1045 851
752 428
772 364
429 676
807 1069
1042 226
65 764
978 276
916 542
343 1032
143 106
221 220
575 636
893 1015
724 525
248 616
671 484
13 57
557 440
210 627
205 938
26 107
129 92
785 837
325 29
477 476
280 324
1051 992
655 178
786 397
658 245
430 650
69 252
779 375
1088 768
51 356
472 666
726 581
868 548
340 503
1044 174
438 99
259 1066
48 147
907 837
57 250
1035 382
882 143
275 377
980 647
570 107
251 354
225 687
113 303
117 4
618 312
163 36
444 560
368 939
958 481
1050 110
1000 759
657 899
1093 217
632 315
102 115
948 86
830 21
855 21
519 925
2 634
752 403
565 170
200 579
578 426
873 354
992 1005
863 1074
136 993
898 762
629 430
962 814
605 1041
325 712
548 677
25 960
685 528
428 258
84 500
349 190
109 27
110 321
545 710
974 716
710 98
733 297
928 478
911 70
78 256
1089 2
46 930
524 100
968 1047
907 131
255 704
549 774
46 710
1059 95
306 917
523 489
923 441
590 82
1057 173
934 720
49 174
25 914
767 196
1051 666
715 336
954 507
243 1022
982 673
1024 586
852 812
946 896
1036 967
748 993
84 943
61 797
938 22
732 429
997 699
37 741
282 247
754 845
763 176
904 824
636 712
488 905
798 805
271 976
973 457
884 665
535 304
923 935
719 284
294 439
321 799
652 710
52 758
384 801
266 470
126 998
750 1065
1024 993
853 247
465 309
864 160
265 96
674 239
945 744
757 86
1030 1001
154 224
486 1052
3 868
81 149
844 1063
250 908
364 664
932 754
69 771
995 297
767 477
197 739
361 293
943 16
341 144
282 873
560 145
458 505
44 655
823 126
1009 164
159 235
144 926
594 264
488 289
816 290
1093 996
1095 469
635 532
940 758
132 479
819 822
30 553
331 754
786 131
891 963
709 894
713 666
478 654
187 438
431 628
939 803
424 318
1005 357
904 105
776 117
584 291
715 129
793 436
411 38
365 828
268 161
153 621
1079 1007
379 644
236 584
355 370
182 643
555 47
294 270
790 800
173 454
679 977
279 446
814 756
955 650
67 965
706 547
791 151
1081 658
606 651
242 1057
564 603
786 590
811 776
639 256
313 301
252 929
998 725
41 216
45 767
935 983
637 216
535 1023
615 582
1002 764
142 427
55 290
677 799
727 15
416 243
181 691
595 195
659 801
768 705
1029 334
913 601
75 552
373 48
942 443
564 634
9 1018
502 408
152 705
850 782
119 715
881 316
34 197
527 83
36 583
716 240
272 713
958 1041
1047 219
698 573
903 514
400 551
896 1054
883 1007
858 497
1 206
476 643
916 516
802 171
113 1024
106 616
755 978
123 193
1028 626
333 135
549 450
82 1005
948 1043
545 911
140 877
679 360
595 332
311 715
397 562
962 620
853 472
624 986
990 158
73 733
335 237
765 690
99 736
529 298
1024 540
172 334
345 413
314 877
19 222
937 543
318 636
744 957
69 798
170 390
512 446
980 327
435 170
614 344
271 66
971 1077
605 1025
958 158
726 525
1056 1038
607 242
748 1031
797 566
861 305
210 761
535 687
518 197
790 149
838 218
492 763
842 722
629 275
127 57
911 339
1061 437
807 952
978 422
270 55
453 642
560 955
1080 881
451 810
900 924
340 421
46 83
937 695
333 614
1004 190
671 150
310 127
93 930
537 563
610 115
1066 213
425 814
952 599
11 333
277 829
656 227
294 1051
810 340
191 135
167 630
328 610
806 521
484 1091
262 24
98 744
45 1013
85 509
493 718
730 851
1004 514
416 238
5 836
399 925
758 142
413 984
801 424
975 171
348 816
77 987
742 22
724 354
578 973
84 511
256 1056
770 255
894 427
237 260
269 43
17 629
915 235
381 980
1062 291
483 433
375 896
866 31
235 821
1040 552
692 1026
810 726
373 889
954 162
402 347
348 483
365 19
766 404
995 649
154 771
676 104
1004 281
1012 587
884 1039
208 1019
510 500
574 488
427 915
538 65
726 234
1017 475
882 126
761 238
693 662
717 442
491 867
156 588
1022 654
13 847
942 439
83 492
800 9
260 85
157 188
1083 294
1011 217
882 812
1086 559
700 1013
800 627
854 785
31 610
605 77
519 83
1003 562
573 15
74 525
188 394
245 526
1071 96
1036 961
634 812
419 193
830 769
935 331
316 619
782 890
70 913
201 760
580 437
358 972
587 895
3 951
287 285
646 76
16 1035
935 791
125 654
798 260
513 987
414 333
876 941
444 480
276 371
1073 78
65 997
719 749
578 1044
734 74
208 935
783 1074
643 779
1085 790
801 878
178 1004
989 644
29 204
689 714
238 212
675 510
707 1085
800 185
161 227
696 894
296 621
1027 365
1046 505
984 725
771 913
970 521
892 76
587 1085
959 896
157 55
435 276
605 768
387 880
598 686
611 1037
54 691
762 738
974 317
410 149
498 39
333 1054
176 363
92 270
633 60
262 371
864 425
649 861
719 552
741 525
2 389
988 351
887 273
870 263
260 806
611 433
725 522
936 114
822 569
330 184
216 1044
792 134
555 473
845 1017
711 115
648 277
852 362
1044 929
834 11
151 406
876 872
775 677
233 717
990 425
918 622
39 687
758 1085
283 247
45 645
1014 245
627 359
202 305
18 363
146 866
746 68
750 174
924 914
26 1022
410 203
118 834
107 344
1081 218
714 24
476 115
531 264
309 174
460 725
471 529
380 758
206 981
1055 76
634 355
160 384
1077 336
925 292
677 53
288 555
1078 915
485 829
576 18
494 672
1024 916
255 507
55 586
37 209
576 557
522 170
483 1069
599 209
629 507
432 752
967 251
734 1079
570 479
457 512
572 107
1063 1000
940 781
577 856
999 23
115 332
889 324
694 900
180 667
596 217
369 363
1057 531
605 133
830 528
953 65
735 431
189 1052
898 853
1070 83
74 1079
811 79
6 93
812 335
912 349
125 854
586 587
189 194
361 931
989 475
533 749
101 390
352 126
509 827
382 644
908 630
607 1059
161 908
597 637
307 1001
460 1098
414 467
1083 392
894 80
408 241
989 617
1013 378
742 76
276 817
721 533
416 510
555 859
746 500
676 546
312 836
644 153
814 68
1041 882
568 301
137 761
76 587
516 1053
37 476
223 390
922 498
1090 456
80 922
443 555
991 643
1092 791
144 540
803 992 322 128 104 475 813 250 931 745 468 964 456 1017 751 867 804 941 319 85 436 332 932 994 1038 749 350 516 679 335 516 467 1080 647 966 703 522 912 438 244 843 411 570 787 316 674 717 685 15 226 109 792 245 280 775 363 919 1057 285 827 32 739 680 317 188 968 519 532 294 63 297 561 230 554 903 22 599 957 384 603 863 65 684 300 107 895 1093 765 1044 1055 232 18 710 1013 597 209 297 1082 551 358 794 179 692 328 300 528 466 75 13 823 593 417 1083 603 371 422 438 950 925 412 1011 679 590 437 726 220 422 971 598 142 198 1019 28 37 537 633 960 63 882 108 62 410 338 741 522 627 200 978 394 149 921 134 478 147 752 508 914 651 35 722 911 34 463 416 436 1082 949 300 266 560 948 176 923 456 627 343 923 623 262 627 786 1043 456 843 303 622 711 1056 245 879 345 813 1016 826 1044 800 251 276 237 452 494 635 14 358 640 189 812 861 11 104 794 282 1091 825 962 649 412 718 367 732 824 625 279 591 137 779 810 204 710 934 492 92 131 821 992 488 469 866 64 360 367 19 1064 241 307 948 1048 529 468 436 632 560 675 626 607 481 247 453 388 999 283 412 50 290 1054 909 850 698 504 933 184 374 22 145 503 765 876 985 996 816 1020 56 419 174 133 650 692 805 526 651 230 569 332 113 748 165 499 743 704 572 447 117 917 253 299 550 79 67 669 663 357 686 767 829 77 424 1034 970 867 503 231 812 747 516 378 774 702 785 158 1049 1067 762 966 1074 745 698 556 432 301 501 438 222 767 117 275 742 888 1052 1039 677 997 339 553 679 102 200 562 831 37 1065 614 942 106 142 614 1084 397 467 712 205 332 994 688 783 6 982 11 561 145 322 205 30 950 887 108 948 165 193 798 891 163 439 734 766 676 516 494 1039 693 842 122 673 1036 1088 361 145 684 229 467 1073 102 984 396 99 372 257 1054 540 27 391 102 428 202 326 202 1075 162 474 270 535 638 540 767 92 69 638 377 485 1078 42 638 1087 59 611 400 571 1038 980 406 953 264 492 994 748 703 697 656 391 497 774 344 756 564 651 418 420 712 786 262 749 425 747 62 697 501 525 808 94 591 448 1080 634 575 1069 493 1042 680 343 888 995 968 928 441 440 879 803 78 848 586 981 127 954 638 497 274 380 542 181 590 559 635 353 426 312 926 951 29 573 969 330 176 247 402 432 1077 858 11 780 205 326 279 1008 715 612 980 1067 1030 879 981 1027 266 1089 311 277 286 155 856 665 694 1034 51 704 1046 1038 645 500 748 967 738 608 421 74 1059 803 526 305 700 37 1053 1060 1065 316 537 747 400 798 96 271 796 895 1051 823 483 742 745 748 822 499 1014 510 70 10 146 373 739 994 847 30 932 246 1091 650 878 285 943 347 502 788 929 582 745 261 1006 411 925 164 733 396 1017 626 471 450 5 94 1022 647 629 744 610 217 870 589 564 456 239 1044 961 648 471 825 338 132 372 72 796 244 985 1022 1031 107 781 856 480 1022 769 407 395 524 569 857 130 1052 23 188 832 22 745 1010 777 280 275 256 265 554 537 626 669 300 133 466 955 875 396 779 857 60 256 383 252 291 21 154 851 442 110 774 156 812 110 765 115 29 708 1073 486 319 598 940 971 1074 938 80 226 855 725 510 856 111 110 175 502 583 881 684 306 238 492 51 475 645 590 1071 607 327 517 491 323 262 639 523 775 177 1038 239 56 1076 77 495 668 611 162 904 255 788 698 538 991 214 762 472 540 924 916 760 726 548 750 1048 1065 904 613 9 969 637 269 753 319 406 930 766 19 447 351 718 574 645 779 703 180 169 434 343 858 585 766 887 151 946 486 15 633 317 492 800 660 607 269 3 496 862 1056 292 250 667 151 16 342 160 505 36 734 358 939 289 394 28 234 713 390 640 114 357 1074 818 547 851 521 562 521 943 494 107 44 18 1077 1060 610 34 274 197 951 537 145 625 667 714 472 408 239 301 431 710 635 686 739 13 146 643 459 1018 814 54 1047 1035 880 231 291 769 981 1091 481 804 287 834 186 1055 502 447 477 995 718 1008 345 957 412 969 970 916 256 500 71 145 423 841 352 341 61 182 521 19 397 71 306 718 96 128 146 584 456 477 534 138 43 110 410 759 997 23 893 577 241 164 1063 335 453 103 561 748 159 235 1076 39 441 393 90 1048 326 217 769 51 956 298 169 1079 306 769 1064 349 602 189 867 416 149 673 759 88 974 254 192 914 539 404 681 986 680 1 363 729 1058 573 966 1069 453 973 587 462 110 1098 1018 328 23 161 504 510 539 198 237 254 664 21 102 577 63 126 788 986 422 506 414 804 1061 318 448 697 670 152 92 622 163 826 143 970 834 862 932 964 327 1071 737 78 1066 502 1039 387 306 368 896 228 757 405 786 826 986 713 111 182 912 553 1001 685 513 1089 986 748 781 1070 11 176 787 1058 593 572 599 310 311 824 376 1065 417 206 95 384 130 729 256 976 237 37 382 576 205 405 903 99 564 357 168 178 1094 873 279 547 871 897 27 506 646 729 852
