849 641
754 360
335 1838
68 435
965 933
349 61
69 1243
287 1703
1126 368
1494 1287
369 646
780 630
1161 1517
841 1844
1216 965
558 1831
386 977
860 474
810 1483
926 1630
127 616
581 1623
1855 23
428 1261
1009 1438
144 1107
79 248
1825 961
683 475
131 1331
397 981
65 870
327 1579
1157 311
1757 2
1351 770
1391 65
555 393
1640 1597
432 1504
161 95
1464 324
181 1170
154 948
709 1414
1088 58
520 1409
226 1564
1749 1314
927 1732
1776 107
1671 735
1058 1054
1678 1835
1469 734
1004 1684
1356 1507
694 847
1358 674
1178 760
833 1344
1814 1413
1531 250
359 840
1285 323
902 1679
1343 33
998 64
176 870
1026 1780
896 1004
1710 238
812 353
1786 1211
1022 724
1714 476
446 368
620 689
1089 1560
1472 393
746 389
121 1559
740 802
1311 1528
813 296
1679 1282
1270 1510
1015 723
1379 540
550 1270
1510 1783
345 629
257 306
127 1543
886 1280
237 714
348 658
1462 374
184 882
924 1732
110 1357
1484 1666
309 1039
1276 1273
1029 1425
726 1415
60 379
92 1072
795 1453
108 617
1258 801
1358 967
161 1748
250 267
1405 967
787 900
892 670
1263 1364
1033 81
843 1666
76 161
945 1802
1840 1375
566 258
431 21
1318 69
1695 1302
1755 161
1446 161
1377 158
737 1338
238 1378
1172 393
106 1094
901 1211
122 368
98 1262
1593 971
597 478
507 1412
1341 761
1808 1279
1105 666
1703 1214
912 478
326 685
355 74
1292 583
1730 811
631 1570
1092 589
987 1487
199 221
1155 745
928 844
267 1541
694 1385
462 1438
1272 1671
937 117
950 857
1652 993
23 339
104 1186
1753 119
310 112
1580 287
1250 1741
1300 568
1422 234
891 68
595 1454
675 993
274 342
381 887
339 565
645 970
1324 1461
1150 1184
626 1309
1118 1430
397 1035
1382 995
1596 83
273 979
492 598
1567 1790
1670 1622
1640 222
671 1499
868 1237
1211 401
1443 889
1513 1564
370 1613
1661 736
803 1618
539 1014
1565 1159
1657 1109
1055 993
187 503
1757 87
1284 1427
845 1743
1198 1569
576 1467
940 963
1118 1033
1682 272
972 1578
303 69
1043 117
1728 440
105 1355
1244 1223
522 608
268 620
943 827
1780 1144
75 837
714 220
1846 1388
908 1686
135 214
13 1235
1212 1602
1063 393
115 939
799 1211
88 347
1548 237
1398 164
1567 235
1564 1361
660 417
652 1830
1464 1850
210 1578
788 310
1662 846
778 1043
569 732
959 1290
468 1516
1580 1138
1123 1518
1504 1505
772 1028
290 802
1518 1191
1260 542
821 1300
64 1184
1016 1299
22 558
1470 520
487 164
442 387
1343 333
180 279
1670 1667
1812 947
698 567
88 908
862 1042
1159 825
179 1364
290 1294
675 1460
639 1842
1195 1335
1376 434
290 1726
1745 583
907 1580
1839 1352
1268 310
1084 742
653 1419
202 1389
1401 1829
1588 1126
1339 199
1476 691
770 376
1620 1309
1737 141
55 648
1107 1810
1816 1333
1073 286
1649 1638
448 1841
753 1653
1737 1787
270 1783
997 996
1576 916
310 534
1445 752
1603 1487
1415 1054
1104 852
1624 273
718 1113
380 1170
1828 363
1330 1664
1582 1823
228 146
1219 723
446 1336
499 1410
906 1493
459 1016
492 551
394 1630
501 1672
517 131
113 1652
570 1256
1183 130
671 246
234 1138
405 1524
1501 7
1694 700
570 1367
612 1092
158 127
578 569
908 1163
642 1522
1663 1109
744 530
759 1435
155 705
751 1308
438 1149
463 456
1018 1167
41 1403
714 993
375 290
584 571
1747 597
1453 731
356 1805
392 738
1322 1471
1723 185
311 972
38 224
800 880
1049 1241
1751 554
1820 794
421 1309
1661 1090
1376 1005
1757 1645
147 599
1310 97
633 1330
1323 561
211 1164
571 666
1079 1509
684 1700
347 544
132 748
386 213
508 1057
1557 476
1517 1557
371 903
1615 321
1527 923
1673 974
719 1737
971 246
1660 1591
51 298
1226 286
1146 1056
1727 667
1056 961
1634 1533
1708 1810
1789 1672
1277 875
1441 279
1522 282
329 987
483 1645
562 23
951 427
1115 1113
447 1280
715 1032
1304 1443
17 1489
552 1140
872 560
1304 1726
1092 130
581 497
771 396
1813 396
1463 1114
996 1192
1621 1570
1726 1686
569 1404
1229 363
1519 934
892 1603
77 1854
1625 148
572 1159
1547 1059
725 850
75 1161
295 622
333 233
1301 1004
1723 825
584 1056
1345 1053
370 89
874 285
1234 1384
1239 1658
1315 253
545 1639
1359 263
328 514
1760 1490
348 1052
1391 556
1452 1792
1546 497
1348 1478
1685 1517
282 12
1008 702
331 577
237 326
1274 399
1028 304
486 316
340 1039
585 718
460 1460
464 282
99 465
140 1787
929 651
1290 647
1843 1404
1185 171
1432 1325
298 637
1803 1474
842 1069
1609 1598
966 1128
1443 408
495 1563
935 1038
1126 840
87 9
867 141
1001 1086
905 1042
1319 422
14 401
1658 160
260 527
965 1555
871 1565
159 549
775 1488
367 1799
794 1698
1719 1076
995 717
544 1105
429 409
1504 706
1769 308
675 307
19 1633
1316 1448
1421 1592
1664 265
1560 1487
196 495
1688 270
291 151
1378 717
553 1613
26 663
276 1046
1051 1014
1530 1579
1671 1562
1027 241
1141 1532
471 1483
776 513
1390 603
548 1088
1477 675
1031 606
830 105
175 1581
554 1737
1818 734
1515 865
1125 434
819 13
184 719
1808 1260
479 1467
1360 605
176 748
370 306
12 405
271 317
1115 634
204 1501
478 363
985 1733
1770 643
280 1324
668 400
1784 1532
28 1170
1474 1276
685 235
568 1278
1584 1055
543 1640
1328 996
1684 283
66 141
1235 1737
1691 1482
40 282
977 614
1624 1023
1144 444
280 1280
1781 186
417 251
1455 300
1642 203
419 453
316 1438
239 1543
884 957
997 1378
1647 281
1650 1135
477 967
194 1170
130 1232
1476 1466
1127 476
529 848
197 276
943 754
1500 599
1579 1853
756 1841
1751 1012
902 1399
1261 1033
832 1200
1845 1805
1103 10
57 1737
981 1211
1778 1598
344 1266
1375 1232
1232 1621
189 1462
148 1582
157 1618
1267 783
1466 1172
119 1817
943 1438
710 709
639 911
1588 127
288 212
1244 727
1800 1232
465 1313
1107 1156
836 1197
1621 970
95 196
1687 281
336 1113
276 85
1263 479
1718 1560
768 1031
1387 1264
682 220
1551 251
4 852
439 1026
474 223
1733 1469
1276 1844
1001 1006
1604 672
675 1522
1159 1834
1121 248
1388 702
1394 850
132 497
1376 621
1499 1636
298 1263
220 14
921 370
342 641
1414 1779
167 305
814 975
1712 257
1372 823
331 1148
128 1035
1628 1197
415 1287
44 147
992 1200
853 1543
138 442
1633 1031
1450 667
726 1427
1778 1631
678 1712
393 285
624 766
1081 739
1670 1171
663 416
10 1449
1750 980
955 1559
220 95
877 1258
1706 1559
862 227
1361 1051
839 1654
687 857
21 1015
1806 991
797 55
449 1730
894 80
1444 626
1015 1401
383 922
1646 450
835 135
1793 582
656 960
67 1467
1332 1016
1721 1573
1055 874
229 1503
638 997
729 1176
36 933
1690 1213
1249 196
984 1125
882 1041
1692 1451
1156 252
70 200
875 712
1752 164
353 527
1847 1087
1437 1536
713 1295
1586 180
1110 943
817 1113
516 1677
1470 966
736 1329
1461 282
708 1108
1016 79
1623 850
565 1082
595 1231
254 478
55 1463
434 1080
454 77
666 664
217 1490
576 897
313 1738
97 788
86 1792
1592 66
1532 1787
256 370
481 712
1505 454
691 221
605 773
1131 726
1653 1159
54 381
1020 209
618 1675
1210 1062
997 175
1688 194
720 1172
1048 632
323 1524
1680 997
403 25
282 699
1627 1853
302 175
808 468
1627 775
558 1101
425 1366
1731 279
1831 1284
595 1141
59 1597
418 1214
1566 1532
592 1176
277 1438
476 869
1000 699
1729 24
1116 816
1636 512
396 36
577 1286
1761 439
841 1061
686 1334
1314 209
591 899
1826 1299
1775 296
1230 1609
201 1222
452 689
1216 330
1684 1478
74 1733
528 1056
396 642
1671 931
1753 4
1621 1810
1257 256
593 533
171 1283
1056 1829
7 1737
1798 1479
1453 160
1125 498
925 985
89 600
1697 1810
95 917
1600 1621
1625 420
1288 4
1077 620
1002 689
166 1712
285 1775
5 312
1540 1119
476 900
1462 702
1675 1759
856 1805
1085 1304
1650 1124
504 939
1106 460
510 1599
851 253
1407 1066
1278 697
1640 1110
1242 862
1533 1054
409 1454
587 1089
213 129
646 381
20 627
1702 818
805 547
525 289
1434 1670
978 934
294 785
609 551
1832 648
1772 1117
1079 1772
109 1487
1829 1631
324 1393
137 710
727 903
1466 173
463 43
1637 1489
1503 479
911 1080
865 554
829 752
437 841
1444 1589
674 643
34 1375
456 565
1626 1819
631 1268
295 1068
1068 1560
548 444
174 1770
1673 908
1831 411
1306 1763
1101 642
1301 1295
622 455
1521 1583
1518 784
938 418
1163 811
933 1401
1564 629
508 1478
27 621
1822 546
1378 250
171 238
987 1538
413 1687
484 1749
203 1104
43 304
251 1423
149 1197
744 188
864 1308
1419 812
1402 391
731 169
38 1311
968 89
975 1242
547 641
484 1805
116 894
301 943
1165 1238
594 12
885 1581
1554 1252
1071 226
993 684
990 1528
1050 617
1104 1111
909 723
152 403
783 1693
1643 1851
1319 1460
578 501
1287 1805
1703 1170
1130 667
1837 963
1111 1025
147 894
604 206
929 770
1122 1054
689 1092
11 277
335 647
1270 527
1337 1560
1696 350
150 1287
1368 1520
922 845
309 513
1241 1850
406 145
383 1455
523 207
1327 728
221 1481
894 1525
250 909
101 1571
52 852
958 1582
618 801
1125 1827
241 843
765 1752
70 572
1056 649
576 629
384 293
1762 893
1456 941
1644 1631
80 892
1498 1378
1749 1157
1215 249
1171 581
820 521
343 756
1650 1156
1147 534
894 1215
1154 319
1205 1506
1531 793
655 683
1025 618
1587 1727
606 235
163 709
651 807
1177 1566
694 811
731 29
1685 733
1594 669
269 279
920 1639
1579 1553
404 1600
61 399
1364 289
172 530
1261 818
912 1384
1154 1805
280 1692
1704 1322
1612 86
1147 1348
517 1322
97 505
314 1361
1330 1810
1848 1116
925 1075
1578 296
739 176
1176 321
275 887
787 429
1598 1615
607 762
56 711
847 1384
1727 89
1024 1119
303 413
1403 581
142 1813
1053 1672
449 1810
1187 1279
634 1011
491 117
222 997
1645 389
496 1039
1178 857
46 1600
1602 1347
1715 1027
511 1277
933 1342
1034 96
671 1455
1468 1541
1158 1424
1681 1184
1056 394
491 444
1222 817
1298 1268
703 869
480 938
1134 1085
132 814
701 1588
378 1007
1661 1531
100 992
623 497
1583 1170
1255 109
1083 864
1550 975
1350 1804
760 712
1711 1442
904 1266
1413 1
780 580
168 764
208 927
402 1800
457 1613
1447 1697
1326 888
1645 1771
828 1680
1578 330
908 1173
1253 1014
1064 1569
1426 1535
109 75
1153 11
1374 326
762 458
1564 718
510 574
125 1295
225 77
1029 1410
224 1267
1560 146
354 700
168 1644
1325 1120
461 1364
1052 1529
97 1200
1265 1090
151 1228
118 176
833 844
745 124
54 368
1332 1063
686 1852
1472 538
1017 1250
75 607
538 1253
814 102
1107 1679
581 405
981 1331
834 1309
631 1019
1856 181
1131 868
141 723
963 208
1508 335
330 1058
249 1161
968 296
1227 571
144 199
529 846
1628 1322
972 665
253 773
681 209
1618 1009
228 614
789 1479
1661 359
178 899
1130 87
547 565
1833 958
1328 936
822 259
763 1656
550 128
931 1685
975 1303
1246 888
722 1787
879 520
703 637
87 1817
1117 389
1313 801
624 1594
1401 758
671 38
890 25
256 505
1326 189
2 1747
1307 433
98 1397
88 637
1144 905
45 1302
1272 1277
251 202
39 1685
593 427
526 1229
1281 1552
1784 1091
82 305
1339 696
1732 801
1148 1686
9 1669
132 475
76 193
1565 1663
1366 1185
963 1797
462 74
316 1619
1236 1014
337 1764
1547 974
1797 1287
264 505
309 652
1456 1592
208 348
406 669
431 1684
563 1113
1179 1094
1096 1273
1606 351
1750 1773
292 144
1791 310
1153 230
1052 1678
341 1737
1061 1621
1302 1600
982 1180
1572 1507
129 1120
475 836
1199 1768
1009 1185
726 1545
1776 1123
203 629
1646 1424
1622 559
615 438
1250 1506
522 459
477 1125
557 1023
630 300
252 160
1377 980
1640 1127
1396 789
117 1638
330 616
1729 1184
185 1798
1360 679
435 908
228 1562
1182 900
442 756
419 1787
592 632
1137 1515
56 921
1479 1449
77 268
952 1726
1589 251
44 580
661 1790
561 1026
1823 932
1097 840
1159 1680
193 1146
730 1038
369 1789
219 1541
1161 1245
470 247
8 703
939 433
1344 817
577 564
236 1457
1302 1632
536 1310
1836 443
822 586
149 1429
1283 1527
1638 1200
168 811
1621 58
1657 547
1798 501
751 279
1291 694
114 41
1811 1497
1527 32
192 870
748 1583
816 1737
142 1538
1404 801
78 492
1666 551
90 16
1091 1720
436 711
143 823
1802 279
1374 705
939 928
1169 697
861 1023
259 281
1396 360
1379 678
170 42
1082 444
721 1065
883 1682
1001 1621
425 1
1614 536
112 1624
1547 403
543 1443
85 1167
1025 194
105 126
1001 935
589 1784
423 1703
44 941
1425 1618
997 1320
858 134
221 1399
1087 1687
1623 279
4 31
137 1685
1027 732
208 866
482 179
488 1014
295 1747
689 579
1321 1353
1488 1001
1155 1223
1288 1316
1206 686
1483 1815
1337 684
1151 809
1097 1660
195 642
1755 1798
342 1111
1802 1421
455 1046
1743 1437
1385 649
567 621
436 1398
107 228
698 1684
555 896
416 1036
1256 1444
102 1146
1380 824
973 1370
206 1833
1788 169
407 458
1652 212
1481 1220
227 217
648 767
750 854
1005 209
1059 928
351 1657
135 1475
1639 1623
896 152
1577 1319
802 489
1259 1335
1012 597
1710 20
133 1618
103 1842
1078 95
1018 1605
1190 330
702 1851
1229 537
1415 230
1215 751
98 1510
1451 741
1707 1803
1186 1163
1480 398
174 1328
757 1370
1342 711
1677 1559
782 1467
1659 435
897 414
738 10
1674 1050
1139 1691
850 881
590 837
1069 1780
1047 1297
1728 1494
675 133
1738 684
1220 1045
1072 476
518 1162
414 920
1639 1243
1801 1312
1121 1575
12 154
956 395
1008 211
54 144
99 300
1676 1350
1296 29
632 892
396 1149
1764 17
372 1612
1421 320
285 1496
1179 34
325 1842
723 1767
558 460
6 1768
216 1342
13 278
1541 130
183 1004
511 203
51 1001
764 970
1796 1138
511 962
960 1018
324 1397
184 571
1741 644
454 1049
1483 1660
1580 57
1211 585
232 42
1003 1129
324 146
1575 219
679 551
1491 1439
704 1288
303 1506
1168 1420
1502 1684
802 560
1435 1007
1497 1084
255 1471
375 1675
497 1532
1304 99
328 526
1240 971
482 629
1054 1457
1757 501
942 1461
986 822
1793 1706
593 1008
544 919
613 1549
524 640
1829 1415
1351 570
1006 573
463 906
799 204
1786 1361
443 55
1067 295
1680 427
1558 162
1469 777
1021 1293
533 793
1154 858
216 1545
590 1093
18 168
480 143
1458 742
1187 1772
960 1547
1837 837
1259 521
1705 962
368 513
1459 531
846 873
1357 1727
1441 1088
1431 419
151 1524
1733 1067
604 1308
1208 188
843 702
865 773
774 1047
891 1788
1124 579
1174 1566
846 786
692 344
903 269
1339 1737
1623 1692
1849 141
565 934
949 1179
488 1542
1790 10
1269 934
1296 228
1248 670
1005 1598
1159 858
1533 1756
478 229
73 1317
196 842
1484 69
1193 536
1365 154
1535 804
1162 1333
882 372
1616 209
1230 1526
416 1303
1397 1526
953 1076
278 1733
1177 245
33 1097
1372 1207
1172 1128
1418 1117
843 923
859 351
1739 1578
1809 305
1538 599
1335 719
1614 668
1048 1197
1359 1814
1834 449
884 378
362 1524
697 793
823 599
1589 1255
734 1342
218 1449
62 1792
181 1196
948 623
1803 533
1393 383
997 1002
826 613
927 72
880 938
253 126
1545 345
132 59
542 1544
556 381
995 1586
1819 375
1311 569
1807 499
559 351
607 1331
1376 1108
1619 731
1128 618
1637 1074
1837 509
99 328
1344 163
1376 1762
1838 1034
854 933
1285 206
814 1757
687 1473
1835 1576
338 1486
838 776
466 52
1542 1476
1203 289
1196 1795
81 110
525 1434
568 1490
1773 892
1651 717
279 433
1 1569
1569 1217
1217 1486
1486 1395
1395 1610
1610 672
672 382
382 1549
1549 365
365 521
521 616
616 711
711 1100
1100 519
519 541
541 1046
1046 579
579 1438
1438 1032
1032 58
58 445
445 747
747 509
509 230
230 1282
1282 970
970 363
363 1655
1655 1065
1065 741
741 1430
1430 156
156 900
900 1841
1841 601
601 1442
1442 120
120 15
15 831
831 205
205 1471
1471 1765
1765 898
898 395
395 869
869 680
680 363
680 165
165 29
29 1617
1617 1759
1759 247
247 1648
1648 1030
1030 637
637 870
870 564
564 767
767 1136
1136 1841
1136 1467
1467 1667
1667 1439
1439 1370
1370 811
811 146
146 1683
1683 825
825 1224
1224 63
63 1370
63 863
863 1119
1119 1133
1133 382
1133 1252
1252 664
664 1735
1735 815
815 361
361 332
332 266
266 599
599 1701
1701 427
427 1070
1070 1140
1140 1057
1057 1635
1635 588
588 540
540 1478
1478 1194
1194 976
976 1102
1102 1496
1496 1120
1120 1293
1293 1180
1180 786
786 792
792 636
636 93
93 1442
93 1109
1109 1191
1191 312
312 1722
1722 1734
1734 1252
1734 1720
1720 245
245 145
145 365
1720 848
848 580
580 915
915 954
954 964
964 1347
1347 596
596 223
223 700
700 1439
700 930
930 400
400 1597
1597 1420
1420 258
258 1317
1317 385
385 1303
1303 870
385 472
472 1523
1523 377
377 793
793 514
514 1340
1340 433
433 659
659 962
962 560
560 379
379 513
513 1149
1149 932
932 582
582 1667
932 878
878 1436
1436 1824
1824 1412
1412 1465
1465 564
1824 1700
1700 1237
1237 801
801 1
801 293
293 1023
1023 1214
1214 1817
1817 1581
1581 893
893 599
1581 1080
1080 1534
1534 779
779 1112
1112 961
961 749
749 320
320 1507
1507 1386
1386 964
1386 1779
1779 300
300 35
35 1536
1536 401
401 91
91 617
617 1207
1207 658
658 1333
1333 809
809 991
991 551
551 1280
1280 602
602 96
96 1851
1851 1094
1094 1305
1305 596
1094 1353
1353 1245
1245 1209
1209 1013
1013 1133
1013 700
1245 1854
1854 777
777 551
1854 785
785 1555
1555 1713
1713 136
136 1815
1815 936
936 1427
1427 1656
1656 1135
1135 469
469 640
640 1525
1525 49
49 1423
1423 1237
49 1506
1506 498
498 1142
1142 696
696 1821
1821 1247
1247 946
946 573
573 1536
573 1173
1173 1490
1490 500
500 1100
1490 1347
573 242
242 724
724 1138
1138 1454
1454 1409
1409 1334
1334 1349
1349 1331
1331 1011
1011 1098
1098 1138
1331 389
389 1785
1785 1607
1607 610
610 840
840 1724
1724 1132
1132 177
177 1237
1724 191
191 918
918 1320
1320 1766
1766 1561
1561 1243
1243 1346
1346 654
654 451
451 1553
1553 1544
1544 1170
1170 1197
1197 1076
1076 1062
1062 944
944 999
999 58
999 1411
1411 296
296 240
240 420
420 1143
1143 410
410 988
988 1175
1175 1744
1744 426
426 173
173 1271
1271 1771
1771 1792
1792 350
350 186
186 205
350 669
669 162
162 1181
1181 1495
1495 635
635 453
453 583
583 914
914 1717
1717 621
621 1238
1238 1768
1768 1668
1668 190
190 1371
1371 601
621 1783
1783 139
139 889
889 1231
1231 1430
1231 551
889 408
408 1824
1783 1384
1384 1448
1448 1709
1709 1529
1529 1852
1852 248
248 781
781 1410
1410 527
527 1273
1273 649
649 530
530 1207
530 1294
1294 134
134 1273
134 1164
1164 564
134 608
608 1562
1562 1429
1429 364
364 712
712 628
628 469
364 716
716 1654
1654 1827
1827 1297
1297 1805
1805 352
352 1406
1406 382
1805 667
667 1774
1774 625
625 358
358 980
980 387
387 733
733 248
387 519
387 83
83 784
784 312
83 1355
1355 598
598 25
25 915
25 1511
1511 424
424 1273
424 665
665 214
214 844
844 1201
1201 1844
1844 233
233 603
603 1853
1853 1293
1853 467
467 240
1853 1045
1045 601
233 37
37 373
373 1262
1262 96
373 974
974 388
388 1777
1777 1070
1777 1672
1672 235
235 1266
1266 1040
1040 534
534 308
308 1611
1611 1608
1608 1362
1362 1512
1512 1607
1362 743
743 366
366 614
614 1669
1669 1742
1742 1347
1669 16
16 1030
16 1794
1794 969
969 574
574 321
321 600
600 1184
1184 1449
1449 1804
1804 493
493 1629
1629 779
493 1736
1736 1599
1599 1779
1736 640
1804 1202
1202 1129
1129 1381
1381 1457
1457 1686
1686 299
299 957
957 1399
1399 855
855 1683
855 1254
1254 1228
1228 1524
1524 1191
1254 1093
1093 1767
1767 304
304 1102
304 300
1767 1167
1167 473
473 1430
1767 1114
1114 214
1767 31
31 1746
1746 728
728 1573
1573 1520
1520 650
650 1756
1756 741
1756 1473
1473 873
873 659
873 248
1520 575
575 1416
1416 300
1573 315
315 596
728 1363
1363 531
531 1038
1038 1338
1338 1438
1338 967
967 1595
1595 1218
1218 284
284 1188
1188 1492
1492 1367
1367 1460
1460 1299
1299 1544
1460 586
586 505
505 1724
505 1428
1428 1352
1352 1827
586 773
773 1851
1460 1189
1189 1536
1189 627
627 888
888 363
1460 705
705 899
899 537
537 422
422 1740
1740 111
111 35
1740 173
1740 923
923 1329
1329 1607
923 804
804 1571
1571 1349
1571 1041
1041 1010
1010 1605
1605 1399
1010 317
317 209
209 1044
1044 1042
1042 1821
1042 1669
1042 263
263 1424
1424 673
673 426
1424 619
619 1648
1424 318
318 1782
1782 1070
1424 1152
1152 515
515 724
1152 766
766 1223
1223 1070
1223 1218
1152 1035
1035 24
24 1245
263 611
611 1537
1537 989
989 1038
611 1308
1308 1295
1295 837
837 1509
1509 918
1509 1363
1509 94
94 1062
1509 1552
1552 1485
1485 1613
1613 146
1613 1574
1574 1113
1113 1516
1516 1514
1514 779
1516 209
1113 1672
1574 1632
1632 970
1552 1286
1286 895
895 1271
1552 798
798 1720
798 514
837 1275
1275 1333
837 1166
1166 534
1295 1014
1014 503
503 670
670 693
693 1320
670 910
910 173
670 535
535 441
441 974
670 1170
1014 248
1014 308
1295 790
790 430
430 755
755 665
790 870
611 514
263 319
319 1597
263 84
84 806
806 827
827 1852
806 621
806 1192
1192 574
806 124
124 546
546 1539
1539 1489
1489 169
169 866
866 600
169 1237
124 579
124 917
917 1777
124 47
47 1556
1556 1373
1373 735
735 450
450 947
947 305
305 1641
1641 272
272 1439
305 283
283 1810
1810 1672
1810 15
305 1200
1200 513
1200 735
1200 1279
1279 1585
1585 334
334 1225
1225 1460
1225 1590
1590 1095
1095 30
30 42
42 662
662 1758
1758 1433
1433 1475
1475 979
979 957
1758 551
662 1145
1145 706
706 1716
1716 534
1145 289
289 579
289 1038
289 230
662 1631
1631 1591
1591 71
71 532
532 391
391 677
677 1830
1830 1204
1204 360
360 852
852 752
752 616
852 1556
360 641
641 809
641 1070
1830 1392
1392 35
677 374
374 399
399 804
391 286
286 1748
1748 308
391 527
532 1389
1389 1528
1528 1233
1233 1842
1842 156
1528 716
1389 91
1591 53
53 616
1591 621
30 1271
1095 231
231 1191
1095 346
346 588
1095 1563
1563 1037
1037 1007
1007 444
444 297
297 791
791 818
818 1611
791 1795
1795 433
297 1074
1074 792
297 1408
1408 761
761 1686
297 1090
1090 983
983 1672
444 1698
1698 1693
1693 1827
444 188
188 1108
1108 1214
1007 1559
1559 1237
1559 974
1559 574
1559 1482
1482 299
1037 1607
1563 824
824 1170
1225 598
1200 647
647 994
994 440
440 357
357 643
643 300
357 1787
1787 244
244 1774
244 320
1787 1827
994 644
644 1430
735 695
695 1689
1689 198
198 881
881 1487
1487 1536
735 1184
1556 688
688 1493
1493 1160
1160 1543
1543 322
322 293
1543 616
1160 332
1044 1417
1417 212
212 930
212 1138
804 600
923 1036
1036 247
1740 801
537 732
732 657
657 1019
1019 1429
537 243
243 1568
1568 265
265 489
489 941
941 758
758 1280
941 1799
1799 214
1799 728
265 1725
1725 717
717 707
707 1264
1264 1526
1526 930
1264 676
676 1449
1264 200
200 1289
1289 549
549 1086
1086 617
549 1070
1725 1699
1699 1251
1251 792
1251 690
690 1140
1699 281
281 494
494 1400
1400 307
307 1763
1763 1635
494 1785
494 1595
494 614
281 153
153 182
182 1060
1060 779
153 640
281 1783
1725 58
243 1595
899 123
123 669
899 207
207 376
376 164
164 1039
1039 1754
1754 490
490 1536
1754 433
207 1630
1630 433
284 513
1363 741
1363 601
728 1197
1746 126
126 1221
1221 1354
1354 742
742 1777
742 1570
1570 240
126 767
1254 970
855 506
506 1601
1601 1713
1399 887
887 876
876 412
412 1686
412 600
876 807
807 779
807 1854
887 247
1399 1805
957 1511
1457 579
1129 625
1449 930
1449 485
485 1136
485 1440
1440 1534
1449 596
600 1384
321 1506
574 389
1669 1672
1669 1507
614 233
1362 1496
1611 513
1611 246
246 1383
1383 564
246 970
534 1066
1066 1438
534 160
160 1827
160 433
160 1409
160 1237
534 530
1777 513
1777 716
1777 512
512 1617
512 363
512 1774
512 1217
1777 579
844 741
214 1411
1297 458
458 869
1827 1536
716 601
364 785
1562 519
134 711
134 215
215 411
411 1075
1075 988
1294 848
530 1734
527 785
527 711
781 769
769 916
916 1346
583 1817
453 1293
635 146
1792 513
1792 962
426 857
857 640
857 919
919 1280
988 1099
1099 796
796 913
913 262
262 451
262 1610
796 1312
1312 1701
796 93
988 825
988 379
410 48
48 785
410 1336
1336 400
410 472
944 1821
1197 711
1197 1191
451 1213
1213 1617
1346 502
502 1507
1243 1237
1243 261
261 395
1243 551
1243 699
699 629
629 513
918 1841
1409 579
1409 1309
1309 1817
1409 711
1409 1217
1454 400
1138 573
573 1142
946 1478
1656 205
1427 1102
1353 1735
1851 954
1851 300
1280 1635
1536 1032
300 390
390 970
300 1438
961 870
1817 1100
1214 1120
962 50
50 1635
1340 1655
930 1030
223 72
72 1720
72 541
954 616
848 1442
93 898
792 741
976 32
32 1665
1665 306
306 3
3 1
306 1395
1478 1850
1850 870
1478 970
588 398
398 934
934 1841
361 898
1735 1065
1370 711
891 1324
1324 1369
1369 891
