2000 4000
1988 623
1494 302
221 1798
549 459
1819 1721
1524 1068
1726 1341
1016 1220
1425 620
383 1304
834 249
207 1155
206 1052
935 694
410 188
658 912
293 1513
88 1442
581 747
119 1139
1269 1572
927 1548
1397 1049
895 915
563 634
967 982
1561 1980
1232 510
1391 1672
487 457
429 1366
889 1218
1520 987
1805 1514
49 17
917 358
1989 728
525 14
627 731
1789 180
1430 1498
1522 1394
1636 957
569 229
1824 1207
1548 1036
1421 853
706 1484
1035 234
628 1634
181 1142
1110 1086
1617 1598
590 1999
1499 1619
832 1471
1163 1287
1536 241
1119 1324
646 993
647 1660
342 1270
443 1693
212 1940
468 1464
745 12
586 1327
1930 310
1546 985
1566 1104
946 165
1002 722
700 432
1174 1393
120 806
1257 1795
1115 672
282 1468
977 970
1433 296
1009 58
207 1425
235 1263
695 1701
1973 1154
1962 776
1553 836
149 246
806 52
814 772
376 1698
1537 495
87 1414
1064 1619
1292 609
880 607
1054 1394
616 252
716 1852
369 562
1971 154
22 1920
1177 1659
1847 1668
1466 485
1154 326
1496 958
1668 848
1174 1318
1216 573
1468 649
208 306
228 1139
391 1878
96 1011
1475 1842
712 124
783 1927
1099 513
485 357
1228 1898
1474 164
589 984
440 711
292 632
687 192
1306 906
451 1405
1798 1870
1422 568
143 1121
1608 1444
236 1085
1714 1930
1911 744
54 749
748 848
1633 1457
961 536
326 463
761 1787
1211 674
131 416
121 1156
1146 487
188 1691
990 322
31 1591
96 678
854 51
1467 1035
120 206
1275 1179
824 1413
683 1746
1441 1768
260 1050
1019 1133
1233 876
1001 565
1530 1606
796 1089
1441 1272
1896 1449
1762 589
1823 1837
308 225
1806 1047
745 859
1303 1361
1553 488
1723 550
150 162
1088 711
1500 50
668 556
1233 345
1021 1530
180 573
1106 10
690 244
539 663
1543 459
1073 302
642 1176
869 241
1696 1817
697 1229
176 142
1785 1393
758 350
1459 1539
1669 548
1890 394
34 1179
1013 183
1077 248
1649 704
2 345
1979 434
633 1984
1463 1430
1604 293
1050 467
1948 671
263 916
1648 1299
363 544
303 953
1209 856
1355 640
1422 666
460 1704
770 674
215 1687
656 119
1608 838
1140 1958
1389 1738
138 1559
577 171
682 1737
1408 1552
1917 1192
290 197
1985 1282
1711 1110
1100 1110
280 974
452 703
865 1496
1259 1371
90 649
536 1343
1221 1855
1970 543
1184 268
959 1739
548 146
644 559
288 1601
1879 1741
1310 1327
1109 195
143 617
621 1121
1066 1298
1766 367
1379 105
1059 1995
1403 846
203 1975
1856 1218
970 1301
1698 428
592 1731
1331 1992
1078 1488
933 1433
454 421
1663 563
30 210
1260 33
883 1714
242 1636
494 911
1990 144
1709 427
621 617
891 1580
16 825
364 1573
367 1883
1760 716
169 1158
180 520
98 691
956 1104
1763 662
1933 773
829 1440
1201 1095
269 826
905 217
722 83
1915 86
91 630
455 1223
135 908
489 274
973 427
1755 1977
1615 314
436 1847
644 316
1283 1926
918 697
147 1372
1540 1819
886 524
1644 1388
191 1810
598 499
126 1803
1096 1659
855 448
1270 790
1107 611
337 1401
439 122
751 1128
1330 1167
1783 1506
1323 1428
1144 771
545 1963
1847 275
1302 1778
1969 680
380 1213
306 1466
412 749
1727 617
222 994
719 98
198 613
395 1203
650 1297
660 1899
1597 867
621 988
965 773
1385 1937
1727 1531
1532 1000
1521 1938
59 597
1654 404
44 50
408 1031
1994 503
1392 291
1323 1496
311 1625
998 734
412 1147
481 1830
1994 421
117 1938
170 300
442 123
122 812
465 405
1762 1989
214 1741
629 418
247 726
54 384
459 866
1757 1164
1161 1242
1961 1091
561 1661
546 279
172 1072
363 1533
1646 810
1039 1689
730 98
1591 687
778 234
996 1018
1571 1310
1297 810
1756 1598
179 438
1865 992
949 1010
225 372
2000 1137
1866 534
501 1118
1103 728
194 1518
1336 215
1298 1760
910 1272
277 311
1366 1953
1623 662
412 1479
1609 285
1670 543
87 636
1344 1395
318 888
19 1323
44 974
1203 1226
91 811
653 821
841 1541
1358 955
1563 548
893 285
1180 1453
13 1623
1135 70
1459 1770
63 25
147 422
1370 1378
1007 55
285 1442
982 1244
456 1011
952 1359
1892 1654
1165 780
1783 1209
1435 1809
954 317
1230 867
952 1897
1706 1112
984 417
1008 1351
1872 305
16 1614
156 489
1337 1480
831 1073
64 901
1935 709
1513 1363
1604 1044
347 145
1268 898
1025 381
1027 1901
850 1184
956 832
1668 938
1453 1856
1530 1773
968 404
1725 1423
916 509
1510 1224
338 905
1504 1723
572 1037
1261 1019
1019 1132
458 1855
507 1734
632 741
1161 541
1822 2
742 1481
1876 590
1445 1435
1196 1633
1671 764
133 1682
1562 1625
1240 1027
941 1755
715 1358
1335 319
639 1015
1031 799
1594 195
1620 1577
1820 27
1561 505
1243 1315
74 1164
79 1814
1112 541
1591 306
1473 246
1883 257
442 1004
162 1012
503 1915
762 1742
1558 106
1509 1455
456 1339
194 727
747 1087
1987 1947
228 511
1221 1354
1479 1353
570 490
804 1929
780 546
207 320
853 1186
634 474
656 596
1454 846
729 199
576 760
854 1621
1960 743
87 1867
307 1585
1348 1192
238 27
1202 1294
331 23
325 1826
1717 625
1788 387
291 401
1287 157
99 359
433 294
1633 539
913 1061
790 1177
449 158
840 207
209 1041
1022 1180
651 671
1368 1357
694 978
82 1289
1871 24
1379 1084
1653 830
1671 605
1080 659
742 169
439 1375
879 1216
1406 770
1843 788
1376 272
1730 1449
1541 61
789 850
669 621
531 1175
1662 1728
589 728
244 1040
1516 1320
1646 645
122 1881
1813 881
421 86
286 147
475 232
930 173
1132 29
289 1978
223 872
238 1588
583 497
38 366
1681 425
850 1934
1481 564
1202 866
1173 7
651 940
1769 1777
640 1210
703 895
1936 672
540 1451
1147 1854
1955 1535
190 980
638 1703
1966 75
1052 1648
1493 1647
1879 1745
1815 1737
1381 960
461 700
809 488
1910 634
98 1169
120 566
570 1631
360 1882
43 1415
1026 986
650 645
1979 234
268 1458
1077 750
492 480
1058 435
786 652
129 1854
381 296
424 1858
422 1527
553 1705
415 1965
1899 640
783 1034
1046 89
610 1974
66 675
19 1164
1461 823
818 463
273 1383
208 545
1916 1579
748 210
1987 1086
245 995
964 861
1123 665
711 455
403 1465
925 1862
224 1238
731 1595
160 109
1271 1497
630 159
49 1026
239 1532
585 1280
1878 987
989 917
1149 1273
1090 260
874 1531
770 536
934 1973
956 1732
1493 1106
1603 222
144 405
713 553
119 1293
155 1903
552 143
825 896
1104 999
1613 97
753 430
1245 1700
706 960
999 953
809 532
1151 923
1539 42
1990 1502
1585 685
521 892
612 889
1336 949
217 1213
1637 773
755 339
1111 583
752 466
482 335
1156 1085
1783 1827
1259 1803
1090 1304
863 675
579 1954
124 405
1856 1191
1592 1210
1092 7
40 1026
65 483
92 975
430 1324
21 687
1749 693
1181 1115
11 1150
1518 1439
1780 1996
1724 491
910 1137
1228 670
759 616
830 1911
446 1046
80 944
572 1019
1384 1443
1242 817
1293 1335
855 1088
1983 864
1968 242
392 1820
1172 793
1249 1217
992 586
1309 1994
1600 511
1746 1124
1133 1841
462 271
1433 433
712 465
1993 971
243 1247
1841 572
717 932
669 114
1544 962
605 1381
1276 1262
433 128
720 264
1846 704
560 996
1858 106
1719 1060
199 1507
1110 1673
1491 707
996 1771
1244 968
909 1410
909 1316
991 1058
24 1305
871 795
1280 1352
1034 1570
517 1556
45 170
522 1139
1674 1189
1242 1312
1047 1064
1238 457
579 1030
1115 115
407 424
575 432
1811 1554
6 1654
343 724
128 1380
762 1431
504 551
195 754
1476 843
820 1748
715 722
1939 367
1798 1383
523 1697
1792 961
1376 1267
589 55
461 1955
1123 602
1764 1252
343 1853
86 57
1678 1839
1307 1907
1826 680
1943 1137
1982 175
503 127
1616 1698
947 1674
1780 407
577 1226
1015 1857
825 148
1303 852
1892 968
1832 873
852 1525
1436 715
1802 1249
1328 1049
1542 1235
1325 489
685 1812
1454 1485
696 1615
519 665
1236 130
587 1130
1257 1808
1726 1662
935 69
333 920
1603 1271
908 401
136 1805
94 914
692 1859
871 1036
591 1094
1433 1618
1398 1391
699 1500
951 301
1947 686
105 377
1851 1404
1937 1304
800 1993
408 1754
1260 649
366 1379
250 490
1816 1951
740 1459
231 1461
1298 978
1648 353
3 700
1102 437
1155 620
1984 1629
1416 31
715 1349
1489 983
196 1996
118 54
689 774
472 1508
58 1265
654 1750
1819 1626
938 1297
1967 312
1950 1718
46 1266
1471 953
1508 726
804 757
1311 237
1833 759
1775 1855
322 875
1377 1037
369 1771
1661 523
1756 776
776 891
1482 398
1123 1953
1043 1696
1184 1388
445 335
239 1384
893 197
1455 693
998 284
1166 216
372 535
43 1977
1970 1069
1235 1278
710 1120
720 1939
393 1545
419 771
320 247
544 713
1133 1641
505 1383
1951 180
1793 1664
1262 581
82 32
201 323
581 1273
843 842
640 823
1008 1578
193 1706
1993 1342
1818 727
1522 1597
464 742
241 1504
157 472
1596 1791
357 894
955 1741
1187 1811
860 1512
930 1311
1877 1917
735 132
1868 1675
980 554
243 969
770 598
1098 1609
101 1915
409 574
286 1014
796 879
337 1761
908 1225
1122 328
624 321
936 950
287 1046
1286 1829
1462 1369
1735 1403
541 882
186 192
443 922
440 855
656 646
1152 1317
1016 1848
1075 221
428 1895
1347 1246
451 1623
286 1175
34 1998
629 1712
445 963
1197 135
1326 1397
781 1141
53 382
1268 1420
837 231
1012 85
3 765
247 620
1512 942
975 1669
1605 1722
296 1039
1086 686
1866 508
1205 295
1321 1286
1439 108
857 387
1998 874
253 157
125 53
1779 722
1628 133
1827 856
1666 1604
603 530
1971 1153
1082 46
601 1436
834 959
186 1963
31 357
777 358
1695 638
1926 1784
1356 72
814 1545
205 1622
818 690
1136 1612
1710 1589
1888 822
1057 458
950 1606
518 1196
115 1596
1264 1969
742 1582
1739 657
420 203
1857 1697
1814 1643
1494 266
1349 214
492 576
752 1902
1033 1758
974 1786
524 203
595 1159
508 1111
1786 411
187 623
938 93
1066 716
153 761
54 558
871 1776
358 530
1172 1447
935 1834
1640 1542
20 1040
976 1555
1441 1102
164 653
447 1101
102 300
540 1537
1757 1496
592 56
973 685
1725 1217
1318 1967
145 1145
239 498
1726 1408
1108 403
1764 1219
1475 1128
663 1911
791 1327
1322 945
819 764
1569 1010
1207 1499
80 1
1561 1057
1087 1262
878 964
1318 1200
1036 1494
1632 1887
998 160
610 595
101 184
74 110
1735 1456
1699 1039
1388 1140
388 508
1370 222
13 1054
706 1171
1776 1548
1425 1362
108 1836
1167 1937
1551 146
1161 1905
1986 1988
1013 243
648 1786
1966 870
1404 1487
484 937
965 1426
1401 1125
1608 1109
1874 1741
606 309
297 1649
425 1914
1646 718
275 718
1456 122
491 89
168 441
1005 525
310 883
1299 1964
283 396
1116 445
1105 1076
175 105
951 500
1654 603
1022 1082
362 1749
782 109
635 1918
767 1461
1004 1632
1375 1881
1470 800
808 1784
74 1208
439 1735
11 1960
420 211
107 1063
597 1031
643 1715
491 446
1723 1761
557 60
498 1538
840 1113
1745 95
236 1785
53 486
93 718
479 1753
1724 1046
574 1877
1227 1202
1159 410
537 878
198 538
1713 1063
550 1401
1440 582
704 1195
1114 434
1401 1982
657 1775
1356 1771
875 385
1659 64
1717 1517
1030 438
1141 1828
1221 657
494 223
1137 1079
773 1529
537 882
1893 263
1667 880
1419 170
267 1313
419 1795
318 1340
574 1902
928 947
826 32
1389 1361
1244 6
578 966
48 1258
1929 1754
493 1341
124 923
613 1390
755 756
1176 733
1872 1423
1546 1376
50 411
1780 1558
1307 1508
2000 1272
1364 1254
8 792
1490 41
365 1082
1818 1834
619 1974
48 346
1735 1454
1596 1669
1758 532
341 765
66 1126
881 1179
1574 1234
1566 134
1907 1657
1861 181
1173 230
1975 404
542 1822
1531 988
1688 997
1502 584
1245 88
1183 1476
85 1084
940 1611
1365 1360
1082 1344
1039 897
844 661
544 276
1849 1762
618 1569
409 754
1438 55
37 959
614 1521
398 1936
1880 1985
515 18
1358 104
1268 1163
1081 854
325 1969
1780 1599
1395 46
1517 1682
667 465
1997 1318
974 1515
1120 1460
1601 1212
602 1302
75 374
679 1444
1525 1748
777 168
1188 372
704 1553
690 1339
1046 77
1218 1266
655 1503
1897 1228
308 245
991 1473
194 978
599 688
1215 1718
1508 1362
808 1598
1125 254
940 263
1136 766
1736 856
608 1624
888 1419
1289 779
1387 554
1048 373
452 1020
931 60
1193 1673
450 14
804 1067
93 810
784 21
664 736
97 314
283 1
1201 1506
1456 1485
1367 256
1380 296
1492 126
496 320
37 67
493 1552
292 863
1906 1003
19 865
487 1572
384 323
12 757
1290 91
1132 776
1188 805
423 151
1500 1991
468 816
29 572
1003 1996
1347 406
1586 1587
1921 551
1675 8
116 1216
1810 376
901 471
273 1055
1472 695
336 1600
1892 982
588 486
769 145
1170 1243
1054 1405
403 680
1976 816
660 823
390 482
118 1353
1797 977
1429 822
735 507
1486 785
41 846
996 1478
648 94
261 1285
819 582
1952 305
1431 230
1360 618
251 1319
1789 278
414 913
152 1034
1878 1000
1420 303
208 1831
1171 174
703 1313
1409 954
1790 48
1406 701
1519 527
1578 256
1172 1026
1388 1934
1941 218
1521 1565
1343 544
727 1836
979 1614
1637 907
494 23
1627 1753
340 1175
81 860
906 1317
858 1024
1657 226
1901 140
1119 753
648 280
1600 39
1053 733
16 1956
1561 1354
1231 216
1306 1429
885 1435
291 1197
1482 1544
1793 972
1911 1457
786 1714
1007 417
102 1340
347 1482
1965 1048
775 1555
117 1752
1621 1979
513 1138
1093 1699
1239 929
1818 1439
1731 1902
1033 1620
537 1161
1836 1981
1187 1913
782 1510
1889 1192
758 1712
1981 418
418 108
454 1915
520 148
217 1606
540 1232
426 952
947 1946
309 1491
1462 1550
1850 884
1393 698
1949 1305
1121 68
555 787
259 784
757 1754
1126 954
1591 485
538 1253
844 644
708 550
807 1944
1853 1693
1721 630
424 1399
1014 1329
1378 614
1875 118
190 1603
1700 1107
1901 1869
1085 892
1295 889
1423 1952
1995 1524
779 676
915 388
802 1506
1612 1545
1445 689
1417 1361
750 788
1899 1231
309 297
1792 713
968 211
1476 1344
1717 1841
268 737
784 631
957 1357
573 1477
1379 351
1906 196
143 723
1665 260
925 799
99 1470
1752 1946
1813 34
677 1279
197 1098
157 226
211 6
1895 1616
1566 1471
1763 696
265 1273
1451 1579
1862 789
981 1232
235 1323
1852 1582
1702 1430
1466 1831
1594 1432
723 68
1346 311
1211 499
1290 312
1827 802
317 863
926 1607
1467 1621
484 1120
1113 1032
233 1662
1322 1258
42 61
1976 240
1437 880
478 190
415 373
1148 1612
1576 1774
1862 416
136 5
153 1985
1185 413
861 817
1400 1099
1259 1145
1209 1131
292 939
345 903
1442 483
65 476
379 467
801 1800
987 307
187 678
384 1821
732 353
1894 1697
1888 185
35 1432
21 31
219 246
164 781
1647 1719
1197 1250
242 1904
1309 1808
1928 537
1918 1877
1852 464
948 1025
160 875
585 1850
1924 1240
1747 1023
185 1124
201 271
1047 1665
1180 1337
1415 941
1576 1317
1978 461
961 1406
841 25
603 1244
408 565
969 298
1060 899
1806 379
1380 1618
1279 313
764 1062
833 1108
1896 1516
832 134
841 1539
1583 1226
1427 966
1408 213
1531 1523
1432 679
597 565
836 529
117 1378
792 1864
1045 1978
772 462
201 814
205 1461
1881 1167
969 1320
1616 1810
1757 110
1931 1788
1412 719
998 990
396 1365
261 934
1956 593
1733 1399
593 896
1527 447
1403 515
569 721
1270 1096
806 1684
556 1702
1966 525
1308 1437
1237 611
882 1312
298 1873
1700 469
1861 1187
1309 1251
1419 1205
729 862
1665 1304
962 1936
1382 293
233 493
779 1212
781 332
1417 1738
709 1708
1467 778
649 854
129 1859
1923 571
999 832
282 90
1013 1014
1028 402
636 1796
1181 975
236 1871
1352 1636
1315 452
1319 361
1170 1235
1038 1989
315 398
877 1200
1900 1011
123 313
1716 920
967 530
729 1992
641 462
958 1164
1247 1652
877 1568
1481 934
1787 528
44 1691
899 348
468 1484
82 1212
906 822
146 344
1093 364
1338 1386
1580 1261
1284 262
714 1749
393 641
78 1457
67 1855
684 990
1871 121
346 945
1754 745
22 1822
730 642
1751 1617
1073 1472
1533 713
1178 359
1996 1858
1111 915
1292 1803
1702 1802
162 38
1637 168
1743 1615
844 1574
542 1747
84 1188
1673 1288
1437 297
738 1888
253 1163
1426 168
1145 591
609 1371
63 61
1093 948
232 1356
756 1672
73 1239
1476 365
637 545
1597 445
1986 128
1904 1850
429 1567
354 790
179 579
1449 1833
1529 1075
470 1801
105 1125
886 1498
408 177
1368 943
1638 1880
25 1021
416 268
1391 1070
919 1976
1932 751
1199 174
1825 714
887 789
1925 164
349 1815
244 431
1247 1873
1424 338
92 672
1089 1816
1446 549
369 1478
1443 321
1902 754
377 366
698 1679
17 40
1487 1067
167 578
633 137
335 449
1720 1194
1796 151
264 1883
1918 592
59 352
1070 922
1753 1134
593 820
397 994
926 1016
1022 176
568 1801
193 1952
191 923
1051 1208
1013 340
1489 1808
1113 620
1204 293
1763 1743
628 840
979 702
64 354
1860 43
1256 533
709 1419
1645 1428
1547 1134
1102 375
1199 816
351 254
1061 1003
1062 1440
1585 1884
368 1283
1246 1238
868 1020
560 1634
1285 1973
1677 1963
1091 624
85 377
802 1131
1677 1831
313 1723
430 570
486 513
664 213
1302 665
859 177
1105 508
1729 1428
937 1787
1331 517
471 1562
601 1779
1807 1406
402 2000
216 1844
35 1104
876 1182
380 1424
926 1351
719 539
884 1352
1296 956
493 664
450 1587
598 1838
601 596
604 1895
1811 1644
436 4
1678 209
946 1680
1701 302
735 1925
991 1219
655 225
955 95
1688 505
977 77
576 1420
990 1926
1272 1495
1403 1957
214 1745
1696 796
651 1819
1264 527
1337 612
1685 1291
198 873
229 1935
1422 470
1215 1162
1094 769
1799 30
857 1703
40 1319
344 1596
687 894
1255 1932
453 387
297 1846
135 1006
600 1925
1965 73
1099 382
48 654
734 109
4 1799
608 581
1083 1752
744 1196
514 383
1148 641
1468 33
714 1278
1511 370
441 907
1573 237
1169 1412
1080 10
63 1773
1338 778
1505 418
1630 1997
1215 1667
1193 1987
1394 1230
783 1662
1021 950
254 377
1112 172
963 867
1214 1628
1922 1167
935 1760
110 137
1450 1168
1050 1047
1867 1796
1473 502
1629 340
1770 1584
759 1730
992 1914
1222 1672
1517 1214
1821 1185
1059 99
1538 1384
1105 1160
1044 1373
1961 1707
499 1740
1417 1525
797 966
849 1693
371 250
1414 1213
964 1820
783 785
41 18
1770 395
1126 460
564 270
1204 692
843 142
299 2
1218 1337
1589 688
656 1335
1910 269
1114 234
659 1619
1150 237
1807 1343
1069 393
116 1477
989 967
1150 1772
399 100
1197 1715
1390 1767
1563 115
1863 228
399 1788
933 381
606 1308
515 1490
1893 1611
675 733
1346 64
1096 1528
725 184
1190 1634
1053 632
628 232
1610 1469
1726 664
1543 622
1068 1059
622 1294
885 1592
36 316
1806 1207
1352 1903
959 1775
1890 558
1336 618
1838 536
619 1710
1823 1606
1342 873
1432 1296
1849 1007
1021 1541
78 890
518 1457
251 725
864 843
1356 560
667 923
1125 708
1897 1990
275 748
813 1851
604 1151
1326 376
289 1607
890 642
1408 233
582 1671
1277 1749
1400 1747
1930 652
1769 1951
1610 1617
785 695
95 104
627 1762
1918 1192
847 1625
877 1967
1598 1469
883 71
679 195
1872 1706
1122 1529
1331 551
1714 378
1053 691
933 128
1087 265
251 904
1641 1717
1032 72
1957 1485
450 1733
1764 246
607 1162
1799 723
1840 1012
1291 456
1769 520
447 110
1387 190
937 1488
1187 1140
1143 451
162 1835
1320 1833
950 63
1226 1539
809 1947
1034 695
1942 1488
1183 526
1301 680
1012 366
798 1212
1264 1893
1099 588
1157 343
521 1804
62 304
20 1285
277 1186
1041 60
212 1676
737 789
1966 806
249 1768
828 1115
1237 65
858 1560
1721 775
1602 808
1538 1692
1017 810
1397 1800
88 469
944 1095
1568 1997
1230 1405
102 1742
80 835
1380 897
351 175
1765 1835
637 1227
1731 1917
1687 554
1541 1773
125 510
1709 1932
1374 586
1355 327
1372 1984
1385 812
1373 804
904 361
1707 1532
1912 1241
252 219
1002 141
1424 423
1029 1556
1774 906
1680 310
725 1655
1945 331
1744 3
100 330
952 1898
1759 396
1565 397
865 74
1683 1709
329 524
1172 1016
1626 1593
292 1126
953 492
315 769
1061 1694
615 1840
781 735
274 283
1344 142
1924 140
1940 1273
1650 463
546 750
161 497
1292 1145
813 1204
658 1505
1175 183
1081 1035
677 1004
1397 428
920 1217
732 206
1447 1351
666 1123
1407 1374
1959 512
1956 278
413 462
1939 1043
39 1601
440 479
1015 1135
1227 1446
1097 1628
1213 1837
288 1289
81 942
547 1680
569 1609
334 284
94 919
756 1572
277 847
837 212
104 214
255 1163
839 1281
1238 1509
1987 532
1599 1399
446 1797
82 1910
185 1239
1788 638
1182 542
828 1669
1601 336
111 1288
1355 166
356 276
976 1630
1194 96
4 748
839 173
929 822
1434 189
1455 1347
259 827
590 7
1152 506
135 643
478 1845
1276 837
504 908
1260 1621
1584 171
1675 1409
766 1135
1737 699
797 911
1587 1005
599 1543
1796 782
1640 1170
295 229
725 17
1884 9
399 1314
1643 1542
221 768
1329 340
182 1072
1412 78
821 399
1095 835
282 71
126 1371
1746 73
691 1176
389 1333
1024 354
1058 149
516 1900
1605 528
1067 1851
464 1066
1767 1954
650 392
1724 833
552 669
1863 1658
1734 1141
787 318
1281 1573
1345 224
927 400
1434 594
1807 1838
1640 868
1704 1864
1933 777
1116 200
1833 1652
878 1312
1908 1998
291 1744
1088 615
513 981
1207 1064
1708 555
221 1688
1540 1948
976 811
1908 1813
65 1245
437 1495
152 1073
1507 1029
1005 1733
1795 1534
29 1206
1203 1459
1725 1241
394 1483
1416 259
279 76
522 1658
477 1324
344 1042
1135 1970
1629 422
1708 295
1452 528
504 517
607 1308
1896 1652
1670 1015
1109 752
1923 921
1293 1886
1885 1295
1071 1171
1743 451
566 1052
1366 602
352 1862
694 281
350 1505
1710 1369
872 167
1874 829
1118 743
262 1863
888 555
342 132
552 988
26 874
1142 1811
884 155
1724 977
161 895
137 1208
1405 1763
1656 213
272 512
360 156
637 1782
1277 79
780 1333
77 28
1791 1959
660 166
737 1934
1863 1600
873 1767
341 1744
875 284
1453 1266
1843 477
1553 1620
1157 1672
1841 1377
1322 654
720 909
1068 1178
468 919
1177 1528
820 702
1696 1766
1423 1716
354 1096
1298 1834
945 1663
1806 139
885 1166
1774 929
542 299
1234 661
1334 1724
134 35
1068 130
415 1534
1404 757
480 673
983 683
763 736
1838 701
1049 928
136 1753
1586 75
931 1660
636 338
710 1078
240 1559
1909 326
693 1246
768 1891
1050 383
259 1127
1647 1499
924 520
795 717
1520 391
1144 1994
1017 1588
1220 1008
1792 1343
835 594
1127 1949
1443 1705
1440 204
1160 534
1103 627
1998 47
12 1487
991 219
1870 1891
907 1933
592 574
1256 791
980 949
106 1694
972 1790
1503 308
606 1162
1765 711
1206 1037
1478 849
432 765
1570 1728
1874 95
385 1224
1538 1705
191 604
1627 440
554 1271
913 985
1109 409
1236 133
1922 1456
1296 1444
1341 1728
739 1194
1144 1251
258 731
1549 378
1281 1093
1781 8
87 380
43 1418
1301 1108
1051 447
1880 1350
199 316
626 1441
1748 1303
1278 1814
1 156
72 1634
538 1767
1183 1983
1515 1691
650 238
754 838
1876 762
1877 466
1009 1418
1770 577
1360 360
10 899
1407 1914
1493 1080
1257 983
1330 812
154 1557
674 701
1108 1797
1443 1533
1677 567
262 522
1946 1328
1018 849
578 911
1001 1056
1843 1077
1166 689
1509 406
696 97
1268 673
1382 1483
958 1645
1014 531
1752 614
104 1002
741 675
670 405
586 1681
1861 1554
84 732
1095 1434
1583 740
1254 717
803 1885
314 1866
23 167
732 1635
1310 1256
1857 561
830 220
1169 890
1657 472
327 823
228 993
940 1540
1830 903
882 172
470 1567
700 1535
1317 1452
1048 1124
623 1618
67 249
1179 26
173 364
1171 605
2000 375
1958 1644
1151 712
1130 235
761 1942
613 1832
203 1430
1251 419
1054 662
1850 1636
1797 1465
1182 345
1269 457
379 383
121 1679
1593 159
1944 1540
485 186
108 658
833 970
943 1968
643 1225
1185 323
1640 267
245 112
1384 624
1750 1983
1765 150
1100 686
1494 927
1587 870
1230 1623
1138 1232
252 1730
506 1787
294 187
1081 33
1913 1458
1842 1255
1942 1605
1205 1935
1935 721
1529 1891
401 1006
588 22
222 1387
1995 1097
1524 1236
1547 1223
817 878
1614 1748
266 831
107 1114
705 583
1141 132
676 511
1666 1373
1261 1962
121 1785
1185 118
1329 147
309 880
1614 896
1755 1860
758 921
1253 1624
290 295
423 1510
57 1309
1367 432
526 864
1084 1840
1757 1101
1728 785
1086 851
1149 1622
993 119
1289 39
708 175
1626 630
481 1233
1701 266
1467 434
300 318
587 1263
859 1001
1376 1551
1769 1477
1450 540
1622 1276
394 129
480 255
1523 34
1274 1278
595 1710
1564 1201
1697 763
1943 389
1558 424
1824 139
1005 1941
220 602
161 1020
1680 282
333 1725
1065 1690
1237 1700
158 1448
1063 1041
1916 884
647 869
1777 1789
1464 1199
491 28
480 1420
1143 662
1761 1982
272 444
1255 1128
964 1928
279 1119
464 281
1121 114
278 148
474 346
260 514
1203 171
1411 862
350 629
1340 762
1160 97
1330 514
684 1784
879 1816
1346 1024
362 1509
1189 1938
1366 519
1692 553
1826 527
1919 1396
663 1196
1844 1899
1090 1385
1550 459
648 1976
918 1307
1558 196
638 100
299 876
1424 1867
646 1284
1247 1320
400 871
496 1425
803 1856
751 1683
1908 26
1794 1571
1497 1370
1202 567
1098 202
496 726
1042 1267
1080 1499
1551 512
99 971
281 1760
1347 457
1225 1921
1269 1345
1853 1398
1358 141
328 1075
746 1740
1113 320
1713 1839
734 322
491 1334
807 1626
1868 954
355 407
290 721
1848 1351
131 352
303 898
127 101
274 80
1315 868
1363 692
476 1107
683 1534
378 1275
1948 263
606 1667
1301 1519
487 224
333 1872
1413 1968
1407 181
1844 1592
149 502
334 322
1044 1204
1311 1118
1147 1890
1084 38
594 1564
642 719
869 677
358 441
763 1656
1414 338
219 1252
360 283
1821 1353
1894 70
595 349
934 270
1524 1628
1815 410
1549 652
1645 19
1964 84
1030 580
1315 1313
1643 1243
218 1399
1923 797
1684 566
1999 1842
556 1249
389 1165
1656 523
52 1586
86 1144
1584 1651
427 1128
1392 1250
1416 894
1957 439
1294 1782
834 626
800 1059
1284 1139
1786 240
1764 1730
596 1886
301 1389
1761 708
1275 1908
842 1750
1421 984
389 402
1252 616
1594 1732
740 577
628 1032
420 404
183 1873
1804 1085
70 543
1887 647
1029 729
1396 932
177 1929
1658 336
1972 1371
1854 1513
1076 705
9 307
1593 775
156 1759
699 410
925 1056
352 1056
759 1516
1326 801
984 1849
557 1632
1350 1282
1328 1800
407 218
1920 486
825 924
791 1681
1736 666
401 1715
1649 1642
1018 324
1519 1465
1045 1578
170 787
1593 1944
204 819
1977 502
994 1378
812 1922
667 670
326 431
521 827
1563 344
1550 599
1246 362
1158 1481
1200 227
1314 653
172 1905
112 1153
558 1479
562 1190
1747 588
403 527
999 760
1248 1945
1106 348
183 969
473 1265
1303 979
1234 316
1771 1190
774 1592
1194 1291
516 96
792 126
8 1972
1101 865
887 59
852 1389
1469 1784
24 1804
176 365
730 741
52 870
1921 1556
140 11
983 373
1190 232
1444 1732
1027 1772
1321 1945
811 159
255 1229
1542 79
69 978
251 101
893 569
1058 1415
88 1690
1452 1722
1030 1253
1663 269
1869 158
587 1889
939 1868
504 1715
1825 362
1582 261
1042 1551
1332 1590
1357 1968
1505 571
1644 1913
294 1581
1154 1040
1280 957
531 243
148 1777
681 727
821 1474
1102 910
1413 1153
1999 370
526 365
497 915
482 1116
1612 1970
559 1211
1734 1270
273 1354
1645 1130
766 1670
608 265
872 1286
798 288
1843 780
663 78
710 153
1359 584
1006 1250
848 718
1069 1148
127 421
904 454
1451 510
594 1325
706 1464
1345 339
955 1349
611 264
1577 1758
1613 1143
910 1028
1638 1809
921 911
1090 1330
866 1446
1231 885
543 1136
798 826
995 535
210 68
941 1418
1452 506
671 1611
342 1528
533 1571
1394 963
317 939
1504 123
132 1402
1864 1492
329 1463
391 9
1277 1274
914 411
661 862
1859 1483
1222 339
69 1518
1195 529
1445 1350
1651 1805
1335 601
1559 94
11 1240
1995 359
1959 146
28 287
1810 712
502 1415
35 1732
302 400
47 103
1492 1781
482 1869
869 123
165 71
1198 1676
1466 1963
721 1708
837 205
1686 1186
1922 1375
627 1438
1526 778
867 13
1033 1947
805 995
1533 1692
1670 1894
1506 1434
1515 1500
815 1336
866 622
892 1871
1362 1907
1065 1245
1055 505
917 603
312 811
501 1240
56 635
5 1134
1044 1851
1341 1927
1024 1177
1117 1562
138 1484
1078 761
1287 673
851 1288
1076 534
1472 266
1117 417
1219 149
924 1789
671 916
795 1919
1390 1342
1931 330
1782 1446
1698 801
332 1828
756 1146
83 596
1758 686
510 495
881 652
1402 1528
238 861
898 492
1936 1181
1886 319
258 1103
623 433
1158 261
1426 1933
1438 1849
1837 1530
1342 1470
315 962
1215 1295
1580 1132
169 716
1686 1117
139 1619
1875 413
1630 877
684 334
79 714
17 361
1973 431
979 593
1943 1028
697 226
155 1579
187 516
529 1577
1655 1501
355 1941
460 939
1844 166
1386 1839
1627 455
198 579
1146 1345
1829 1248
1719 10
1402 1734
932 1129
332 600
919 138
1484 174
1960 501
905 1823
705 388
1431 300
306 192
380 905
178 1876
590 1742
808 368
771 57
1547 1805
356 1792
1460 1638
857 1931
1136 393
918 472
1928 27
32 288
4 68
887 131
375 1028
102 230
1534 1489
1622 1676
665 429
633 422
342 507
752 838
456 818
1307 226
1756 1751
475 840
248 1079
1991 188
1045 1367
328 965
301 1364
442 1279
1817 116
1903 1168
1897 584
386 609
90 51
928 801
532 1100
659 1824
1639 1331
720 257
1400 1822
1611 509
1578 926
1306 1722
312 1997
220 519
900 1233
1931 821
193 1072
696 1143
1689 381
995 655
247 1362
1310 425
625 1214
746 674
624 1707
1631 753
396 1882
1655 1319
828 1563
1017 392
1357 1904
324 1575
1248 872
498 321
1071 1062
334 1283
1334 89
1845 215
426 1502
645 938
330 1314
1549 883
1660 557
1554 1407
339 1572
481 1695
1296 134
1588 1297
1074 374
1967 976
397 1603
1448 1597
1554 1865
184 454
1613 1743
679 838
1955 765
1986 1618
391 1512
635 587
58 258
61 1583
1981 912
707 1846
215 1569
1774 738
1545 271
580 747
348 250
1799 114
944 1564
1547 1627
562 560
443 324
881 378
1858 1599
1507 1411
676 1658
271 1148
1460 1282
608 438
942 1961
216 774
1768 37
547 71
324 369
896 278
1372 1051
1766 1590
571 912
213 1661
764 829
1866 902
40 1501
1942 506
1778 518
724 755
1501 986
384 1875
206 1074
489 835
441 967
269 474
1875 772
1220 1447
1536 550
733 730
697 1287
356 363
107 1386
1648 84
1027 390
49 1655
737 131
1571 1681
1122 1637
1790 1664
1581 516
651 807
1295 1191
1739 458
1746 415
779 336
639 1894
1964 535
1523 47
1635 1188
1925 1828
561 763
100 857
161 1313
46 1180
1265 1418
900 1695
289 1008
1927 233
209 931
796 1332
709 787
541 182
452 497
1840 1835
1898 1502
284 1926
688 610
364 1311
1930 547
1098 1690
740 42
152 1701
475 1155
1521 994
824 957
1048 683
1263 1428
1178 800
1893 325
1333 750
1605 1152
1589 1462
184 361
515 111
205 1198
1251 1257
927 795
997 768
922 1575
1421 1686
85 351
1955 575
1514 395
321 1692
1568 227
1650 1685
30 275
1070 1693
1046 28
1259 1094
1790 945
231 1676
1083 1674
273 1980
1049 1674
819 1879
1971 245
414 1546
106 1003
1699 839
1885 1950
444 1906
1826 509
426 1794
367 1332
1729 1348
1903 585
371 1106
1905 1312
1829 845
1158 1852
59 799
1412 1633
1248 23
225 805
1156 24
1713 1338
1646 1668
1525 702
1491 1308
901 858
294 1986
749 1353
227 1785
1812 1683
922 1398
530 1892
511 522
549 1294
888 45
1515 411
200 1522
353 1074
174 1381
519 1653
1580 1751
250 753
1449 1252
1712 571
1198 767
1060 371
323 772
417 853
570 348
374 120
1543 62
1751 1962
1035 1260
1595 1009
471 277
646 1886
1694 985
477 546
117 1565
1949 631
335 1448
75 1684
1091 81
1910 798
987 860
636 423
1264 509
746 559
374 52
130 1214
851 1193
448 1765
1206 1133
182 1905
1537 125
724 1391
1818 69
66 317
1956 924
1624 580
303 760
1879 829
997 1383
1555 159
494 1427
289 256
429 666
1898 144
419 1489
1836 1518
659 1719
1092 1511
1306 1152
212 1149
1438 728
1991 1737
191 465
1045 1607
1153 943
1848 986
836 1846
788 1324
556 1498
1711 111
767 660
851 1711
1464 1381
1334 287
774 1435
1140 1458
1471 576
1116 158
1507 36
1119 490
582 1071
682 349
1514 5
1888 15
1413 1557
329 1975
517 1225
614 1189
682 1159
57 503
178 1999
1503 154
1659 858
887 925
972 654
1224 151
1465 970
1493 1060
430 76
1364 1396
889 803
1231 1210
476 1410
1526 107
1704 1868
1635 1299
1917 56
331 223
479 448
1610 368
1978 575
793 1848
1183 842
900 453
1055 1057
815 1365
936 1837
936 217
1490 1711
1685 1720
1989 731
239 1091
1314 600
1173 1742
1089 116
828 92
1205 555
538 179
1610 1602
1909 690
583 703
1876 230
1740 644
1802 1912
1001 799
633 1051
167 1427
1437 707
1373 1404
1993 359
815 1882
1261 1206
346 563
563 826
73 15
466 409
830 518
382 981
1990 670
902 1613
379 1665
76 490
1729 1130
26 1523
1501 793
1154 270
619 1159
1131 189
1271 478
946 1468
1825 1274
981 125
276 1807
1526 434
169 281
1944 1721
1906 985
1736 1567
140 1772
327 231
1642 707
966 758
848 436
181 992
1065 483
109 151
1066 694
1641 1037
1155 1032
845 1945
227 1679
1088 1835
886 1802
398 145
647 442
1928 1242
1480 1022
1782 567
1369 610
1950 1667
1485 1375
836 1642
371 1631
1738 500
331 1286
481 1703
841 1583
643 551
1900 1291
1916 585
1712 797
562 1018
751 973
1520 1585
1969 1519
15 1124
616 1896
609 1094
1322 1664
847 1117
1334 77
849 1575
831 1036
1103 1038
255 898
863 1053
1142 1958
272 913
1920 382
833 446
163 1127
47 1727
218 450
1077 1165
1924 390
1129 1254
760 1566
1511 1255
1803 386
1690 285
141 1436
1510 1867
13 1522
1921 1639
611 1316
870 14
1200 1393
1920 1400
920 1952
1839 60
1182 1023
951 1417
1004 1660
182 1706
1517 1236
1756 1602
980 1845
1686 1007
1067 1666
547 1549
1661 736
1326 1895
229 197
937 153
631 163
1025 897
319 83
1535 341
685 1709
1176 1169
1907 496
1000 860
1887 677
1421 55
1716 1241
1576 1722
893 202
165 310
676 39
744 1778
973 1884
525 1586
1516 298
895 705
1064 467
1653 744
1831 637
928 428
1486 152
1916 1168
6 1975
1216 1951
475 72
1057 657
1410 264
1864 1675
1912 1498
960 1071
455 448
1083 1328
1639 1411
386 1972
270 20
141 1779
36 862
49 793
171 1514
1453 612
855 150
1 1325
390 449
14 1941
813 1666
1360 1759
782 385
1229 253
470 856
1029 1639
1031 859
211 329
114 210
1555 1290
1768 437
248 1943
1550 304
1927 1570
692 1382
531 1873
1565 1370
1707 498
387 1695
208 186
1025 1699
1562 1186
200 1448
1368 824
1339 1720
1409 460
1842 1092
738 1239
1475 113
176 1395
51 946
864 1793
1063 1678
1305 892
56 1889
512 414
805 1964
220 1778
701 499
615 38
1363 1604
1149 1262
413 201
305 1072
1656 1552
1364 1738
1436 83
1537 1138
591 315
607 1950
699 1691
1759 274
1594 1608
1573 743
1429 738
488 1033
1821 558
786 1813
333 193
1293 1284
1590 1817
933 897
1002 1349
1300 667
244 463
307 1512
1705 363
1689 948
1713 1526
280 914
1823 1414
1948 807
16 820
1671 960
53 1138
1487 1929
240 914
1390 971
330 1474
975 115
723 669
304 622
645 1017
809 1577
771 1808
1127 521
150 615
1222 724
1279 241
625 133
988 103
402 1079
1909 1650
507 1828
1265 1755
635 1348
817 27
916 325
90 165
868 1643
1267 1959
1687 478
1223 136
435 1473
580 265
1953 1567
9 1812
1829 794
790 1402
1682 1377
313 1536
81 1532
1411 1992
1865 1374
2 1023
1111 1076
948 173
1791 548
1299 372
1576 1429
25 42
500 1129
1874 204
416 850
1801 1209
1632 209
767 1355
943 154
473 1860
894 784
337 1504
1795 373
625 1377
1458 1934
1649 1491
972 1983
471 1560
1773 936
473 1595
202 1442
1486 1472
1455 1825
1745 204
1454 18
689 1638
368 684
1729 1889
1210 166
949 1687
1560 1625
1112 305
1266 1480
1368 1557
1544 92
1924 1869
1224 160
1122 1426
1584 5
124 1300
1511 113
1685 818
308 535
539 890
1043 257
1316 1883
1359 1256
909 1107
634 32
1300 144
444 1546
1146 1222
1954 1253
902 1615
1269 406
127 904
1365 1569
573 1777
58 1038
1809 1350
279 788
435 1977
559 1234
314 1105
534 388
678 739
1497 397
1223 479
1431 45
1486 1570
1074 1684
185 1965
1548 717
827 1305
561 639
1727 552
1462 62
1479 394
951 852
1870 1075
1083 1938
1221 1055
1857 70
1985 484
631 827
1766 257
1812 1520
1211 1574
1581 1988
1038 1595
944 1325
842 1793
437 834
891 1602
1263 1348
1023 22
605 1062
1861 1958
639 523
15 929
45 1340
1616 1151
739 1581
1354 458
438 747
223 578
1363 813
192 357
1913 1184
1882 618
632 66
1834 194
1129 301
1617 891
681 1439
1560 1346
604 376
20 431
1409 1781
931 1887
267 1020
113 1932
566 353
142 526
129 412
1243 267
37 626
477 76
235 958
786 1275
1475 370
901 311
242 824
93 1847
1536 337
1369 599
879 1817
626 1495
67 1739
876 1830
1885 1162
1302 1653
1338 1114
347 962
188 682
1170 1814
370 7
202 1065
941 435
1056 597
1191 1718
1703 453
942 1878
989 777
688 62
803 1718
1939 1316
426 533
1919 1776
138 1199
1469 1283
1588 1820
1564 189
755 1157
702 1361
1463 420
1794 1359
406 224
1451 1168
1544 1181
1395 1480
1704 1781
698 1156
802 1801
1503 112
1783 189
1241 1249
319 1779
1410 1237
1367 461
1089 1590
912 629
1250 341
1891 965
1392 3
343 1070
436 30
736 1552
658 681
1694 196
248 1333
1101 1208
1040 1909
1195 1620
886 1463
1816 1477
1652 298
1953 1422
739 1900
256 575
290 1609
528 1488
1258 474
236 698
467 139
1229 673
254 1982
1798 1980
103 874
549 304
328 768
961 276
1327 1914
947 1800
653 332
200 963
476 469
1651 395
1174 1679
91 775
50 280
1961 1000
1219 252
668 1912
1267 414
1736 568
1750 1664
1427 921
844 36
1832 1470
902 1160
1631 899
918 253
1396 500
553 356
113 427
1321 794
501 1772
1497 1387
1097 1178
749 1890
1740 1574
1285 564
1845 1010
612 1191
425 1374
178 1092
1300 1228
163 21
1556 1992
286 1629
678 1988
1292 769
1274 693
668 1217
853 847
1589 1974
103 617
971 1832
533 584
1416 163
466 1731
565 745
1815 619
1087 1940
33 51
449 1901
1557 112
524 1702
111 846
816 1559
1960 237
1870 997
1198 327
598 746
814 641
1776 932
350 1923
1683 1884
1630 1290
12 177
1678 557
18 1957
1010 815
903 299
1193 1100
1165 1079
1006 1744
1372 1527
385 734
1061 444
1332 1043
392 861
1971 655
1974 349
672 1482
1445 1460
1599 355
1650 1339
1478 443
1940 1276
347 591
1277 1235
1450 155
1220 1607
1582 564
741 691
1120 1880
1282 710
1288 41
1651 1134
488 529
986 1447
1677 1227
1166 1809
178 1173
1689 839
903 900
1329 1984
1716 668
1827 568
1824 1647
1949 1804
1398 1157
1853 1575
766 1069
400 831
1641 1682
258 473
453 1830
917 982
1535 1392
249 1775
1492 1972
1854 1382
495 1450
1720 1011
930 1281
1946 1189
726 1657
137 1527
989 907
1483 1147
1474 600
1635 1052
792 386
514 1937
1041 1386
77 446
1490 1673
1280 1904
1495 375
262 993
1081 1979
681 1981
1733 355
1254 1919
1859 1513
1881 1385
1962 29
1860 1009
1794 791
1042 1791
483 469
1579 495
1688 1980
44 1991
743 930
1258 1663
1568 1174
1954 613
1131 1201
1865 1142
1195 1642
1078 484
1150 1118
199 661
1097 130
545 567
1624 179
683 458 1117 1496 1373 1563 1016 608 1036 1655 118 811 140 539 1183 934 1147 1694 317 61 1919 463 9 1932 1356 1476 1518 1997 1300 1497 1917 1786 1451 1475 281 1089 1612 1394 1794 1145 1697 1359 373 1867 1004 1753 1480 1775 1144 1865 1453 533 471 842 393 303 1162 380 799 1430 1357 1889 1354 412 975 621 1609 1493 38 867 1460 235 1181 322 532 1642 1993 638 184 681 1046 1788 1816 519 1398 1160 1339 979 1998 1455 1956 583 1505 1857 1828 80 153 631 1274 441 1154 1008 1482 1825 1402 554 1437 30 1329 324 1698 505 1024 1492 579 951 717 844 1807 528 1937 1685 1417 745 474 604 1156 92 833 1283 794 424 1287 279 1108 1376 327 1852 1665 121 1820 1760 1488 750 593 572 334 940 365 1389 1332 896 1207 504 484 685 257 129 1957 1327 170 1392 1922 432 1458 1230 11 1578 49 1002 1368 1530 106 1847 1404 1757 809 1015 1259 944 775 1531 343 1152 1182 1910 85 1872 672 705 741 1913 1536 37 289 555 988 1264 1090 134 851 983 1557 1833 1240 525 242 1908 1429 1495 1561 1244 879 1827 698 1224 1346 544 361 649 1591 710 10 200 512 255 1942 1802 991 1010 1239 234 885 1443 313 1936 113 1515 1051 1858 1416 495 344 66 508 363 246 1630 1611 1648 1151 359 259 1403 264 1127 962 382 1923 1674 55 1803 1971 967 1252 900 175 789 1782 59 854 564 1598 684 1500 1067 404 938 1640 1862 46 1457 686 1322 984 337 1999 1789 1129 990 1112 620 826 87 993 96 1727 348 456 1005 919 901 270 1892 1535 1911 1038 510 1730 1461 407 1951 1415 155 592 1087 619 1003 1814 244 1055 1323 848 223 1976 65 1236 1586 1558 438 7 431 1539 1320 130 1795 1411 1340 206 338 1116 422 214 574 455 1778 591 1650 1878 22 1401 797 524 415 545 1064 1915 1573 1276 688 1150 192 1062 108 1759 1397 961 1315 226 1019 1651 515 1174 530 1621 736 1400 1468 1670 1341 98 469 1673 845 1328 603 445 162 1629 125 1039 1514 858 835 1369 689 711 590 439 904 1109 1626 1983 1562 747 198 547 807 294 1874 1863 836 849 565 1176 792 397 27 1168 1559 1158 332 1335 549 768 758 1027 732 656 1644 63 1122 90 1442 369 1499 1616 1256 1688 1383 1575 1420 221 561 133 1991 326 1384 127 541 146 171 448 1155 1382 74 199 1604 1893 615 1123 852 68 48 744 296 1668 1851 976 662 406 254 379 1780 237 973 1639 703 1381 266 449 128 978 1208 1912 468 202 1716 682 1645 1994 269 883 12 479 247 168 1053 1078 918 117 368 1159 1104 1597 1199 425 160 1975 477 1799 567 470 1676 1696 82 1101 644 651 942 1928 1801 874 1555 537 1762 1980 1200 1718 1570 342 1710 760 159 513 1071 1524 1262 637 478 1529 459 864 1065 1905 1637 1462 575 1895 1410 1102 1486 1061 704 998 1549 1428 840 1082 230 873 228 1781 56 805 526 1902 663 989 1647 23 1297 946 297 1124 271 1365 13 1261 1255 1251 1838 166 757 488 769 308 465 391 1014 594 300 933 677 1880 1813 802 1076 1888 433 1815 652 1568 738 1842 1733 1734 1254 600 1883 969 1746 1266 718 1391 356 1485 693 1879 243 1487 1894 88 1052 1289 1615 387 236 24 1959 1924 623 330 1783 305 1337 1903 444 871 1231 855 632 1105 1084 1509 1808 1422 1859 1452 1512 1967 1467 434 1772 509 1810 1605 28 1660 1232 1088 145 640 881 653 658 746 1546 1489 749 1970 585 263 1077 624 1796 1421 83 287 1981 31 1875 1175 1318 1032 1709 1916 1886 1219 69 628 827 191 43 895 150 258 1938 1871 1120 1075 928 169 1722 164 1846 1726 1407 997 1209 1385 742 1063 187 1821 47 911 1503 634 965 992 1819 1491 211 1149 249 34 388 1093 629 384 522 627 1326 427 878 791 1187 81 1362 626 51 112 645 808 1079 1253 1498 839 1635 1028 293 1646 292 209 207 813 19 354 273 1204 1009 875 1837 1119 863 1235 1589 595 1074 1165 850 1582 1222 1958 1305 1576 1441 1793 1634 429 1331 890 1921 892 1469 1000 1638 793 418 764 606 1141 1 909 955 18 1787 801 1275 731 668 1742 815 514 531 1965 1313 1713 1508 1954 1682 822 853 694 1853 1520 71 1835 931 437 1188 1234 497 937 1784 1926 580 1834 646 902 277 1989 1613 679 1721 1242 290 104 239 1358 1766 1763 1086 1 1695 402 1501 222 790 1703 924 399 1450 1386 664 443 411 806 1043 1517 1091 622 1765 320 1896 138 176 1419 536 907 8 1267 1479 1325 454 1947 1522 952 1732 1470 1527 1463 487 1223 1553 796 1001 1744 635 1307 1931 986 1918 167 935 97 267 1652 450 409 154 453 1153 1343 1191 1577 1106 968 1622 15 26 562 1860 165 1973 1571 256 1854 1541 17 218 743 939 798 1133 906 729 1186 109 1427 913 95 57 41 1349 1205 1507 617 1969 372 1044 501 678 1776 1456 726 103 699 1351 921 756 272 616 1826 280 494 316 1610 1843 1069 589 136 1519 1584 16 1572 1564 346 1987 1271 1770 1030 1864 581 1952 1990 40 930 702 472 1569 1172 394 560 1140 1040 1484 1574 1321 364 772 1805 713 511 227 1592 1324 275 1045 803 1822 556 1423 540 1111 395 1132 378 697 77 1395 341 339 868 1136 1511 225 1299 173 1353 1754 460 413 100 1142 122 1624 1095 1258 804 238 1714 893 1446 905 1295 383 99 64 1432 571 960 821 1128 1995 1669 1177 727 1671 328 523 625 142 1600 800 1602 367 1277 1654 559 1839 1434 1666 980 45 817 1280 860 216 1841 1533 899 527 1588 161 1633 1206 1628 1658 1448 1756 722 1396 1933 1706 1250 1388 953 1677 1049 1018 105 597 676 417 1281 985 467 1707 323 1619 385 278 158 1653 971 1986 291 1704 163 1532 241 1440 582 131 400 114 1643 1211 1490 1583 655 1180 1405 618 1925 1025 916 311 670 1302 1296 1375 865 861 1625 473 1804 783 426 777 148 1163 596 205 834 857 1246 116 740 1196 503 62 240 1935 212 52 1877 156 1526 1736 262 319 1631 1221 1681 483 633 180 1844 1139 1013 1943 340 630 416 1278 1473 1751 584 457 1764 787 846 401 781 517 721 231 1743 304 1705 78 1720 642 1110 1238 1850 1944 673 1899 1366 824 996 1298 1664 325 667 1228 1080 1790 1344 1286 1738 949 1544 1747 362 1134 1603 208 1379 1330 1103 1363 1901 751 261 141 1226 475 452 1085 183 1285 972 197 1184 120 1545 1523 177 1566 977 194 347 6 1547 1113 1166 358 1260 914 1023 762 1169 1777 599 1449 1301 1248 310 1977 377 1750 568 265 201 420 706 1620 1249 188 1471 1245 186 185 1418 491 107 1212 1317 1806 58 5 260 1700 1791 1953 76 598 1809 1897 1741 282 1510 42 518 748 1984 650 927 1675 1929 1193 253 1731 1164 765 111 1525 172 436 174 966 1194 1946 1148 349 2 1774 315 1641 680 733 767 725 336 1679 1099 958 1632 1996 1812 696 1749 1438 72 1006 886 1270 1068 1758 203 410 196 307 1824 1215 1135 489 841 1601 1233 232 496 1823 759 690 925 248 825 917 692 654 1125 499 1885 712 602 331 818 771 1686 566 1292 715 1399 94 1845 829 1595 1054 1680 1435 707 785 922 1268 213 1115 1941 139 1755 915 730 215 546 464 1408 421 1693 816 144 1072 773 882 613 970 1094 636 500 1342 370 1920 923 375 999 268 396 660 1540 1338 245 1581 14 312 1190 1554 1007 284 93 674 1220 1818 1729 390 33 1836 1617 981 1057 285 1217 1898 1137 132 355 481 480 1197 1748 1692 193 1687 641 786 1364 1214 1237 1887 1556 1848 1985 1909 1444 1454 1314 1272 274 897 366 435 1022 1761 948 224 838 1752 54 588 832 1849 1689 894 814 1203 1170 1699 1728 607 1656 903 1618 318 709 1551 1661 1868 1143 755 507 1414 25 671 1092 251 195 1333 1021 1041 828 1371 1866 351 1288 35 1982 1037 716 137 1478 1282 926 1439 329 419 1585 1350 1481 1048 1060 1173 1118 1413 476 1056 1361 1966 1355 181 1891 586 856 563 1377 908 1465 1890 569 880 1719 776 1955 1098 502 552 1855 408 1599 403 577 675 714 276 659 1945 695 891 763 204 110 1083 220 1192 1715 1130 482 1304 84 53 1360 1370 1035 535 538 1513 1884 956 1914 1225 1960 286 381 576 135 1311 548 1797 1792 1310 708 823 1198 1348 1131 288 987 1312 1972 859 151 932 152 737 1309 91 1663 1717 1447 1243 143 1257 405 1962 1380 1284 335 1950 1649 1426 639 233 520 492 1580 1216 1097 178 1293 1723 179 782 314 1506 1659 521 1725 70 1372 350 648 1565 1146 877 252 1798 414 1425 876 887 1779 1771 1672 820 1735 1504 578 866 1840 210 1702 724 611 1241 1904 1431 1940 1459 766 1290 1031 529 73 398 701 1594 101 982 1869 1058 219 557 447 957 872 734 102 974 898 1552 446 612 1059 1534 1050 995 1029 1882 1701 21 1436 1466 1107 1543 1291 1740 1657 75 1961 1195 1412 1992 1542 884 1483 889 309 357 298 283 543 423 1690 661 1873 920 1607 1081 1829 1011 149 1114 1830 1178 462 929 189 1769 1306 720 1378 810 374 1308 321 1712 687 44 1409 389 147 360 1387 959 1265 1614 945 1367 229 119 1352 1189 1608 910 943 647 1817 550 610 1900 669 1316 1939 1861 1202 442 941 1773 573 1066 1768 761 1171 1334 1988 1593 1494 728 665 1550 601 1930 1374 1667 1070 1167 1218 739 779 1034 1472 182 1876 950 954 36 1964 1516 843 461 1345 1662 190 1978 666 428 3 451 1906 1269 352 39 1390 32 1347 1073 1433 1393 1294 1020 1636 1227 700 1724 1502 1138 392 490 819 50 217 831 1606 1745 870 551 830 376 778 795 1800 609 774 157 1336 614 126 1590 1934 1537 345 1831 847 1012 299 1042 1832 1213 1683 691 964 1033 1739 1811 1424 1185 306 837 1587 1567 1974 869 735 353 754 753 1229 79 124 295 486 493 1528 558 250 1474 67 1785 643 1548 784 770 1157 485 301 302 912 466 1100 1684 20 123 430 1319 888 1521 812 1464 440 1026 1579 788 994 587 1678 719 963 1247 542 1201 1627 1963 4 723 1711 1968 1927 1737 947 1538 657 1263 1121 936 1691 780 570 115 1047 1303 1907 516 1179 534 1949 498 1979 862 506 605 60 1881 1560 1856 371 1126 1445 1596 29 1406 1767 333 1210 89 1708 86 386 752 1870 1096 1273 1161 1279 553 1948 1477 1017 1623
