2000 1999
1245 7
1551 1583
1949 869
581 388
392 675
1267 1504
118 1879
1479 607
1215 1520
1841 147
698 472
1135 1731
428 259
286 218
1344 1947
1163 571
1270 1908
598 1300
209 841
559 421
1589 775
822 1823
1618 1140
1740 540
1444 605
745 432
820 1203
686 1615
1306 827
724 771
1509 1045
219 169
374 1273
1132 1318
1991 1682
1348 1168
9 982
1813 207
673 894
1726 1944
545 1917
1414 1424
744 971
149 418
837 1111
906 286
1969 204
591 102
1544 1552
1059 364
1291 592
789 1072
176 86
1596 1354
674 1390
796 1233
1132 557
407 692
950 866
1037 1963
1665 1465
1387 1225
426 1092
899 285
345 1434
1366 1518
108 1757
888 62
212 1410
704 137
672 118
470 1498
1815 1002
1788 1687
238 180
1221 1250
780 359
1807 1165
216 1991
1966 839
1946 672
432 591
525 1912
1227 717
1911 143
1289 1003
37 1837
135 628
38 1164
414 721
862 913
1103 1956
1625 964
1827 1169
1428 1121
417 40
1761 1659
1803 1946
1833 663
667 1089
369 482
1031 228
1301 809
1726 528
155 21
755 1027
1106 247
1841 439
726 1934
221 464
1508 306
1066 177
848 939
1982 1749
572 398
1801 584
1713 1419
23 282
1791 307
1114 1476
521 182
793 1556
1512 1766
1784 1773
1230 1770
1026 1772
327 943
919 666
493 461
1352 352
683 1262
416 580
994 1506
1893 1149
918 544
795 1754
1711 976
667 159
1299 1298
1105 1898
1582 46
816 1624
1137 103
1523 594
1345 1775
1199 154
1341 1260
988 1553
446 1745
1088 1386
600 1492
322 742
74 435
1446 1011
146 1890
1886 896
415 1081
1417 507
1290 1416
1650 129
735 1630
1643 697
88 425
524 1900
891 1622
1295 1958
1681 434
915 1938
495 1359
1877 1630
1019 1585
1432 873
60 1583
975 819
980 62
990 1908
1655 578
1488 35
1845 805
40 1396
1943 1955
974 690
98 1999
1737 1718
770 447
1085 1147
1705 175
1058 986
362 1909
299 502
798 317
1686 364
194 1805
453 390
758 1643
823 1453
1469 1744
253 1174
1236 1903
662 85
1064 218
695 1984
562 1941
1184 1797
256 385
183 157
327 748
1607 1022
1921 1688
657 366
11 696
1219 1196
1387 1905
481 457
1481 1983
627 1911
1242 1817
144 671
1996 812
140 68
1272 1595
1956 600
1023 1866
155 5
1116 1579
1062 1013
1520 1271
269 1910
1412 763
1068 83
1470 1400
1673 1155
1142 165
1189 1334
1443 1471
857 1273
760 1703
1902 1191
1351 1979
1297 14
1858 1213
707 8
64 1115
1811 1008
634 1404
1499 1337
1141 729
977 1386
1598 1318
963 554
176 1411
1212 1290
1128 1411
473 1979
1575 745
1064 1423
1787 384
1035 1776
1369 1253
1570 397
1497 1347
1080 173
1302 975
128 1055
1187 355
962 1690
919 686
289 521
389 510
1277 21
1994 1794
1853 1436
1548 654
616 1333
136 122
1274 1540
688 863
1537 465
1263 960
245 882
340 1117
589 203
269 233
1927 1216
998 22
413 1200
1099 930
71 1977
45 645
1015 718
1950 1816
1628 1471
1136 1800
861 942
1952 1102
83 1264
854 1013
996 1533
1723 564
1237 1670
96 1953
1400 1119
1066 1869
1666 460
1334 1228
80 1727
883 784
1486 239
1123 1437
200 1095
361 1578
1216 354
970 220
677 1462
1081 1210
865 433
350 613
4 1144
1830 1309
100 547
1774 1151
957 1600
1595 994
1331 1820
1057 429
1284 626
454 1215
1638 1260
1010 511
20 708
1921 53
768 637
221 662
172 725
354 522
1462 1781
1503 929
1034 1814
635 422
1876 653
792 1625
1381 104
1987 948
371 1961
117 1501
126 999
1228 594
490 1171
911 1430
640 1530
1420 1378
1052 1824
1320 952
1687 752
924 1835
97 450
379 1651
1122 1441
1746 700
1992 1730
1295 1503
1203 699
1581 1527
1356 1234
429 121
232 647
1750 1035
497 545
1489 1441
72 1828
1001 210
1147 539
653 1113
1546 1714
1149 443
377 358
1032 1688
1268 1483
786 1361
1079 1006
1074 973
195 1676
1612 1707
1195 477
82 1882
336 1778
312 1689
168 1268
1392 1370
27 766
802 325
19 517
255 162
308 1891
1208 365
1535 1839
1336 1176
939 1122
1623 1568
1672 670
1186 1159
1661 293
1954 1522
1516 991
1449 3
132 1777
1346 481
1127 1478
238 465
1720 1559
1266 381
1371 1818
501 1621
90 152
1862 1932
1832 1822
650 49
770 14
1395 171
367 983
987 59
1038 1041
715 1234
762 1198
1021 1771
309 544
348 1640
467 534
94 642
1417 821
1881 1230
1405 683
59 1112
235 815
1445 1891
1090 779
1577 942
615 393
902 529
1073 1256
488 1407
1533 89
495 1245
1863 1224
384 233
1623 509
547 97
1698 1511
588 1137
1484 1732
1713 1890
981 1075
1670 1487
476 148
1403 1951
376 457
1406 1547
246 892
519 320
899 1941
1927 142
95 671
1356 205
484 1205
1965 1949
926 1665
961 796
311 788
871 383
1008 1636
1730 132
1494 1514
1602 636
951 1652
1708 1989
1238 1062
1642 413
422 1828
193 1593
1232 1056
1827 194
264 1868
243 1259
1528 1412
732 425
1072 875
520 1553
1948 124
1997 1909
1166 240
767 1452
1650 113
1510 508
1477 1338
219 213
1243 1105
1938 523
489 184
831 1825
400 448
1293 1190
274 1935
1227 1562
489 1980
917 1675
13 1382
1239 1364
484 1372
639 1939
231 937
28 1782
612 1892
1831 1086
177 1181
274 925
430 1564
777 5
587 1466
771 889
1236 1975
1294 1226
299 458
1265 634
1344 164
933 1518
1038 1129
850 1414
1317 682
519 1490
1401 984
1247 17
1866 1790
551 1679
96 842
63 157
1271 1798
937 1836
1609 1660
1384 337
1419 733
1408 690
1894 56
321 56
999 1255
154 1759
583 1061
12 43
192 1618
1130 1743
1699 518
513 1959
909 1792
1631 1415
1487 211
70 1485
1164 1206
281 1834
1705 664
147 782
1274 1549
1314 1450
599 471
1784 50
1088 622
1839 1691
905 259
1605 1651
791 187
543 1305
710 260
310 869
125 1862
1910 726
1340 1943
1303 1431
928 24
1142 300
1134 730
1919 685
1584 1653
1353 1582
403 167
814 463
668 10
825 388
1962 1065
55 596
539 767
1834 369
1763 1747
335 1777
1969 90
1940 1889
166 361
1186 254
1494 1113
10 230
990 470
801 1802
527 439
1232 580
1429 560
316 1458
271 885
190 32
783 1857
651 759
743 1388
907 1516
30 449
1744 1752
151 1806
894 220
1865 886
1871 1789
522 693
330 1429
557 1198
883 199
1248 997
171 1292
409 326
370 431
1574 48
1201 458
149 669
566 603
1405 1889
1 212
67 1764
1819 500
1161 1674
375 1637
1616 1219
727 678
1190 665
440 1292
897 1448
1397 542
761 1241
1454 426
129 446
679 1276
6 843
37 943
163 1722
399 860
197 57
1626 1496
1337 1764
1681 382
958 568
1617 1179
175 1671
991 223
1283 66
1316 1739
696 324
1664 1712
1403 1878
597 334
1500 115
1937 1964
336 820
1658 1568
1993 1171
632 1255
589 707
387 368
1970 73
844 187
1519 437
25 297
243 1596
693 799
1515 1997
1749 1852
1515 709
717 329
198 54
122 1029
1202 1550
180 1308
476 1140
448 1082
146 1311
1632 305
701 1457
669 1036
1058 150
1332 467
117 38
835 1408
1373 1418
1221 1598
303 1806
833 934
630 1835
419 512
1029 1365
167 949
1564 1826
294 1870
310 947
1849 1514
642 1021
1620 1767
1763 81
1660 835
1402 1851
360 993
1280 998
1280 31
1779 872
818 183
107 1063
992 1975
1019 65
494 33
525 192
559 956
1458 648
279 839
684 479
1288 676
472 862
783 261
575 1235
1902 1603
464 1901
1496 1691
1682 321
1392 1302
65 989
901 1983
331 1615
380 1152
1931 606
1473 374
1521 1769
291 1101
1723 832
576 121
125 1120
1743 401
1616 106
775 1046
412 394
588 1504
930 296
1083 1512
1865 226
1178 179
1592 1856
331 1968
1179 1793
444 984
1056 1313
181 1652
801 804
604 1524
488 703
1383 378
466 764
329 706
1046 203
13 546
1166 254
1125 478
713 598
649 1377
1864 1489
552 1192
1426 1486
1755 633
898 1041
1000 1257
442 656
858 1047
1103 1330
115 99
1185 562
1793 1775
303 1247
1963 1814
1881 253
768 932
1859 1385
1825 800
1569 1201
1416 1519
76 1162
101 1319
53 1453
1842 127
1054 574
1133 1760
1826 313
424 1527
188 262
956 1319
1404 802
1348 536
882 787
549 119
749 1668
236 123
1131 1472
888 1481
1323 433
363 1282
992 1928
905 1597
582 1242
297 651
1241 638
241 631
1935 1389
1528 1855
538 1353
196 1803
1194 1664
1892 516
1096 487
1098 1214
1714 1094
614 925
790 847
206 1945
1669 1428
639 114
1967 1463
1469 239
95 1747
1098 818
417 537
1183 455
1300 1335
1460 312
1988 58
1648 1502
877 1684
1086 737
830 144
1888 1018
156 1379
1816 1335
42 732
691 723
527 1799
734 1717
1899 308
708 1160
918 1182
1032 1567
1358 277
266 313
1346 79
1194 1914
1925 44
1362 1593
1497 356
1974 1360
1895 353
389 1461
138 1741
756 638
1661 1674
209 1654
189 592
1788 169
1467 676
404 1204
1394 1831
411 1685
1145 145
131 1151
979 1738
1724 16
217 1833
197 151
622 817
597 1138
933 462
103 624
1871 232
1243 720
1427 190
1601 729
1061 1286
515 1638
1525 904
1509 1904
368 1529
1968 214
447 1305
655 1545
1656 201
1915 711
1328 1330
1482 641
1324 1716
63 1894
1003 114
1700 99
335 91
920 618
1125 1050
1231 244
1619 715
131 1729
1363 1799
1735 188
893 874
252 358
294 1837
1922 419
1535 1843
606 1597
281 1967
1972 1146
1548 1391
1435 1573
1464 300
1819 1845
1543 593
1978 1990
1847 907
807 532
537 2000
809 185
74 48
585 1000
798 452
1513 595
1728 64
1555 1920
416 569
1986 186
897 646
1433 1624
1286 687
769 1385
1867 569
1807 741
483 1076
251 1317
1156 1285
1456 1026
105 1787
849 1507
1044 576
244 1254
1879 1430
1756 505
738 936
1131 272
1985 1169
34 778
1390 289
391 747
1550 781
224 1374
68 1328
252 130
392 1050
1756 1854
441 1859
1329 625
104 1897
348 133
365 51
1748 1715
1885 397
720 1703
1906 1218
635 25
486 302
287 241
1926 1877
819 306
1923 931
1304 810
1080 270
1104 26
1391 1657
1314 947
1554 186
706 414
1522 1095
1613 895
799 977
450 982
1771 910
1376 199
1323 1107
680 964
1734 532
1813 1407
757 658
1369 1581
1913 1202
41 1634
1773 1374
1706 1084
1617 751
1207 1916
1629 877
76 1492
903 1608
555 46
790 722
160 1178
1447 1914
1680 814
1853 570
1783 916
1566 1424
1998 1006
561 1742
469 761
855 163
954 479
506 261
29 1402
1952 1409
603 1240
1656 734
1594 602
196 1111
1372 1966
887 1034
1559 926
499 1259
904 1961
80 530
923 864
1138 1191
1657 1172
508 1315
1529 307
838 57
1498 700
1017 1936
375 1016
687 777
434 502
453 613
1804 1049
1100 514
846 684
936 295
1320 865
512 27
227 352
782 1342
1861 1211
88 784
1719 1217
887 164
82 756
1981 1874
1183 1671
657 349
946 741
1702 191
1223 367
1448 689
1499 1534
1838 776
1830 1754
517 225
974 714
923 399
828 911
1123 1755
161 1876
1645 1459
1097 949
191 1134
1586 1012
1251 345
485 228
36 1024
249 290
1683 1251
1233 1716
1422 1301
210 1075
1272 31
1126 1561
497 226
1382 1733
255 1020
721 1994
1446 750
267 1608
456 1741
2 1642
826 1250
498 1117
45 921
1093 841
263 1751
944 1758
1884 487
1987 629
813 1200
1544 1644
968 503
944 1897
938 101
1044 1511
1844 406
1532 881
1634 257
650 449
808 688
596 50
716 135
93 215
475 581
1326 293
1880 338
1926 1948
26 1985
1279 1310
333 815
1229 723
1170 1270
1281 270
1591 853
1591 1603
1225 698
195 550
563 1022
628 1042
1560 1782
43 1311
1077 1432
1675 1144
1863 1510
1554 139
549 879
1491 574
1560 792
953 1258
1413 1970
1500 442
357 1436
1170 1488
1860 440
1091 1069
614 1977
501 912
1539 1067
77 1556
272 1692
584 66
1468 1395
1584 2
1501 1785
914 1444
758 474
1263 661
563 504
102 362
428 113
189 972
1759 1537
648 1798
1010 1957
301 234
1572 1312
1239 1842
198 535
1155 623
1677 1479
491 1588
1380 962
1357 995
746 1457
1467 325
229 773
966 838
993 248
917 265
1009 52
504 1129
1167 1599
586 1148
1188 1629
1174 1901
1249 1945
1735 1173
1119 1143
100 1753
627 395
817 283
23 866
1118 1143
1789 1005
1840 1800
1461 1724
1740 940
1887 1587
403 1609
111 885
1610 268
1157 1849
599 1701
276 710
174 1721
1965 298
1832 134
1950 1795
916 941
1805 876
168 1635
1848 1363
961 431
1470 570
637 344
922 585
292 1752
1464 357
1287 797
1057 483
1338 1704
854 1906
1150 978
1922 350
1296 1434
1406 1563
1506 158
1692 256
1332 571
49 262
1846 1027
396 1846
1769 1222
1532 921
558 682
1738 577
871 1613
1996 1690
128 1717
1060 334
608 1858
1960 1480
1699 1188
876 1534
1378 1030
849 1610
556 1745
711 552
1662 1936
846 774
1156 828
1109 1836
1995 1958
1389 1409
1734 609
1700 351
830 1422
1217 1159
344 201
234 1218
156 533
278 242
6 275
142 737
986 1491
1331 959
728 211
702 1398
1193 1269
1121 1345
1868 423
1736 420
556 1028
314 44
423 1646
781 1184
1373 1060
1396 1929
1797 659
714 1283
922 890
1899 656
1995 1809
427 1934
237 1033
1350 394
94 1094
928 1484
853 1455
736 1371
405 17
816 988
1443 1114
1421 315
625 1555
1530 1036
755 836
1601 1284
250 1880
855 1307
1474 823
1654 541
1731 1455
208 856
1804 526
353 410
304 1907
808 1011
87 158
652 1614
573 1278
1074 1676
1790 1352
1847 405
966 295
1722 540
864 1162
322 859
1721 52
906 1728
673 1333
1196 747
1810 1099
965 1685
1886 407
1421 206
474 1751
1964 1850
1157 811
940 1844
1028 875
1361 1043
1465 1101
738 1538
1182 1376
260 1786
759 1370
1861 753
615 468
1339 170
1696 1025
332 1641
386 473
111 1440
1005 1007
1605 1375
1942 138
1606 1278
459 1772
1042 976
511 213
1437 575
851 93
1168 390
77 663
858 753
1933 1668
1322 277
1106 1466
1040 1732
908 420
1104 611
1321 929
1542 18
1549 765
240 812
561 480
411 1277
84 658
73 87
1919 491
1611 845
1460 779
1903 1727
960 28
33 79
872 1916
610 130
971 1439
1087 967
609 1524
415 314
1180 1070
1896 1635
896 54
305 412
1148 373
69 1760
1136 505
172 1817
852 406
1451 832
1878 1907
1493 1135
402 1982
1431 909
1647 279
292 1483
1794 712
1951 555
471 1928
1557 1808
1667 1014
284 1173
880 326
1024 649
1517 685
401 204
1107 1040
75 825
287 764
443 1628
1649 621
110 1986
20 72
1307 1287
1663 1208
932 733
1269 1410
1109 1427
435 785
1090 727
318 1321
1133 752
612 691
1976 952
1229 1571
709 760
301 536
230 1093
913 959
1620 1309
679 509
328 1315
1474 1669
572 1636
879 1992
551 257
1536 744
436 178
822 1776
787 112
60 1067
647 1932
1139 1785
565 1442
1355 402
1223 1541
1989 223
1327 890
1322 280
1633 1367
774 565
1762 316
1303 617
617 1912
1002 236
1578 1957
1397 1869
579 1888
1004 827
973 1180
285 1275
583 566
873 765
1882 1884
1697 216
616 985
242 1475
1275 967
1340 844
1146 826
237 902
520 380
1181 127
1456 1261
1925 340
8 1693
1051 1808
1004 794
1600 1631
856 1054
1565 106
1495 159
319 318
1753 772
70 1525
245 1856
1033 1209
1442 1658
19 1796
1339 332
1896 604
499 150
1213 1774
1566 1539
724 371
1175 174
1096 1343
116 288
1276 181
1495 529
1673 1079
797 957
500 1757
1150 736
1947 1829
1870 47
1875 1709
857 1972
459 145
1594 1954
739 1418
868 1942
970 492
531 518
1161 668
1447 441
1577 165
47 860
631 633
664 1220
742 1563
694 386
263 1809
1592 372
963 712
602 1736
870 11
1978 1646
1017 1141
1282 1725
750 762
162 719
15 462
605 205
120 1312
1715 1543
290 1380
573 1070
468 641
867 749
1153 202
983 461
32 34
1246 985
1505 1206
824 1551
945 1336
460 996
1508 1415
769 29
200 607
680 1177
1053 410
400 1672
739 153
1678 953
3 593
1 1189
1030 643
840 1210
1207 601
275 731
1930 1281
309 621
567 1953
278 92
478 1199
1078 1569
1696 268
524 84
1526 1824
1796 1366
1547 1637
1047 436
620 674
1048 1289
677 654
845 704
1477 1110
12 1571
22 319
1898 695
1264 265
123 1733
1621 946
1580 788
697 1076
1425 1558
152 1476
1627 1768
1048 1128
18 652
1020 337
1915 139
1468 78
1324 1204
1154 224
1848 424
1640 1490
766 1049
1737 1576
743 1939
266 36
1786 98
475 1662
910 1012
786 1810
1341 342
1974 1037
153 523
359 1663
273 1607
675 997
61 935
1438 1313
1068 969
1092 341
341 1507
1558 590
1383 1852
143 772
246 1349
1517 661
1393 1055
1649 958
538 217
1590 1124
251 954
317 800
1237 515
1940 178
1440 1071
1195 1694
548 304
678 1018
1153 39
208 1750
1761 1298
703 1586
1115 1973
1695 1485
1701 1725
1602 935
833 1438
1085 1368
173 1838
381 1855
2000 1343
558 1918
554 1420
1325 1450
493 1739
1108 1702
107 288
1850 438
418 1820
924 1452
701 1256
1449 1253
550 454
1653 1864
1694 1546
578 805
757 1711
85 1720
1545 619
451 1768
490 89
349 1124
514 1976
408 702
1729 1160
1347 4
582 282
892 978
351 1316
328 356
1482 1285
391 347
1009 968
1165 1686
492 1127
227 1326
1505 1684
1683 754
1762 1377
730 560
1266 1257
1244 1706
1557 1478
276 620
804 396
1792 1120
161 1900
1718 900
1823 912
258 1025
824 681
813 1023
806 1480
320 427
1748 1350
716 324
15 624
705 1351
1924 629
1959 193
528 619
343 1606
1931 280
969 229
1765 852
1052 1612
1425 1765
889 948
670 848
553 891
1355 660
1399 1197
1045 1031
567 248
1821 339
900 626
513 655
1426 437
466 1541
1679 477
1641 1384
965 1667
1802 1659
86 1604
91 1039
1016 938
1252 1627
1626 1924
543 1398
1364 895
1154 1308
1913 1152
987 1435
387 1708
1572 660
731 1209
1139 1712
1821 1445
507 1526
1746 1573
372 867
587 1561
945 1904
1840 1622
806 61
41 1051
1930 692
1523 55
850 1960
291 795
1645 1791
1531 1083
1220 1980
546 1536
119 1365
1306 283
1917 1112
689 1811
791 722
950 1570
58 1704
1860 843
1077 225
831 901
342 699
881 1261
1265 870
618 1357
623 1552
1176 1087
1235 595
1459 542
105 980
1007 1567
323 35
1604 9
438 927
1130 126
409 874
1795 456
644 249
694 1502
951 363
1873 1059
1993 1240
1102 486
141 404
398 1633
1238 807
1423 133
1893 1887
1433 1955
1632 140
445 421
1565 1872
267 1818
541 376
1540 393
1918 496
920 222
120 1576
1698 24
1362 763
1655 315
1439 1108
1778 1175
1349 1998
632 1354
67 1222
847 646
231 868
1933 1614
1962 202
214 526
1393 1575
1990 1710
1944 740
385 851
510 494
718 1766
636 1193
972 296
861 746
1666 112
408 1197
1288 346
1381 579
568 1647
1475 878
955 530
1082 1258
1244 903
258 1401
1399 148
1971 160
311 1895
498 931
1097 1619
1984 1742
1770 644
222 1368
1513 116
1472 71
1367 878
1053 1065
1580 452
347 110
836 109
360 1078
1801 834
1822 564
1185 533
182 1158
516 1071
30 298
1394 1118
1214 780
1538 1291
92 1342
834 1205
1973 1648
330 789
1923 383
108 137
829 444
811 1867
1413 1678
1451 136
506 1639
346 1304
1073 1279
1783 610
166 451
705 1710
1454 395
773 250
1167 1091
1375 1781
445 1163
302 1697
955 7
1874 42
1177 908
184 1254
373 989
1590 1988
1246 1145
829 247
1585 1297
681 1358
1296 893
338 1843
124 880
379 271
1758 914
1599 1327
1579 1463
859 1829
1780 469
179 1329
1883 719
666 1937
754 1360
863 1014
751 645
981 16
803 170
1779 1043
1707 109
323 898
1872 601
1709 1883
1493 1226
503 1100
535 339
611 941
785 735
1562 134
1851 81
215 821
1780 1693
1084 1192
1531 1999
207 1001
78 1063
235 1089
1267 1857
69 75
496 1611
1812 1248
366 1388
1231 1981
590 748
1905 273
1252 553
1873 1325
1587 1695
1574 725
531 463
1126 377
1211 840
1172 1039
643 1187
1359 264
382 586
534 51
1294 794
1815 1639
1971 810
39 1262
1719 1677
1588 1310
455 740
185 665
1542 1224
927 995
1644 1473
1069 934
728 608
1379 915
141 842
333 480
713 1015
793 1158
1767 1920
370 1885
378 343
803 1116
1212 1521
1689 1929
659 430
1589 630
548 1680
640 1875
1110 776
482 1249
979 485
1299 1293
778 884
577 1854
837 355
886 1812
515 1600 1434 102 143 740 362 961 825 1617 1118 686 571 1737 589 1635 242 113 595 1501 145 1571 1777 1546 1496 868 924 1196 1915 9 1574 1997 1629 1998 465 1373 1462 1929 296 978 1662 1042 687 278 1687 1950 1458 1785 6 507 1838 1529 1701 789 509 1851 236 805 478 533 523 318 1849 341 1741 1016 879 1445 1321 71 1868 1500 1581 1786 1322 1452 1957 748 1628 365 1912 969 96 1107 1152 823 1580 1039 131 57 660 1418 1876 1651 1909 1760 828 1971 776 830 1827 709 587 992 320 211 750 404 1886 204 676 126 548 816 777 752 1928 616 652 1339 1551 649 574 1794 1714 51 264 702 550 861 1505 657 334 641 1114 648 403 1988 200 1444 1762 1232 833 1907 1678 689 1421 1727 443 42 238 58 1267 495 144 1272 1848 1579 731 1132 1104 434 1477 1813 1215 1307 1006 897 1315 426 745 1782 798 1527 1054 822 262 290 1134 500 380 1961 1847 1048 1902 202 1398 4 227 1996 563 1723 1067 872 1359 620 237 788 1036 1180 698 298 958 55 999 414 1640 35 1621 1638 1512 516 1313 929 1877 1855 1954 337 1314 1670 1154 945 248 503 597 483 1610 1289 93 1618 1991 1710 323 912 728 575 735 499 890 1170 762 1416 45 1046 123 183 852 1757 1163 91 394 860 1158 1172 433 1873 1660 847 546 1969 580 5 1561 358 98 1374 190 844 324 796 674 1871 455 1864 739 1967 539 1417 1025 541 420 1778 1244 1 1278 338 763 751 1963 1164 1145 894 1612 1460 233 225 1495 10 1750 1217 913 1857 240 1944 1442 1487 254 782 1031 14 305 982 1375 279 412 1368 310 1569 1570 329 1852 1818 464 1116 1124 1796 1464 106 637 558 931 428 726 1262 659 1524 431 89 786 276 840 1520 1350 697 1802 1128 205 333 809 920 774 1609 303 1235 623 105 1219 859 1842 1755 1308 710 377 21 1839 811 768 252 418 1771 75 120 1743 171 1824 1624 858 1349 673 1387 1074 1746 271 322 1874 347 251 1324 1632 917 206 490 605 1440 836 1891 1773 1411 1456 1589 54 1344 1007 1763 243 1471 792 1730 1797 302 147 1441 1602 635 280 1093 977 444 922 1187 1831 1498 356 1428 1040 838 328 547 1552 1378 1770 707 1539 1748 1787 289 887 939 1423 743 1919 779 64 850 1832 551 1735 1588 8 827 1306 308 918 1361 1057 1986 1625 1751 1679 128 770 590 1940 1155 498 765 1836 607 964 471 372 450 348 1559 1326 1726 1657 493 392 725 1626 417 1554 1021 1290 1858 972 1643 1049 132 1203 1668 771 1630 360 399 482 274 43 406 28 1749 1532 459 1296 579 1880 108 383 1631 1312 923 1065 1534 1516 679 596 1938 330 1388 1962 1236 1268 1106 1722 928 1424 1061 733 364 1939 904 1273 1837 787 914 976 1953 949 1475 1623 258 1733 1032 481 570 829 1943 653 1360 1659 197 1302 629 1949 553 160 397 1830 560 724 1275 458 644 388 137 1758 1027 1094 1222 1834 1410 1353 38 756 1550 1293 410 990 1092 1325 1779 138 1017 1078 1745 855 585 959 1466 708 228 1435 511 754 508 1261 1980 373 1450 214 1185 136 900 998 543 1179 1510 902 862 866 681 919 1866 606 1674 1720 943 1062 1966 1030 1242 176 588 1136 1334 835 1113 81 954 761 48 760 1121 1497 520 696 967 815 439 608 1650 625 1162 1688 1403 1711 1366 1371 7 1494 114 1102 666 1064 780 810 1108 1379 1342 1199 1153 1956 1052 1901 935 730 1616 442 1591 1908 617 1672 1965 489 1126 667 987 382 1190 537 396 294 391 1201 933 141 153 1406 1012 682 793 1237 346 721 1117 1556 451 1521 473 1209 1731 1644 402 351 636 960 1502 714 1968 198 631 1979 1014 1002 1115 638 1977 435 717 634 1400 683 76 1783 326 986 1511 1331 561 738 1041 693 700 1789 187 1231 231 1266 1058 25 1819 813 568 706 1211 207 1465 118 157 1689 1318 286 1805 1888 968 1109 1558 1493 715 965 158 1070 764 601 925 950 695 1916 1736 77 832 92 389 956 800 142 1999 984 1843 1382 1420 581 1038 1788 221 125 306 557 1401 1399 1193 1959 1248 1144 1768 1481 309 1238 311 1893 1123 425 1892 409 524 905 154 1903 1130 1096 1169 1604 1941 727 1391 1243 1846 1488 1523 1878 31 1699 536 1323 166 1246 612 851 1906 313 646 1087 1019 1010 1887 622 235 1024 283 1620 1761 741 1397 401 390 1402 1592 842 527 1875 1470 1255 909 1478 36 169 287 1817 1457 1212 449 152 1454 1538 1776 119 1990 13 1119 270 217 600 1798 555 874 1934 1414 654 1795 1684 124 1037 2000 675 485 1812 317 78 1080 1301 184 1799 1671 268 790 1404 463 1277 1335 314 734 192 73 545 339 245 1188 1717 1647 613 29 448 996 1270 864 99 1033 934 944 1686 1079 1455 952 1865 1149 940 1545 1567 224 273 694 591 1086 522 232 1992 1826 1593 1473 865 1213 1463 994 1284 26 15 79 1005 1775 378 1536 1585 393 363 1829 1482 1028 447 1197 1769 1166 630 1191 149 234 1280 1531 94 1669 567 226 1356 1013 1489 1111 1239 185 1291 319 1636 826 769 849 1675 40 477 1390 1742 470 247 370 1756 1577 941 129 488 1572 50 1077 1639 576 817 1247 1707 180 1706 1408 1530 1311 155 1646 908 151 1978 1825 1329 988 1740 432 1649 457 1605 1372 846 1681 1889 554 650 626 1288 1704 736 1811 33 441 1808 461 661 1542 462 1112 219 1549 1287 957 288 819 926 491 1663 1883 301 37 703 1090 1553 41 20 1263 139 907 749 336 300 261 532 95 1085 1354 678 556 1207 1357 1637 1555 598 1754 179 797 281 1587 1974 195 947 1230 1281 1241 729 985 1084 839 1619 1652 1181 973 1004 1845 223 1533 1146 1859 1448 867 719 853 1541 565 1994 801 621 479 1101 60 342 424 275 1227 1225 1715 1695 1594 758 808 492 857 1667 820 460 52 1870 161 1319 562 1252 1297 586 1260 1925 1725 1330 1216 1226 101 1677 167 948 1744 65 186 1506 1386 297 502 177 611 1097 1960 1174 1503 1615 1453 1833 1930 23 1171 1083 916 870 467 133 662 2 1157 1526 1282 1189 1133 1691 1355 263 1034 1056 1381 1274 1173 624 1936 514 1900 1259 196 519 1922 1656 208 1729 159 494 1603 1752 1384 1522 1764 1020 1931 215 1840 737 282 284 883 1508 1844 1362 1234 1175 911 209 1051 164 880 767 111 452 1250 639 512 684 1160 1045 1091 1767 1001 755 368 1515 906 266 135 966 1780 718 193 361 1676 241 487 416 165 1803 1303 1432 1047 49 1208 1076 1586 44 1518 1683 295 1198 97 1120 1075 583 896 518 468 1364 1575 170 603 1279 381 146 1352 1206 1573 795 376 1015 1333 610 140 1480 1127 818 884 229 744 1899 1249 1565 1800 1738 1897 1898 1981 1904 1490 1719 1129 1734 1245 1479 501 1141 1205 688 1340 1089 16 107 773 395 162 1828 1537 1568 540 1540 1765 18 1611 1081 1446 1135 1447 446 1835 1673 513 1982 1283 877 803 427 1396 1519 1419 974 1814 1694 1627 103 915 182 1439 350 1608 1952 47 1343 1000 942 538 359 1806 220 1069 1426 267 651 593 1413 946 1431 1492 188 1022 1264 504 670 1035 1370 627 1271 1165 991 572 1348 430 1917 1240 453 812 1862 1964 664 1491 704 1228 746 979 259 1732 1728 1224 848 1914 1947 1122 293 1821 1642 1011 1861 517 821 1071 1583 528 1485 885 1879 1265 692 628 413 1905 335 529 1468 888 1995 1696 559 614 1718 599 1393 1801 476 1220 757 1088 566 677 1595 387 61 997 784 156 1920 1405 1433 17 647 951 1700 837 1254 1682 1210 1367 257 983 1633 668 422 1218 1147 854 1125 747 891 1223 62 1869 172 1698 1415 59 802 1666 1178 525 316 609 895 1544 70 889 1513 466 1596 331 39 1451 1251 1100 732 84 104 472 876 778 1927 345 1566 584 1932 1578 841 1486 1286 109 1548 1975 753 1099 713 246 1200 592 886 1363 882 1182 510 901 72 1881 1429 1072 253 440 1973 1685 130 875 87 569 497 230 531 604 766 112 1436 174 1063 1654 1822 665 602 1383 535 175 1389 201 1137 1958 1665 1467 1150 1194 856 640 1820 1377 212 530 1705 385 1753 1774 685 1341 475 1784 705 1338 1214 1309 423 307 1430 1951 534 1599 1739 1645 68 1204 955 807 1256 121 1068 1184 1576 46 544 163 1082 1483 1332 521 1257 824 671 1351 456 191 1008 843 400 1884 269 115 932 210 1690 1724 1003 1140 27 1300 384 1392 1192 83 1304 63 1935 1790 1484 1443 1412 1661 898 1409 1823 1517 578 332 429 1601 1557 173 256 355 1026 344 1029 549 672 379 1598 1622 411 699 663 386 1895 1009 1613 1327 1841 1923 1148 127 150 117 1697 1514 1055 1590 178 1614 100 1358 1177 1584 1658 1942 1747 1853 1804 1933 148 22 1317 1703 981 1167 85 1872 962 1655 69 845 1856 1547 1937 775 374 564 716 804 1053 194 1885 250 437 352 1110 1924 691 1653 1437 1766 701 1336 1176 1151 1528 1476 645 1634 375 1060 366 340 1504 656 1253 1543 573 903 3 1186 1337 1292 772 1474 1987 723 53 892 552 474 1910 1438 1346 34 1560 893 831 1143 759 1295 405 995 496 1320 1896 1369 1911 878 1469 1976 1139 1305 881 1161 1648 1680 505 1507 1693 32 658 1525 218 963 669 1195 863 506 1926 1970 321 1316 1708 1607 255 1716 1692 632 1985 594 1380 1365 1425 1298 1018 1894 619 927 873 239 24 1664 1562 222 1407 486 1641 1810 577 1983 1781 189 407 445 785 643 30 1882 312 1376 871 1499 1816 1142 1229 642 1955 419 953 1993 1461 799 86 1299 1422 265 88 1472 408 1890 244 1427 1098 938 1913 1347 1221 1294 1073 122 582 1509 1918 742 285 1713 110 1597 484 1606 1095 357 260 1459 1709 213 19 1043 438 1103 1791 1946 615 90 1159 970 436 971 1772 791 67 989 292 690 783 680 66 1850 304 899 993 720 781 1105 1156 1258 367 1285 454 910 1945 469 711 325 834 1721 1385 1921 199 216 480 398 1202 1138 1702 921 272 82 277 1792 1233 371 980 794 542 1712 116 327 1863 1328 936 1269 814 291 1276 1989 1395 1059 415 618 1815 1793 12 1984 1948 1860 1759 1183 1394 1449 1310 1564 1066 526 74 299 1809 937 11 1023 421 930 56 1582 1131 168 343 1807 369 1535 1867 354 349 1050 1044 1345 315 722 869 203 80 806 249 353 1854 655 134 633 1563 1168 712 181 1972 975
