2000 4000
765 1828
652 860
101 337
1038 1300
1966 790
1022 1121
1779 1235
759 141
846 143
286 504
1095 213
989 954
68 307
1804 1799
917 1173
168 954
301 1970
1386 70
506 734
506 202
1082 307
1224 251
1844 888
1476 632
1970 888
1578 1804
1499 186
481 560
1856 734
1003 1367
500 11
1991 434
1566 1032
1475 765
481 748
1875 1392
1421 1536
1335 84
980 527
955 1257
14 1051
242 756
1314 190
1002 793
816 410
831 910
1476 1335
1798 175
640 574
1569 724
710 1884
1293 1446
3 620
219 1800
1546 1224
888 966
952 646
710 1480
854 1732
888 342
780 1470
1411 1056
1499 1642
1038 1267
1860 839
202 893
488 14
611 1561
934 12
734 588
902 1080
1318 1956
464 1335
1546 1270
1966 753
1863 1774
809 1009
1709 632
1280 1098
1561 717
89 1158
593 718
546 1156
1517 1113
342 1948
759 568
1691 1856
1582 1961
1730 989
1097 1043
257 532
1555 1437
1480 362
1404 1051
655 983
1960 541
1500 1187
1970 917
954 1346
883 1004
996 1754
974 22
262 258
295 1080
473 919
981 1670
1074 492
1866 719
924 1630
819 640
392 251
396 1287
563 1351
20 415
1670 1661
116 362
1172 111
1802 644
981 130
1388 1349
483 974
1080 1790
957 1903
37 484
1790 416
1779 608
1791 272
495 823
1356 232
1989 1108
124 1507
588 1859
1343 1804
1996 307
1349 70
1018 1499
477 1523
1503 1411
1076 500
1480 961
1917 740
639 41
1872 794
373 1670
511 1826
1561 1985
1325 637
1070 731
1788 1964
1514 203
264 1178
1041 556
961 210
340 249
541 1564
946 581
947 1396
504 439
1437 642
22 1550
527 837
1242 1860
233 1728
382 1503
1363 1828
937 68
769 759
1239 844
1701 1855
801 1504
233 780
1022 176
1080 273
1038 1386
366 457
747 251
1060 980
1642 210
917 265
1874 588
506 632
1351 715
1874 1796
1158 477
1009 14
343 1088
1070 1335
844 1963
1178 717
1957 1939
710 593
414 483
125 78
136 519
153 1379
518 1874
1860 1097
552 1142
306 70
1087 285
1452 718
1336 1278
1242 1856
1408 1614
37 22
1404 1431
1315 1775
1147 560
14 802
1334 1780
658 1411
1616 1412
504 1445
1799 368
764 1733
1499 1670
1018 1465
1326 1605
1804 602
802 362
1503 1985
632 742
367 1860
1278 54
777 805
1278 559
124 1144
1335 1987
456 1432
1235 907
716 780
175 1001
616 1017
1094 957
1794 717
1140 819
20 1349
996 777
1335 742
981 513
759 1194
734 232
1201 740
632 168
1326 728
1436 498
1792 558
602 1392
1960 652
962 1917
1146 679
14 245
980 1722
506 176
1632 1105
1847 4
1713 1175
777 632
546 914
532 1384
606 1589
191 1524
466 1575
553 168
282 1017
666 1199
1670 1913
282 1480
28 1799
1584 1200
1218 450
1883 591
777 710
48 810
1169 1323
1312 740
1511 888
823 769
679 1278
1522 1128
1889 215
296 506
1435 1881
989 1657
1616 1128
765 1760
1006 484
955 1072
1278 973
1177 191
1791 455
685 1764
233 520
6 1444
1610 773
657 1826
1881 1183
177 1032
1370 625
1860 1363
1178 1335
89 28
805 1070
748 1683
1819 1527
1589 1172
1730 1442
609 1172
367 141
22 1892
980 206
1999 1249
143 1289
1913 176
546 257
250 734
1062 694
1411 353
767 1855
818 176
1356 168
949 119
113 456
1205 1753
546 1321
1879 298
1478 1074
1570 182
1660 1709
832 367
1224 86
203 832
559 1605
1061 1637
1278 1856
291 1139
1476 1513
1949 954
1316 1266
180 113
1605 966
1293 1421
1124 403
232 392
1830 328
784 559
1875 1441
191 1713
697 1517
1780 84
560 307
576 1007
1128 152
1451 1842
805 1194
506 1404
164 434
655 1496
660 715
54 1555
727 593
251 1692
1087 475
1989 1841
852 1708
1331 1735
1499 525
67 1428
1038 593
1156 568
1520 66
589 1363
1349 1456
385 1048
1694 68
1883 1694
1006 1794
1470 297
307 1755
418 1614
712 1338
647 957
464 817
1769 1852
245 1554
1064 880
1901 1546
1906 919
588 1981
1603 251
981 743
751 1239
1913 805
1254 854
717 1972
1905 1972
1363 559
912 1921
291 485
777 640
1856 257
425 1885
1198 1584
1025 1963
1609 1824
630 1965
694 124
1557 786
1243 1989
479 657
282 1368
1207 1778
712 808
307 614
1676 1985
1367 546
1432 1861
1765 1714
793 239
935 1859
1038 232
53 1750
1964 1017
1755 1666
347 1680
582 530
1113 792
712 1128
307 22
1270 337
219 190
1879 1890
273 543
1600 1691
220 50
506 1235
940 1158
1985 28
1783 284
606 1037
1291 196
1522 524
1853 411
1592 484
912 385
398 917
805 886
734 1371
752 534
1714 1038
1235 1158
1192 54
947 1594
793 980
56 997
1641 1471
538 1897
44 1154
802 1249
1925 530
168 914
316 663
1291 449
502 70
176 1434
1647 1610
4 740
1235 568
1349 692
1504 1455
488 543
1522 980
473 1208
134 1965
80 291
1859 1779
59 1606
23 11
518 1037
492 115
304 977
747 1264
543 1934
17 893
819 1780
1037 273
588 12
734 84
734 152
440 208
1948 1863
1370 640
1476 203
1094 987
1670 434
753 1036
1996 1896
342 1901
844 1093
715 374
298 329
210 186
1860 1455
1663 1314
1773 1000
1780 1856
35 341
960 946
1453 373
1367 90
966 1559
1892 142
560 1235
819 609
264 1808
513 300
817 1293
1736 1093
1561 1235
1266 1487
912 31
448 1535
559 1555
962 1546
1368 481
1546 624
981 655
980 1561
1992 210
784 1480
640 1194
245 1507
855 206
1876 829
190 644
1657 248
1306 1563
35 1992
184 943
1879 1157
90 55
1308 1156
1222 177
882 186
1670 148
712 1455
983 1992
1856 1128
422 1009
485 141
1282 1883
479 257
475 917
683 1139
152 1611
232 1982
1738 1726
1957 1926
1300 1846
167 1708
546 1404
1563 640
632 1595
498 415
337 1535
1072 1178
594 473
588 1335
1999 594
378 1779
700 559
1792 780
731 685
1128 408
113 1173
1270 650
1892 1435
1264 1513
1150 1566
467 289
1791 122
1313 798
272 830
1416 769
1172 1282
1863 1605
194 91
1576 1561
1002 342
232 805
371 1371
66 947
54 1038
886 1957
1178 101
902 1879
586 952
1947 1283
1493 506
1431 1164
1728 1717
1178 1278
1764 1009
1113 1616
1473 1281
912 1335
1098 1529
1502 1313
1976 759
91 1881
1061 957
168 1721
1830 1481
1702 234
530 16
440 914
966 1393
1605 114
242 795
1409 506
864 116
134 1730
949 593
511 68
634 1563
553 704
1439 440
1639 724
226 1563
484 1907
1249 568
586 488
621 169
1235 1913
1885 872
1063 440
1070 1892
130 1101
903 852
80 1714
362 1647
163 980
1470 914
1935 1513
447 553
1194 1038
1709 1072
1957 1517
1056 860
1935 1080
460 917
961 802
112 66
307 1913
1594 1172
434 307
1097 1173
1140 454
1985 59
1501 1178
9 1913
1760 263
68 1702
1536 1494
683 348
1716 717
307 1741
1396 1314
591 1553
1152 686
1349 1807
1603 907
1522 257
742 710
783 1985
578 1972
1493 615
1906 186
905 1794
879 22
1759 538
1015 1437
863 1346
1393 1194
1853 1038
1421 178
245 1702
1936 624
1799 541
1860 1770
119 533
1913 734
1098 1318
509 1563
407 827
777 503
1074 560
1980 854
484 44
997 316
176 844
54 1642
232 1235
342 1453
1860 805
70 1184
1097 342
1343 574
536 80
1709 1912
773 1249
1927 682
1267 959
1305 621
46 237
130 1708
1899 501
1207 1439
1199 1995
385 1856
1204 671
1098 1381
246 1439
899 830
850 116
425 1589
1985 464
14 1975
13 1384
1856 1605
568 1237
434 1128
640 588
208 163
624 882
1388 571
670 1224
1592 1808
1455 452
31 251
415 1356
1513 492
1657 1938
1902 453
1033 1893
777 533
506 1571
1696 1616
1013 850
769 1901
769 1566
241 944
67 1828
1012 1555
1731 1913
1764 140
1144 1563
1038 1086
925 1323
1176 759
475 1568
1006 215
1562 1775
367 1496
866 1546
1892 192
1853 996
1768 398
1349 31
1562 1480
1476 411
1600 1842
1932 1178
657 456
1147 1445
802 1363
737 989
46 1999
325 1112
973 195
802 513
1318 196
1187 464
1704 1435
20 434
869 115
70 884
891 272
1357 1673
1527 797
210 72
1595 1243
1150 1670
824 1849
1371 829
824 460
1069 1303
802 1269
631 949
1387 683
596 1603
1009 487
883 650
823 439
193 1790
734 408
168 1411
971 1470
1356 871
1951 559
1985 1814
1692 1652
1323 1224
1973 1514
257 1860
1806 1475
759 1499
1762 997
376 1755
729 1503
54 1632
1566 83
917 439
527 1843
1210 1144
513 1561
1662 1289
1139 1844
1006 981
1783 1156
1713 401
464 640
37 245
20 637
1314 1527
948 723
802 1859
459 484
373 1404
1230 1080
946 1517
589 906
1905 285
393 1513
1467 1576
1709 259
45 1317
1764 1194
72 1274
1031 1432
2 1128
1238 434
245 740
729 215
679 997
1611 1100
912 1605
411 462
85 245
1440 866
1172 913
1802 1264
1103 1853
1976 1971
65 1541
198 1794
342 1112
1318 1561
1321 647
606 1128
1010 498
335 1566
639 1867
1239 1845
1778 219
1121 1849
23 501
1575 609
1270 1475
215 426
1600 1835
1327 712
1548 525
1514 1156
1434 498
543 1061
1006 1913
1453 1863
715 679
1572 504
852 427
500 986
1737 934
1562 59
1483 290
981 1404
686 844
977 1535
1705 931
1856 438
246 50
989 98
473 910
1465 42
1332 906
1358 385
1670 1470
1332 411
175 1841
1187 1368
213 940
1576 439
435 1097
1281 436
1404 408
17 404
817 1794
400 203
44 210
188 1663
1175 1853
1187 1003
1935 1034
1178 436
1367 1548
1584 679
20 1840
731 188
1901 425
471 1068
1522 396
1455 1475
434 1526
334 637
728 1480
352 823
1783 829
656 1119
1224 606
320 1440
115 225
944 1592
1966 1900
1039 1611
517 1323
342 1473
1126 955
1480 924
1303 1975
925 947
757 115
12 256
1765 1590
689 1146
1167 723
1860 1335
606 1907
1964 1643
410 717
1289 568
141 784
1416 1475
1194 747
427 635
188 203
1982 189
1436 1278
1571 1600
1367 1607
1722 176
1576 521
1764 419
1006 912
134 1549
59 655
1845 913
1289 245
731 1523
209 434
588 954
865 1435
1708 961
1860 917
1794 1800
802 759
1194 1439
29 1009
101 773
1594 1804
1069 1687
1867 510
110 1523
593 1006
1536 836
1722 919
1306 1722
208 886
307 1470
564 484
1403 851
1517 949
232 717
1097 457
1173 657
1003 717
1412 1869
758 1393
116 1731
296 141
232 878
396 1829
1009 924
1343 205
1003 1702
591 1503
1513 1105
206 1995
919 427
1957 1779
1146 558
194 1779
188 789
130 1043
634 832
411 1445
1128 475
1289 1442
1662 1527
1589 1980
1217 484
408 879
297 300
1610 312
385 1371
581 916
1371 1097
1764 1524
1985 440
483 1603
1909 442
731 560
479 1851
639 430
61 307
1480 12
342 20
1706 1620
1979 765
707 1661
521 1416
1500 156
456 14
1643 1121
780 1899
1140 947
168 759
408 1356
811 1558
617 163
1501 245
469 1148
1568 116
1194 957
61 1192
560 70
744 456
897 57
1951 766
1470 1038
1001 724
1327 1733
1569 1683
1520 917
91 1800
1869 958
850 1734
1826 737
826 630
176 832
1777 879
1214 1647
252 973
1158 1453
1278 460
339 1682
1385 533
1606 1084
1473 479
1645 1500
119 530
383 1570
325 610
1421 773
396 912
538 68
917 1026
1806 1980
1982 769
440 1325
23 1404
642 168
742 974
1561 1432
840 1386
1349 1006
1670 1856
817 337
728 1395
920 122
1784 1824
484 481
213 922
671 436
1842 1934
1566 912
1963 712
1304 183
317 639
464 1297
1840 1095
601 830
1057 1663
560 264
237 1018
1305 53
1245 616
829 1323
1057 899
1194 1963
364 1687
1110 472
1366 1957
853 655
386 1985
737 614
74 1654
1009 1340
213 1038
293 1318
727 1371
468 1772
1145 546
1121 541
385 479
1331 568
973 642
1006 425
37 464
434 710
742 1278
176 237
1530 1777
406 814
550 954
339 260
194 1796
469 793
1738 439
1235 425
92 22
873 1113
506 727
1437 1097
1876 850
1338 1708
1335 1970
1760 624
1455 1476
919 1674
734 188
836 571
1434 1738
1887 1960
1946 501
186 1856
593 1912
177 152
1278 1470
286 1560
433 730
758 616
805 802
717 1470
639 563
307 342
1156 439
70 588
1590 1006
809 576
131 1456
1074 1561
630 710
1266 917
883 1184
858 543
61 41
1266 538
1138 302
912 525
777 1501
1673 642
1977 1778
805 907
1546 728
1467 855
1830 1520
232 307
935 9
980 116
1704 882
1860 829
188 625
341 289
1566 410
765 1769
653 489
335 1306
624 1070
1747 964
54 30
715 213
947 665
12 626
473 1072
586 903
1561 731
1389 1753
381 257
1778 560
274 1903
991 1892
650 764
351 188
1432 219
1051 242
1070 115
1605 1935
1615 1936
1730 192
1156 1281
1970 203
1029 773
1038 802
632 119
1070 70
1100 1912
464 1278
966 1038
1616 257
1773 176
568 1907
961 832
576 504
794 219
1371 1129
1283 1292
700 857
632 1856
880 20
1289 615
307 1499
1439 1703
794 819
342 1780
525 1733
764 1100
1393 1869
560 1283
491 1788
1902 816
974 1760
1853 1985
248 506
70 1600
491 1697
42 1346
625 1876
481 1082
1338 1268
1509 1182
1576 1158
70 1621
1356 1251
1444 452
435 727
81 46
743 802
134 734
1195 1388
819 294
1970 1764
1670 1935
1913 640
1051 632
632 1722
1072 388
1287 296
731 903
747 1022
1755 824
233 1156
1455 1708
168 1811
376 373
1274 385
1709 272
1793 1926
1321 639
895 1666
285 1513
411 934
962 1293
1416 819
113 558
70 1860
1109 492
736 1963
1522 1140
1445 640
1537 250
1876 1037
1194 307
435 816
500 121
505 806
168 186
734 90
1367 1051
1913 1704
1913 767
646 1276
1349 1501
1859 342
1224 1442
1508 723
176 1158
359 297
1439 769
557 681
552 1546
153 1042
1902 329
1282 35
18 17
1178 385
1072 907
504 1741
1711 1616
1347 1690
180 1830
1002 1804
193 815
1883 272
710 1856
1343 1215
1278 1546
1589 456
273 728
917 484
1514 277
37 691
509 802
1156 1999
767 966
637 1278
55 679
359 553
469 681
1264 1985
1616 974
129 9
1149 657
468 273
143 1576
9 1201
89 484
1555 506
511 1814
1476 11
213 850
1522 759
805 1154
1852 1323
1709 594
637 642
743 479
538 119
136 427
1788 754
1535 576
1024 358
683 591
116 1224
271 1985
636 237
921 469
1514 910
683 98
1578 425
1446 1980
959 59
1951 1051
162 1006
1440 1800
1470 1778
484 1731
319 1061
736 272
1913 954
1546 594
465 435
1563 14
752 776
989 553
425 517
361 511
1513 558
1249 285
683 1181
180 1306
65 700
1135 997
824 1098
903 727
1561 1963
501 1622
376 1643
891 1337
396 464
475 1605
262 410
317 800
996 1010
88 130
1154 1963
1935 1957
1057 317
568 817
802 301
1670 742
650 609
37 651
968 1982
70 793
37 1987
1419 141
903 686
954 119
1367 1622
520 819
42 1199
1589 446
1513 912
168 1799
54 1388
734 234
769 805
1845 186
1178 1507
162 1416
227 388
1270 1158
113 1860
1738 1970
185 1140
1264 1289
262 880
581 543
760 1455
1108 358
180 1235
611 1070
295 304
717 793
143 744
1732 1611
337 1432
935 1527
152 401
974 232
898 521
783 1807
541 1166
1126 1105
408 1335
385 652
289 1337
1763 1798
989 1859
650 203
456 1279
152 646
1584 638
1673 632
296 1178
605 759
367 1323
362 196
834 84
534 632
1350 919
1959 231
1818 1901
194 1431
1331 1051
941 931
186 446
363 1947
511 1300
1057 545
860 1897
1172 1566
500 829
501 1557
829 1481
119 1411
1143 1689
806 1730
1291 1815
819 1702
814 179
367 1259
12 342
593 1874
1600 913
68 816
727 637
802 1335
434 794
1242 1713
1760 1669
1232 1435
802 595
1074 305
686 1174
475 509
1867 802
446 1404
1281 1192
425 1225
1903 1097
1043 362
957 233
751 1400
805 1876
632 1760
533 1561
530 1984
1563 1404
622 1453
831 1985
92 1876
20 658
192 595
521 1343
736 1932
678 264
1725 89
1603 427
600 760
482 903
734 342
647 801
1003 1598
1178 1498
1006 1832
1503 1164
59 583
997 1070
519 318
455 1612
1487 1509
742 1549
452 296
362 1913
1126 289
1879 124
434 1343
1481 824
84 1549
1026 1834
1548 1800
862 559
176 408
1709 1995
1901 1523
1493 1976
1996 1318
1896 219
176 1480
1386 504
1080 1154
646 120
264 1105
568 1128
591 1070
434 1006
1809 1616
245 1235
1970 1224
1261 780
893 1249
1599 205
683 759
607 1546
809 758
1278 59
1060 17
827 256
1815 1455
1517 1780
1798 1027
559 1318
703 262
1653 988
1051 1144
485 1158
72 1613
552 1894
1501 388
1371 1144
1561 1767
270 492
1896 1801
850 439
1247 1890
835 425
519 1248
1764 1546
758 1570
712 591
1250 473
1437 1411
1003 203
435 1570
1176 1982
1830 1293
115 163
611 1936
22 430
1006 1987
456 363
560 1390
678 837
237 1642
111 815
1356 434
317 1722
1859 232
1611 479
1823 1856
734 832
1147 1913
342 1603
1540 484
1563 1156
1853 727
1708 1981
224 571
504 141
186 464
981 72
1291 1371
753 1860
1630 113
1119 1559
1681 559
1575 1097
203 568
484 545
1513 354
385 1567
1270 278
215 980
81 593
1881 1470
14 981
1561 727
1043 1404
869 784
1038 415
1775 301
646 907
744 1517
9 290
14 68
1128 232
777 1128
594 771
85 1503
28 591
1970 1513
152 203
605 366
588 805
1829 724
1611 1119
1393 1590
1670 141
116 1018
125 1903
188 978
893 1235
1404 1184
400 1363
1907 1374
245 301
1985 119
1451 888
558 20
188 170
1393 637
1624 31
715 35
1326 226
1080 593
1561 805
35 1598
1406 45
1779 1390
297 550
1927 1456
1509 133
220 913
723 56
219 1242
656 703
640 1371
704 1566
475 1992
1038 1621
469 1312
582 1085
1874 383
932 1527
1224 912
1270 1330
385 603
479 1393
769 1896
1470 1738
1381 119
296 1561
162 1146
659 92
1057 1513
1799 886
1567 1797
550 686
634 1935
997 1431
220 1331
427 1381
979 55
46 1349
16 45
731 981
496 793
101 1268
546 924
613 747
1874 435
457 1141
1326 958
593 829
37 152
505 1158
1404 1860
1289 408
509 912
1780 234
1370 1896
1910 1411
743 1877
742 913
1713 482
1189 1605
358 935
640 571
744 606
747 637
805 434
1760 1680
1332 257
119 1960
1293 1642
501 1509
1135 563
1879 234
1892 1913
141 1541
724 103
1493 999
1794 302
1936 463
958 593
54 1885
724 1158
484 1121
119 1457
1070 1859
1329 55
973 836
515 386
925 1945
759 152
278 409
501 90
996 439
1201 794
568 805
477 1563
1561 1283
659 727
1522 1278
479 1507
1589 712
1601 1967
571 1618
1763 1638
1043 1645
1057 1589
1548 913
272 1323
36 1152
1970 1611
1368 850
479 1439
538 388
823 679
1493 1860
1108 625
1876 640
1402 1536
780 777
1600 1331
1722 53
484 980
506 45
1860 1786
1470 1085
1404 1844
282 1869
1856 917
639 1892
910 1386
582 1453
798 479
257 1969
1697 49
139 1800
703 257
1666 68
632 225
1906 1106
1970 85
1635 248
1611 352
906 435
1366 69
1220 903
1621 962
29 1762
1982 882
124 1249
646 1165
1421 1773
1367 273
1245 125
1589 716
852 1790
1568 119
1966 1731
1860 794
498 1844
425 513
1128 1009
1818 754
28 646
961 245
673 1393
35 1748
245 888
759 981
265 334
1270 342
1874 777
1522 632
1232 1317
500 723
1363 1158
513 1281
455 1194
734 16
1926 1006
999 643
68 1006
568 1611
1970 208
759 989
1905 1261
1232 985
739 949
1501 1970
1113 1817
61 1242
1289 59
492 1792
538 1844
264 205
1178 1319
1970 538
1947 1404
829 1815
446 1270
588 724
446 113
1482 1472
1248 966
242 1100
632 1804
70 393
1913 296
415 1892
112 1830
1117 981
962 1431
1286 1622
1039 2
1412 59
20 593
1996 1455
1290 1289
210 115
1605 1970
1192 884
1905 251
830 37
640 506
423 483
307 1856
932 1649
134 242
1470 445
937 278
1128 119
1995 774
318 479
1752 492
568 841
832 805
1673 190
1281 1901
616 1500
280 1869
106 1903
464 917
134 1770
850 68
1603 440
1476 829
1065 1804
45 1069
258 1121
1998 981
1616 817
546 1908
1157 385
1431 70
712 1000
408 1270
931 436
116 1318
622 20
1546 856
1999 1658
1641 901
1316 68
777 634
932 1584
1578 1326
751 663
1830 196
241 1174
1730 1561
1371 1447
734 330
214 41
1162 1769
1856 411
805 404
865 447
1563 296
1290 385
98 245
802 186
954 1788
1022 1565
62 747
347 1694
479 1006
1326 1006
620 491
1022 717
448 45
300 20
385 1445
1859 1563
477 162
1130 1472
640 1534
85 168
1009 1041
655 1323
1217 462
747 736
85 1281
1992 577
233 266
809 1105
251 591
586 1713
773 176
686 769
1995 1976
681 949
1032 1799
1314 1433
728 1741
747 1639
1281 1730
274 1308
1595 723
1913 282
958 1596
367 546
824 581
232 194
1980 917
1954 1004
1637 1001
506 1859
1379 917
479 727
1779 1144
964 86
1100 1343
1314 923
35 1765
1506 374
616 1246
245 1038
160 954
491 1709
1194 98
914 1595
655 605
1594 814
966 763
805 168
146 932
634 1179
1589 1522
1603 1010
710 1371
538 1717
1101 1964
973 721
1972 829
767 1467
1159 817
1892 1561
1555 1522
1473 1184
1455 1326
70 981
1600 1982
1873 93
1100 52
1147 819
252 225
1575 426
1686 1561
581 49
1235 948
1156 1057
1212 458
1873 501
1287 317
1498 1434
1987 573
235 1892
1772 905
1439 1508
447 1670
1363 1386
1701 1196
141 996
1674 1859
1048 1242
1476 1097
1563 1901
475 1989
557 916
1108 264
820 717
47 293
66 168
773 826
35 1705
1708 1291
503 1194
875 1278
1509 1278
1856 1905
119 212
1074 1662
227 484
70 546
752 819
53 1308
1095 1612
168 227
1270 688
124 1525
701 146
1210 1610
571 501
1226 591
559 1139
425 238
742 1147
1207 1560
657 454
703 957
1980 694
1439 799
232 1764
1224 1314
642 1913
1144 506
1670 588
888 521
1128 1939
1874 802
1660 1841
1335 1108
1371 591
373 334
158 501
447 1411
912 717
1732 471
634 606
1224 1032
1080 1587
1595 954
1732 1896
1808 723
1657 1954
1101 1670
1856 513
632 650
460 910
856 742
1270 593
354 1692
1635 655
92 1221
710 658
1281 122
385 1520
1594 1194
805 152
1762 193
203 588
416 479
1476 511
1762 411
68 1257
1935 1859
1076 1148
1100 1690
307 606
593 1670
1953 408
603 1879
552 588
1302 575
1267 1562
539 724
196 369
1753 746
1674 901
1338 639
774 385
1600 784
1281 1182
85 1747
914 891
1892 83
1158 1192
492 203
962 141
830 1335
1981 188
1421 1790
449 1000
335 1670
1439 882
1194 1006
1311 1371
1038 1970
91 817
7 1747
1779 744
1038 1762
1293 1859
1194 176
1019 168
603 824
1546 257
272 678
1605 1360
903 1568
1570 576
1609 317
1321 1808
506 854
1187 541
640 434
660 1874
981 710
525 1440
14 1522
591 1520
1991 488
558 411
765 1826
832 1006
896 291
847 917
985 1731
1031 1671
20 777
1963 1434
1503 1278
850 927
1476 1764
1936 1416
62 1549
503 1639
935 1955
660 1112
275 1178
1005 402
1674 1357
917 232
576 997
1881 23
614 1393
824 1791
1003 365
793 731
1382 1739
1082 496
435 538
1801 586
974 1314
1985 637
503 1183
1562 460
54 358
388 1527
1905 1148
1003 1335
1278 1022
1695 1410
115 639
1456 148
1335 374
681 765
1869 699
1822 426
1105 611
634 479
1068 485
989 940
344 1790
114 310
644 1660
91 997
1437 1217
571 1224
852 1138
568 1529
1985 1158
872 723
620 1501
501 434
1402 473
560 194
541 1343
492 414
1462 1578
262 1148
588 731
21 920
1024 1466
1732 1670
1607 1296
1877 1270
1879 1877
1351 491
274 1379
1783 1907
650 1764
662 1306
152 1985
591 869
571 1131
1128 560
559 11
1549 1978
728 1500
367 152
1795 1814
1798 186
503 1845
1082 324
591 232
113 1548
1873 1867
300 46
1245 1610
102 1289
1996 1029
1503 1559
1379 111
1057 505
1845 1528
1856 1367
1588 1318
198 1750
1957 1996
1760 302
1859 152
1529 1970
606 591
1319 309
1194 14
850 425
46 61
1349 504
1972 194
568 296
634 484
1980 257
1182 603
1899 1306
92 713
1770 1876
1265 809
203 206
746 212
1017 1421
98 35
1192 245
1000 1264
464 1059
1820 1162
1194 1780
715 588
869 1802
515 152
559 1892
232 1670
1044 1783
989 1027
581 1450
1108 765
386 1146
31 1281
1224 588
134 277
1801 1907
347 718
1178 710
1981 397
686 606
1794 1802
910 506
1393 464
1501 943
186 1172
1708 385
1980 1738
1147 1934
606 1187
1942 1128
167 603
475 1146
206 1353
1642 205
1173 37
1318 84
68 217
295 1457
1539 948
290 634
948 809
1907 439
1321 1980
1435 469
273 1315
446 954
329 78
1898 1876
853 1842
1306 279
869 1493
640 1293
479 829
1321 806
805 1100
1595 962
491 1500
1108 1242
1451 1565
611 152
1853 1907
1517 759
1184 1331
937 935
727 1070
660 164
961 1454
809 847
824 285
759 598
1303 1051
1991 1596
1082 504
1411 1735
434 632
1435 1963
1555 1135
1964 215
460 1118
1917 1180
1970 14
116 296
869 694
408 805
1826 1343
742 1118
1555 862
538 342
571 1963
434 1885
1595 1249
761 917
647 226
850 1371
1213 1513
947 727
615 910
301 91
1382 1530
954 802
1470 1706
974 1959
1368 511
232 1335
1426 143
688 1447
1765 1775
802 176
232 632
33 951
1860 1278
1476 762
1826 1982
501 832
116 715
879 1863
716 1859
301 1913
20 1499
751 501
1589 325
1760 1515
75 1717
1778 1845
1764 168
954 614
991 1680
603 222
1368 879
1001 1636
1083 1752
1503 257
1493 94
1480 850
931 1270
411 989
1498 1098
1522 954
70 1625
410 1951
866 853
1270 1860
631 946
1349 1658
1321 688
1780 1590
805 1157
1371 655
1766 1830
1987 272
1240 1168
759 251
1710 1765
22 759
1996 1303
717 1480
1113 225
1319 163
1716 765
1500 1289
1594 966
1321 1056
1710 1493
1074 1906
1404 484
1249 1920
1690 1274
1480 964
958 1517
623 568
1817 1412
385 989
917 1094
287 1966
91 956
498 615
1841 1156
1907 1326
374 1128
1592 1480
134 1800
374 37
273 1270
1012 1642
910 119
1955 1056
1393 1713
1970 715
1655 1589
501 907
717 1860
378 1465
603 430
1435 543
1951 68
1478 1589
12 830
1522 1778
1840 14
1660 1949
1242 1434
1570 571
1932 947
1286 1709
1791 1594
681 747
1212 844
307 1509
818 1981
116 1701
1643 392
603 1830
1421 1207
640 1410
1534 1501
1827 1439
1945 1507
777 958
1935 1249
1524 508
1561 1363
1772 487
1171 824
907 727
425 1097
29 1397
1741 640
1043 1603
888 844
1057 113
1306 1509
1100 1457
724 1323
716 1912
1995 546
169 1331
1535 1371
506 115
1421 475
1365 653
1017 1139
1763 989
1432 1902
893 1957
1722 1128
427 715
1393 1100
373 1611
1549 1317
203 1480
187 809
385 1111
1339 59
463 456
205 1576
301 1906
425 1501
1987 1282
559 1995
42 1476
374 1466
22 826
817 484
1013 1386
1356 1817
850 251
410 17
501 1470
141 1217
1150 242
1839 700
174 1273
408 680
176 152
632 1719
1779 1289
1652 1642
1041 1987
258 503
1421 1522
1161 91
479 1404
1445 1905
394 1595
118 1602
1194 655
903 1566
1963 1607
1032 846
1826 296
190 1582
1048 826
143 307
1869 248
193 1520
407 703
1951 1798
558 186
700 1876
194 1713
1182 832
1270 427
850 119
91 1813
237 888
1738 832
364 864
1225 1750
12 290
290 1038
728 4
35 113
615 481
731 1003
1435 14
1670 337
1571 1673
1356 454
1853 1670
1805 1595
358 1057
777 957
1125 194
1508 282
14 408
1356 560
1338 645
1666 588
640 141
1582 1212
1550 841
1877 1642
264 802
274 1734
1412 541
792 304
689 1139
1853 586
526 776
1072 960
1173 1901
532 1960
985 1282
882 835
1323 1278
769 1270
38 1985
1671 1996
562 1778
481 435
913 1936
1367 210
650 1559
1572 1411
1755 1544
1480 70
1760 199
168 727
1036 1962
1224 215
1009 817
798 1158
560 363
501 400
588 176
1043 1006
324 647
1097 1779
634 769
7 1230
564 1265
632 1970
275 1732
4 798
904 1624
1351 176
1356 1561
780 1517
903 1992
1871 1195
1509 1140
1187 1741
1857 485
888 688
949 985
491 116
1972 1411
1172 1527
342 1282
116 1393
29 1199
1780 1017
371 1036
1728 1834
662 477
686 1100
1758 620
1470 1087
186 374
168 242
1178 997
307 1563
1071 869
383 248
1558 1841
1157 93
1349 485
1855 1477
634 981
1905 588
773 727
1901 1371
710 86
1417 241
571 1670
691 1372
1082 624
94 919
650 724
1826 1907
1692 187
1661 852
989 318
1367 1178
577 1885
420 1371
576 1242
1802 529
1475 974
456 715
769 1805
1249 1499
1970 734
1869 543
1783 1416
546 176
805 1769
1780 1970
1286 213
1178 798
1233 1844
438 1717
1061 257
1591 17
649 1555
504 1201
1951 1987
498 1826
1717 839
1262 646
504 830
152 1589
196 881
1098 752
245 481
1249 152
1876 14
119 1859
938 609
964 447
655 679
407 981
896 1313
1094 1429
136 814
1278 989
1319 1043
1690 359
903 1985
891 339
92 1710
484 961
912 1063
1313 538
1561 632
1517 655
830 1456
914 219
439 1254
1439 1996
1907 1553
957 704
68 1278
624 673
245 714
1941 1451
1266 896
1084 1679
683 817
1584 434
1166 650
686 134
89 1933
1281 45
830 17
1548 1127
1375 55
794 360
910 777
1859 1856
78 1126
854 16
158 1329
914 1084
1318 342
1736 1095
1583 1819
177 490
1313 1859
1412 464
59 1690
1764 1873
1860 1252
83 717
1164 1184
1068 1830
1643 272
213 358
1962 763
1704 1987
1300 530
717 1230
1434 1730
1794 176
1663 1906
190 435
681 1416
1278 792
1224 232
1996 578
1001 1000
899 1184
395 566
1855 1985
84 737
1151 949
1879 1918
571 1242
1995 1385
1138 1404
481 802
1708 1805
897 954
903 734
213 824
1184 176
37 1084
488 728
832 1421
1802 943
361 1507
215 1113
342 1589
488 723
1009 257
1300 1748
1108 1124
434 1730
1158 1541
1003 1192
70 1840
1709 469
1691 1949
1487 1822
1902 602
1999 805
546 1477
452 1467
844 1603
718 1349
1876 1670
1970 601
912 1455
831 809
1548 1043
764 1523
1274 1859
740 1058
957 1522
1913 913
588 1892
1318 571
33 1708
1815 264
1582 1430
1264 1549
736 498
1452 1404
912 1065
919 1070
1663 1662
1199 520
1859 1709
1735 1097
660 1187
647 70
265 1663
434 1278
973 55
817 1184
1072 683
1670 1024
70 1936
208 1445
326 1672
1605 1475
647 1390
542 809
1980 914
1964 952
1725 1072
491 225
1529 245
728 1001
1896 660
455 1070
503 571
621 429
650 954
1261 1513
358 360
1945 1981
1567 1416
1790 1147
882 726
830 1535
301 630
843 498
1745 947
769 1660
1513 1826
634 1323
1476 362
718 637
353 1072
1404 273
961 91
1209 232
519 744
1056 728
1788 115
962 606
1282 647
1326 1318
1860 125
886 735
1371 301
1752 1800
1321 1616
70 1437
509 1346
1529 1522
832 20
373 794
1153 1560
1682 1363
1501 802
1670 506
1600 1006
1702 337
374 980
1105 759
1178 203
893 1540
1103 1108
832 1348
571 1555
940 59
1367 435
52 388
1267 1951
433 1673
1431 1255
1611 1230
1249 119
45 1840
1319 832
1087 1108
362 912
1667 272
1323 1830
1779 974
1140 1575
1794 491
416 1138
386 1948
1356 215
1936 1983
1349 450
1902 974
954 289
688 513
1595 727
606 257
14 1184
1056 855
1722 1033
221 603
964 1266
102 1029
699 1546
369 1630
163 481
777 734
974 336
1709 710
1566 68
716 1079
188 491
546 962
1765 168
606 632
1595 1583
1071 1207
642 306
498 1984
110 1600
906 819
220 1429
1616 74
1404 880
1622 949
914 1464
1583 1806
1499 913
227 1346
1555 593
1157 1006
409 620
12 1620
1128 1305
1434 1778
215 710
363 1709
374 1081
1692 78
513 571
353 1455
469 1999
1799 1970
1517 1601
871 1686
1801 1037
644 72
1452 1944
1686 1976
1127 769
385 1829
203 1856
917 245
1605 1435
1097 576
977 20
1499 1447
588 1128
285 1421
1452 1981
1476 998
251 646
1775 1472
1325 460
907 852
1859 1136
452 241
1194 504
1452 1128
1804 190
1364 1139
1603 1788
75 434
1642 1561
655 1256
434 70
731 506
1522 734
576 381
802 115
1949 767
1493 894
124 362
1038 116
1589 168
1890 959
1480 1331
12 1051
681 1456
1982 603
679 759
525 16
530 1561
679 817
823 931
55 22
736 66
802 1432
1447 447
1546 1738
805 1184
1645 1673
847 923
1980 55
1913 14
948 136
479 710
1780 912
1235 1733
1959 866
1662 176
242 1856
411 637
1368 1282
632 213
686 989
1161 504
653 1247
632 480
232 1270
1144 871
871 997
45 134
868 742
1363 283
1915 329
1890 1589
1788 1041
169 829
1249 273
219 949
215 176
1936 1491
1595 513
1821 1208
655 1732
1907 1168
439 385
640 352
194 446
1800 251
568 1097
1527 1499
1691 479
245 1393
35 1680
1265 190
799 1127
1085 1639
1738 1561
1513 603
1985 1274
681 1429
1480 829
715 68
595 1779
152 257
1282 1213
1475 498
1097 152
1595 996
1874 373
1417 385
1500 1748
682 593
1347 106
973 72
634 1629
141 257
1765 1082
242 1290
307 196
1006 1172
1653 1555
593 1306
1439 1198
1938 546
1292 642
1566 650
1022 632
1003 655
259 1548
1523 798
1000 1375
817 383
777 444
1156 353
962 68
1158 1411
632 571
141 301
430 1264
1022 898
1162 1265
1194 734
1396 1100
1144 1762
519 1367
484 70
1321 1488
642 581
521 1128
585 304
208 1769
1660 1349
736 624
906 91
593 642
1768 91
663 119
1584 1902
176 1379
1996 1764
1890 1605
439 1670
1388 1673
264 1189
546 794
1594 285
737 289
1331 353
501 1522
1080 1622
31 456
119 501
177 1183
1911 504
546 632
595 1330
957 832
1926 1041
168 176
257 830
1499 852
1684 122
415 1694
46 215
1274 1594
1961 1801
1762 1957
1395 1507
367 210
1999 1393
318 1154
1269 1289
1298 438
1375 964
1566 1600
1680 1685
1735 203
1892 1504
1194 917
832 914
1773 1672
59 1432
1585 1783
1187 1744
119 721
1406 1128
880 1232
1765 506
199 368
632 1710
1335 1869
1622 1614
936 1679
485 1488
307 152
435 940
563 1761
101 620
232 724
1491 886
1555 1199
1586 1884
484 805
644 1027
1725 737
794 1138
1281 1343
552 1994
12 1003
1991 1012
996 546
732 12
459 639
823 1616
660 363
760 252
176 345
731 1956
1600 1097
1985 756
1299 284
653 1404
1501 882
646 1935
1199 1296
710 560
1783 1250
342 696
578 464
747 1966
351 464
1347 1279
28 723
1146 196
1507 973
1139 1996
37 1969
188 805
640 1470
1834 1455
232 710
1349 367
824 273
917 165
640 1760
84 1112
960 1493
930 400
805 1784
1823 1709
1856 1404
137 1162
1177 186
710 506
44 575
359 49
594 568
1970 70
1486 764
558 1027
1642 1056
777 940
306 744
367 424
832 1192
1287 203
563 388
1798 1764
1331 777
637 257
588 1006
664 817
65 624
85 141
368 805
954 1178
1764 832
577 591
1110 574
1529 1503
275 386
1616 917
1483 68
907 1951
560 642
1905 1844
1218 1780
761 625
1996 805
541 878
865 1903
456 1072
80 1776
672 1794
616 880
519 1611
1670 769
1876 1541
477 1913
588 436
595 291
1672 691
183 1845
1980 1501
1991 1845
1845 1187
1036 1605
1416 1520
452 1356
734 1500
1876 394
1038 1051
501 1762
1780 1379
136 1629
1564 932
1065 820
91 764
484 1645
188 1038
639 1357
559 1510
400 727
606 385
21 680
1130 262
68 1660
586 1434
829 546
624 225
1655 1616
119 367
251 913
1860 385
1424 113
639 1381
330 362
1162 116
912 1089
959 425
1521 744
316 1080
1109 159
1984 1156
1440 380
832 1859
251 1506
1760 1225
1575 1691
1975 1780
1098 280
1763 163
1142 1027
1074 1803
1594 434
659 1327
809 1856
712 910
416 1043
1180 1198
1963 265
541 617
983 394
1097 1287
85 606
1431 264
513 434
337 632
1777 257
1964 1841
408 1670
471 1445
504 991
1070 1549
879 229
1012 604
388 392
413 966
1242 593
1881 907
1762 1778
330 1571
1173 17
1578 891
657 1158
817 546
31 1713
1453 1837
1987 734
1144 1839
1976 411
1764 233
1705 1520
1834 1764
1326 1097
541 37
606 1738
1365 1437
1859 1173
1051 1282
334 1779
245 731
1249 777
865 245
1291 510
1431 153
743 1890
1429 1935
555 1762
1377 648
1845 646
369 342
1335 342
143 1859
1913 45
727 1266
1856 1867
1717 1120
769 1602
1032 854
469 1176
1856 14
1732 724
176 1546
1564 1783
45 1845
1762 528
794 460
1178 859
1432 1999
460 996
530 479
1892 1854
1411 325
917 1779
1784 1270
1571 559
1980 1859
1173 731
747 386
1291 847
1474 1987
1182 1761
1038 1500
1265 1642
1764 1051
1523 687
1510 408
1820 1393
980 210
1070 1879
125 630
720 1411
1702 448
1584 383
242 777
936 632
1989 141
242 541
593 888
251 1705
1985 712
51 777
359 201
864 1056
1860 1006
245 1764
1566 1195
1670 124
203 546
1264 396
612 1927
903 318
1407 296
973 517
1100 940
1985 245
1515 1477
464 734
1248 116
20 1563
1374 957
1211 1717
1570 1966
1368 1002
485 506
817 36
481 1646
519 307
1730 703
571 14
1121 1264
667 380
917 434
632 832
1970 1892
660 680
829 1779
903 1558
996 479
1748 1346
257 1829
1070 1925
1242 539
1396 802
997 1467
1075 1166
353 1985
1662 961
456 1249
388 594
1896 408
245 764
543 955
962 1636
1242 1814
59 836
1657 1128
1934 737
213 1343
23 513
1281 1587
98 228
479 780
1388 119
367 751
373 1608
1038 832
1289 62
1043 862
367 206
1416 1853
1935 710
142 1706
655 1844
1881 219
1879 1470
1154 66
1051 1249
1300 794
1758 853
1242 559
484 1238
1223 274
1281 734
1281 1954
961 431
1589 1841
1109 1287
996 1346
227 84
1396 91
1956 1538
37 168
980 777
1717 957
1251 1850
727 893
742 964
153 630
616 1344
20 568
1488 50
1777 586
948 717
1827 1192
824 1451
227 228
1509 1291
1546 50
132 1083
1798 367
1985 1709
1670 1031
1108 362
546 411
636 1508
342 14
1764 1153
359 1973
1108 1985
898 104
1987 633
1735 296
1856 1992
1472 1082
1158 1780
1093 120
85 152
1691 1779
710 1869
1957 1481
342 1670
1965 316
1281 1411
777 727
806 1249
724 169
836 650
727 245
1624 1128
1561 20
1312 962
410 1242
191 1476
1476 1319
415 958
1700 1384
1964 585
515 761
1992 484
602 1368
37 373
414 213
1251 459
307 1561
163 1493
830 1128
1330 318
469 25
932 731
1566 546
829 116
60 852
860 1251
1585 446
174 1998
591 1178
188 928
1006 893
1369 1264
456 1874
852 1178
14 506
559 29
1164 952
655 1470
460 194
1879 1891
1038 1420
747 542
500 1249
1555 1051
1270 245
1972 385
425 1941
731 1481
492 1306
769 1147
852 1434
996 1804
68 1800
167 955
518 75
1329 1879
1538 361
70 232
1622 1706
1573 1970
1157 307
1051 257
1622 1847
1855 1257
1808 1018
1763 1266
408 829
427 699
37 408
1286 1346
1561 996
1800 777
1751 20
1826 1383
1987 1745
1475 530
506 1363
1653 1429
1563 686
1249 1475
278 230
1347 1859
1733 1541
463 660
1731 447
296 1323
477 1069
218 915
176 652
603 1110
997 1403
1291 1863
794 35
99 744
1287 1224
163 734
119 1874
937 558
1008 146
640 1844
228 1592
1178 1692
659 301
1003 1238
1473 1465
1075 1908
751 297
37 1844
963 1738
1158 734
347 1867
1670 119
954 1517
442 1223
777 177
1860 954
521 1006
90 242
679 543
981 1439
70 1375
1235 168
506 1097
698 408
1879 506
1021 1717
712 1670
1094 715
1575 106
632 152
209 560
70 966
571 961
1599 932
1667 491
165 599
1902 1924
624 1178
1780 168
1546 42
251 566
1012 1021
1670 1435
1367 1895
242 610
1907 832
1869 376
1841 1471
1590 1363
394 162
307 1465
188 1614
1006 742
1980 563
1119 294
1429 1769
1319 691
1507 1876
1169 884
1161 374
1347 302
1237 483
704 1006
588 1097
646 1980
715 1105
130 1505
1806 869
989 1943
913 1195
742 962
301 1142
949 373
1092 16
1800 1595
1363 912
949 1936
761 1295
850 955
242 546
1950 694
506 1225
1856 680
1487 1750
1737 1779
348 210
512 206
830 1951
1480 752
282 22
1522 656
760 625
715 1371
576 1568
1217 577
769 1027
1856 1249
301 588
271 117
55 880
1349 1421
1194 954
1643 1696
541 85
1783 834
1266 307
1432 989
1992 1172
1935 1881
272 293
1259 11
1518 536
1490 1589
1128 1068
576 632
1938 1499
1447 981
710 571
20 1138
798 1470
1778 1108
958 832
777 964
232 731
1574 144
620 752
122 1371
440 883
1982 981
1972 203
1844 402
209 506
1128 1434
1509 70
1323 1439
1779 1455
1274 1133
954 1470
307 1906
168 262
1178 686
1594 989
771 12
515 1379
1670 1003
1890 367
1841 516
1215 1963
1859 1970
1980 728
307 1796
1009 1260
710 38
91 1896
1264 66
997 68
1139 857
1557 1957
1249 660
884 747
924 1820
1 1 2 1 1 1 3 1 6 1 6 14 1 24 1 1 9 1 1 22 2 1 1 1 1 1 1 1 6 2 8 1 3 1 1 2 19 1 1 1 4 6 1 5 12 9 2 1 4 5 2 3 5 1 10 1 2 1 1 1 1 1 1 1 1 8 3 1 2 31 1 7 1 3 4 1 1 1 1 5 2 1 1 1 11 1 1 1 6 1 1 7 3 1 1 1 1 7 1 1 6 1 1 1 1 4 1 1 1 3 4 1 13 2 12 1 2 1 1 1 2 6 1 1 6 1 1 1 1 7 1 1 2 1 1 6 1 1 1 1 1 1 1 1 1 4 1 1 1 1 1 1 5 1 1 2 1 2 1 1 1 1 1 3 1 1 4 1 1 2 1 1 1 1 4 30 7 1 2 1 1 1 2 2 1 16 1 1 1 9 5 1 5 12 2 1 1 3 3 1 2 3 21 1 1 1 1 7 4 1 1 3 1 1 1 1 2 2 1 1 2 2 1 2 1 4 7 1 1 2 2 1 1 1 1 1 1 2 2 1 5 16 1 1 1 1 1 7 2 2 1 4 1 1 1 1 26 1 4 1 1 8 2 12 1 2 1 1 1 2 1 13 1 6 4 1 3 1 1 3 1 8 1 3 1 1 2 1 1 1 1 1 1 3 1 15 6 1 1 1 14 5 1 5 1 1 31 1 1 1 1 1 1 1 1 1 7 7 2 2 1 1 1 3 1 1 1 1 5 1 1 1 1 5 1 1 1 1 4 1 3 1 2 2 1 1 1 3 1 1 3 1 1 1 1 1 1 8 1 1 1 13 6 1 2 3 17 1 4 1 3 1 1 1 1 5 1 3 1 3 2 2 1 1 26 1 1 1 1 1 1 5 1 5 1 7 1 1 1 1 3 3 1 1 1 2 5 1 3 1 14 1 2 4 1 5 1 1 1 2 1 2 2 1 1 4 1 1 1 5 1 1 3 1 1 6 1 4 1 1 1 3 1 2 2 1 1 1 1 3 1 1 2 1 5 1 1 1 4 1 1 1 4 1 2 2 2 3 11 1 4 1 1 1 1 1 8 1 1 1 12 3 1 1 9 1 3 1 2 1 12 1 1 1 1 3 1 12 1 1 21 1 8 19 4 1 1 2 6 1 8 2 13 1 5 2 4 1 1 4 1 1 1 2 8 2 1 2 1 11 1 1 5 1 1 1 1 13 1 1 1 1 11 1 3 1 1 1 1 1 1 6 6 1 2 1 4 1 1 1 1 1 7 3 1 3 1 1 1 1 1 1 2 1 1 1 1 4 1 1 1 1 2 1 1 9 1 1 1 1 17 1 1 8 6 1 1 1 2 2 3 5 1 2 1 1 2 2 6 2 6 2 1 1 1 8 3 1 1 1 4 1 2 12 7 1 1 1 1 1 1 36 2 14 2 3 1 1 1 25 1 12 2 1 1 13 1 2 1 1 1 1 1 1 18 4 8 1 1 1 1 1 4 1 2 2 1 1 1 1 1 2 1 1 1 1 1 1 1 6 1 3 1 1 1 13 2 1 1 1 1 2 1 6 1 2 2 2 4 6 1 1 1 1 1 1 2 1 1 24 1 1 1 2 16 1 19 6 1 1 3 1 11 14 1 2 22 13 3 1 19 1 1 31 2 1 8 1 1 7 1 1 6 10 1 1 15 1 1 1 1 7 4 3 1 1 1 1 22 1 1 2 2 8 10 1 7 1 1 1 1 1 1 1 1 1 1 1 1 12 1 1 1 6 1 2 1 1 2 2 1 1 1 14 1 1 1 8 1 1 3 1 1 1 32 1 1 2 12 2 1 1 1 1 1 5 19 1 1 1 1 1 8 14 1 5 2 1 19 1 1 1 1 3 3 6 3 1 3 2 2 1 1 1 1 3 1 1 1 17 2 12 1 8 5 3 1 1 2 5 1 3 2 4 5 5 1 2 1 1 1 1 1 1 1 1 1 3 7 1 2 1 5 1 1 1 1 13 1 1 1 1 1 1 1 4 1 4 4 1 3 1 1 2 3 6 1 1 1 11 1 1 13 12 1 2 28 1 9 1 1 2 3 6 4 1 1 2 1 2 1 1 1 1 1 1 5 1 1 8 2 1 1 1 1 5 1 1 13 1 1 1 1 24 1 2 14 9 5 1 13 15 1 9 1 1 1 1 1 1 2 1 1 13 1 1 1 2 1 15 1 1 1 1 1 2 2 2 1 1 1 1 1 1 1 14 16 2 1 7 1 5 1 1 1 31 2 1 1 1 1 1 2 1 2 1 1 6 2 1 3 1 1 1 1 2 7 1 4 1 1 1 3 2 1 1 6 27 2 1 6 1 1 2 1 1 1 1 1 1 1 1 1 1 1 1 1 1 2 1 1 1 3 2 4 1 1 1 1 1 3 12 1 9 1 3 1 1 2 13 2 1 4 1 4 1 5 1 2 1 1 2 4 1 5 1 23 1 1 1 1 1 3 1 1 2 1 1 4 4 1 5 8 1 1 1 2 3 1 2 8 1 1 3 1 5 5 32 2 1 2 1 2 1 1 1 1 1 10 8 2 1 2 11 2 8 9 1 1 1 1 1 1 1 1 15 1 1 1 1 3 6 1 5 1 4 1 1 3 1 1 1 1 1 3 1 1 1 1 3 2 6 1 1 1 1 11 1 1 1 1 10 1 1 1 1 1 1 1 1 1 1 1 2 1 1 1 3 2 1 2 4 1 2 1 1 6 1 1 2 1 1 1 18 5 1 1 1 1 1 1 5 2 1 17 1 3 4 4 2 1 16 2 1 1 1 3 4 23 3 1 2 1 2 2 1 4 1 1 2 1 1 1 1 1 1 1 1 2 22 1 1 2 1 1 1 1 27 3 2 1 11 5 1 1 5 1 1 17 1 10 1 1 1 2 3 2 1 1 1 1 2 5 3 1 11 1 1 1 1 2 1 1 1 3 3 1 14 8 1 11 1 1 1 4 1 4 1 1 1 11 1 1 1 21 1 3 6 2 2 1 1 12 1 1 1 1 2 1 1 1 1 2 1 1 14 4 1 1 1 1 1 15 1 3 1 16 1 2 1 1 2 1 1 1 1 1 1 1 1 5 1 2 4 1 1 2 7 1 4 1 1 17 1 1 6 1 1 1 2 1 3 1 24 1 1 1 1 2 1 17 7 1 1 1 12 1 1 2 1 14 1 1 1 1 2 1 1 7 2 1 12 2 1 1 1 1 1 16 1 1 1 1 3 1 3 6 1 1 2 1 1 8 1 16 7 4 1 1 1 1 1 1 1 1 3 2 1 1 1 3 5 6 2 1 1 3 1 1 1 1 1 3 1 1 1 5 1 1 1 3 1 12 2 1 1 1 4 1 1 14 2 1 1 1 3 10 1 1 3 1 1 17 1 5 1 1 2 1 1 1 1 1 1 2 2 10 2 7 3 1 1 1 1 7 1 1 3 2 3 6 1 1 2 1 1 1 2 9 4 1 1 1 2 16 1 1 4 5 4 1 6 1 4 3 16 1 6 1 8 6 1 2 2 1 9 1 6 1 1 1 1 3 9 3 2 2 1 21 1 1 6 1 12 1 1 1 3 3 1 3 3 12 1 18 3 1 2 1 6 14 1 1 5 2 1 1 2 1 1 1 1 1 1 1 1 1 1 1 1 1 3 1 1 1 2 3 1 1 1 1 13 1 1 5 1 1 1 2 1 1 1 1 1 2 1 2 3 1 8 1 1 7 1 1 5 1 1 2 37 3 4 1 1 1 1 1 1 3 6 2 1 3 1 1 4 3 1 1 6 7 7 1 5 2 3 1 1 1 1 4 8 1 5 5 5 1 1 1 1 2 1 1 1 1 1 1 1 1 1 2 1 1 1 1 1 1 4 1 11 7 1 1 1 1 1 3 12 2 1 1 1 1 1 3 1 1 5 1 1 1 2 4 1 1 1 1 3 1 1 1 1 6 22 9 1 2 3 1 4 1 1 1 2 1 1 1 12 1 18 1 1 1 1 1 2 1 1 1 1 1 3 2 1 2 1 2 1 9 15 1 7 1 1 4 7 3 1 2 1 2 1 2 1 1 1 1 1 1 1 1 1 3 3 1 1 1 1 1 12 1 1 1 1 2 1 1 1 1 1 1 5 2 1 1 2 3 1 1 2 2 3 1 1 1 1 1 1 28 1 1 1 1 1 1 2 7 1 1 1 2 1 1 13 3 1 1 1 15 1 9 1 1 1 6 1 1 1 2 1 1 18 1 1 1 10 1 2 1 2 11 1 1 1 10 1 14 3 1 1 1 5 1 1 1 1 1 1 1 1 2 1 1 2 2 1 1 1 1 1 1 4 1 1 1 1 1 5 1 1 3 1 2 2 1 1 1 4 1 1 11 1 2 5 3 1 13 1 1 6 3 4 14 9 4 1 1 1 1 1 2 1 3 1 1 1 1 1 1 1 8 11 2 1 29 1 1 1 7 1 6 10 1 1 9 1 1 3 1 1
