2000 4000
1087 830
203 1124
203 1491
1674 352
1744 1458
1517 1105
1587 1332
625 232
1977 561
809 1673
1887 1403
507 760
332 1874
1306 958
1853 643
971 1803
171 1785
1009 293
1944 1594
1369 1121
580 814
265 735
830 8
1037 1815
76 629
948 119
762 18
961 1061
412 627
492 1535
771 398
1985 1395
1207 1094
939 222
1746 1417
1697 1808
55 1585
831 418
1179 1229
188 1977
1665 466
1861 1596
1567 451
630 1563
636 962
370 151
1064 1084
412 1422
260 523
684 71
761 1728
107 285
1 1684
1697 1799
381 1308
452 1185
1668 330
1358 1655
248 1966
97 906
1878 244
666 1258
1204 1359
1138 1620
1119 1298
99 1046
1174 498
1418 1132
374 1539
1835 595
1246 1033
1520 420
981 1254
542 818
1103 1617
780 1053
520 72
797 825
1693 239
1002 1221
300 1869
1903 906
1220 915
579 6
124 1930
1516 1736
209 1915
1317 1079
714 1364
1469 1850
312 43
480 1290
359 1337
996 284
898 1319
1762 1624
132 792
1565 637
822 1536
461 562
1211 598
211 1485
1895 717
129 254
1391 335
1720 1857
626 961
1508 1216
1653 835
1749 1518
1000 128
1567 207
1281 852
1519 1816
1840 883
187 1804
1163 1541
635 225
1066 82
238 253
1695 1391
1003 1447
766 1454
732 1957
832 1895
425 1308
1607 1052
1863 1751
1781 960
1503 1671
852 206
1647 813
714 911
1091 1573
1659 31
926 1468
1969 1782
1140 579
337 1969
832 356
518 1350
1358 784
409 933
558 1060
165 780
141 1897
872 546
1618 510
1009 1528
492 1485
1529 839
272 770
237 97
1351 1877
1267 1722
683 1221
405 28
117 1743
1691 550
1919 1677
554 1556
764 332
1910 1876
858 937
1015 807
849 48
35 933
1385 65
1646 1084
1266 872
154 1006
1848 856
1658 964
791 87
319 1437
1349 337
710 1723
12 389
1968 1425
342 439
849 1626
1549 192
310 186
30 109
1779 957
286 1513
1701 640
448 257
182 1331
878 1613
1212 1632
754 207
612 1444
176 1837
566 501
285 508
382 1301
1992 76
1707 18
575 1480
846 1361
644 740
402 1865
1805 1422
6 121
450 486
129 1590
157 1123
1379 974
1535 1595
1350 384
1213 973
847 181
1018 401
469 1194
469 1168
1256 1130
479 1850
1155 394
626 897
731 639
1578 834
1983 635
221 677
203 611
950 1000
1840 1494
1547 1826
692 626
1863 1719
1641 1915
1281 1933
1438 512
1722 853
1687 165
1777 253
1336 641
601 588
9 863
714 1867
1434 1603
1525 1289
247 1059
1160 936
1266 592
934 143
49 1262
1971 1637
384 23
456 1506
1758 1010
1212 94
1454 1958
884 610
1802 320
1171 1346
1552 1757
143 1259
287 1528
1258 1647
743 1053
367 359
1558 275
1158 1072
1925 694
831 238
617 993
413 1950
1766 1008
1689 249
971 218
158 1892
1841 622
678 1752
449 1880
466 48
509 1571
1226 1093
1408 661
350 1051
1248 946
1544 385
1907 218
624 874
1284 751
543 1679
1244 475
625 1112
1128 1770
1307 591
1921 1078
985 880
1769 969
1213 854
26 574
262 77
486 1604
1894 544
804 1446
1323 1763
665 1775
1046 1377
1059 1101
658 1697
318 1900
1828 1789
953 672
1543 1681
45 993
655 1333
282 177
474 590
488 1150
1143 952
194 570
1126 1222
1801 1944
533 939
1313 1102
166 951
427 1032
298 1067
182 1161
1754 1646
1590 929
750 1264
66 873
153 866
12 660
1734 295
790 1817
1555 477
1159 419
964 1583
1725 351
1364 1505
1211 34
98 1650
588 1533
1131 1744
1135 449
955 1814
977 1218
1473 1787
900 1647
1008 1171
1758 1015
1145 423
565 1120
1719 1566
1576 1208
1729 771
1577 603
1962 795
1165 759
1824 486
922 786
230 741
1244 1422
1702 1308
908 475
1951 297
1568 399
75 62
1484 1104
1829 712
1746 1057
1958 1741
368 1747
1636 500
1929 1989
388 163
1538 519
903 1382
726 116
840 517
1375 322
456 1763
1933 1769
1077 1648
1374 210
1856 1129
928 204
1286 434
840 1817
162 1932
348 1089
679 372
1541 1643
1868 1094
1269 1741
1507 1104
1221 202
1312 54
750 1685
459 518
1884 1381
1946 321
180 1176
1734 1662
1200 979
936 1196
1513 1906
578 1987
251 419
861 1384
1801 1927
1906 965
496 1710
833 826
1158 1990
609 897
1433 805
1890 1548
1231 1300
1459 1949
1831 115
1675 1398
355 1614
1094 1971
1535 1522
1935 1414
1839 1040
1366 1451
107 142
181 1661
1113 871
1681 932
1864 332
1018 1052
1483 1892
1013 1632
545 1603
1241 1234
1471 811
1340 740
1481 1938
1667 485
1612 589
1803 58
1597 1233
844 1057
765 1129
1316 538
1077 1101
719 445
34 937
1625 1435
1349 1819
1190 311
235 558
271 566
1721 1965
1914 583
801 921
967 108
1901 235
1587 616
1148 1161
740 1233
1892 794
179 1216
1 1181
969 606
641 1254
1745 1357
740 1305
1926 682
1327 754
438 352
778 718
1666 646
1396 384
1693 1762
698 1192
966 1329
501 294
187 1775
1053 1992
198 1949
1235 1194
98 112
1507 1409
1255 1020
1929 364
814 1788
1863 1523
801 54
171 805
557 965
840 1635
1491 1534
872 1506
686 455
1173 11
937 216
738 1408
626 1469
1740 1927
1898 1877
1783 365
1636 1923
376 688
1291 500
1054 1486
695 1295
758 336
150 1951
20 1361
1691 646
42 472
115 1570
130 722
1512 1929
637 349
524 827
1569 397
1412 323
956 314
138 1994
436 1671
1101 44
1950 1632
1982 857
346 1543
22 1135
972 1380
955 1506
1845 1407
122 1191
1060 456
414 1532
667 935
85 1218
1651 427
808 1033
924 328
904 670
1298 1194
51 415
1387 1356
1896 371
537 1033
810 914
1198 1737
1661 27
565 396
305 101
1952 1639
1033 340
1897 411
500 648
223 1635
658 734
446 74
1871 1563
1949 1615
1239 441
813 323
783 1436
257 1306
708 1819
1415 1686
1823 1521
968 1749
73 343
748 754
993 663
1781 836
1567 1935
1628 1141
680 587
616 1311
693 591
1045 93
1816 1871
1573 93
221 1717
354 1251
1725 1467
1278 1019
148 193
1922 352
51 1789
1370 1113
1216 1455
394 344
604 249
386 1971
757 394
1270 359
1237 1449
851 722
1762 246
812 1652
629 137
110 949
1320 49
87 1938
835 1616
1429 1297
1055 345
215 609
1689 511
509 840
119 249
1934 1880
1927 673
599 1111
1388 629
458 1627
1599 1904
158 535
1877 1123
574 1727
375 59
1310 270
1651 1507
564 1868
167 1367
1196 687
534 438
1384 168
1592 1114
1041 1046
1525 1787
1228 669
1342 1500
1563 288
572 90
417 378
1085 1093
1012 149
735 852
249 1915
674 1334
876 408
1192 544
60 672
562 404
1556 879
954 1859
838 825
1540 447
1702 381
992 1101
377 815
434 1959
266 1100
454 1332
905 63
1148 1023
1926 1882
481 31
1980 894
1674 1485
1905 158
222 1620
1327 1715
647 1113
1961 1534
991 1188
1834 1247
1033 1151
401 132
365 1559
612 180
1984 1999
428 1799
1528 1240
45 1167
552 1116
1827 1198
1856 410
824 259
761 375
476 1637
782 1601
845 1884
232 26
564 36
1805 918
195 586
586 1511
1175 67
836 1107
462 521
179 480
1834 1449
625 143
308 1394
1381 681
1593 852
1000 111
704 501
309 1580
1533 1425
865 1992
103 218
1917 733
1954 1292
602 1973
1783 1736
637 219
395 1167
464 364
230 512
1001 1143
1540 440
1427 573
1725 340
388 1378
1897 1675
340 923
1205 407
1406 1709
1077 1618
306 1232
548 93
1057 89
1173 851
1893 232
1583 1821
1515 1764
1302 444
498 1975
1843 1840
278 1762
1462 1633
1296 633
92 968
1500 193
321 1704
489 1958
1698 502
243 811
1896 1581
42 535
1431 1368
273 802
824 195
1053 693
909 252
136 920
454 1575
751 506
1673 1936
1425 1608
635 371
1533 913
250 1492
1488 99
546 1963
1489 825
1570 282
1397 1821
1044 1658
713 1876
911 998
928 725
289 1184
1881 899
726 429
1597 1414
1761 763
1096 1763
1827 1644
1816 704
278 215
1333 51
1501 1030
1825 1338
1526 732
1258 620
1080 56
975 529
67 1202
243 1036
1291 1812
1152 245
299 1482
1330 1179
1771 1237
1865 1954
46 435
655 1879
832 660
177 1355
737 1752
58 1828
1195 1047
924 963
853 47
1505 1356
1225 877
58 1997
1187 484
608 1144
217 799
367 1601
1804 23
3 1948
104 1070
501 1891
631 280
812 422
285 879
908 1658
681 1151
938 1201
1288 1050
1948 1618
146 834
1536 1393
355 583
327 200
1299 728
1721 887
1827 1035
1423 1110
1622 217
1710 1297
1872 1949
1090 1559
908 529
906 701
256 212
7 1502
1941 244
674 1701
844 342
1423 1059
1772 445
369 1829
896 75
1410 1987
838 1376
602 1661
1250 1749
516 702
461 887
534 828
1877 679
1792 718
168 1548
1951 1990
1672 330
1451 1391
926 1845
1667 1470
1517 1139
1031 591
778 816
1417 1997
1340 1962
684 1706
749 1453
589 1645
1577 609
909 197
1852 534
29 195
717 1477
663 802
796 521
1657 1798
5 1885
698 13
1100 1236
360 1886
603 1137
1513 349
1170 1740
636 10
1941 1642
1153 1289
198 1942
902 805
1325 991
1150 1834
1328 1118
1712 724
908 978
560 1256
502 1047
1786 1980
1404 351
527 853
1019 1255
1788 1225
1704 708
1293 219
235 775
314 946
639 1803
1748 120
1844 1834
335 950
1863 1048
1754 714
1602 587
387 1323
1995 1159
1496 1392
1150 1379
1968 261
1684 821
1413 1251
338 991
254 1015
1315 1988
1393 1476
1613 789
230 651
1209 1118
1469 455
296 1573
1205 1649
905 823
1712 676
1306 440
924 1189
1960 886
378 1977
237 573
1358 1
272 1114
1321 761
1918 939
989 1442
201 863
443 776
1428 812
1283 1241
1244 161
1672 1248
484 448
1050 631
724 1322
127 1968
2 131
1159 643
22 1764
1814 1586
1989 258
614 80
1898 981
1032 1651
1119 1282
63 784
26 1452
1707 39
999 862
183 1436
921 1193
1774 723
1704 279
231 1800
1065 1205
1123 1215
373 776
1343 1986
331 795
422 1914
1222 923
280 183
1740 712
1254 989
1793 958
1280 1556
860 132
278 582
159 919
1863 585
278 504
999 1379
1645 921
1738 718
1324 641
1963 1242
854 1117
1316 1667
539 1117
1034 340
853 173
1592 49
1842 258
938 981
1582 1816
939 1299
81 404
1409 213
524 268
100 733
1958 1457
504 582
1147 669
744 53
417 1813
278 545
244 963
1675 2
628 1633
1353 383
1797 1893
383 912
1287 602
1221 1517
1072 1209
1580 1534
1284 289
1094 1189
899 977
955 925
1499 292
293 20
529 475
1300 362
414 839
1291 695
765 1206
1618 44
1446 1165
1803 102
1029 1812
1778 1857
1348 840
1518 479
1538 491
207 451
1445 1139
97 986
332 181
1558 858
1443 748
1829 315
190 827
1582 1166
1549 1458
1854 1081
46 362
87 1106
563 517
1275 1098
1112 295
217 825
169 1546
859 776
1219 307
1046 1455
503 382
1041 850
738 1597
171 532
495 864
1356 326
943 1359
1303 1903
11 1058
949 1907
1048 1049
1617 443
347 298
1758 1949
850 1118
1899 1812
1637 330
323 62
1972 679
1153 205
688 437
483 772
1515 197
225 1759
885 1382
131 1667
1956 164
1310 1076
96 624
1116 1867
454 981
1325 1813
500 892
536 986
1865 995
1630 1067
1808 1714
1624 334
1692 1461
1140 88
594 1600
690 4
1328 1042
1330 1314
920 1388
1001 254
1830 1192
1967 502
1582 1802
1009 566
1270 964
1799 1504
210 1870
1481 70
411 387
669 9
682 1881
360 1467
1285 1249
777 223
174 1640
1792 1224
1159 1921
1257 1490
1745 113
1520 1611
492 772
68 1613
334 682
125 1342
557 1383
308 1533
1159 1725
164 213
1174 313
749 322
746 402
1952 1528
153 442
1266 1326
1182 63
1410 1996
1524 549
83 1444
1286 1220
910 1158
1995 520
1632 1044
725 1654
1874 1721
590 1526
296 1356
1095 1347
742 1909
17 685
1070 905
82 667
729 563
505 1232
1705 945
1686 1825
1081 1572
1255 984
1792 1271
464 705
704 808
1627 1485
807 1995
876 200
398 1566
1465 150
1472 769
1748 1012
1333 341
962 108
1224 1136
1943 1455
474 264
1311 1741
1378 1832
1242 1071
936 496
294 37
376 1344
691 583
568 1382
1434 1136
693 879
1545 1472
645 941
724 1220
461 945
1294 262
1588 1447
1361 13
1931 982
1694 870
440 1747
1863 1501
227 550
1643 766
929 1461
1913 253
1818 1848
242 653
51 1291
59 100
632 1012
675 539
555 1336
1371 1736
1240 214
350 1980
31 713
1181 1696
496 1909
1211 756
1312 1241
1986 233
81 1304
677 1210
1736 394
1751 164
2000 575
1015 1872
744 1262
999 381
757 1811
651 1889
1155 1783
31 1032
484 443
153 657
125 400
1274 1196
568 868
1205 1727
612 1309
1082 1431
46 858
1402 1190
1121 1254
99 198
1238 528
712 1223
424 56
444 756
1788 1316
1421 1893
1034 494
467 436
953 1396
731 1761
241 182
800 339
1101 1586
109 1109
1491 1464
1074 1431
1378 1881
481 889
106 905
200 1287
1536 1659
1568 1267
1953 719
1264 1387
727 1886
147 917
420 1847
154 38
1145 1202
1899 1836
1711 1887
251 3
991 1674
1838 1772
958 800
808 114
1574 1124
1408 1824
1985 760
1302 1746
1414 542
931 1763
1080 1125
1566 1237
1491 10
1689 783
1245 1938
1599 1878
446 114
909 150
1274 1320
384 390
791 1423
207 756
1098 487
1694 1988
747 1626
513 472
133 522
1168 360
1734 186
1349 742
354 308
408 471
1238 241
50 1064
1152 1803
259 1537
231 1833
1243 1700
1032 1245
246 1092
996 1547
454 1138
236 1558
255 290
1694 1478
1791 1055
993 1057
466 235
1844 974
366 998
547 1720
1779 1830
316 941
1480 471
821 918
1806 1792
1250 1261
63 76
1589 1839
1554 105
154 869
1351 1123
1448 1019
446 1608
826 784
808 227
1795 1332
551 1283
381 819
348 64
291 295
1089 1221
1082 1612
1128 964
1955 578
213 116
1250 336
1883 1346
1710 1331
1165 1765
1500 458
497 233
1888 78
59 415
1316 900
1769 839
853 7
909 1134
408 482
710 995
750 1809
511 959
1674 211
696 689
112 714
525 727
1138 50
990 1895
209 1217
1729 246
1027 198
1073 688
1560 519
603 1213
1948 328
1639 250
1269 1828
457 1173
1057 598
286 1639
859 182
1824 1779
251 960
181 1394
559 610
615 1900
927 1187
199 146
422 1826
237 1675
545 34
554 1229
514 774
58 1262
140 570
649 1495
1364 60
1720 7
34 406
1358 621
767 841
1776 1140
351 1849
1538 827
1648 186
900 334
611 729
529 1476
853 1059
865 361
47 1704
1992 1504
1336 1764
415 1385
1000 1189
277 1837
293 928
1171 1664
412 1026
1975 1385
1232 581
664 500
1190 1196
1566 1008
1346 1690
1469 1750
1161 1289
1069 1737
103 661
1776 1990
58 53
1487 359
901 893
1176 896
1769 1868
833 134
614 918
155 441
813 620
1039 1816
757 1304
1538 707
1589 952
1227 573
984 1222
706 263
1507 492
844 1033
1073 1583
1977 1020
785 1975
1620 1466
1482 1373
1585 1052
144 1717
38 1784
1015 1010
1824 1976
1174 1718
1025 1259
368 1574
1627 1640
224 1592
1304 408
1797 396
1807 1403
1484 1563
361 261
1268 1262
1863 1677
1079 1931
453 980
1806 1461
289 618
1874 647
1920 436
197 1537
1240 1480
1146 798
758 1600
1930 1829
415 1101
405 1584
1040 377
964 774
1086 418
561 1007
800 863
1724 1885
440 849
1965 937
713 143
1420 563
1305 1701
116 334
1586 1910
1606 1107
231 287
1557 89
173 1502
49 1321
1924 43
1366 1073
1770 568
797 489
1432 389
756 1998
234 807
1304 792
1735 1680
1368 910
701 939
1967 268
1309 680
702 562
1974 10
823 1483
1288 483
298 659
806 56
779 124
1252 1125
1346 1444
131 742
1750 1718
612 1720
970 1895
1810 987
1733 1104
1557 390
1799 1687
1785 164
1105 1237
1959 426
644 654
1724 874
1873 178
211 1433
392 290
1259 625
886 672
397 968
215 582
784 1435
726 902
90 1695
16 1205
1749 883
1707 1733
1964 890
795 1398
415 871
1479 1878
1399 269
1190 286
1563 653
1751 1465
1722 330
489 891
1245 1678
220 876
55 349
481 1318
1821 1535
792 1082
118 81
655 715
1928 1217
671 1477
1437 161
1578 232
694 1063
901 83
1866 768
1276 285
1327 58
1878 1865
1784 543
473 1809
1381 1665
1812 564
1986 883
1722 1014
152 430
798 1051
467 1872
169 291
160 282
1759 1600
1393 176
1614 1293
1484 1583
1788 470
1947 968
1918 443
1461 1435
88 1785
1769 1710
1805 1684
118 1877
69 833
970 81
869 1976
118 1215
1245 91
102 1257
940 686
101 1585
410 1638
1189 1207
861 1757
60 451
245 660
1768 1688
1512 1842
1634 891
1020 1070
654 557
1718 995
1216 1307
788 328
1969 1127
816 1404
1099 973
521 76
385 1725
1121 1014
262 208
179 1943
1100 1740
180 272
743 1799
341 855
795 1340
814 301
1016 22
893 769
1134 1583
904 698
890 1796
1814 1096
113 1421
1742 454
1955 401
1782 1791
832 1681
1161 1975
1499 1592
1524 857
1323 709
433 1293
1013 774
675 880
208 1929
596 919
1017 1979
1573 503
587 1067
1521 1804
1615 1905
1770 413
270 1597
36 1971
403 848
456 1909
1520 1064
511 885
746 794
1908 218
138 750
1276 270
866 779
1918 1035
40 1498
1417 1869
627 1560
273 1235
1440 1584
1998 1918
1749 609
466 1901
1446 329
690 1168
133 1790
1475 121
1989 1299
1891 1177
719 117
382 1651
1325 1469
1795 580
790 541
1689 1203
1064 1319
444 213
584 913
310 331
910 1990
1417 1843
625 299
1439 285
566 1166
1334 1866
1272 471
1119 1648
735 1639
753 575
1974 149
1383 15
333 1006
1389 459
94 716
1564 67
38 1373
825 554
52 668
879 899
1483 836
1754 1162
315 1382
351 286
1762 191
618 932
1894 698
1191 609
882 105
1198 1870
898 530
617 710
1542 1492
1758 198
791 1513
152 416
999 1138
153 1800
667 1079
816 1410
1869 1840
1369 343
612 499
1571 1536
1752 1835
1119 310
77 1049
1853 903
1355 35
1521 217
1180 386
701 295
1390 470
318 1532
1205 566
1062 56
1246 923
1193 1011
50 1789
760 843
1933 886
1197 959
300 1645
1825 501
755 764
1870 657
1745 1695
1554 1434
1050 280
457 592
237 2
1380 912
672 399
26 395
1149 925
967 1916
315 616
976 679
942 1759
815 1253
1188 1297
1415 660
1192 958
1611 1468
880 633
267 1692
227 984
480 1943
1874 1641
1849 694
823 1086
1166 28
902 1411
1991 1427
625 1366
1907 189
1544 1514
911 807
1688 1264
317 1325
214 1480
313 788
209 676
478 1711
96 611
362 849
517 1130
1527 120
1776 276
1908 661
1022 1703
488 1024
1666 474
851 1326
1257 1786
843 363
224 528
53 240
1834 739
120 375
317 1404
115 1433
787 47
1354 968
503 540
1972 957
365 711
184 1757
559 627
83 1545
1274 1050
44 3
610 735
269 1154
1393 633
452 333
466 1185
911 1564
339 1937
197 1764
1134 1658
1168 1886
1525 1148
793 1555
1976 976
1450 783
1841 1639
1733 545
1009 1824
331 790
861 1142
1014 1726
1565 488
204 1693
730 1437
1029 1718
349 1644
1191 616
477 1932
555 431
1589 699
822 1468
31 1787
796 1974
1895 1016
305 130
481 713
313 1068
1990 1592
1507 43
1496 874
1667 1131
1686 250
1888 1970
621 1655
84 1783
1957 452
421 281
176 607
1922 1640
1498 1564
1368 1645
1008 951
30 1193
122 248
1432 745
670 550
170 52
1194 652
244 1419
676 450
1305 326
822 801
1183 551
167 1088
1182 1509
1576 1737
1045 1573
1407 1706
496 1705
1981 1037
870 1883
39 1084
892 1499
1536 353
741 306
521 934
13 810
1849 139
421 674
218 1738
1591 1280
1659 1091
1377 1792
1815 1171
178 1083
1439 447
1823 867
1748 375
1505 1988
420 809
591 1497
720 591
659 841
145 894
61 437
934 1075
382 547
947 1023
1296 675
1193 1553
1323 1320
546 554
421 1302
160 848
1774 1337
365 478
1148 1032
530 1717
57 485
195 771
584 1425
1849 441
1634 1741
687 936
298 1582
1021 166
1066 1317
728 619
1508 1531
1106 960
508 1845
113 453
1052 801
123 1984
1887 1112
1712 507
799 65
1025 1527
189 1319
913 58
648 1039
727 1194
453 1916
941 831
877 1795
350 1395
179 1942
61 1050
494 972
446 888
1828 943
590 1735
1488 1142
1700 774
1011 1478
487 95
1780 1917
288 594
831 508
1526 38
1263 1823
1971 1812
1339 1437
1691 1981
1935 1798
39 689
1015 384
275 236
625 757
1916 753
1355 485
1694 1115
1376 358
1685 1852
495 116
529 460
750 759
1498 1094
544 158
1975 65
1803 350
502 1670
1743 857
59 1527
1751 1046
228 1124
213 756
89 1613
1805 1854
149 10
1924 1450
428 1937
1742 1349
1459 1027
914 1297
380 973
1841 1297
438 1347
1463 1244
1464 967
1720 432
376 1184
149 1491
748 760
1846 1789
516 259
384 1553
223 1195
955 145
1177 1519
763 1673
528 1446
1691 1666
736 968
494 537
1708 569
356 1951
1149 387
1938 1458
1185 775
736 1376
563 79
1153 1265
294 1728
1182 1684
994 45
1639 807
1477 1042
985 675
729 556
1530 1850
922 714
1881 1380
1911 956
325 1273
712 403
767 703
1887 1734
656 1598
725 664
427 1869
1490 1360
1197 488
1099 1596
1266 1417
1434 1337
277 329
1291 927
1305 1313
155 1540
165 865
748 1170
859 95
382 1725
992 1493
85 631
1252 1344
1571 701
359 553
1939 863
307 1052
925 1604
520 201
1878 400
1232 1281
1078 17
537 1222
1419 553
860 1941
1906 1946
1602 757
414 606
674 768
1931 1847
1081 1435
442 1265
1183 1993
1497 303
642 1642
379 170
1297 810
838 397
688 642
958 287
203 152
1647 323
209 1641
1838 1416
668 1441
1017 721
1677 4
884 1959
1122 802
1794 924
405 716
75 996
40 1028
238 33
291 1559
804 1238
1760 599
753 1390
1133 43
737 1424
896 727
1047 1670
104 1007
285 1076
1492 347
723 1770
1539 906
1345 1772
853 531
1703 447
1997 1562
1250 1928
105 827
346 49
1553 1011
249 1236
1419 796
786 587
1140 1561
978 975
1285 736
980 1896
1956 1384
1168 1640
812 145
1645 1876
1595 474
271 50
1473 471
747 1554
810 1429
462 962
232 21
889 1091
1510 1605
636 796
1092 239
459 32
827 650
1372 712
669 846
1748 1492
1015 717
761 1252
518 148
40 702
476 898
1017 274
634 526
1547 1914
1291 1971
1063 235
332 30
1492 1500
994 1767
1893 1745
936 1876
416 1166
119 1471
153 1833
875 1663
1380 1330
1902 524
1004 1479
761 105
71 135
1954 794
678 1697
1523 1048
809 1598
1107 860
155 1055
240 605
497 1986
1105 701
530 1319
1343 99
130 1238
885 1766
1193 1828
1335 1019
1514 1025
1352 1656
1070 1214
1928 1915
1385 309
1349 1673
605 806
1869 1032
1853 942
35 1429
29 1412
696 1367
1337 344
1603 1780
917 458
1537 1162
236 1900
668 1107
12 663
518 1829
212 104
473 1654
547 1857
1581 1797
319 1203
214 1245
604 1023
1043 1553
1656 27
469 696
1978 1455
1069 1208
315 1908
1984 268
238 1913
1764 1537
589 1082
1328 873
132 1960
1386 1370
87 70
127 2
872 1489
1265 1780
1669 1892
660 663
521 592
828 150
290 1174
95 31
15 1932
1041 1826
1153 1770
1355 57
1084 1957
106 1619
1741 1457
1461 724
871 1370
1233 633
1439 1896
553 843
1709 1836
1609 972
1469 835
1832 710
842 1386
803 751
723 302
1630 842
696 339
1608 264
280 1274
371 1820
870 666
1654 1646
302 1636
1012 1642
1833 261
269 476
55 1110
1921 1224
687 1215
1282 310
35 937
482 1630
630 1005
1684 614
380 854
65 368
791 1699
1186 92
1142 831
1560 781
355 1480
810 1760
1804 972
742 1587
875 1545
888 713
1834 1996
1730 1913
1627 1922
1650 714
743 1504
649 1180
707 519
1272 1756
553 521
362 258
1531 1304
708 527
1106 359
928 35
209 1604
1318 1109
1235 1622
1248 1353
1439 1334
187 1380
1106 4
269 1397
1440 336
1181 800
1259 1071
1918 1780
1386 1817
1832 163
265 610
1263 1584
1996 1693
30 1141
1969 539
1115 238
1005 838
317 1239
1163 1810
1615 314
483 1906
1196 118
1182 418
953 1988
242 1825
910 1852
1830 1223
1561 300
597 1555
973 1668
678 19
1172 1204
1729 1092
1734 1382
1628 755
1143 481
1016 1428
632 429
20 1362
849 1434
11 1326
995 1904
94 1987
1164 608
702 970
1906 1669
333 371
228 440
392 1925
834 992
997 1495
1485 1164
1341 1116
315 713
1510 1497
793 162
194 741
928 921
1405 1586
210 139
407 1649
1953 971
128 1758
1081 873
558 1185
417 1833
1460 805
1626 1041
1545 1410
1846 415
1947 177
781 1054
490 1142
1558 46
1679 506
465 1657
576 1346
1216 1603
290 35
860 1671
821 1920
1157 1619
1010 1585
562 1028
454 1090
739 1312
191 1693
1061 692
1653 946
807 1952
175 1309
692 1443
1724 1391
882 1810
1993 921
1591 1740
1772 117
1681 1942
922 1300
1818 135
1486 30
957 1593
1117 505
1543 744
1565 55
1636 664
1912 1693
72 1175
312 564
1763 684
100 367
1040 1874
556 715
1805 1609
1497 1649
252 1531
933 86
895 1064
1664 1419
1713 219
25 1621
1845 885
224 25
1335 467
282 628
572 1961
1484 1871
1003 1294
1098 1890
1412 522
2000 1390
1464 550
1068 1035
1138 1630
1064 689
1765 1013
300 1956
1595 1270
1322 595
201 934
1551 777
1572 142
1454 866
1769 293
146 1767
1031 1307
700 1324
917 257
1806 463
1621 1673
960 1756
1921 431
543 402
858 275
992 1452
1551 391
706 1857
1379 1610
855 371
538 79
418 1489
823 76
817 621
1645 4
959 1024
1321 693
652 869
405 1440
992 21
878 1476
496 27
24 350
304 309
1411 1403
1923 324
199 638
1664 147
483 1982
276 1787
169 1711
1511 1614
1855 1940
1916 262
889 386
188 1020
1973 1656
1542 1058
1917 802
1151 490
315 1856
1552 170
1533 1496
1616 401
1085 872
750 414
429 1411
1897 945
203 283
783 658
1403 1649
1249 1807
1172 721
1570 1756
1195 1698
1341 1530
1581 148
1675 337
613 399
1806 988
1860 588
331 24
843 1083
665 1409
1099 1595
1333 552
474 1151
1376 968
221 824
1371 1749
180 1114
1048 1603
380 399
1569 358
701 1075
1184 71
656 722
1689 410
1659 1504
491 1558
1935 1015
1960 677
1085 1273
1629 1047
1575 41
881 204
1882 1940
506 1730
1306 418
1279 775
190 1967
433 219
403 963
1804 577
694 907
865 1053
1982 162
837 1354
1499 1249
96 1991
1320 925
1707 1319
48 1377
264 1815
1974 1491
577 1623
1850 9
829 512
1802 384
483 43
1036 1718
842 1035
183 1169
1691 1268
1348 1635
1274 631
1226 276
1359 274
561 1563
857 1821
1668 854
383 1419
1288 70
1783 151
169 1362
1839 34
1768 674
1417 427
406 1673
987 1153
1166 1188
482 684
680 367
1420 408
958 320
285 74
286 1838
1607 578
1845 1468
1760 1183
1546 1227
1978 32
1650 1115
1375 1157
660 322
1209 1158
1389 23
590 481
107 457
1658 697
1474 160
1353 625
939 731
653 1177
1456 806
348 751
233 160
772 1104
610 1327
1441 601
609 14
407 574
726 1586
393 255
28 1987
1661 1656
1854 1971
1230 566
1284 940
69 664
1615 585
1660 470
1684 80
605 424
1656 1827
1994 455
526 1904
535 84
882 754
404 928
1344 1184
758 1916
1011 1389
1940 985
452 1373
704 1825
370 1346
713 1180
288 1097
1158 1285
42 1022
16 1602
713 1039
1120 995
915 1716
1282 638
126 1724
1169 658
989 35
167 463
1256 1705
828 1782
1820 1606
983 76
1852 1403
697 1632
1700 1333
1313 903
915 1966
1941 257
528 804
905 111
1745 1421
869 1280
986 1695
1210 181
503 1833
189 1999
1858 1175
1056 1146
1300 898
535 1559
99 45
1467 1756
1595 511
1394 1505
110 1585
1127 673
924 979
390 790
458 1076
389 502
1005 855
1231 1372
112 922
1447 752
157 1911
648 1654
407 1259
1362 309
1924 1424
496 718
468 1193
1441 291
1106 1082
1768 1430
1832 899
1722 1433
1148 95
1518 1155
1912 311
1731 895
1426 602
528 1165
1355 1115
1821 1522
1909 145
1647 1763
369 712
453 1896
1997 885
1950 1789
1404 609
1983 1097
382 1187
1694 407
374 1631
329 1744
895 1275
1938 1549
714 1899
1277 286
261 140
1005 736
550 904
1125 1062
533 1382
986 1249
62 623
303 888
973 999
1475 1974
468 1749
1190 353
1500 1274
1051 1474
966 1797
1592 612
101 373
496 709
183 107
600 1399
618 686
586 1565
1152 1786
251 1298
263 1733
13 1192
1074 1859
946 1155
1174 1187
1282 848
295 1979
421 1049
1031 418
728 762
1399 1595
1052 1219
531 1277
1467 1451
1981 1815
448 79
1521 1418
1463 1585
35 420
362 144
1635 1077
916 1979
281 1145
141 907
1986 1488
150 1436
1763 917
30 68
1450 1919
684 1912
1985 571
1178 339
1098 1203
1968 253
1261 1518
1400 1802
924 1445
1982 607
1968 679
1738 1120
364 1512
1616 299
1132 1263
1104 312
1291 1713
262 1612
268 1964
135 289
1103 656
833 1000
1678 1631
1260 161
932 1366
1612 1368
592 851
1804 665
1275 215
1131 329
1270 1154
220 22
117 445
1806 1088
1811 517
513 778
357 1834
466 1279
39 623
1761 870
1442 1838
822 1198
600 1154
1808 1933
1662 897
1703 674
1882 424
101 87
668 1273
1060 1063
956 1353
786 69
504 215
1494 1567
425 1586
1889 1059
216 1657
151 1155
1644 1699
1902 827
1199 894
457 1151
986 1122
815 507
252 757
1798 465
1624 222
247 450
664 301
963 879
184 170
875 426
1544 811
1063 1901
1096 560
1797 1916
1545 1979
1261 406
1582 1188
1873 553
418 1552
1778 445
124 1671
1405 812
847 771
225 1983
247 676
1861 859
742 2
918 1140
795 1162
655 1298
1119 1317
1871 359
1509 1550
778 864
850 33
1738 513
227 316
276 208
1341 338
930 1777
978 249
954 473
684 1474
1856 1829
1250 468
67 1701
1562 311
439 1033
748 315
748 1829
1876 1659
613 156
1890 532
1462 1867
128 1695
1885 874
1184 1882
910 1209
47 7
1346 1475
790 1200
401 1607
28 1212
1301 432
1798 106
1949 135
491 1130
64 1700
567 21
1487 363
34 1227
405 1639
1309 782
659 374
1072 622
822 1845
1932 1615
111 868
1822 514
265 884
1650 167
1400 1793
1000 1732
1753 1072
1527 294
547 499
1790 1364
1575 144
1252 1095
39 1207
777 1195
1314 825
88 164
93 1559
470 1723
474 1690
282 909
1532 1769
1676 212
1572 1557
881 516
1342 285
774 954
356 909
85 644
969 40
1121 1646
1781 1514
382 1444
1503 1930
50 41
1397 1154
192 862
1859 514
783 1924
1090 1910
1874 486
1794 410
883 1908
1934 1267
1133 1311
380 449
1733 648
1088 267
1395 1286
1290 1399
1427 1163
1449 1021
654 1482
700 393
1864 789
1034 1756
1067 621
1694 663
1715 1935
202 79
1006 1784
706 1518
797 457
400 596
1807 226
1525 487
297 1751
1995 1178
1394 1143
817 752
1703 1206
765 1438
749 1619
1669 1192
650 1514
477 15
1791 1252
165 1691
87 1458
786 1114
1634 954
1207 853
1416 445
1884 912
976 1972
1763 1506
2 411
889 1570
1971 1481
1110 1699
1977 1337
1308 731
161 745
1443 1380
525 690
1087 620
950 1580
1116 569
25 639
1796 302
1486 860
136 1200
1818 837
211 400
1467 601
861 1454
1359 1757
1582 993
1237 1847
1004 634
253 479
1882 1344
1663 1233
1057 213
1623 1120
696 759
878 1707
1844 1379
1375 1453
1549 909
1574 1400
515 1540
473 1049
1058 710
546 884
1929 705
1418 1235
156 1149
1228 846
1163 703
1213 380
1733 406
482 1562
1442 1771
139 1374
1813 256
350 952
448 1868
799 1132
1410 1919
1363 1270
657 1069
705 882
50 1742
717 1335
240 1486
1968 361
1345 1416
544 1669
1812 419
1367 779
615 802
1065 407
403 1648
1377 1136
1462 184
263 1850
992 1034
750 664
549 1743
1515 431
90 128
1907 1463
1768 440
111 1388
1463 1685
756 590
166 1848
1983 873
562 928
1341 970
1661 1426
1539 845
1916 980
1071 1450
1242 1169
1310 1122
1113 1439
1003 208
1523 1933
1599 1271
351 549
704 1563
243 1662
929 1001
63 1388
763 23
659 299
423 1779
149 967
1247 1197
1793 1619
425 1702
1643 751
1894 1192
616 1564
381 1074
1248 1158
400 991
1832 1917
781 1852
1933 14
1800 442
984 1773
875 273
1778 1494
390 920
1171 244
1473 1301
1542 1878
1069 380
773 1858
1216 1942
441 139
1363 1535
600 1038
55 557
306 829
345 1080
365 89
325 668
97 1750
1417 1501
107 416
173 47
8 1647
1560 331
107 508
701 568
1557 1868
151 1090
1713 91
241 815
276 1273
1991 5
836 124
260 1275
997 1164
1872 123
506 423
1056 196
844 695
1462 714
1602 841
1507 41
1383 1110
194 623
19 1417
687 1201
1690 576
810 1111
1764 662
1936 1621
1741 560
837 202
1284 686
1386 1577
1272 1176
1289 241
823 1888
73 700
1697 1083
1340 895
1093 944
1281 620
1760 35
199 1767
842 976
1109 1953
1022 495
1537 31
617 601
528 362
109 280
1658 1128
1249 1852
232 439
593 477
1329 148
44 1863
1705 1558
1102 326
1815 474
18 1806
756 1302
1043 459
1110 1587
1525 1756
609 409
192 1668
253 901
1796 1108
20 1986
1051 1146
1302 1998
33 1913
1417 981
12 469
786 1462
1339 730
455 915
1684 395
75 1918
208 1043
435 236
1507 1766
354 1413
813 1535
1493 994
1012 455
1600 942
333 1526
1272 1473
189 44
1671 1730
1712 434
306 512
1939 72
876 1287
693 1395
1786 971
1243 1108
137 111
116 1685
1776 1335
1670 777
1247 357
1976 507
388 899
1960 1364
1861 1737
296 571
1002 1470
438 1404
601 674
1402 1433
1810 621
1481 1562
500 1809
1546 1987
425 168
1069 1576
332 1422
787 1819
568 18
785 626
789 1318
1963 293
99 58
1946 787
303 437
1342 1890
1945 1074
1068 627
1757 1780
1289 605
1224 849
1088 508
1509 1209
1694 1355
117 1390
1129 674
491 392
1394 1614
102 617
1474 69
26 1095
1801 1594
1765 774
1735 1696
434 382
1959 559
352 1883
476 1707
1394 929
140 1059
1037 646
856 1354
158 1894
508 74
838 177
1304 1383
1918 1291
766 964
1605 720
435 945
916 1357
179 1455
1798 216
276 1733
693 1556
377 1105
846 1362
1306 1546
1054 519
1701 1540
1321 963
1940 633
1482 947
850 1626
1996 1022
1896 1797
710 1904
1236 1023
456 73
240 1107
785 1030
1138 271
1089 543
950 465
2000 1899
1282 1648
1862 1077
1975 1318
389 1026
1214 1676
522 1191
1425 1251
1373 1154
993 1337
1792 1046
1741 1133
801 607
90 1337
588 1401
298 1602
465 216
519 24
133 1713
1098 1138
1174 1127
326 976
485 663
370 845
1403 1753
299 1383
814 1225
718 472
1043 831
859 884
1413 1604
1847 1414
883 831
512 875
223 1698
1171 1680
300 1409
1055 1509
1812 1304
962 1188
1520 982
89 407
1973 1352
239 1729
1859 1822
134 1961
849 1792
260 1723
172 372
404 1197
1660 523
392 1089
1883 174
1501 415
699 571
97 1027
924 866
1373 1006
905 159
119 1482
1730 238
1371 1783
1775 703
324 863
683 202
1055 515
134 304
511 1339
340 1222
1831 1451
1601 175
1603 919
1046 1055
105 1989
262 1127
107 1048
956 305
1471 266
1484 1224
509 1348
562 516
1986 831
1577 1714
306 570
330 1402
539 206
1040 38
1650 281
1949 1759
1727 871
989 1710
1969 127
601 1860
1412 398
111 1020
1964 1697
955 337
1067 1602
1863 898
31 1876
1131 1743
273 1521
1851 947
948 1851
1779 1229
1732 1070
196 718
1208 1315
663 1655
1631 1986
760 434
1853 85
1794 638
1365 581
187 1609
567 1978
1221 79
316 1773
540 1051
241 95
1303 868
977 643
1242 183
177 454
1607 1744
194 1994
1722 895
1775 1443
1244 1260
1912 885
92 1005
1098 1660
1983 1638
1439 674
1075 956
1967 1984
1301 422
1624 1023
1217 287
461 275
2000 1406
430 203
1678 133
1663 499
344 1865
631 1288
838 33
17 1516
351 317
1368 487
1782 1031
1001 726
774 265
393 1683
210 1849
293 1434
1372 1900
384 876
279 7
1105 1021
881 40
528 1516
924 119
1604 1928
1156 1463
718 158
798 503
536 1062
930 238
233 1631
693 785
1475 579
1268 1401
1625 1557
936 1087
1745 1797
1270 4
405 1552
1367 1324
685 224
15 1555
1538 330
284 214
1953 1786
1195 1898
64 1424
1126 1033
681 1739
1822 1591
303 1888
661 1595
1788 301
1072 226
931 894
1473 1369
944 668
1155 535
82 935
171 1890
1554 153
1107 1943
8 813
31 590
849 1321
1286 1322
536 1456
1817 979
710 185
1398 1349
1251 1587
365 151
1544 1298
208 1294
1763 1814
1926 334
1009 652
1856 382
782 1917
1608 299
97 1718
16 407
510 1862
503 1755
1957 1006
642 1665
1638 1794
1007 1436
1680 1
1616 1025
11 640
883 497
164 156
1608 61
1308 1405
1315 657
1292 344
1735 826
1013 1859
643 1102
1679 1089
1682 1747
1547 809
977 1224
1286 507
1708 1606
269 467
1345 853
1905 1968
1553 567
1265 937
171 1055
1288 1274
759 327
545 468
123 827
3 1862
490 396
410 1767
1706 1648
1805 1920
925 99
752 78
731 486
1290 1942
263 1589
1266 797
1357 943
1875 400
283 430
483 746
1425 222
1294 423
324 1039
467 198
1690 1475
1716 1498
959 1247
1778 493
845 52
1909 1506
1478 1115
970 806
293 734
19 1230
266 1624
1218 1737
345 424
124 436
1643 52
1834 606
1503 1072
1750 615
1081 1747
1076 12
267 248
61 303
193 508
624 126
941 1448
513 495
1332 1533
1036 498
85 1313
1499 180
25 870
265 627
1360 330
936 1351
793 1716
1078 1514
219 586
1746 1718
1116 1708
255 1683
1544 1035
1529 1144
1120 1487
379 1552
1686 1067
1579 820
564 1814
1999 1156
1527 1748
1622 799
803 348
1133 1828
1471 464
1234 522
105 705
1460 1196
402 302
1830 315
205 1787
1342 416
913 289
1147 9
30 764
1081 193
1621 229
1710 265
1925 90
1336 1537
859 1331
1931 1185
1257 1250
259 197
1776 1998
1147 1228
910 626
318 1372
1968 99
368 1802
564 1809
1377 710
1731 1962
853 708
673 1944
52 861
1683 141
724 798
517 1508
1936 763
1202 1229
340 1295
1118 48
574 763
1945 1405
1490 1672
585 698
1281 899
1783 394
128 304
1727 89
1205 451
1437 1907
93 786
1529 1231
590 1180
827 1984
1743 830
802 1029
597 593
435 702
261 1048
169 437
1588 67
1290 179
1976 2000
454 50
1843 1651
1036 1181
177 358
1718 1345
670 961
1582 1767
768 1438
666 1647
1517 172
481 405
1435 1888
497 1725
624 1392
1786 245
436 1979
58 171
419 1514
619 939
892 292
229 870
972 1392
1704 1320
1482 222
240 1503
126 410
1405 1134
1263 799
30 692
1833 1528
159 125
910 1285
1336 431
318 915
370 579
942 336
4 1956
1430 548
1839 815
1784 448
610 945
1773 114
430 655
1402 14
72 1411
1916 1958
352 1328
1032 1665
585 1231
1471 654
1630 1575
234 366
801 745
790 920
1406 1836
867 799
552 1606
1174 637
1757 1013
1064 795
250 749
1301 1670
550 28
1365 957
623 620
1591 869
80 918
1736 711
1503 61
1924 1919
1350 1165
1199 952
710 80
1398 680
1271 849
497 1077
599 1297
1589 649
1127 1801
707 24
373 538
1827 1426
479 1612
1482 86
1086 983
456 19
130 1908
1223 1740
605 1093
1835 1712
858 560
1043 1396
550 1278
1629 1670
1460 1579
1807 1550
622 911
1670 875
645 904
1790 1234
1904 670
1145 1779
19 617
820 1956
287 616
546 1001
1595 1038
1629 391
1402 1726
1611 712
966 1696
1127 1927
818 1598
1291 391
1481 398
1231 300
1200 640
136 541
1466 41
1099 241
1290 1943
1159 650
1924 1366
235 998
394 151
86 1137
192 854
510 1948
975 997
1510 758
1737 247
1357 664
1090 1739
1655 1
1197 1610
1345 1771
1332 783
1793 1605
1441 115
935 1066
1534 1732
1682 1854
1157 1224
1074 819
291 478
555 1537
1432 30
1393 529
1614 433
37 1527
647 1370
1233 1959
1253 1839
1854 1435
895 98
988 167
990 1401
450 1604
1284 930
1622 134
464 987
1677 1368
106 1157
243 1061
624 5
188 1662
1554 1792
461 1130
1597 652
1207 1187
926 954
499 1463
104 897
1539 703
1909 936
739 1283
647 1386
1406 575
258 1592
149 1464
1423 1267
293 1497
1550 1158
876 1951
1283 801
662 197
1855 675
1767 1317
1037 1276
651 741
1348 531
773 428
460 908
1652 156
196 1755
711 1910
630 1186
754 493
576 845
1902 268
948 1471
316 1278
1879 203
1176 1503
1742 403
665 408
1854 142
1078 960
1921 811
988 1461
1552 52
704 1338
1492 1783
892 770
1483 240
11 797
764 68
1380 1804
364 1740
1767 1364
1219 1607
878 1318
1677 479
242 1034
407 570
194 140
1004 185
1448 1093
708 1931
9 1362
1655 1181
332 43
452 732
1766 1719
647 177
1611 1830
1984 1864
792 60
1603 400
1122 1718
1190 190
1204 1357
585 286
180 345
866 220
101 103
1415 12
888 1970
1144 571
244 912
78 784
1926 900
105 1842
1003 1145
457 1126
1058 1004
640 1782
344 1939
1875 159
1250 1924
136 640
665 1739
1471 326
1911 1160
1707 1864
1637 1207
1199 1980
148 1235
671 66
1826 691
109 531
1900 969
1541 1987
1257 1980
1214 104
1521 435 398 486 1788 1756 33 96 1341 1684 1478 704 891 242 8 1302 295 446 1341 1341 1463 14 1376 655 346 1463 27 1348 11 52 458 1376 1408 838 103 732 1256 677 596 164 36 866 796 398 1463 120 33 1314 694 36 826 1741 694 70 114 935 704 694 1256 144 1318 96 1715 1366 826 1481 1168 52 1153 825 925 1366 126 1451 880 1715 1168 1521 187 1214 164 81 1414 1197 813 242 825 1207 1302 1742 97 1466 1176 1348 441 1788 1284 1153 878 1646 391 486 391 1873 382 1582 1451 1684 52 198 1715 1153 1859 1387 1058 1242 20 26 565 1256 1756 882 19 1457 1722 1788 435 1742 38 391 435 144 97 1742 925 1345 1715 1242 369 277 152 1475 693 370 324 616 1615 1859 1684 911 1197 1560 666 677 1337 14 26 891 1722 1153 112 8 952 1207 1724 76 1161 747 1302 1741 747 143 33 1364 1646 48 1466 1623 1321 1020 11 441 1059 1741 1781 43 1706 1873 198 19 18 498 1451 277 11 986 195 973 616 427 1366 187 1560 164 880 11 652 1168 187 369 1364 1873 1207 146 22 656 1870 391 31 427 11 565 137 295 1739 1273 1387 1550 346 277 666 1463 878 1173 342 120 435 1408 18 1457 441 1832 1394 1615 486 18 187 882 565 1529 286 377 1408 38 152 1873 1615 382 195 452 627 1168 838 702 491 565 1161 19 423 1451 36 1020 1870 1494 120 989 48 22 33 801 1168 1153 1560 146 1451 11 666 1739 925 152 1302 1020 1059 1256 1302 1176 911 1529 693 1207 7 1634 1318 1742 391 277 78 982 1742 43 212 796 143 693 603 1387 369 430 119 1550 33 1582 96 1253 989 813 427 143 48 149 655 52 677 569 1742 1739 435 1291 1366 1732 1882 1732 126 1634 935 694 1529 1373 114 486 369 1364 11 982 146 911 12 1466 1623 933 627 370 1623 382 1197 1173 1646 1550 603 1756 1882 143 391 1535 1256 925 81 1873 1741 498 597 950 1615 1376 286 458 324 952 112 1345 137 152 152 1197 1463 1706 1466 11 14 1722 78 1634 43 164 1348 838 1302 377 242 616 435 112 861 430 826 1451 1873 1715 286 43 1168 146 1168 935 597 491 659 1366 1242 1560 195 950 31 859 120 1457 1318 1337 1732 1550 369 666 391 1207 20 1318 1475 732 14 187 652 677 1859 36 1242 324 1478 1451 1376 19 120 1684 1161 382 656 342 973 838 933 452 880 866 1253 702 19 370 8 1302 486 1321 458 212 796 732 704 187 441 12 939 1706 120 796 652 1732 866 324 878 1284 950 1253 1832 137 986 22 11 1373 859 1451 11 398 119 277 866 632 1337 164 377 1376 655 1366 1684 97 452 19 933 1781 33 295 19 370 11 747 446 1337 1197 935 1732 187 11 986 1345 43 1373 891 838 1195 950 1176 48 1387 70 1882 1623 1195 195 1560 114 342 491 120 1873 164 377 732 1706 1341 1376 446 1882 277 583 1742 845 1302 480 1756 1706 78 1756 7 11 22 146 982 627 31 1529 1058 486 458 1722 1478 8 1739 859 1722 8 1207 103 423 1058 27 242 565 935 430 48 583 242 491 1560 950 14 1214 1284 882 1341 925 446 96 1521 1173 96 1788 693 1394 491 1153 1715 1466 801 1242 37 1781 1739 1684 31 616 346 1337 126 1615 813 813 1387 702 1379 1253 583 286 277 826 1832 565 1560 391 8 1059 1535 704 391 195 704 1253 1706 96 81 989 1341 1387 1481 144 6 1475 37 187 11 1366 143 1646 1706 569 187 212 295 925 26 925 596 933 146 1394 918 152 1732 427 861 891 583 126 446 164 1535 1832 382 838 655 33 324 1781 1197 603 458 1153 1560 1348 973 866 20 1722 1494 391 1634 859 1253 1242 933 446 1560 119 346 677 1646 1059 491 1466 1366 826 70 813 277 435 1724 694 112 1634 1314 603 1582 1242 1373 1521 480 652 52 1207 377 1739 427 859 1256 446 346 52 1475 1741 1535 1475 1414 1020 11 796 1366 632 342 391 137 866 427 1724 655 1646 1059 1521 826 1153 33 143 52 1345 114 144 8 1634 596 1684 1478 986 1870 1366 70 1284 1373 295 747 935 1173 1387 43 103 286 14 96 7 81 866 1521 43 597 747 1214 212 1715 11 1195 1521 19 1337 277 96 878 694 1742 1463 693 1457 192 1466 430 11 1535 143 1623 1732 1756 1341 11 43 1314 1314 1478 11 33 498 1882 192 48 120 441 1457 1741 498 1366 866 1724 427 1870 446 826 346 1379 1195 1481 1788 491 427 7 52 918 37 164 382 878 491 212 144 120 1318 458 1366 939 1020 1414 324 596 880 1394 370 952 569 1414 1242 813 1387 1715 446 152 19 911 1273 1173 1615 982 103 882 1494 1615 1214 1722 1345 70 1153 1732 143 324 212 732 164 38 1408 324 925 242 693 81 26 120 26 446 925 1387 1739 1494 989 120 693 565 565 198 1742 76 486 144 632 324 693 11 1550 12 286 1394 1684 918 861 114 1859 1684 1466 430 164 486 1706 498 12 19 143 813 19 1345 1859 26 43 1715 1387 37 1284 382 1161 103 694 1291 1463 1341 1463 1781 146 583 1173 498 1742 38 187 1168 1781 1466 677 1873 76 826 973 1376 1242 632 149 973 14 1494 78 1387 1873 76 866 565 12 693 112 973 164 1284 826 1722 659 1732 1732 143 1284 702 423 1253 81 1314 1481 1376 861 1176 1314 137 627 1168 801 986 78 1724 655 1337 986 1207 1781 277 342 1394 935 342 596 1302 81 1529 143 8 1873 1059 1273 925 597 693 1451 398 286 81 935 1475 486 1623 596 989 1715 96 1161 1373 1197 458 18 989 732 1337 324 1739 452 441 565 398 813 391 796 76 486 1457 1366 52 114 103 1302 1379 1020 704 1882 11 1314 43 1706 126 1284 26 1550 935 1732 6 861 1475 120 48 1870 939 861 14 1314 242 36 143 1207 52 878 38 583 1168 986 1341 441 324 12 1706 486 880 423 1197 198 1582 1273 286 26 441 596 845 583 295 1341 1463 933 1059 603 1615 1494 1478 1284 1366 880 1832 1366 1195 458 1521 1715 70 925 342 1466 732 1341 732 11 882 891 1376 933 137 26 12 8 486 1345 26 1168 119 1494 1302 1475 732 8 1273 11 1207 1348 498 1873 26 1321 187 813 78 859 187 1732 603 1314 7 989 845 1341 1195 1341 430 11 491 97 1870 565 76 295 369 146 70 1059 1366 112 97 1732 12 693 1273 838 982 1337 81 126 1387 120 486 96 693 112 838 694 1870 1176 880 1478 14 694 939 423 1314 880 989 801 452 1451 11 1387 342 826 11 43 70 925 1273 859 427 801 441 1321 732 1634 31 1168 1732 37 103 286 446 370 950 1207 446 377 813 1550 1722 597 1646 1451 939 70 813 1195 8 187 81 52 370 324 918 859 324 126 1291 1478 652 1481 1859 1195 441 982 1882 1475 973 195 1634 1832 119 596 1291 1451 878 925 20 1756 1337 11 435 1376 26 27 693 192 704 1176 1494 1521 1494 149 1341 1341 423 144 11 925 427 486 126 1379 1197 430 677 369 1582 1466 1314 952 12 1706 1615 446 114 747 826 1379 1176 1715 1376 480 1742 1788 19 38 859 1376 423 435 423 1550 694 149 1273 369 597 480 212 826 1207 866 1242 11 982 43 704 20 659 1870 1615 377 1859 112 114 1366 982 27 845 14 103 1176 486 112 149 1314 1475 1059 119 1475 1475 1348 1058 20 1706 950 143 295 1168 1387 76 1059 1058 1463 1582 1741 1321 935 939 825 973 747 1161 1153 198 1684 911 36 1058 212 1291 187 565 1414 880 1153 1756 19 1481 704 1781 146 825 565 1457 1832 1364 1457 1623 878 1195 149 1684 1529 1463 652 583 1788 1722 882 1020 1451 826 33 1457 1724 144 324 796 377 1273 1722 31 382 114 286 195 295 143 838 1832 43 1870 423 627 48 441 677 1256 666 430 1291 377 430 982 1742 423 11 195 655 1535 1337 845 1781 694 286 1414 845 146 747 825 1273 137 1741 1376 1314 8 918 1475 120 1197 655 1207 212 1832 882 31 76 652 14 1466 1058 11 1475 1176 1550 36 8 242 1463 747 1742 1859 1341 861 1348 198 597 982 1168 583 38 826 1020 11 6 423 441 826 43 1781 1739 1646 1529 1722 187 1722 1882 78 1318 1706 12 603 486 52 31 627 693 391 398 1582 36 346 1870 1706 565 1475 1314 1364 52 137 36 878 861 1153 939 11 1253 732 616 1173 1364 187 1615 1741 114 486 596 96 43 1302 1153 659 14 693 1253 1521 27 656 861 458 452 27 1394 491 1615 1615 702 187 498 891 137 1457 149 346 1364 435 1873 486 97 1373 1521 694 1475 152 1214 1242 1529 1724 1176 119 1756 702 1161 18 704 1742 1521 1366 137 114 1366 1337 597 1475 33 120 212 370 1882 480 103 1302 859 97 242 652 882 370 1284 76 950 120 149 452 1788 286 149 1302 1256 18 1408 596 1742 838 1302 1521 1197 8 866 1706 603 939 36 48 48 1859 1207 1475 1256 838 1284 911 1366 1273 596 986 1058 1741 973 1739 103 346 18 324 195 632 76 616 1176 430 861 20 20 1387 1634 1706 1207 1408 652 1168 880 286 1337 1197 677 1207 486 880 7 826 97 1337 1314 1550 616 7 1366 1859 656 1724 666 6 1550 486 1706 1214 1161 1273 242 1253 382 377 732 1873 324 702 1832 1345 192 33 1882 423 632 1870 826 1832 146 27 939 603 603 1058 952 666 12 859 480 48 20 81 659 1173 382 659 12 212 826 43 192 369 1291 565 1273 813 1475 37 603 950 1366 632 1058 441 398 627 52 1634 1475 1153 732 659 8 1832 973 1623 187 1722 458 26 1781 1560 14 952 925 1364 1615 1788 933 1302 1318 277 747 1832 891 1859 891 694 1859 435 26 480 430 342 19 446 1781 627 114 198 391 324 1197 26 212 1408 146 187 1859 1646 880 1059 1214 286 1364 1253 1059 152 569 6 187 382 1457 43 8 242 14 652 346 1366 825 1366 37 1615 1321 1321 6 597 33 1466 398 973 861 911 1173 486 1634 78 747 677 939 491 144 1742 596 1059 1366 120 882 19 627 435 1318 732 143 27 1684 826 826 1873 1376 1494 486 702 48 1739 19 859 878 845 144 382 1273 1788 1724 70 1242 1366 866 212 1207 198 480
