2000 4000
862 316
1591 921
1960 352
56 1228
202 816
3 1213
348 1308
336 214
1450 1236
1695 154
149 868
1218 785
1246 1872
834 1679
173 12
1757 1998
662 251
65 1106
812 1848
1849 445
1008 345
139 398
991 1310
1380 616
1918 525
905 63
1771 1086
584 847
1348 755
1842 472
994 64
1295 588
1673 3
1707 1918
834 1403
640 1130
430 1023
1780 1603
144 1736
1692 359
807 349
1950 443
993 1745
1683 1012
1241 399
740 1891
602 655
1999 389
801 1338
1457 470
111 1508
1358 617
1326 512
883 1570
1844 315
1528 857
257 86
4 1302
724 1019
1649 516
112 1970
114 122
981 570
14 1441
538 1720
1688 733
14 1581
1459 1768
1814 709
1478 188
1872 552
1421 1598
1277 1756
1289 465
1699 951
94 1406
140 1781
1725 1660
975 857
931 181
49 1113
600 379
1096 1463
1082 1817
1908 678
1451 607
702 1435
1605 1614
121 83
76 1350
146 1229
1572 244
1145 1421
1589 359
1060 1629
1068 1041
147 659
183 1088
1985 275
385 235
1197 1804
198 541
1314 397
550 549
1336 1078
1301 408
944 789
748 1793
1896 1979
992 382
782 1746
776 372
1074 1694
1634 46
878 1182
87 1409
546 1626
1896 905
1039 1053
191 250
545 1517
1790 1755
1661 196
676 1683
321 1978
454 1355
1140 607
1915 414
1272 240
163 1049
937 373
836 1154
470 1479
1718 135
1113 1966
1566 1046
138 268
601 1235
39 650
537 1542
293 264
384 35
975 40
105 1272
343 1770
499 1077
359 84
637 1529
1939 1305
1889 1172
786 1388
35 456
925 808
1294 1299
1028 193
87 1795
1242 1506
1473 1536
810 567
1369 440
406 185
73 1426
80 1913
1685 821
77 507
1931 76
769 579
451 97
352 1838
1776 671
1479 560
640 111
847 235
1666 1704
1681 719
929 2000
679 1122
1535 1338
1178 1840
1499 860
1735 1209
47 505
116 1311
1400 118
207 1879
1978 933
596 892
1050 1772
1941 75
1885 1044
759 1318
474 72
871 671
661 1176
1203 1284
75 1448
105 420
1863 677
1983 1046
597 555
32 1891
1683 1078
661 920
1433 1158
1414 838
187 601
764 1263
1867 1002
870 248
1506 858
52 283
1372 396
1812 558
1684 1851
732 1984
170 1830
770 377
1897 1373
895 1430
256 815
655 362
1793 1734
1295 604
1366 1473
1592 1810
530 1282
1520 1681
787 731
1156 1096
42 1279
323 594
700 533
1703 658
1325 1063
702 1082
822 483
725 294
1968 1646
33 823
728 992
1927 1586
458 289
969 391
233 1337
628 223
1759 1538
1929 491
879 458
789 1731
1384 1740
1775 369
153 1566
446 1595
426 901
1907 898
506 427
1249 497
57 1170
1353 1326
91 1859
1699 861
588 1746
1263 819
1184 1179
1748 1710
1768 1721
1634 1822
1293 953
1244 1604
1237 728
1480 1571
865 514
260 1280
698 1715
703 765
1910 58
553 1723
1719 581
1195 1330
270 264
153 1983
1071 735
18 501
304 838
1910 815
155 866
1658 1144
1313 145
1817 1400
789 693
10 1402
1194 1243
629 1461
81 1715
1656 780
1476 239
1091 1319
380 435
708 1135
1347 439
1436 1900
1505 599
431 965
1071 980
981 986
777 1047
1442 1643
780 1012
1609 1124
1327 1266
769 1621
774 1561
1034 1942
1064 624
1312 1491
1238 384
685 1159
157 146
1654 432
678 1805
1477 850
1182 1730
1582 714
486 1821
970 591
998 1592
1434 67
877 1844
476 1021
1142 1987
1753 1119
1578 1105
955 488
393 84
345 292
1447 833
1267 879
1792 425
127 55
1334 256
1724 634
1685 1390
193 914
1883 917
539 222
1612 1240
1554 152
85 683
1219 267
835 1797
1267 408
662 709
802 1729
793 795
1425 1608
224 1608
1592 222
826 1124
1479 832
824 454
639 196
1187 1920
1410 4
1336 643
555 923
167 850
1691 1493
1667 1207
1561 1417
293 628
1903 1615
1412 1998
1798 1985
904 11
759 342
1674 264
1947 936
293 1391
1726 78
1969 1001
1062 1405
1178 1196
845 1996
550 479
1069 253
1274 287
1748 741
1151 1150
1383 790
1377 128
225 1966
1258 1118
1703 921
1099 958
1546 499
867 1977
468 1994
1730 527
583 655
982 813
25 1684
322 663
1850 842
1289 1734
1809 698
1740 92
1840 503
381 214
897 643
1160 725
868 700
103 627
650 1554
1248 1548
546 1712
1292 1004
1698 1802
1741 341
953 1784
1343 1983
1583 43
1144 1507
1406 1320
1576 1286
140 1296
989 337
715 1536
882 1464
294 1833
10 1085
1653 1256
1848 1773
1188 829
1204 1134
1133 673
1801 1208
1555 273
1610 1854
1999 1168
1843 892
808 351
1268 605
1586 1348
1192 53
1184 1522
797 193
387 797
1311 1411
1391 1468
62 1482
1198 305
949 752
72 1603
472 1777
522 386
479 1530
580 606
1370 818
234 537
1899 133
1921 641
1920 1259
49 912
482 1020
672 393
1677 729
1590 780
879 24
1912 1855
1041 1010
1837 1846
731 1367
1793 291
854 1201
778 259
644 456
156 1627
1970 827
827 570
223 1162
1758 1119
300 892
160 833
325 1161
1262 272
1399 1642
508 1307
445 1774
1191 1281
1778 601
1037 587
680 1963
625 1831
644 737
703 1465
1871 518
1334 317
1459 1801
1360 1449
1094 352
262 1439
452 239
1452 567
960 281
420 42
1721 48
717 1078
1264 1601
1219 224
1363 1273
1281 1995
112 1793
154 1271
580 703
1228 794
479 618
1560 586
987 1483
1908 1351
1061 796
61 114
1055 198
512 1353
1015 1042
1595 1257
1545 1079
402 1704
1129 325
1089 1728
1014 755
1737 1963
1710 185
36 3
1480 51
73 681
1821 1428
1969 53
966 880
1293 467
195 1752
1026 955
1629 1939
489 1720
643 1078
275 203
1935 501
527 952
552 1621
84 1111
1513 1363
1110 1869
1026 590
947 399
213 1696
944 724
1088 1794
1704 610
252 1004
720 1439
1847 594
558 934
377 735
1782 804
388 1614
1052 296
393 726
266 188
1566 316
606 1239
137 1488
1597 614
396 378
1304 1416
1330 1309
1143 1895
605 279
1606 675
725 882
729 1090
1377 851
864 1710
1037 1608
1881 1375
1857 180
1996 92
1743 942
179 1871
1091 976
1921 352
187 1188
1945 1039
1777 941
623 105
766 1800
1066 1871
219 926
774 704
1909 712
1349 1237
111 184
1642 1951
1834 558
1316 1768
1948 959
845 1384
454 1749
1017 1341
1516 56
1423 638
1875 227
26 779
1220 1438
676 1165
450 639
1506 404
1578 1233
1866 698
1053 757
1337 1679
1065 1566
259 213
1225 1839
1888 249
1860 1404
1534 255
1626 158
424 1257
1024 116
837 533
1924 1608
1673 955
891 663
1121 700
1076 1065
548 1594
1145 12
1454 1424
1693 1708
768 1473
1403 1745
1665 565
132 1406
116 721
869 85
782 464
335 282
1621 1745
1916 326
1461 614
165 1824
802 374
859 590
1690 1131
498 79
828 1495
731 1481
55 1066
1765 1457
1454 730
1950 1419
1205 17
1813 97
642 481
948 504
551 1338
928 779
427 1449
730 1818
1440 111
300 793
1527 1546
263 134
631 1949
1954 407
1648 421
208 1006
1734 743
558 1187
1307 602
1051 33
1409 406
1799 1532
1493 836
1387 973
467 14
1908 562
918 951
215 1230
1705 1851
646 866
1094 1063
1275 1051
41 778
1686 1596
819 209
940 1761
210 1172
570 188
1294 1364
125 1952
704 462
1669 948
264 1465
1436 456
1598 1611
962 673
1169 1143
1872 1818
509 1646
130 930
620 1083
440 1558
761 122
1082 714
394 1273
1078 1531
1681 526
531 408
414 1568
1629 1305
1401 1532
1268 1505
1094 1129
1306 1178
501 1865
833 991
1246 1868
1231 957
76 1478
1077 580
1285 1909
441 901
1981 1772
750 1163
344 1846
1455 443
1992 250
363 963
905 1449
413 381
1956 972
1492 1090
1294 1778
1756 769
1180 953
514 1114
1233 991
1093 689
818 1933
1656 791
1900 199
227 513
445 1537
1343 926
537 847
265 1237
1327 891
1691 1789
329 1816
1093 445
1670 1275
73 1385
1373 748
1502 1270
1699 707
1143 790
1415 968
888 1769
1039 916
1984 1456
597 1810
759 1439
1657 1482
121 1544
179 977
910 1591
1127 662
1219 1210
1963 1484
210 436
1390 366
1880 1934
485 1804
40 1868
782 1462
472 742
1785 1148
390 537
430 1051
1279 182
1357 215
477 1499
1312 1638
965 237
9 553
242 385
1211 1067
159 17
1153 612
463 1599
1543 241
1245 237
787 599
670 1689
1382 220
944 523
1456 1602
30 1470
138 204
313 310
113 1729
1918 1280
297 914
699 1973
1016 1832
1773 981
1398 360
1329 1898
1520 771
30 116
1245 1778
289 1537
834 603
1 1591
1639 336
1383 1879
22 1344
1908 259
681 912
1672 1530
1850 679
1060 1342
492 603
182 379
1126 1951
439 1224
154 1691
1802 563
47 1240
1737 1360
127 1333
823 1153
1864 1551
1737 151
686 1090
768 522
224 715
1622 140
928 1522
379 762
1754 1022
104 1655
1843 1300
206 1650
1566 1983
8 1368
746 384
766 381
1947 1061
1508 1383
1717 976
1651 1708
1976 268
398 1585
401 1728
1514 35
1973 1581
1470 1849
1391 864
1476 452
827 1601
1447 1025
342 1350
1952 347
326 346
1310 95
604 588
1991 1246
1063 638
1729 1894
964 633
230 306
1486 1884
315 562
1828 157
89 457
1186 255
1372 814
1449 1635
1425 1833
820 1747
1965 478
1802 1603
1526 73
743 403
1662 2000
1880 1977
1667 12
1256 1592
1750 810
271 1819
316 1447
1876 116
690 1476
294 424
389 1101
1683 1653
364 1519
1498 738
1536 911
933 425
170 1061
1754 308
640 1575
104 1091
801 106
1340 1087
358 950
7 1366
985 1323
1860 831
1961 7
1593 687
1415 857
1 219
809 214
346 1143
1127 675
1209 1637
970 1421
1199 862
1051 441
1964 72
1425 1815
1551 1534
566 471
977 1256
396 813
1687 1542
1220 496
508 665
240 374
437 455
460 292
327 1858
106 1147
963 1912
149 700
741 1730
1950 1449
1256 179
370 1496
1633 1297
875 611
1920 1613
447 480
1496 931
698 1459
1265 1145
1686 1378
1650 1441
1721 1573
1123 893
1922 998
1633 1837
1193 179
894 1262
1500 954
71 1494
1784 1995
1797 1867
1838 1952
895 686
1534 1876
412 978
1239 1283
1992 536
1465 1025
688 321
5 397
994 318
1027 1223
1763 811
36 890
1757 140
453 1325
557 3
1858 1042
175 1350
1274 618
276 945
1526 548
109 815
436 1273
1895 730
605 7
1786 1812
1081 1046
1029 1014
1263 1014
341 1351
576 1854
1717 1165
539 1572
1603 1426
1179 411
1530 1974
755 763
1879 946
452 1343
443 820
1062 1559
1902 1290
465 212
46 241
1853 829
400 899
241 1549
1767 1621
1782 43
592 37
46 1808
309 1858
434 171
1566 1934
842 1581
1309 1857
992 258
1050 1433
1915 1568
845 1820
1940 192
891 1586
1686 742
1806 542
247 1667
1027 647
723 190
217 1577
494 1445
1486 1039
256 1003
1390 40
164 1922
821 1390
1062 419
1350 1128
462 1954
1233 1503
1134 66
727 578
1534 1162
783 454
405 1346
654 728
1509 324
457 582
1291 289
20 1908
1593 1904
1370 766
1527 657
895 528
873 510
1374 796
1755 52
516 1077
439 844
1900 556
1740 1474
726 111
507 1939
1654 734
499 1229
1430 680
1880 1494
1367 1444
191 722
1152 1963
604 1746
136 503
164 199
969 1881
329 1280
1558 163
453 1108
612 755
661 838
1383 801
337 490
831 775
805 1037
1101 1216
598 1112
1534 675
1265 382
354 627
1857 316
1629 1722
1979 1997
1019 1474
1979 303
807 1978
1688 712
745 112
1033 1621
12 1534
1262 1001
121 1954
1218 381
1548 856
373 1903
85 679
60 35
963 856
1981 1906
800 25
1472 221
316 859
1107 1445
1687 530
1760 1045
225 1975
1324 1395
137 1625
1966 30
1833 7
713 343
181 225
1757 1622
1819 1387
256 1523
1968 946
260 387
351 1211
196 681
1886 942
213 973
1546 831
468 257
9 162
1836 1132
842 1890
1977 1146
838 856
1843 1258
37 1635
911 1182
984 722
1750 104
1928 96
672 1618
1089 1398
602 310
668 1515
920 1081
1447 82
1360 151
294 1022
941 1098
511 671
1266 613
335 1782
1024 1779
27 881
1577 1397
306 1036
126 226
960 749
1052 1333
1463 792
1758 282
1423 110
628 820
3 852
1540 298
148 1376
6 1269
1533 1580
1374 44
635 545
113 216
1636 1168
830 1716
304 209
361 364
575 1465
1891 1523
789 11
1432 1414
727 734
498 63
217 1221
1644 1030
738 1239
761 1673
504 455
148 338
1707 313
283 536
933 1799
74 486
1396 656
211 936
849 1897
1247 333
1333 1881
30 811
1423 1058
10 1058
910 1438
583 1733
515 1902
668 734
299 545
905 1997
1611 1685
636 576
127 975
1382 839
145 1044
193 153
1978 898
1396 1828
1709 1931
1867 652
1615 882
314 253
123 851
1964 1780
1520 1626
134 1008
307 732
1756 723
1145 996
1827 1452
1657 1807
1368 300
52 1683
130 216
774 1325
940 1425
1711 220
1961 103
605 431
822 1875
1865 1519
246 924
1618 824
1954 1765
1804 792
1621 1584
1923 1687
1702 1300
1879 801
741 1507
541 1992
244 872
1547 1509
875 1177
194 1164
1429 1641
380 1748
912 1452
1164 492
1175 1923
201 921
1013 1224
292 478
664 590
161 251
315 495
1316 1359
1226 852
900 1699
1527 186
701 376
1637 1625
1226 1299
1301 1267
1216 1574
386 876
1206 125
1581 474
1002 1201
57 1386
1202 1826
1753 1654
745 521
348 334
713 609
414 609
310 309
114 1943
1472 1084
495 1331
369 1335
1819 1181
1644 493
335 1758
1256 1193
509 584
1202 443
284 1914
1801 941
1741 1413
488 722
1764 276
651 223
681 294
515 1395
1911 875
341 614
207 731
290 221
955 1897
936 170
1371 564
1728 24
698 155
305 178
387 540
618 402
1967 1677
1137 413
872 703
1787 1380
548 827
1954 1263
63 1695
1784 200
1087 872
835 700
1984 57
29 928
1949 4
1772 1579
1278 1107
1426 221
204 627
84 769
457 714
1712 1404
1678 1824
1345 1730
402 1666
196 442
826 161
1547 204
625 1186
1836 598
1264 608
1103 722
1755 1424
522 708
408 1298
868 1764
973 1828
1631 728
1781 1125
226 1053
1658 762
27 1862
850 289
887 1678
124 1360
653 390
207 342
952 959
1038 97
992 1562
1623 705
1397 1040
765 231
616 1455
1466 623
1791 1981
1515 1682
86 773
1363 1610
951 322
26 1576
377 1864
1491 1652
1879 1646
1056 1420
534 998
705 15
422 67
586 737
436 39
177 1269
415 1542
739 1506
871 1292
1057 1306
1996 724
13 217
1886 447
1784 1589
209 1071
1867 1201
44 1423
407 1822
1252 652
176 87
83 518
1108 431
70 906
582 1817
255 244
1580 137
141 705
1920 1874
35 259
76 215
100 1123
1030 489
646 1260
1654 1371
265 1398
1943 1188
254 1169
1547 263
1281 91
743 888
1817 1435
1327 242
1636 501
224 1385
726 840
1298 1330
823 724
175 1641
1406 1965
988 331
710 566
1654 395
207 535
1255 1941
419 1805
696 68
721 1590
1437 1893
1549 958
1730 1827
1075 1759
932 400
1978 688
298 1194
920 469
62 165
1085 1297
352 1206
1294 1216
508 1825
162 489
178 1460
1964 873
1035 825
883 459
744 1806
890 204
151 1748
1742 477
725 1411
65 828
1962 199
1560 355
179 223
1468 915
578 807
1751 1551
1823 1227
1876 1160
183 1112
1330 1200
446 768
341 469
1925 897
981 223
1464 1358
498 303
1288 743
1003 1005
178 446
1742 106
1725 1759
1904 1254
1716 1820
38 1687
422 1017
771 936
638 1342
994 1653
1589 1845
532 150
1469 591
1418 961
536 502
446 903
1483 1747
1555 1286
1099 1543
382 305
1281 14
1953 1031
1458 328
692 19
655 552
331 569
1816 1317
8 1831
927 62
104 1966
298 630
1607 1231
850 1642
910 1217
896 1827
118 1862
48 107
1591 1516
1059 269
1177 617
946 164
860 1731
1698 1780
358 955
1891 1556
1463 914
1520 1947
1254 96
1447 1637
256 72
815 1122
925 1036
355 241
867 1886
1624 954
766 1847
913 1925
1657 126
1875 104
1232 482
1495 1815
1971 1885
255 1060
1475 1365
21 871
1929 1519
1313 793
470 383
1131 1287
1579 651
1176 59
311 1395
319 1404
612 1516
1743 1276
197 1697
1418 634
1146 1546
188 1133
860 1063
1583 167
1618 1648
290 1894
1022 1167
1542 38
638 532
1271 769
60 1684
1584 483
657 1146
1898 1218
507 160
1097 1146
1491 1529
228 1319
1479 1457
1830 1984
653 1822
1584 1561
1714 1075
1708 1163
887 453
314 1997
1564 1552
983 837
862 1322
551 790
834 1318
1191 1581
364 1762
663 1676
1973 1281
782 856
480 332
618 280
1033 372
1700 1833
1808 1524
971 1398
1776 1014
1816 1666
1419 1348
432 983
69 1914
1468 49
687 1925
1856 517
1664 1103
138 395
1152 684
1503 323
504 1031
1928 723
1085 1661
400 1068
485 957
1048 1065
107 228
1916 1620
942 1957
593 736
157 1786
889 42
1819 319
230 468
282 43
1355 109
1437 718
259 1171
1776 1276
1294 722
1108 687
1693 757
619 986
803 314
1168 389
378 1641
273 1377
635 687
1791 979
1389 622
188 682
1241 1217
1261 1643
673 695
34 1484
666 826
1845 669
543 870
296 981
1528 397
1184 1584
1562 523
1413 1391
1105 166
77 1939
1965 908
737 1436
1609 1141
183 1029
1393 1236
1023 1101
14 1396
386 1544
285 59
1737 1426
592 810
1332 317
1751 192
357 1241
636 947
1794 82
711 1610
999 1644
1053 1693
132 440
279 1604
74 605
1107 817
1658 1986
963 1330
1128 1092
295 1177
754 1119
56 762
1073 891
1100 1970
1109 1386
251 1814
531 879
887 243
1670 33
211 1708
1972 1195
423 708
1574 985
1190 1623
1394 380
1945 660
670 1612
943 575
390 1954
131 1222
1785 272
1619 783
980 1982
1440 261
375 1504
806 1411
461 371
162 62
1133 321
1536 1719
1118 1135
1728 649
1133 1907
395 1910
1935 512
661 548
935 1280
1402 99
1382 377
519 1522
1106 1077
1663 799
1924 849
1243 1235
1388 1358
751 1315
1698 240
1075 996
449 1752
1068 830
1854 947
1563 202
215 1350
1041 420
1466 837
58 1422
1109 1170
234 1410
417 171
174 614
55 1208
382 292
1072 1012
137 593
1265 992
1276 1251
1726 1234
1610 1499
1090 1794
1429 1586
368 1610
233 1617
1977 784
465 256
56 667
1304 1941
1607 1383
115 1497
229 562
1088 528
535 1399
1017 1030
1682 578
1520 617
1235 854
650 889
1298 653
675 1346
1453 1004
770 1874
1541 324
777 1174
1604 1401
1103 1124
1390 788
487 1988
1521 1194
360 909
1298 186
799 1389
722 358
922 21
450 615
1713 443
200 180
1525 203
1565 1467
10 472
136 1057
1793 1647
1304 1957
1881 1171
47 258
1815 360
1453 1312
497 671
1432 1084
1146 831
1922 1731
1502 1432
1215 1947
1178 1057
753 301
1731 1742
919 754
1471 1263
1538 1655
1879 1338
1606 697
86 1248
995 794
1429 1011
1160 1311
1182 1345
194 966
1028 1856
398 1700
539 58
219 1690
1333 391
165 966
677 1114
1819 1425
1808 1185
1154 1664
120 589
1701 2
83 977
1428 36
582 661
1071 928
1471 853
904 385
846 822
983 1249
550 511
696 994
893 1392
1431 1927
1175 609
1130 93
464 156
471 1745
234 1762
1831 279
60 596
276 17
32 1277
69 716
323 1297
1503 1603
1267 24
1332 523
175 684
1384 1041
1389 1663
1130 362
1839 802
1769 496
1068 938
388 380
1899 1671
1255 1971
1604 785
871 1747
1414 943
1173 1863
845 648
1833 1145
1501 401
1863 1104
736 1535
426 1238
396 95
168 1344
508 766
479 402
1098 1143
226 315
1354 1069
1796 1600
1077 1553
791 694
586 1301
753 426
133 573
1022 1018
1022 816
403 296
1195 1570
1442 1210
650 1726
972 113
1389 1453
1481 863
156 1667
346 1794
814 660
908 22
1371 771
767 1572
569 571
558 1315
1443 522
885 1018
1967 1559
133 598
459 1036
854 1191
1355 1057
1914 1033
1417 1267
570 181
1101 1749
526 1430
1508 1147
1009 1458
661 1648
326 1683
884 1844
1582 1481
307 1668
544 701
1054 248
1319 1660
178 1466
1961 885
1202 542
372 1009
416 885
1585 1950
1840 438
1080 1266
1475 135
1594 275
1804 1766
1415 1208
1394 405
1317 252
848 1764
1619 1741
700 887
615 1816
60 1823
462 1822
330 1454
544 1634
1156 419
326 1736
99 611
1603 563
1241 1040
688 1177
148 1074
1823 782
402 549
1866 1809
1350 652
589 1031
166 1824
1627 1919
1888 899
1260 1683
1555 1309
276 1631
1709 325
447 332
646 979
64 1157
251 160
246 355
1145 324
147 664
1210 1587
1422 1803
1551 1972
1153 471
1535 1379
1669 311
48 1711
216 311
858 1652
1540 632
1502 279
1407 742
1256 518
1541 1518
1557 361
1791 1225
1718 302
1066 559
1656 1769
1390 1506
126 1482
1253 626
554 1760
1948 1811
1817 863
726 478
1214 1718
1009 89
1284 139
1635 427
1142 434
1786 645
1450 1119
1787 1993
1355 1882
1158 520
30 807
1381 833
798 1854
810 1642
565 455
1779 1876
100 1932
1245 884
452 815
929 171
247 1919
170 764
1922 204
1100 561
1171 969
1321 1419
1638 797
749 31
352 347
1596 1190
1440 841
1303 514
416 1167
1663 369
73 180
636 1835
1521 114
1722 1000
649 1328
271 1824
707 98
457 702
1140 1916
1263 304
139 1761
244 1803
1353 312
1343 337
997 278
850 1537
113 1676
1542 1293
1675 1166
627 193
239 1155
1202 1485
1462 84
1830 564
1845 642
1145 1055
635 1272
299 52
518 929
48 228
1030 1067
120 552
1819 1567
988 284
890 1159
583 1884
1334 836
1512 1252
1775 1312
81 1889
839 493
1560 1042
1569 1519
344 694
1414 99
1882 1996
943 720
1280 183
1510 1605
441 719
993 449
322 1073
1683 1920
134 953
371 985
1336 1917
693 1340
1807 1331
645 1117
1997 69
157 1315
1787 1676
695 887
676 1980
853 674
1872 423
1870 1792
494 1846
637 386
8 344
666 542
117 888
1116 984
1463 1648
262 1952
77 1942
1865 1886
1367 877
550 402
529 283
1268 1625
1096 1774
1020 883
80 324
15 1190
1716 1382
340 967
510 1065
877 901
463 1178
562 1477
524 1020
978 1031
919 1962
20 577
1700 1637
1303 331
1733 602
1492 1088
1998 1149
1537 248
1837 1728
750 1410
468 195
1131 15
1069 1131
1382 675
520 1579
500 591
193 521
715 622
54 1263
1139 280
169 1513
1443 1983
1448 1232
1651 254
1376 375
709 160
652 1230
1419 1626
921 465
1181 1387
1981 1591
1076 925
371 966
772 1088
561 428
1417 902
1265 1562
1187 144
1307 1905
1110 1630
909 417
690 1507
1928 88
1498 1324
474 1107
1785 296
541 1497
1402 65
505 1240
356 1224
277 119
297 1913
1490 504
147 527
659 324
1616 682
1038 1294
1092 1425
513 1618
1247 1358
1856 193
1028 1500
1634 1209
1809 92
1483 1522
285 9
1282 303
711 115
1695 1781
1206 1960
1248 773
78 1174
1890 913
921 1981
1427 1054
325 571
117 1314
1843 1512
714 582
143 1981
31 613
1218 1259
1532 727
1343 637
815 679
1997 843
1 1670
1278 494
384 1798
196 224
701 1137
1671 622
419 831
735 705
257 933
1207 158
1020 922
962 788
581 437
1165 1189
1340 950
1563 1354
200 1456
1846 1529
693 1957
1691 33
1435 582
1288 874
519 1850
1381 842
122 1643
1878 1324
313 971
1005 1405
1112 935
926 934
1151 1642
1700 1540
627 1763
557 320
302 1365
1310 350
1187 1666
1500 1386
218 684
896 220
1357 1350
1719 21
1508 1879
1388 498
588 391
554 998
1404 207
524 1043
1656 296
867 182
1987 1148
1877 1514
314 141
1773 1073
627 1961
1295 1746
938 405
746 1853
1004 774
1611 1390
391 1375
781 427
336 1430
922 1625
463 1331
758 212
1446 1732
1047 1474
1471 54
1292 1369
1328 23
1034 968
1871 99
41 1351
271 1997
1644 1970
1362 595
879 1021
50 1553
642 912
1692 1144
19 1761
731 1762
469 621
1459 1721
1438 1769
459 1763
1196 482
1987 667
1461 1181
1945 818
827 180
1716 1384
908 241
1638 1818
459 1211
563 1165
1722 507
1120 904
1556 1322
1829 746
806 1995
1186 1992
1613 100
648 1888
1980 776
1370 1327
1431 1976
1936 177
1284 1385
153 1949
807 612
53 667
770 1382
200 842
1025 1469
800 753
566 1134
1058 1956
1901 725
1652 1242
713 760
1259 1765
862 147
1874 1613
91 1137
1059 510
811 354
984 461
1039 1372
899 724
613 1028
1653 721
325 126
1136 1379
99 1967
1207 1431
468 1659
1665 581
625 1384
805 1343
78 39
1384 676
1030 169
73 124
45 119
1259 1792
173 1162
920 833
1231 1197
1246 277
436 394
651 520
1639 1126
1643 445
152 1783
633 1441
1635 212
466 697
368 115
925 230
908 222
71 581
1132 669
969 1564
536 541
107 1578
962 530
552 1565
195 795
1327 1968
825 1213
1609 1626
1307 189
544 376
1424 250
1107 767
760 1489
1624 568
814 369
1341 1705
1528 1479
1396 1767
168 1274
939 1363
274 815
273 320
1798 370
1213 1204
795 291
1550 1797
917 1168
408 1064
1753 1982
71 1381
987 1617
253 1183
1940 906
1366 1345
1748 1614
838 796
799 1800
1887 1302
1460 1517
658 976
260 603
1782 13
1267 1566
296 412
1706 652
963 1989
699 14
962 1390
1112 1280
991 828
1938 986
1767 1045
394 1930
112 1647
507 1265
1156 1990
1518 659
1406 764
1807 226
136 438
333 1784
553 1545
1677 1549
1312 1560
88 1593
809 594
1556 1271
194 427
911 1345
1361 1214
641 347
1110 363
1313 1255
1795 1363
693 1108
983 697
999 299
455 767
908 439
236 1511
1569 521
1649 93
296 1449
1472 1379
963 1055
226 685
573 1671
1914 988
1253 8
404 360
180 159
763 1419
555 1010
95 813
941 192
13 1241
1789 197
915 826
1031 178
1432 1829
284 575
1411 1739
1486 814
730 1143
1928 1634
612 651
110 1063
1422 1689
503 371
1849 1003
1064 1676
860 1587
1659 607
1933 939
1320 895
1490 1932
1594 1372
336 1633
361 1703
424 372
758 748
256 469
535 981
755 172
186 560
73 389
362 1061
243 1108
751 1874
208 956
1094 1423
191 585
1653 68
90 1188
1231 924
704 708
1547 232
633 1485
1613 999
950 764
1694 823
458 24
666 51
308 1473
1391 783
1263 674
1199 1741
1126 1089
350 1995
1043 1972
1398 16
913 254
1033 424
196 613
1406 163
1321 268
1464 547
874 1944
142 1186
970 1791
89 416
270 1239
207 1055
1383 1338
328 1645
613 281
374 1603
1190 668
1588 1933
156 574
1939 1292
458 1928
392 1748
1653 318
1320 528
737 1991
209 1697
1843 1002
714 515
47 57
1834 740
1608 726
334 47
393 824
1233 1455
1049 1558
914 792
1521 1698
1287 487
102 1661
948 216
1461 1567
1803 1106
676 619
173 88
896 1990
475 133
1710 176
1447 1026
299 1181
806 89
641 1960
1127 697
1171 1735
792 806
1325 36
1488 1116
123 792
1801 192
1524 760
1001 1142
797 669
72 563
420 1177
606 1309
948 930
835 127
567 1450
511 1047
228 1607
1915 1588
543 266
1024 1876
324 1664
670 1308
41 1032
1708 1811
481 1942
1352 1438
786 538
1621 12
206 1455
285 1079
90 1873
946 597
717 1025
656 213
692 1328
426 719
1956 1672
220 228
1547 1873
782 574
461 1500
1512 1478
1897 1141
579 982
880 540
1696 198
1105 1452
950 1061
482 1654
608 663
329 812
1864 1382
1157 659
1749 438
416 1022
1724 677
1117 1253
1761 1027
164 633
245 1317
1065 1222
1302 1035
250 52
235 982
388 979
564 1891
1750 549
1086 1067
1820 227
1840 523
1295 895
1652 1067
1459 286
1722 1160
1482 840
1794 429
1639 1356
131 1342
593 1533
424 1623
562 1427
167 604
996 301
222 835
367 205
1055 1713
1479 1008
1882 1309
1391 878
540 1381
1459 261
1189 758
1070 66
703 1227
430 1074
906 1498
1067 925
304 1014
194 509
870 1537
506 529
107 220
691 1760
1883 1469
1364 1813
297 521
331 363
1076 131
1136 818
482 98
609 1861
1085 1956
1523 1277
1204 779
1432 736
567 310
1782 1755
859 1203
1516 1600
572 1416
706 965
1327 11
861 846
1858 1788
1601 1458
197 1263
1473 279
1380 884
577 778
939 1568
269 1858
1189 98
270 1658
265 386
1362 1339
1332 146
745 297
890 574
390 1822
691 353
557 1340
104 1536
308 271
284 1029
952 1922
83 1193
905 1779
779 1339
47 1226
1984 74
1812 973
858 1491
791 1342
1370 323
1791 1676
177 1
355 1766
712 430
1969 434
841 111
587 1867
1504 1644
855 6
73 84
1 1215
240 233
362 1098
17 35
1749 315
1741 864
1291 1850
497 1448
1271 81
1467 445
414 1065
526 101
1304 645
975 383
433 426
433 719
1902 531
1329 1244
37 1449
1328 647
342 1632
1261 500
712 124
324 1130
355 957
995 1712
1896 1545
733 502
265 522
1167 1763
940 1223
1803 795
1282 1579
1852 630
36 1796
1151 1951
1089 16
7 1792
1201 1480
1427 1173
234 1702
1182 697
395 601
367 1861
522 1974
1420 1413
1839 1618
784 1527
734 983
171 908
975 1895
965 1671
1624 1488
1489 701
918 1041
1719 761
644 67
910 1628
1596 735
491 1636
342 461
660 1594
1560 912
1247 172
664 1518
330 1829
1595 1866
426 1257
1793 822
1028 699
1183 409
757 814
84 838
484 1539
1244 1725
1636 1935
1787 72
1525 902
36 866
382 796
685 840
592 1138
1510 2
832 1895
919 1245
1358 786
1842 1425
1571 805
156 192
1083 754
1261 1173
341 1056
1857 1179
984 568
508 1905
424 1481
1569 420
1545 1098
370 637
25 1792
831 1527
1354 409
68 780
126 1677
1352 1628
715 1684
1643 913
1234 191
1937 1695
14 1056
1818 481
903 1980
1492 686
896 61
1245 205
1688 1790
145 1820
94 1558
1013 874
1635 1196
684 744
134 346
187 815
1993 1989
721 1301
1402 662
819 54
410 606
1463 1581
1436 171
1047 585
236 871
1513 514
1052 37
162 1723
18 1935
63 94
431 959
567 1827
1157 401
124 221
1599 275
1094 44
728 1966
345 554
822 353
1026 1913
28 1970
1778 274
1367 281
163 1965
333 444
591 703
765 175
1662 1316
356 339
1408 1154
1035 1317
829 1521
1 1483
1394 877
397 975
769 1251
169 351
1991 229
1222 1011
1254 1593
1341 1101
466 777
617 1388
49 1360
1993 1709
1408 1003
1708 563
384 1529
1534 517
1491 362
1318 1403
1035 1213
1926 298
159 84
1504 999
986 113
62 1901
1655 709
347 607
1442 1616
1912 1113
507 1369
1878 1963
115 218
309 510
855 1125
735 1690
108 1267
102 622
1706 1092
1019 899
166 1203
1335 787
693 695
52 1733
753 1536
393 1141
416 1754
1460 1407
833 1808
1139 1403
251 822
4 631
1890 1883
639 1055
90 230
1876 1739
1180 642
1887 585
970 301
279 922
867 447
28 338
189 508
40 45
738 1484
448 1879
1385 1959
1261 705
926 1936
668 578
1960 448
292 646
908 958
1957 182
136 433
589 31
886 1813
1309 779
1143 1723
161 51
1236 1317
599 1135
1890 917
1536 437
1976 1207
290 972
1544 1502
428 893
1631 1540
1414 796
1526 469
1345 441
638 1308
739 278
971 1048
139 1440
1781 108
979 849
1592 393
432 124
673 321
1140 1248
490 460
1113 1468
1931 1361
1592 1737
267 1659
636 1773
1831 166
409 816
736 99
1777 1573
126 897
1093 229
864 783
556 1550
1066 1633
391 1171
519 400
753 892
142 1877
713 813
744 1000
1255 571
1753 1841
1497 672
1034 1473
1783 1554
107 1607
1165 1416
869 543
1381 1025
831 1977
1305 222
110 476
172 875
997 72
258 944
1480 1693
369 1800
1884 1575
1673 62
245 1690
1394 752
699 1859
773 1560
1252 1128
442 267
1011 644
993 918
1816 1852
701 1038
1706 1128
1873 1454
1598 1692
42 1713
545 14
423 920
1084 1174
1833 703
470 5
1593 378
1972 560
1713 1886
489 1671
1882 632
1199 769
618 549
211 1330
1288 1184
1303 1418
1875 240
223 1674
70 1281
974 55
1628 1694
1949 431
781 1148
1809 866
1986 201
45 1900
147 321
760 88
1227 1232
626 572
779 1286
846 890
445 230
921 1906
1944 411
1254 231
1590 71
1632 272
1071 1862
1331 1749
451 1162
1953 924
288 478
922 1813
1568 1985
46 1185
1170 1428
132 94
1714 1126
1474 1716
1585 781
481 790
231 1641
1880 1566
121 239
1423 1553
731 1573
535 79
1296 1412
706 1030
1668 184
1923 953
475 1030
1175 1422
1680 1070
542 1152
461 956
1121 940
1254 1641
1477 289
1156 1634
560 1020
1889 357
718 254
118 1841
1120 1531
327 1222
1655 23
1701 146
694 1652
280 342
1061 211
195 1965
559 1188
1217 1769
1817 529
1324 1173
1431 1861
1141 79
916 1741
1441 91
164 847
1558 1134
252 304
20 1454
1832 168
1371 554
364 658
1749 1306
1261 1651
1421 301
303 905
878 919
232 346
1234 1596
1744 997
886 1534
1737 681
188 1958
1625 1824
1102 1160
1544 299
399 1221
872 1689
1910 187
740 1520
1958 869
1355 315
592 986
679 1910
1106 244
1900 1113
1955 1922
1136 1985
1119 848
1070 1267
1251 734
1783 466
655 1733
900 98
1842 1378
332 1894
1120 1602
673 507
1319 1725
853 1232
1268 712
1362 1213
954 1373
282 199
719 877
1874 740
1393 1542
1639 1151
1564 552
1825 746
1057 1331
781 981
504 1728
798 576
747 263
1448 706
426 1155
716 1029
1035 1555
1434 1227
453 1788
1339 595
711 368
242 11
452 1270
421 1176
516 1078
131 309
1402 1653
249 707
158 1927
1720 183
201 120
1182 1680
772 1748
118 238
1771 169
85 1925
1959 1115
198 170
1714 218
499 1990
546 56
294 1102
103 241
1772 651
58 872
61 235
1556 244
234 1319
1208 1869
1837 418
1751 1382
1173 1114
271 1937
1901 927
1126 1150
1502 1367
695 1599
167 1087
1859 854
1938 361
1349 1631
120 276
868 818
283 764
1356 1951
1495 1048
1269 1695
1034 974
414 386
80 659
154 1125
1752 1422
1310 258
1443 65
1782 919
899 435
1942 642
571 1640
730 59
1752 849
1199 690
1880 1953
1509 144
29 1071
1937 1282
956 1116
1316 929
548 621
1967 666
1532 1123
1960 1849
392 223
1194 1871
1161 1855
1032 1351
1557 1938
217 252
1477 229
588 1175
206 828
452 1615
995 444
108 620
1088 1090
50 592
990 1325
1102 1739
435 772
1011 916
1480 423
1866 117
1461 319
398 457
20 778
1597 291
71 1331
1747 1229
1578 50
894 1001
1989 1161
243 1678
1072 1656
218 744
423 689
792 342
855 1781
1081 24
755 1901
820 964
888 1314
474 1445
262 64
1367 260
1178 1355
1180 669
84 1784
516 1925
242 1080
665 1566
870 229
128 1931
7 672
589 540
319 450
112 1373
1589 245
534 490
586 1015
1400 1082
336 509
126 1294
1463 621
1104 680
1973 1191
1881 1707
909 58
939 1599
1086 1528
1847 1430
402 511
999 1023
886 120
928 238
876 654
802 595
641 448
1368 1276
1269 1125
552 1156
1604 1898
1157 1674
344 1294
149 1086
812 1816
410 1986
608 89
329 1313
85 682
764 211
199 907
1540 1368
767 597
934 1275
117 403
793 1333
342 612
556 1991
947 1891
237 1602
373 1134
429 1444
1381 13
1124 488
434 667
534 1810
1857 121
1155 649
1786 973
246 260
1194 1846
1374 1432
1665 71
333 484
1041 146
548 679
396 205
1014 1138
1752 653
1925 1917
510 1222
34 680
70 1290
292 1730
959 1949
141 108
889 1732
843 308
1791 291
1876 195
1309 1926
1455 991
189 902
1862 1487
1708 1534
53 1987
767 493
379 824
1472 1613
103 772
1763 1018
1243 1852
1519 501
286 941
1007 16
405 388
68 1418
1380 1456
1260 1590
26 1035
592 296
902 526
256 1323
393 1464
1870 1442
1789 1334
729 1331
1630 1034
1354 1385
1378 58
123 1340
1671 11
42 1743
686 1088
610 618
1515 1776
780 1653
213 191
312 1664
393 1324
26 1555
1007 404
1095 788
1850 82
1016 22
265 129
792 288
712 1285
1115 1637
362 522
537 415
334 1240
1084 1735
531 24
839 923
132 1965
1492 1351
1022 942
845 260
1988 15
667 894
1552 665
825 1555
167 1466
1520 170
1047 978
955 1141
846 353
1335 1106
1585 1099
824 1497
1199 1134
1620 444
987 830
1111 1503
1111 1233
1598 1049
749 852
909 1316
378 916
310 1246
1327 904
675 1255
729 556
274 679
611 1894
257 805
13 272
233 429
1598 1041
1580 1285
1689 343
1220 1490
1945 1053
1661 790
1447 1291
816 1263
728 129
1802 1780
792 1180
595 26
570 1975
1008 5
1588 1136
1562 258
321 1907
610 402
156 1452
687 378
745 517
854 1250
779 1302
1101 371
102 1087
399 1138
1242 1491
1422 539
254 513
203 526
710 1073
64 509
452 1598
977 1157
486 1386
1965 1049
482 1448
1318 1679
1795 184
947 1775
1121 1027
1946 249
1510 380
1836 512
834 1337
884 1405
570 127
283 1688
600 882
287 1344
632 1309
1955 689
769 862
1114 865
1649 640
513 116
1722 774
1103 79
1225 802
492 568
1013 844
435 392
1044 75
1797 729
1381 917
784 1097
808 95
1349 1222
1043 41
245 200
1934 1081
339 1224
1261 1477
1825 1744
118 1426
1452 1750
315 454
770 1751
860 1210
1420 326
174 979
1603 873
1129 476
1148 176
575 449
627 1754
1478 1706
1115 398
1994 1451
418 989
1083 803
89 862
1346 1675
12 1813
1589 1279
1490 1501
520 1050
435 949
1819 629
892 1377
105 1548
1800 1312
188 365
419 758
374 927
683 365
1622 1412
925 993
981 1708
56 382
1503 1593
1600 261
222 1770
1747 1330
556 601
1418 1880
1191 297
493 1496
333 1539
1392 561
996 580
1753 1473
747 1547
500 580
987 798
506 535
533 285
467 1235
1501 138
142 1514
1696 1786
1004 1856
845 1474
1776 727
1387 1567
879 61
1495 1398
181 827
717 897
736 1084
1155 890
907 804
1932 817
1038 173
1446 619
782 756
783 878
1979 1282
611 838
1891 190
67 1368
43 1087
529 781
265 873
122 1521
1215 1830
1395 1574
608 1693
618 550
1062 787
616 1233
1189 1946
1527 1977
1299 967
72 1698
704 1702
128 135
991 1570
1531 235
772 1614
1946 861
1789 2
299 1424
1355 503
1790 234
1742 1587
1575 1934
1413 878
73 151
899 1384
110 150
1940 1843
1225 1729
1773 1860
567 703
201 1953
187 395
100 1100
1849 1355
586 1330
1305 1369
131 965
1901 859
1712 56
380 1947
133 588
1813 435
1149 1296
1788 990
1870 1742
1325 685
547 1010
961 1104
1747 1511
529 494
1561 526
1866 1632
273 1729
125 1921
1892 1966
1363 340
761 852
1921 309
224 390
252 316
882 1446
551 106
1394 388
1896 843
1564 739
938 1483
1473 437
852 856
1940 1538
1399 1150
506 901
1844 967
1733 463
254 1659
1664 595
1947 1345
1099 1812
132 614
298 632
494 1212
985 389
1906 143
1031 1006
100 817
408 879
1425 548
732 1727
858 878
79 297
536 1790
1569 295
744 1714
582 1400
61 11
1630 559
1796 111
229 1254
1707 1868
762 109
565 643
1539 1712
1226 340
1132 706
1753 1911
668 1716
506 52
1805 1549
1310 473
1107 1212
143 1591
401 960
1838 1921
551 260
32 862
1408 1326
932 1444
1844 1548
796 1084
1203 248
887 1942
825 595
972 1294
156 756
934 1670
848 199
827 1496
428 817
1196 432
95 1720
1459 673
1523 1182
1205 945
226 1114
1645 350
659 1955
1979 1570
579 95
1605 1097
378 633
541 1696
384 1185
1238 433
1738 201
1542 570
319 1982
242 413
1411 45
270 1986
1302 1286
200 1462
292 1461
155 357
1753 329
1904 1413
1382 771
39 1726
1153 1493
183 525
971 360
679 57
1659 1620
305 1562
1739 1311
686 528
1175 343
1223 1761
1694 1229
815 1846
332 1886
998 1473
907 848
1079 162
1347 1224
1911 881
696 771
642 797
1024 1411
1683 1231
634 677
1558 132
1487 1841
1369 774
1112 921
947 1340
184 55
1811 69
18 1929
187 679
1075 473
36 693
763 1207
1193 977
1192 1632
1360 589
247 156
976 1567
162 59
120 208
717 1336
1950 427
413 1650
1513 184
721 1206
41 304
14 1944
646 1809
1116 461
1111 1160
1086 1118
1640 142
1871 83
915 251
1421 591
988 1285
1285 212
1390 1994
401 530
37 1909
359 1721
1924 793
1700 626
1196 1232
429 496
1742 789
1450 530
1668 1513
238 800
1738 589
950 211
33 1
1684 1227
127 1496
1172 1057
1247 1720
1921 1960
713 473
334 1855
198 1666
1958 1616
349 1323
1138 819
1190 354
723 1838
1735 391
1198 944
1278 980
1887 412
1765 832
1375 1209
1875 1610
803 108
1992 506
412 78
50 565
155 1175
1826 871
1531 1581
1656 68
690 455
1755 768
1893 1169
1417 101
784 775
239 687
640 711
372 768
1306 495
1752 463
1974 719
1419 364
1543 98
11 385
1500 112
178 1407
1651 1169
449 979
1634 995
1000 1075
1548 1860
80 147
1577 298
1159 840
775 657
153 1494
1854 1835
1892 23
788 366
1468 1550
109 1615
1335 244
835 1015
1940 1573
384 945
937 889
428 1123
678 419
596 1434
36 125
1175 1410
1520 1830
1021 532
1404 631
269 1021
1544 1105
1250 1650
1095 1685
1359 909
1205 906
1200 1020
38 1393
447 1743
1204 353
1127 1166
1885 1255
146 1750
1363 1727
165 316
1405 985
1838 125
867 1713
266 1625
437 1476
1005 624
1640 370
593 1505
1172 1930
1129 1317
837 1764
450 1404
391 1209
1598 1283
1367 1681
1569 879
717 1917
1751 1474 757 940 120 1758 899 790 107 395 88 654 1334 174 1608 18 472 1649 179 519 899 1782 58 353 1174 1431 1575 1548 1575 668 1009 1281 1751 31 472 585 1344 204 1842 186 519 1393 792 112 186 394 120 827 425 821 47 1405 1145 1382 281 1545 685 717 107 1174 88 1166 1416 1036 395 1316 1174 1235 946 31 899 587 1216 685 1746 12 534 1842 1552 419 1133 133 1043 1237 30 134 6 368 574 37 174 1891 228 588 406 368 654 1728 968 1620 30 987 1281 58 400 126 827 1764 1638 112 543 1362 1237 37 624 1140 125 1575 186 501 924 37 857 1216 10 745 551 21 120 722 61 588 727 47 21 973 1066 716 1011 1765 1764 472 1535 47 1746 1474 419 1548 124 112 1216 1842 285 1758 1133 746 1542 1466 1237 47 47 107 588 564 1166 1166 792 1782 12 1200 433 1304 654 1118 368 6 1751 400 1043 1237 551 1393 1541 37 6 1021 601 30 12 1281 1842 482 753 519 1118 987 1382 1542 792 1237 501 1772 30 716 406 606 1264 501 1382 1139 1200 1362 1542 222 12 722 1334 17 1751 827 1216 717 1036 987 551 745 624 827 194 12 368 47 1676 1085 88 1090 567 1575 924 587 483 88 585 717 1237 9 746 194 1728 1405 47 1237 1772 86 790 668 134 1017 519 519 543 1036 47 1036 120 30 987 1466 61 1247 1416 1145 857 601 11 472 186 12 899 1579 1009 792 1405 946 107 482 1782 456 194 1237 1118 1168 1036 1140 1304 1344 753 1372 1405 1174 480 21 1416 1382 1017 12 37 1416 61 186 722 761 186 1764 973 1237 1474 1235 1449 857 524 1379 222 419 524 47 61 574 1264 37 524 1393 1545 120 792 222 724 1548 490 757 554 1579 717 790 1168 47 10 120 668 574 12 10 769 1281 9 490 1133 1552 1237 18 1604 228 524 1604 30 8 406 624 49 472 1262 1415 1638 587 1548 394 1322 368 1638 1261 222 1017 120 472 88 120 519 1261 1262 1009 583 1261 624 1139 601 406 120 1011 1334 1676 716 1775 125 18 1261 6 1009 353 1772 1247 1689 1842 174 11 204 1281 433 724 470 1304 456 1174 405 1415 537 786 1344 1620 1676 1548 940 1646 786 1145 1261 1139 899 973 490 588 786 987 1090 1545 405 1415 1393 10 1118 1264 654 924 585 973 899 425 1596 353 12 1168 1397 1009 973 746 1362 1842 174 134 456 120 1379 563 406 1316 727 112 40 456 1775 1393 654 1646 769 1545 9 685 1608 1552 727 1168 1649 519 1310 1316 973 1684 1646 1416 821 480 1649 1405 973 716 120 1405 534 12 564 61 1775 761 624 154 31 8 753 1043 1676 1535 753 395 1017 1021 1541 30 419 461 1405 204 353 112 124 1168 1264 1405 204 1304 717 519 1542 17 30 394 400 1545 1304 456 1775 1775 126 405 107 1168 1310 425 857 1611 281 1021 1620 194 587 1200 899 1379 821 1397 524 551 524 1634 727 746 1036 1314 519 1646 406 480 899 1596 228 564 1842 425 20 880 501 419 480 1344 1066 222 1431 1174 1310 727 1085 1638 601 228 519 880 899 1247 134 574 406 1775 968 1535 1009 1118 1264 606 1304 1775 1604 1764 456 987 400 567 790 1634 1281 1036 1449 1372 940 1372 1090 154 400 1314 724 112 1264 228 10 654 8 425 1634 1133 179 1891 716 1842 1535 12 1009 120 228 1542 479 1604 419 41 456 47 1379 419 12 47 1145 1646 654 120 1646 624 524 1382 1366 1604 154 470 601 31 1216 30 30 17 745 461 368 524 405 1316 769 179 585 790 585 1235 1366 1133 174 124 394 1596 480 1085 1608 727 1728 1085 47 1379 624 1066 406 1596 987 946 8 86 786 1036 1235 1552 1281 1891 1140 456 1646 120 425 107 1085 37 1405 1646 1608 968 425 31 12 1611 1316 563 125 17 753 37 47 1362 1009 940 1611 1261 1174 792 1466 746 41 1362 1579 394 757 1638 1466 1200 368 222 1310 1415 1281 1322 1200 1261 134 534 479 1415 1842 519 1431 1235 1344 746 554 479 537 1304 1085 8 40 126 790 456 1118 1545 1118 968 654 1314 49 1174 126 1237 1764 792 20 574 668 12 222 821 1281 1264 406 41 601 1772 1620 11 1382 1090 8 769 1474 624 1431 47 551 606 37 1676 479 120 133 1579 425 1474 124 968 1310 745 543 133 1416 490 1891 769 564 792 1118 194 857 757 1382 174 1758 757 120 104 1166 40 1728 1281 1596 554 154 1133 1393 124 30 194 1090 717 587 1689 1304 120 786 554 353 519 1575 1638 1021 567 1281 654 585 125 1638 716 1379 1174 1620 1145 461 821 8 524 1891 1728 786 30 1415 88 1416 31 792 483 433 1684 1316 425 86 753 47 368 133 1379 792 456 1535 899 1310 9 12 1751 1166 1575 433 722 551 1676 537 1751 1541 1200 1638 1676 11 179 482 1393 1036 1017 472 564 1314 722 1261 1200 1379 419 204 1397 1552 1397 9 483 940 1009 154 8 524 1090 727 519 757 281 583 480 18 1237 1542 281 120 1604 1043 1842 1118 1575 1264 406 1646 1397 1262 1604 1676 946 724 585 606 1017 1379 1235 1545 480 12 1168 1548 17 1145 20 668 534 567 501 18 120 574 1304 368 1235 490 1382 425 1782 1174 1281 1891 1021 112 1281 1548 1140 133 419 179 753 946 727 501 519 1415 281 1431 12 20 654 41 1334 1304 425 1021 1746 769 285 1842 18 588 1535 1751 1344 41 194 1264 554 973 395 61 790 1200 470 112 567 61 281 12 1676 1772 1316 1575 1235 1379 1548 17 61 821 8 107 88 285 1596 1764 968 395 12 792 461 18 461 58 12 405 112 8 405 479 107 483 1620 1262 1140 1552 154 821 717 1316 585 685 281 606 1541 425 154 1011 1397 1634 1085 792 88 179 601 1620 1552 1758 8 1366 12 112 228 1608 727 524 1316 1085 11 174 1382 1579 134 1552 1145 107 1247 480 479 126 1344 1765 8 8 17 1474 761 716 405 1036 1535 745 1140 524 654 940 519 1604 1366 1281 1262 86 685 583 1139 154 1842 717 456 1304 973 1689 654 1449 1316 1772 1689 394 790 1611 37 1728 1608 174 1145 1043 1372 1021 1646 9 1017 1316 1021 20 1090 1166 1431 472 10 1466 281 583 40 12 1316 1431 21 1200 1262 1684 537 987 1684 1334 61 179 490 1237 757 1174 1545 1474 12 9 1646 606 1842 174 204 120 786 1247 120 1334 104 1372 537 567 186 1304 134 1646 174 1646 12 1634 368 1746 1043 1415 1085 537 1235 86 1145 1382 574 1017 88 353 1066 1758 924 1281 400 1139 1782 1751 1646 1281 1316 1393 1541 174 1416 1247 1011 1066 1431 1608 1689 1362 31 133 534 204 654 880 1765 222 1021 757 1085 353 1431 154 1634 534 973 12 120 1372 406 1140 49 1746 125 1611 433 1237 1579 58 461 1466 1281 668 31 585 761 88 179 537 1021 973 1474 583 1474 717 8 1579 126 1431 857 1174 790 724 1782 1316 1366 490 1466 120 12 519 1684 761 1772 973 8 12 1304 433 1216 21 1431 37 654 21 899 786 1174 534 222 1200 41 1362 968 583 1548 857 563 968 567 133 1322 126 1891 1011 685 1449 1304 49 8 554 1620 204 1261 31 1542 1334 18 8 1596 537 395 1579 1264 567 588 400 761 6 940 1140 1765 554 968 281 1634 30 154 1466 554 480 717 112 1405 456 1216 194 685 368 222 1466 968 1535 1174 1596 425 86 1684 1036 543 174 40 395 1676 1316 1638 133 1646 1344 204 134 821 49 37 606 567 120 574 482 400 1449 1237 456 1304 1036 400 405 425 133 668 1382 968 899 1891 21 924 194 12 120 20 1596 745 1676 31 1090 41 1575 1397 394 716 104 461 1474 285 18 551 624 31 40 1397 716 924 606 1548 1066 104 1316 126 47 1261 1090 12 37 472 1646 1535 400 419 1649 1200 37 1676 1281 394 30 456 479 120 724 395 88 537 1066 654 968 899 194 58 1545 1372 419 204 483 924 107 479 47 757 470 425 1322 12 821 1842 1431 1281 1604 588 470 425 30 1017 1772 12 405 285 1449 11 1304 1021 20 717 482 1262 228 1431 1334 821 1535 1066 174 1596 792 769 1344 1466 40 11 1237 1235 1535 1168 368 41 1415 1608 1118 1247 11 543 574 567 587 537 1261 1366 827 456 1552 624 8 120 1611 1261 1638 30 1676 624 554 134 769 1765 1608 1397 1066 1466 746 1684 534 281 120 1145 222 394 1344 1649 1011 654 8 472 368 8 86 1548 574 564 1362 456 228 174 86 104 1235 1646 58 1235 745 1247 134 58 987 433 49 761 899 1775 746 37 722 1751 727 395 757 1036 1366 567 470 585 1579 1316 786 1646 1235 1174 8 563 204 1405 717 1608 1474 1247 41 1474 1758 1542 1382 587 1728 1011 1474 1085 1604 1775 1174 12 186 940 524 6 827 1545 1393 17 1133 1891 1604 21 899 1304 482 534 107 154 58 1842 37 716 1237 1316 40 1638 228 1362 583 47 1216 501 1140 1891 554 40 1393 12 1379 880 1090 1261 973 821 1322 1118 1575 1281 1405 1281 1765 792 58 769 179 1085 1281 124 120 9 769 482 1684 717 12 1535 1264 405 49 1646 482 601 1140 587 1758 792 1842 1237 1344 1542 567 585 1474 1405 1118 537 1362 461 37 543 425 472 537 49 482 587 717 9 470 17 745 394 1133 1168 940 1542 654 47 18 1264 1596 654 1449 1891 685 1009 1174 1166 12 1090 821 1542 37 1200 790 1782 480 1611 1314 727 724 10 1237 973 1575 563 1085 757 654 724 222 1264 668 133 1174 1372 37 1314 524 753 1237 61 174 1264 406 1575 154 1322 1649 1133 20 186 281 40 1043 405 37 1611 624 1140 472 31 126 285 583 1372 133 228 1746 1393 1842 1891 1133 133 1281 58 86 1237 120 1416 1552 537 727 425 1166 31 1638 368 12 1535 524 519 1066 601 1575 524 419 946 11 134 8 1541 746 1611 10 419 204 1118 8 1372 1466 368 1649 1139 21 1620 11 285 1649 1751 1416 1604 534 482 1746 654 37 1689 41 1728 1200 940 940 1344 8 10 501 1009 419 395 1393 30 1011 10 1281 792 31 587 588 58 470 564 1145 1548 1746 1021 174 395 551 1466 479 524 1416 1415 1535 1575 285 685 11 1247 1145 1608 524 821 425 1405 524 134 574 1891 1416 1765 1262 433
