1186 1703
1773 1077
1135 1439
381 958
538 506
1564 1470
1776 1555
435 855
1251 419
1901 1120
1186 351
27 1644
381 566
430 125
1364 1339
1558 566
241 114
1163 1726
1709 1691
1583 855
1971 1644
435 849
1651 1630
1564 367
274 276
791 1596
862 276
467 75
1682 1350
1135 635
1158 1284
1709 1596
375 989
435 1726
839 566
1392 1523
1544 276
1135 1404
735 367
1891 810
940 13
1682 1470
27 857
940 1439
241 1641
1682 857
467 1596
675 367
1766 597
1545 1339
1899 1644
1185 1144
1392 506
1886 1069
1564 956
1251 351
1773 566
1558 956
1891 351
830 431
1525 1555
241 1575
1399 114
1083 1365
818 419
1083 1863
1135 958
1263 1706
1399 1371
1651 67
375 1541
27 1350
830 114
791 1575
1263 367
200 254
1044 1706
375 363
1776 855
375 506
1709 566
430 1575
940 1726
173 1069
1080 254
1651 958
339 254
1139 1404
1092 1575
1766 1523
1773 351
1522 1703
1139 431
1708 1436
1901 1575
339 1365
712 367
1583 1857
1263 1339
1185 68
1766 1596
1651 86
430 1350
1525 1575
1901 1078
1208 1228
1886 989
862 1451
27 1343
1682 13
1135 1630
1135 1459
1263 1284
1886 951
1185 855
872 1555
467 363
430 810
1549 1703
1263 1863
1844 114
1886 1555
940 1436
818 276
200 1249
375 597
1776 1339
381 1249
791 1669
441 1641
1139 566
1544 1536
1773 956
1263 351
1564 1555
1901 1069
791 1398
1158 725
735 1371
1773 75
27 1249
375 1641
1399 1536
288 1350
1583 1239
1083 1644
27 951
1891 1706
1525 1523
1185 1371
1899 1339
538 958
830 1863
1682 1439
1651 276
1971 506
1392 1470
1682 67
1185 1630
274 1706
1260 951
542 1470
1549 725
1709 578
1776 68
268 1350
1260 419
1092 506
1564 725
1886 1575
234 1596
1773 1339
542 1641
1544 351
1083 1371
467 114
173 1249
1392 857
1139 1339
1260 276
173 276
818 1596
1083 114
1251 725
1549 367
274 1239
1522 1371
1251 13
916 1596
1163 38
286 1703
1071 1669
1399 276
1773 1228
872 1641
467 68
862 68
200 725
1044 67
268 1541
1709 951
538 1706
712 1339
542 956
1392 1541
1776 611
1139 419
1080 1091
200 1284
430 1339
1773 1436
1185 1706
1185 573
1135 1451
542 951
1364 1451
1525 1091
375 1630
1776 1575
1525 276
1135 363
1558 1555
1525 125
1408 419
1525 367
381 13
1544 1350
1995 1641
1263 956
268 1587
1709 13
375 635
1399 1863
1139 1371
538 1284
940 351
1708 1575
200 1404
1544 1703
1251 989
1408 958
1549 1641
1682 363
467 1684
818 1575
173 68
1776 351
1891 611
1251 1228
339 849
441 1451
1054 1596
830 1350
1886 611
1613 1706
1776 363
1766 1863
1507 1284
1251 1863
467 1703
268 1630
1080 1398
1185 351
381 1284
241 956
1080 1523
1766 1228
200 506
1709 351
1558 351
467 351
1080 597
1995 1371
1083 1470
430 1091
1971 989
1716 506
1139 114
200 351
1773 312
1773 506
430 1523
862 810
430 1078
375 611
1044 419
200 38
1776 38
1364 67
903 1596
1135 1726
1114 1536
1185 1857
1564 86
1139 810
241 1555
1080 1536
268 989
1399 367
1766 68
1564 68
339 363
1558 68
200 312
1163 1988
1545 1343
1392 1436
1891 1596
241 1863
1139 1988
375 86
375 419
1163 635
1545 1427
1186 725
1651 1644
1185 1439
791 67
1163 989
862 38
1163 419
712 1451
1545 573
1071 597
1766 1339
1408 1703
1135 1470
1071 857
1525 75
1995 958
872 1404
467 1120
1163 1617
872 1249
1507 1436
1651 1451
1901 956
288 1644
274 779
1135 367
1773 431
1408 367
1613 67
1651 1587
1583 1630
1251 367
1545 1575
375 1863
274 958
1564 1069
1473 566
241 13
375 68
25 419
1163 67
1995 1703
1507 1439
1545 779
268 1120
830 1284
381 1350
1251 1091
1971 958
1522 1596
339 1398
435 1239
862 431
1083 1078
1709 1249
1583 810
1549 13
288 566
712 989
1071 1439
430 725
1507 367
791 367
1364 1596
173 1641
1080 1078
1682 810
1899 367
1709 966
1263 1398
1583 1077
274 1365
1891 1863
542 1523
1071 1339
441 506
1583 170
1545 1077
27 1630
872 1669
1583 363
1507 1726
830 125
1185 125
1080 1669
1558 1596
1135 1596
241 75
1399 1436
1709 1343
200 1343
1682 1436
538 1350
467 857
1651 1555
339 1523
542 86
1773 1669
830 1339
1408 75
1208 1436
430 1284
1709 1523
1054 1536
1549 857
791 419
435 956
1709 573
286 1371
375 1239
1044 1284
430 1596
1945 1439
1995 67
1399 67
1092 1863
1392 1249
1408 363
1525 1371
1163 725
1139 367
1330 506
862 855
1708 13
862 67
1525 1078
1158 635
1135 1857
200 114
435 1339
1473 276
1844 958
1708 67
1549 276
1776 1691
1915 1371
1651 1439
1080 506
1114 1078
1945 1541
903 114
375 1228
1844 1284
830 1669
1185 367
1392 1144
274 1144
467 810
1185 951
1766 506
940 1641
1408 1669
467 1587
1158 276
27 849
1185 1617
872 1078
542 351
862 1077
1549 635
862 13
1549 254
1263 1555
1158 1706
791 566
1564 1091
200 1596
1613 1596
1549 1284
274 566
1071 1365
712 506
1185 254
467 1541
1399 1439
1054 276
1525 1439
1891 1555
27 1641
1583 13
1891 13
424 1536
1522 1644
1158 1069
1251 254
1558 1669
200 1691
1613 1371
916 1371
339 1284
1135 566
542 958
1886 1988
1682 1703
542 635
467 1669
542 1669
1525 725
1945 13
1135 1703
542 114
1114 1641
1080 1350
1507 1644
1071 68
839 506
27 779
1185 1120
1995 1350
1564 1451
1544 1641
862 1365
1507 1228
1251 1284
1135 849
1891 682
27 312
791 68
862 1596
916 1706
1945 1451
1510 114
1583 1228
1945 1339
430 67
1945 1350
1392 86
1651 38
1776 1587
862 989
1558 1451
274 682
1408 506
1708 566
1092 1644
1545 1523
435 1398
1186 1726
1522 1284
381 276
268 1596
1135 1541
339 1575
1899 419
1080 1371
1525 506
1886 86
200 1069
1392 1857
1564 597
268 1703
1158 989
1114 566
1709 1284
818 1536
200 1726
1330 958
1185 1641
467 1451
1330 351
1886 1339
435 1575
1071 75
268 506
712 351
712 276
862 1703
1114 1863
1114 506
1682 573
1139 1644
1891 725
1260 1436
1945 1459
1901 951
274 1691
872 1284
1776 573
1507 958
173 114
25 1863
916 1536
1135 506
1139 1239
381 1077
381 1706
435 1691
1135 478
1251 114
1263 254
791 1863
274 254
862 1091
173 1078
435 276
1776 1371
1185 611
1525 1691
1945 7
1139 1726
1971 1078
542 1228
1891 68
1945 1988
200 779
1392 125
1185 1691
234 276
1891 1703
1044 597
200 1669
1544 506
467 7
274 86
1054 958
1583 1587
200 75
1186 1536
712 725
1522 506
862 635
25 1371
1044 1069
693 566
435 1343
791 1077
1525 1451
268 1641
791 13
339 1536
940 1863
1083 810
1901 682
1776 1988
1549 363
1185 1398
1945 75
467 1986
1263 13
1392 1239
467 1249
200 125
1392 725
1158 566
1886 958
1208 1596
241 951
872 1470
1971 1371
903 1228
424 367
375 849
1682 989
1080 1069
274 1726
200 276
27 38
940 989
1208 114
1525 956
1135 276
735 725
1583 1371
1163 1069
1135 1350
1613 1284
1651 506
1891 1669
1510 1703
1709 611
818 1863
862 86
200 566
1564 1863
1330 1536
467 1459
1071 67
1886 1644
1071 1726
1163 611
430 1404
839 1350
1945 611
1044 1350
241 1644
818 351
1525 566
1135 1345
1709 170
274 611
27 578
375 1427
1408 635
940 725
241 276
1364 1436
1773 125
1549 810
25 1228
1135 114
339 431
872 75
1773 635
1564 1436
1158 1365
268 38
1185 1249
1114 419
1139 86
1651 254
1083 855
1044 1641
1682 125
1564 125
1564 1706
1251 276
1886 363
435 857
467 1644
1945 573
1083 1339
1185 1339
1092 276
381 1691
1776 7
200 1684
1163 1365
435 1541
375 1439
862 1641
1208 1350
381 725
1651 1575
1708 1644
1901 276
435 1703
1392 1069
1708 951
1709 1706
274 1555
1613 1365
1185 1523
1899 1371
1901 1371
234 506
1651 1249
1945 1644
467 125
940 367
1564 1596
435 1706
1251 1644
1709 1120
1564 611
1392 810
1114 1077
1163 1669
375 276
1251 1726
1773 114
1080 1706
1776 13
1945 1091
1901 1343
1114 1669
1545 635
1915 506
173 367
1682 276
1364 597
1709 254
1114 68
1776 1436
1163 1523
441 1436
27 958
1564 951
375 1691
1613 1350
1708 276
818 1365
375 1470
872 1703
274 506
818 1284
339 1144
735 506
173 956
1163 1350
1945 1555
1392 958
435 1451
1773 38
339 682
339 1596
1549 1228
1392 1644
1092 1436
1901 1284
1392 1706
1364 254
1392 1587
1092 1703
1651 1228
1083 566
1364 1863
1083 1284
435 573
1709 1644
27 1863
1163 1644
467 1091
903 1703
1682 68
1773 1641
173 506
791 431
268 956
241 1091
288 1706
1583 635
1364 1228
1139 958
467 573
1185 1669
25 1365
381 951
862 956
1899 13
872 419
173 1439
1886 682
1651 682
274 1536
712 956
339 1857
1945 67
1071 566
1583 1404
200 1857
430 989
1545 312
234 367
27 351
274 67
1613 1228
1651 951
1995 1439
1392 276
27 1451
1891 1371
1163 1691
1071 1350
1135 1069
1054 1350
1709 1726
268 635
1044 956
274 1541
234 1641
1186 1436
1844 1436
1776 276
1564 1536
1971 254
1114 1470
903 958
1080 68
1185 779
25 276
1408 1706
27 1555
27 13
1071 363
872 351
1945 1669
1139 635
1995 1284
1054 1706
1071 506
1583 1644
1158 431
234 1703
241 86
27 68
1709 1451
1071 1451
1392 114
1583 44
1139 67
1583 1343
1945 951
693 1644
1651 363
862 1078
467 566
1392 1398
872 725
1971 1398
1558 1703
268 400
1251 1436
1083 276
1135 573
830 86
1776 312
1583 1988
1558 1365
286 114
339 1427
1083 431
1682 611
1651 611
1071 951
1564 958
1651 597
1545 725
1545 1726
1773 254
1583 682
1185 363
1399 1091
791 810
1776 1541
441 1339
1766 1451
1886 1350
1507 1575
1886 254
1260 351
173 1555
1080 857
1083 1404
1773 1343
1330 1436
1651 1077
268 1404
274 1404
1709 1617
1263 1091
1651 725
542 725
1408 611
1773 1239
542 1365
1263 68
467 1439
916 114
1092 114
200 13
1263 1451
200 1617
375 1988
1891 1339
1899 1703
1185 635
1208 1863
1135 966
1263 1641
1651 68
200 1541
1776 1091
1139 1365
27 1691
862 611
467 725
1263 951
1776 506
27 611
1185 38
467 1863
27 1459
1158 1988
1522 276
1044 1523
1392 400
25 1703
1186 506
1364 1365
1545 1249
467 312
441 1644
430 1691
1613 1575
1995 419
375 7
1408 1350
375 1069
467 1350
1709 682
1613 989
1549 682
1708 419
542 254
200 849
1709 857
1709 1069
1716 114
1507 956
1558 1706
1507 1641
1135 611
1158 951
1392 1345
1185 1228
1766 956
1114 1703
1844 1523
339 989
268 1726
818 1439
542 1350
1083 1451
1945 38
1583 431
1392 68
375 573
1886 1365
1709 1436
1185 1091
1545 682
234 1350
1083 989
467 367
1901 1451
1708 1863
1549 1371
27 1365
274 68
1092 1350
839 1706
200 810
1583 1398
791 1249
247 276
1399 506
1773 1536
268 114
375 1343
268 1078
1139 725
274 597
1564 1641
1901 114
381 1228
872 1228
1364 1726
1507 1339
1185 966
1092 1596
839 1371
1163 951
1263 1669
1891 1436
1185 431
1092 725
375 478
375 966
1776 951
1408 857
1408 1536
247 1644
268 1459
872 67
339 114
435 282
1408 276
1392 1691
1773 1427
1682 1988
862 682
1558 1436
1139 1228
830 1726
339 1691
1260 1470
862 1863
1709 312
940 1365
862 725
1054 419
1682 1669
1135 38
381 989
435 1644
1971 566
1891 855
1185 956
381 597
1139 611
1776 1617
274 1575
1899 1596
693 1536
200 419
1330 1644
375 1536
1135 1343
27 1398
1901 1350
1901 1239
1263 431
441 1228
1260 1398
1071 956
538 276
1776 419
1114 989
1525 1228
1844 1863
940 67
1886 419
1886 1470
173 1284
1260 956
1114 1398
1708 1228
1525 1339
1260 1365
1564 276
375 367
1945 363
862 363
1766 566
27 1986
200 1078
200 86
542 67
1945 1523
1776 367
435 363
1260 566
1080 1575
1708 1703
1709 1641
435 1863
1251 1371
1776 597
538 1436
1651 1284
268 1684
1399 566
1139 1536
1083 1069
1716 1371
1709 86
542 1536
1545 1644
424 506
438 506
274 1988
1558 13
872 125
1899 1228
25 1536
538 367
288 1596
1886 857
542 1077
1083 367
712 1439
1651 1371
1114 114
1185 958
1163 1398
872 958
381 1436
27 1345
1139 125
1549 1669
1773 1863
1545 351
467 419
1251 1339
381 810
274 1596
1891 566
1682 1404
1995 725
1185 1986
173 989
872 573
1886 1523
27 1988
872 431
940 1350
538 1596
1071 1470
1901 1988
339 1863
1139 1691
1613 566
818 958
1114 13
268 86
1583 68
862 1988
712 1398
234 1726
1525 1120
1525 1706
1071 1284
1544 114
27 363
286 1644
1044 1703
1263 1069
1901 351
1709 1339
234 1371
862 114
1945 431
1080 1339
1613 1703
1083 351
268 1536
1392 1986
1901 810
1545 1541
1971 1350
1473 1703
1549 1644
872 951
200 635
375 810
1260 725
830 951
1139 13
339 1239
1507 1451
735 1703
241 1077
25 1726
1186 67
1886 1706
1186 1863
735 1596
940 1091
1044 506
274 1523
1080 1644
1071 1228
1773 1523
940 1069
1891 114
430 1863
1773 1986
375 13
381 1863
375 1120
1651 1069
430 1228
1773 1703
1071 114
441 725
1044 1365
1709 1863
1773 1365
241 1350
1185 419
27 1436
1083 958
1092 1641
735 566
424 1284
435 114
1891 276
1251 1536
381 1988
1544 958
1080 989
542 1339
830 419
818 1339
693 1371
1766 1726
1408 1555
862 1069
274 1339
381 1575
1139 1343
538 114
430 597
467 254
538 566
1545 1863
375 1091
1545 1459
1525 1617
268 419
862 1427
1766 1536
1583 351
268 68
1773 1069
288 1371
1899 1439
693 367
1071 367
1971 1575
1844 1706
1080 67
1899 1706
274 1078
1114 1091
1158 68
467 1523
1682 1523
1891 1120
1891 86
1901 725
538 1536
1525 855
1773 855
200 1644
1083 1436
430 1703
1583 1439
872 1644
538 1641
1114 1371
435 254
1364 114
1054 1575
268 1339
1583 478
274 1986
1158 419
1135 1523
441 114
1583 1451
1886 1536
1392 460
1139 1077
1945 635
1776 779
1525 1703
381 1091
1545 1398
1971 1596
1899 958
862 951
1251 1641
1054 1436
1399 1575
1263 1536
1651 810
1260 1077
381 114
1708 68
1899 566
1163 1120
241 1436
1945 1436
1549 1451
1583 1986
1163 810
1545 989
268 725
339 573
1263 989
27 1575
1330 1641
1651 1144
1251 431
1945 855
830 1470
200 1706
1613 956
1092 351
1392 566
268 855
862 1541
1071 1371
1709 114
1083 1726
1844 1641
1549 1091
1071 1069
1549 597
872 1398
1364 1350
872 1091
1525 1541
1083 13
268 1988
375 1077
27 1439
424 276
1525 1249
903 566
1583 1523
438 367
1773 1439
268 312
791 1706
1080 13
1399 419
1651 1986
441 1284
542 75
27 1669
441 1365
542 1398
1891 506
1139 1596
27 1284
1392 478
1558 1863
1709 849
735 1644
1886 725
1185 1644
1773 1078
1071 1644
1399 958
1945 1343
1163 431
1135 1536
381 1439
467 956
1709 1575
1776 1726
1408 956
241 597
1092 566
339 67
1709 989
872 1726
1549 1523
1263 1726
375 75
173 857
1613 1339
1163 1459
1408 1228
1185 1541
1260 67
1886 566
339 1120
862 125
1971 1228
234 566
1263 75
1558 857
818 725
1682 1249
1766 1091
872 1077
1901 1644
200 431
862 1239
1507 725
1709 38
1114 1451
1185 1436
1776 958
1773 779
1773 1398
1945 1617
27 597
872 114
1080 958
381 1555
25 1350
1525 1069
375 1451
1139 597
1901 38
940 1703
1158 1339
903 1536
1330 1726
1408 1339
830 1439
288 506
1766 1644
1044 566
693 276
712 114
1263 566
430 1726
1708 1641
1364 566
27 125
200 597
424 1703
1392 1120
268 282
435 1439
1364 363
1139 276
1844 1703
1525 1077
375 578
1135 86
542 1726
1139 855
430 68
1263 419
1545 419
1263 1228
1545 1706
27 276
1549 86
1139 682
375 956
1163 1091
1558 419
1971 363
430 951
27 1617
430 1706
791 1078
1114 1596
1773 1091
1260 1091
1583 114
1185 1350
1399 1365
1545 810
1392 1575
1995 13
1549 1691
1776 1863
1158 857
1139 573
1135 13
467 1371
375 1365
940 1575
1408 1523
1971 13
274 635
1545 254
27 573
1545 1617
435 367
1891 1617
268 351
1549 1404
1651 779
1392 1596
241 363
1651 1404
375 1726
1709 1404
1545 13
1971 1863
791 1228
1891 38
1945 419
872 1069
830 1644
339 1091
1583 1459
200 1427
1071 1077
173 67
1613 1439
1158 956
1135 682
1158 254
1709 1398
1971 1439
1549 1249
1263 1439
1260 1371
1544 1644
1163 1541
1080 276
268 1691
467 958
862 254
1583 1294
1995 506
1507 1703
1945 351
1549 431
1901 1641
1682 1371
430 506
1583 566
1651 1669
1708 1439
1392 1365
1392 312
1158 611
1392 1863
712 1365
1709 725
1185 725
339 86
381 1451
1901 86
916 367
1208 351
1776 114
862 7
872 635
1901 1555
818 1371
1135 810
268 573
268 1644
1901 506
1901 635
1564 1575
1766 1069
872 1365
1708 1284
542 506
818 367
1251 1078
791 114
1544 1284
1135 7
1135 431
1054 1228
200 855
1054 1371
1071 725
1886 68
467 1239
1185 1365
424 1726
1260 1644
274 367
200 1144
1945 682
1135 1120
1891 431
381 1365
1773 1617
735 67
1891 363
1158 1726
1186 1069
1945 1284
1263 114
1971 951
274 1587
1330 1371
1583 1617
435 38
903 506
1564 1523
1682 1617
862 1669
1208 367
381 1703
1135 1986
1208 1703
467 506
1330 1350
173 958
381 1371
1083 363
200 1575
1263 506
1135 312
1392 1077
1408 810
1364 419
1392 989
1776 1669
339 13
173 1596
1708 1339
1139 75
712 857
1054 1703
339 68
1525 682
274 1703
712 1091
1092 1706
872 682
1564 1439
1186 566
872 1339
1549 855
1564 13
1549 1398
735 13
430 958
1945 1641
1163 956
1844 1371
1558 1398
339 1644
791 725
1525 1398
830 810
173 75
274 1350
1773 7
339 1988
441 989
1708 1555
241 810
1392 578
1163 125
818 1228
1682 367
1399 1644
441 1523
200 682
538 1371
862 566
1891 1691
1545 7
274 1249
1583 966
241 1703
435 1069
381 1398
1995 1069
1613 1069
1558 1078
1945 597
1558 1644
1408 1641
1263 1350
435 1617
1163 276
1651 1617
1651 75
200 1536
173 1371
712 958
339 1343
1185 1345
288 367
818 1436
872 1350
1995 1339
1945 312
1139 1575
1891 1536
1054 1726
1185 857
735 1523
1507 1091
916 1726
1945 1691
241 1451
1709 1536
1185 86
1185 1427
27 506
1044 1644
830 1365
1709 1350
1158 506
1544 1371
241 566
268 276
1901 1541
1158 1249
1163 1641
1158 1436
1158 958
1392 1350
234 1706
467 611
467 1069
1651 1339
268 1986
1525 857
375 1857
1773 1470
241 351
467 431
1776 1144
1549 75
1044 367
1773 1691
1163 86
862 573
903 1284
1186 1644
430 611
268 431
1682 1091
1525 68
1583 1575
1185 1239
1613 597
1507 506
1158 1091
1549 956
1525 1470
441 276
862 1120
435 312
872 1691
27 1706
1682 1239
1901 958
1776 86
1716 276
241 1536
791 1451
1525 13
1114 1228
1776 1439
1583 951
872 1706
1260 1726
1545 611
424 1371
339 1069
1163 1575
1844 1575
268 578
1899 1350
1260 367
1092 958
27 1069
1583 67
693 1703
200 958
916 1284
268 125
375 1404
241 1439
1682 1339
441 351
1251 1523
268 1091
872 566
1899 1523
1473 114
1139 1398
1915 367
735 1069
1139 989
1092 367
268 1857
1139 1641
200 1587
27 725
339 38
1507 419
1408 1470
1564 1691
200 951
1613 1536
1844 1350
1651 1350
735 419
712 566
1682 431
375 1144
1158 1470
839 1703
1651 1470
274 1669
424 114
1583 1365
791 1641
1901 1077
1114 1439
1945 857
1651 989
1549 1536
1945 725
1044 276
268 1239
1163 13
1549 1596
247 1726
1392 1988
735 1436
27 367
1139 1706
872 86
1886 1641
1114 75
1682 951
268 460
241 254
339 725
1330 1284
1208 276
1549 1343
1473 1371
839 1641
1135 779
872 1536
1766 857
1163 1427
1776 1078
1709 1988
1545 1350
1135 1617
1773 1706
1163 1343
467 276
1544 1596
1545 1239
542 1451
1408 114
1583 1427
27 75
1185 1726
1083 68
1583 1863
200 1641
542 1863
274 1120
274 13
441 857
200 282
1185 1575
1776 1986
1891 989
693 958
268 1617
862 1617
735 114
1651 419
25 506
1408 1596
1071 1555
1208 725
274 1470
1163 7
1158 86
1776 682
542 1284
467 1144
375 1596
830 1404
381 38
1158 1555
467 1555
381 573
1054 1644
25 1575
467 1398
1971 276
1260 1284
1564 1365
1054 67
1392 611
1392 849
1583 1436
467 1077
1507 1069
1651 956
1716 367
27 1470
1507 1863
1709 1077
467 1691
435 611
241 1284
1139 956
274 351
693 1350
241 1078
1971 1706
862 1404
430 566
438 114
1083 682
1682 635
268 1365
1564 254
1260 1228
1392 1294
1408 1451
1651 351
1558 114
467 966
430 857
1549 114
862 1350
339 857
1114 956
1613 1436
1163 1706
1330 367
435 1294
339 1669
1408 1371
1083 67
339 506
1186 276
381 1596
1135 1555
1186 1706
1899 67
467 951
1995 1706
872 1371
339 1541
1544 725
542 1371
1408 682
1083 1536
916 725
1392 1459
1083 1350
1135 1863
467 1228
1583 1669
435 1470
791 1470
435 1371
1135 1988
1776 125
818 1641
1549 1555
1901 367
872 68
1185 1404
1392 1617
1251 1249
1163 68
1682 1451
1186 1350
1708 1596
200 1228
27 1078
1330 566
441 1439
381 855
1945 68
1945 114
1773 1350
339 367
1549 1726
1651 13
1891 956
1891 1726
1330 276
1399 1706
1399 1228
375 312
1776 1470
818 506
1682 1228
1251 1439
1507 1350
1071 1575
200 363
1185 1077
1709 67
1945 506
1945 1575
1971 857
430 254
1891 597
200 578
430 1436
339 1470
1682 597
274 1091
1682 1575
818 956
247 367
735 1365
1545 68
1186 114
1071 1863
940 1596
1886 855
1135 419
1583 1541
1364 989
1392 1451
830 1641
1135 1706
1766 351
286 566
1114 597
1139 38
375 1575
1651 1863
1408 566
1392 635
1682 956
1891 1404
1208 1371
1260 431
435 779
274 1427
862 958
940 1523
1709 1555
381 75
1766 1436
1364 1398
1583 7
1651 635
1135 1436
1886 1343
818 566
25 725
1163 1078
1083 951
940 1644
1773 367
173 1706
1522 1536
1901 431
1564 1228
818 1703
1408 951
1163 1555
1185 7
1945 1077
441 958
1651 1427
1083 1669
1114 1726
1139 68
1886 506
25 1641
467 1630
1185 1536
339 1350
1773 682
200 1120
542 419
25 1596
286 367
173 566
735 1575
1583 1120
1709 1239
1114 1555
1114 67
542 68
435 682
1260 1078
27 1339
1945 566
1260 75
1092 1536
1844 367
430 1439
1995 1575
435 1684
1080 1726
818 1726
940 1371
1899 1091
791 1339
712 1726
381 367
818 67
735 276
1408 254
1709 400
1545 956
241 857
1408 86
1564 1726
441 1863
1080 1863
1651 1988
1891 1470
247 1703
1399 1069
1682 725
1510 1644
381 254
274 573
1886 1436
1510 276
381 1617
1682 351
1260 1555
430 1641
25 1284
441 1703
1891 1091
1613 1091
200 989
839 958
1507 254
1135 1284
25 114
1716 1644
862 597
467 682
339 1630
1891 1228
268 1144
872 1439
1709 431
1392 1630
1613 1644
274 75
862 506
441 67
830 67
375 855
1971 1339
375 1669
1507 276
1708 956
430 682
1971 1284
1135 1077
1185 13
862 75
1773 1451
1901 1470
1083 1706
430 956
1945 989
791 1726
1549 1988
1844 351
1564 1703
1766 958
1139 1078
1776 1365
173 1523
435 1986
1408 1404
1208 1726
435 506
1544 566
1583 1726
375 431
274 855
25 958
1945 1078
441 956
1044 1436
1564 635
1260 1249
1564 1644
1682 1459
1773 363
1708 1451
712 1575
1163 1239
27 254
173 1669
1995 114
712 597
1545 1641
381 1404
712 1350
1886 1404
1682 855
1945 1404
441 13
830 351
200 1077
1682 114
1251 506
1886 635
1260 363
542 1575
435 13
1709 1345
1135 1641
1260 254
274 989
375 351
435 1641
1945 1427
839 1644
1158 1404
1163 1986
381 1541
1558 506
1525 635
241 1365
1709 779
1054 725
1709 419
1135 254
381 1669
1549 506
430 1470
830 1555
1995 1726
1891 1541
903 1644
903 1350
1886 1228
1708 1398
173 1339
1583 1345
1092 1228
381 86
1651 566
1651 1703
200 1863
200 1365
268 75
1473 506
1251 67
1135 1587
1682 1644
435 597
241 1398
1995 1436
200 1436
872 276
435 1091
1682 1284
430 13
1071 419
430 367
1886 956
375 1459
435 125
1945 1365
27 7
1901 566
241 1706
1709 1294
173 951
862 351
274 114
1260 1536
1891 857
1139 1284
1776 1451
467 1988
1080 1641
241 367
1583 506
441 1398
862 1726
1971 1726
200 367
1583 1536
916 1350
1158 1343
1891 1439
430 1371
1558 1091
1139 1249
1399 1284
712 1703
1392 682
1251 951
1901 1596
435 1555
693 725
1773 1575
1583 1596
1945 956
1260 1703
1766 419
1682 1596
1158 1439
791 75
1071 1706
1886 1371
1776 1404
430 419
1891 1451
1163 566
1766 1078
27 810
1971 114
916 1523
241 68
435 1988
27 566
1564 363
1682 1641
862 1228
1709 1228
1886 1669
1564 506
375 1587
1558 1575
430 1669
1044 1596
1158 1641
1682 1077
693 1596
241 419
1886 1439
1114 1350
818 13
735 1284
268 1669
1709 1669
1773 1459
1408 989
1776 810
375 857
1114 367
1071 635
383 367
1392 1439
830 1091
1158 573
1901 419
1044 1863
430 1398
435 1228
1114 951
1901 1669
1891 635
830 1228
1163 1371
1971 419
1583 1078
274 1641
241 1228
1163 1144
1886 367
1995 1863
1135 951
940 276
1135 1144
1709 1703
381 1536
1901 1726
1583 597
1185 1451
381 1470
381 419
430 855
830 956
1080 1451
791 351
1891 1398
1364 1706
1558 1641
1995 1644
1564 810
1080 1365
1891 1365
1208 566
268 611
1708 1069
1525 1436
247 1536
27 1144
339 1345
916 1069
274 1459
1163 1470
1364 1641
1651 1078
1558 1371
1708 254
268 1706
1525 989
712 1706
1392 1536
424 1644
1525 363
1522 367
1766 1575
1260 1641
1651 1523
1773 951
1651 1541
791 1536
173 419
1651 1343
1651 125
1891 1069
830 1436
1260 857
1766 254
288 276
1891 67
1583 312
1083 125
1186 1641
1682 86
1901 1863
1545 1404
1114 958
339 855
234 114
1886 1239
1682 566
1766 725
712 419
1886 1691
1545 1669
1392 13
1139 1669
1945 1228
1163 1703
1545 506
1135 725
1708 363
1708 989
430 363
1766 1706
830 682
424 1706
1185 578
1995 276
791 956
1392 7
1525 1726
1158 1703
1092 1371
268 857
1251 1350
1044 1371
791 958
268 67
1114 1644
872 254
1549 566
1899 114
1709 68
1185 1284
1083 611
1545 951
1163 114
872 611
1995 1365
1260 597
1263 1575
1682 1555
375 1986
1583 367
1651 1091
1080 956
862 367
247 1596
1158 1596
438 1371
1364 1703
1044 13
435 578
1364 68
1766 1703
1886 1091
1583 86
1083 1398
1392 363
1971 1523
1558 1350
1901 597
173 725
1709 855
830 1078
1564 114
1766 1365
1525 1669
1995 566
1139 1069
872 1451
940 566
830 13
1158 1228
424 1596
1708 857
1583 779
1185 1078
839 1536
1613 506
1613 857
1408 597
1766 1350
241 989
1507 566
1364 367
173 1365
1473 367
916 67
1186 1596
1186 1371
381 1078
467 779
1899 1436
1901 573
1392 956
862 1436
830 1706
1549 68
1651 573
1716 1284
1135 1644
1139 1703
339 125
438 566
1708 351
1558 367
1613 1726
339 1587
1071 1398
339 810
288 1726
791 951
1549 989
1945 1239
247 506
1263 1644
1135 597
1135 1398
1185 1587
1545 431
375 1436
1766 276
1682 1120
1613 114
1399 1726
1971 351
241 682
1558 1523
916 1575
1886 431
1899 276
862 1470
1251 1365
791 857
173 1703
173 1091
1507 989
241 1470
200 1986
247 1284
1709 125
1208 1641
1399 725
791 1091
1080 367
274 431
1392 1555
1891 1284
1773 1555
430 1249
1709 1470
1163 682
27 1077
435 67
735 1536
1044 1439
903 367
1545 86
735 351
1995 1523
1709 363
375 1617
200 1239
435 966
1945 1371
1263 1703
542 597
1583 611
862 1459
441 1596
1776 1398
916 1436
872 506
1844 419
383 1371
1545 1451
1776 1459
1564 431
839 367
1392 254
1114 86
830 363
1158 367
791 1703
1525 431
1773 1404
1651 1706
1330 1228
818 114
1251 1706
1766 989
467 635
381 68
1682 1078
1545 1536
1071 1249
1083 1523
1776 1536
1776 1120
274 956
542 810
268 682
467 855
862 1523
1945 1249
1080 419
1886 13
1545 114
1901 1427
1510 1371
430 351
200 1470
1776 1523
1682 779
1163 1436
1071 1703
1773 1144
1773 1596
441 1069
467 989
1251 958
1682 1365
1708 367
1163 1536
1399 1350
1545 363
1408 1575
467 578
274 1069
1651 1536
791 1284
25 1644
1054 1284
435 1436
1773 1284
1776 956
1583 1144
1682 254
1522 114
1158 1863
441 1371
1583 958
1260 1863
200 1439
1773 13
1510 506
241 1249
1364 1078
1510 1596
27 1091
1549 1339
1651 1459
839 276
1392 1669
1263 276
1549 573
1071 1536
1158 38
430 1069
1092 67
1135 989
1945 1120
1408 1249
339 1078
1776 1069
1776 1644
268 779
1583 276
1709 1439
1776 566
274 1345
712 1284
1549 1069
1945 1706
1549 67
1185 312
1651 7
1163 857
1158 351
1158 363
1651 1641
1185 276
430 1555
1651 1120
1583 849
1716 1596
1583 419
1776 857
830 1703
27 1371
1392 597
1114 351
339 7
1071 1641
435 419
1901 68
1408 13
1507 1371
1901 1091
1522 566
693 1641
339 1404
375 1345
1886 1863
1709 276
27 1587
200 1350
1135 956
1651 855
268 254
339 1706
1776 1077
1083 1228
735 1641
1071 989
1251 1451
1901 1691
1163 1596
435 1350
1709 1459
274 1436
542 431
542 989
1392 966
339 351
1408 1863
268 1345
1886 67
1891 1641
1525 611
1891 1350
1773 419
268 1343
1844 13
375 1703
339 419
467 1857
274 810
1708 114
274 1630
916 1228
1054 114
542 125
430 114
1971 1069
1071 1436
1080 1439
268 1451
1185 1863
467 1339
1564 67
1163 1077
830 566
1709 282
1185 849
1208 1644
339 276
1399 1703
1886 1726
1886 1451
1545 1596
1709 810
381 956
1083 1091
830 1536
1844 1069
1135 75
383 506
1558 67
241 67
1549 958
1071 254
538 67
200 1630
1158 682
173 363
916 506
1092 1726
1891 367
1158 125
1135 125
441 566
1044 1091
1901 1228
27 419
1844 725
1564 1077
435 1857
1135 1249
375 1078
542 1555
712 1863
1613 958
1776 1706
27 989
339 75
1251 857
1399 1596
375 1706
1507 857
1408 125
1071 86
274 1284
241 635
940 419
693 1706
940 1228
830 1069
1886 38
1263 725
1549 1078
1766 13
1135 578
1773 68
173 1350
173 351
1583 1706
1709 958
839 114
1583 1350
830 1077
1525 958
1583 578
435 86
381 363
1392 1726
1185 1988
1899 506
1558 1536
1682 1427
818 1644
1158 1536
1408 1439
791 1523
1886 1596
830 276
1083 506
1158 1398
1945 1863
339 1439
1891 958
268 363
1044 1339
1776 254
1709 1078
1507 597
1709 1427
712 1523
862 1536
1544 1726
173 1451
339 312
1945 125
1185 1596
173 1436
1507 1596
1995 1228
872 1523
200 956
1844 566
1263 1249
1545 958
916 1703
1054 1863
1080 1596
1545 75
1613 1863
1583 1069
467 1404
1251 68
940 506
268 1069
1083 1703
339 951
830 1249
1260 68
1971 367
1901 857
339 1703
1776 1596
1186 1228
430 431
1114 254
830 254
1583 125
1158 1451
1773 810
1682 1069
1185 597
1208 958
435 1630
375 282
1613 276
1071 431
1114 276
1263 1596
1844 506
1899 725
940 956
467 86
200 611
173 13
1392 1078
339 1641
1364 351
538 725
542 1703
375 254
441 1575
1709 635
375 951
1392 1684
1549 1575
1408 1726
1651 1726
383 566
27 1120
173 1726
381 682
1891 75
1971 1451
435 1077
1163 597
830 857
27 1857
1158 1078
1083 725
1208 1706
1971 68
1891 1249
1709 1144
467 38
1408 68
903 276
1945 1536
1564 1339
712 1536
1971 1641
381 431
1135 1691
1135 1427
1163 1284
435 810
1185 506
1044 989
791 276
274 1644
241 506
1766 1398
173 1398
1564 1078
268 367
25 1706
1549 1706
916 1644
1708 1365
339 611
1083 254
200 857
872 363
339 956
241 1069
862 1249
1392 431
1114 1706
1158 67
1507 1523
1971 67
1583 1383
1083 1439
268 1863
1558 989
1995 1091
1260 958
1114 1436
27 1726
274 1857
381 1339
1971 1555
1708 1371
1776 1228
1945 254
1158 1691
1392 351
1776 1239
769 367
1709 1365
1525 1641
1682 1726
1525 1365
1651 1436
173 597
1408 351
288 114
435 75
25 1069
872 367
1549 1439
339 1077
435 1284
1135 1371
467 1617
274 1343
1549 611
1135 1228
1682 1706
1392 1404
268 1398
1613 351
1080 1284
1682 1536
467 282
1773 573
1995 956
247 566
1114 1069
1583 1339
1682 312
1392 367
839 1284
1682 506
1330 725
1044 725
25 566
1682 75
268 1427
1408 1398
435 431
1844 1726
538 1228
1114 1523
1139 1091
1158 1350
1682 1398
1139 1863
435 635
830 506
791 1350
872 13
1080 1703
712 1228
1558 276
1330 114
381 125
1364 857
27 67
1564 1404
542 1439
1899 1069
791 597
1545 1988
1709 1587
200 1345
1709 1371
791 1439
1886 1078
467 1641
1945 1596
1251 1575
1708 1706
1651 431
27 956
1708 597
1044 1451
1945 810
1114 1575
1549 125
1392 38
288 1536
1971 725
1507 67
1773 1644
1773 597
791 254
791 506
268 1284
1330 1706
1185 566
1263 857
1054 506
1766 1371
1682 958
1163 75
375 1371
467 1365
274 1439
1525 351
542 1706
538 1726
1260 1575
1709 75
542 857
1158 1077
872 989
1651 1398
241 1726
1549 951
1886 114
1135 1575
1083 1641
1776 1641
1163 1339
467 478
1545 1371
542 1436
375 1523
862 1343
1708 1350
1651 1596
1773 1541
1525 597
1583 1249
1891 419
1613 1641
872 597
1564 855
903 1726
1080 1436
268 1439
1776 725
916 351
435 1144
1583 1284
1135 67
1260 1439
1330 1596
268 566
1260 1523
1185 1555
916 566
862 1339
435 68
274 1863
1651 1365
25 1523
1525 38
1776 635
1139 1350
375 1555
467 1726
542 1078
1364 1644
712 1641
830 367
1044 114
830 1596
1044 857
1886 1284
268 849
1549 1436
1158 810
1558 725
1507 351
381 351
441 1536
1364 958
274 125
542 13
1545 1284
1682 1863
435 1596
1891 125
1709 506
200 478
288 1703
830 1371
1766 1641
430 1077
339 1555
1773 1371
435 566
1392 1371
1901 1536
1139 951
1158 1644
1139 1555
375 682
1651 1691
1044 958
435 1536
1139 857
1945 1470
339 566
241 1371
1545 276
1891 1644
1651 367
1260 1706
1583 254
1044 1536
1558 363
200 573
830 1523
872 1575
712 1069
1071 13
872 956
1583 75
1392 1228
1773 1249
1054 566
467 849
1545 1470
430 1536
1525 419
1251 956
1766 1439
1158 13
1054 367
830 958
1392 67
903 725
1613 419
1708 1726
339 1726
467 1470
862 1706
268 966
1525 114
1945 1703
1564 351
1392 1641
1525 1239
1651 1857
1392 1343
1773 1988
268 1249
1971 956
1408 1077
1135 68
1139 1523
1251 566
1185 1470
1163 779
1392 1703
1135 1669
1364 1575
1773 1120
173 1575
1583 1684
1901 7
435 1078
1083 419
1709 460
274 1228
1330 1703
381 1523
1163 1249
1163 855
1891 573
1891 1239
1899 351
1260 1339
27 1404
1971 1669
1564 857
1525 573
1408 1284
1716 566
1083 635
1549 1077
862 1398
1971 1249
247 114
173 431
1544 1706
1163 1863
1071 351
862 1691
1899 1284
375 67
1114 363
1549 1365
268 810
1682 1541
1525 810
27 855
1208 1536
1564 1669
830 597
1510 566
25 67
268 1077
1682 419
381 1644
1399 351
441 68
1583 38
435 1365
1054 1069
542 566
1080 566
1044 351
1054 1641
1139 1439
1263 363
1260 114
1651 857
818 1523
1583 956
1364 1091
441 1350
1399 1523
1583 1703
274 1398
339 779
27 86
1708 725
1708 1523
1185 1343
1260 989
1773 857
1766 1284
791 1069
1901 13
1886 1077
542 363
1525 1343
1545 1691
1083 1596
940 1284
1901 1617
200 67
241 431
1163 1451
1901 1398
1886 276
1901 75
1135 1339
1392 779
1408 1069
1545 1555
234 1284
542 1249
769 1371
274 951
1525 1427
1139 1436
1545 1069
375 958
1901 254
1558 1439
467 67
1525 1644
441 1091
1558 1069
375 1339
1899 1365
1185 1703
234 1536
1408 1644
1709 1684
1044 1228
1945 276
1583 400
1186 367
1114 1284
27 1536
1886 1703
872 1988
274 1617
1185 682
1564 1249
1364 1536
430 86
1709 1857
173 254
1054 1523
712 1371
1260 1596
1558 1284
1392 1427
274 1451
375 725
1135 1091
712 1436
735 1091
1408 1436
1399 1641
1901 363
830 75
1544 367
542 1069
1208 67
268 7
818 1069
916 958
1776 67
268 1371
862 1555
735 1350
1525 1596
1708 1091
872 1436
693 506
441 597
1583 573
1260 1669
1545 597
1083 956
1545 857
1776 1343
1163 367
200 1459
1135 857
1564 75
1083 1249
538 351
693 1284
1844 1228
1544 1228
1886 351
1263 1078
1558 958
381 1239
1709 44
27 1703
1901 1249
1776 989
1080 1228
1158 855
791 1365
830 1575
1163 506
839 1726
1260 1451
940 1706
940 958
435 1669
274 725
200 1703
381 1641
467 1706
1364 276
1251 597
538 1644
903 1641
441 367
1364 1069
791 1371
435 1459
1114 1249
1263 1365
1525 1404
1080 351
1945 1069
1251 1398
1971 597
467 1536
1564 1284
1709 1091
441 254
1971 1365
1163 363
1545 125
1708 1078
1408 1365
735 1863
274 419
241 1669
1971 1436
339 1451
1886 1249
1263 958
916 1863
1364 956
25 351
25 367
435 478
1208 1284
430 276
1092 1069
1558 1228
712 13
1651 312
1899 1575
1709 1986
467 13
542 367
1886 810
1995 367
1071 276
1899 1641
1408 431
1139 254
1545 38
339 1249
542 682
1186 958
1901 1703
542 1091
467 1284
27 1239
1773 725
200 1451
1995 351
1682 1691
1545 566
268 13
830 1398
1364 725
1899 1726
274 7
791 989
1545 367
1583 282
1507 1398
1773 611
862 419
1408 67
200 966
1901 67
173 1644
1083 597
1408 725
1549 351
1901 1436
200 1339
862 1575
288 1284
430 1451
375 114
1844 1596
1525 1284
1564 566
1549 419
435 400
862 1439
200 1988
1613 1523
1525 67
1251 1069
467 1427
339 1339
1525 254
1901 855
830 68
872 810
1766 367
1945 86
200 1555
1545 1365
274 1077
1545 1120
375 779
1163 254
1844 67
1558 597
200 1523
1163 1439
1158 1523
1392 573
430 573
27 1596
1163 1228
1263 597
1886 573
1891 1575
268 478
200 1091
1163 958
247 1371
830 635
274 312
1092 1284
830 725
1558 1339
1392 1339
1709 1630
200 7
268 597
1709 7
1886 1398
1971 1703
435 951
1185 989
268 1575
1613 367
1083 86
1901 989
467 1345
1886 75
1251 1703
435 725
375 1350
1263 1436
1844 1644
441 1726
1564 989
1773 276
435 7
381 1726
1185 1459
173 1863
1114 431
1251 1555
268 1228
862 1371
1708 506
1583 989
872 855
1364 506
1364 1523
1773 958
1071 810
839 1596
467 1078
241 725
791 363
274 38
1263 1523
1945 958
1716 1703
435 460
375 1398
1163 312
1185 810
1158 114
862 857
1545 1091
435 958
1525 1350
1163 351
435 989
1708 1536
173 1228
268 951
1709 956
1071 958
435 1120
1251 1596
1776 75
1899 1863
435 1249
1583 1641
1408 1091
1525 1536
818 857
268 1470
1583 460
274 363
1549 1470
1364 13
872 857
1766 114
1776 431
241 1339
1613 725
1651 1239
339 1228
1392 1091
339 1459
1776 1284
1901 125
1583 1691
1507 114
1891 1078
27 1541
435 1345
1083 1077
735 1228
735 1706
1682 1343
1364 1371
1044 1575
268 1436
1583 725
27 682
1251 363
1186 1284
818 1350
1776 1350
1071 1091
339 1436
872 1863
1083 75
339 958
1392 282
1891 951
1135 855
712 1596
1392 170
940 1339
274 857
1995 1536
438 1703
1773 1726
1708 1669
467 1575
791 86
1583 857
1392 419
1901 1365
1901 1523
1773 67
339 1371
735 958
1135 1239
1114 857
862 1284
542 276
1392 855
430 1365
1995 1596
1709 478
241 958
693 114
1901 611
818 989
538 1703
1158 597
381 506
830 989
1263 67
1945 367
381 611
1071 1523
375 1644
1564 1350
791 1436
1886 1541
441 1706
1583 1091
1776 1427
430 75
1510 367
1891 254
1709 597
27 1228
1507 1706
1208 506
381 635
1392 951
435 351
1260 13
1260 1350
339 597
940 1536
1114 1365
1844 1536
1163 1404
1545 1436
1525 951
381 1069
1545 1439
435 1587
441 419
1545 1078
200 1398
1139 363
1158 75
268 1555
1071 1078
1071 1596
1263 1371
268 958
430 1644
1185 1069
1083 1575
1844 276
241 1523
1891 1523
1507 1536
1139 506
375 566
27 1523
1564 419
1945 1726
1083 857
1899 1536
1163 573
1773 86
1558 254
1080 114
1886 597
381 1343
1682 7
1651 114
27 114
381 857
1185 67
1583 1470
542 1644
1392 75
375 1249
234 1644
1901 1339
467 1436
173 1536
916 276
435 1523
1564 1398
467 597
424 566
1891 1988
1545 1703
27 431
1114 1339
1564 1371
1080 725
1709 1541
1549 1350
1773 989
1901 1404
1558 1726
1260 506
791 1555
1971 1536
1682 38
1545 67
1886 125
1549 1863
1185 114
1185 75
1408 1078
1776 1857
903 1706
1158 1669
430 635
1392 1284
375 125
339 1617
27 635
1682 682
1682 1986
1507 13
818 1091
200 1371
542 1596
1158 1575
1776 1703
1583 1555
903 1371
200 68
830 1451
375 38
1260 1069
1139 1470
1766 67
27 1427
1114 725
940 114
1507 1365
268 1523
241 1596
1163 1857
1844 1365
286 506
791 1644
1945 1398
1399 13
1613 13
735 1726
173 1470
1525 1988
1901 1706
1545 1228
1135 1078
435 1427
1545 855
467 460
712 67
339 1986
1709 367
1473 1644
1251 1669
872 1596
1364 1669
916 1641
1083 1555
1054 351
375 1284
1139 351
274 1371
1044 1726
1135 1365
467 1343
25 1436
818 1706
381 67
1135 351
1971 1091
693 1726
1564 682
1158 1371
1139 1451
1525 1863
1708 958
1364 1439
1891 1343
712 1644
1891 1077
1525 86
1776 1249
339 635
1364 1284
862 1644
1901 1439
435 1404
