2000 4000
411 1381
777 308
1189 1823
1021 149
516 901
1626 898
1678 532
576 116
43 572
433 1641
1037 898
1866 1417
1478 1948
1182 1520
336 1868
1833 190
1187 215
1447 417
1673 1030
1980 1808
1687 932
136 1392
1818 636
1859 1299
196 706
435 1858
15 1926
1971 348
155 1926
20 929
1390 104
853 1954
1840 932
1115 416
329 1297
840 1535
1472 436
1309 724
219 1509
51 1700
1627 1318
1917 711
1832 1580
1079 1941
631 1282
1702 237
101 1729
1347 197
1695 290
1687 545
1164 1414
508 1538
677 1702
1696 1013
1986 1454
619 258
1401 48
1797 1358
689 260
1555 1958
790 1625
223 1428
226 1127
1386 1846
1041 781
1494 442
1848 383
974 406
1686 1819
585 1930
474 1613
1207 1165
1643 432
1315 258
985 228
704 1152
1300 1553
365 1238
776 479
1050 259
1896 1221
903 712
453 1170
156 757
1282 1324
1010 387
938 829
219 1236
993 895
1497 428
1099 1007
16 1951
848 1313
1575 477
1143 1598
1651 960
564 76
1620 1973
1687 1840
76 1543
668 480
274 843
315 327
472 1348
1450 1000
826 1921
154 335
1617 231
1012 717
682 194
369 1829
896 698
1960 379
1570 313
455 263
1107 353
357 1973
998 679
412 744
930 1199
449 202
921 1142
224 1042
1265 1713
1681 1372
1612 603
1385 1970
1186 757
1772 1742
770 1836
1316 1176
1307 784
843 839
394 358
417 263
1698 677
199 1558
394 758
1824 1083
575 1718
327 445
596 1145
1579 1851
844 1596
785 473
67 69
950 729
1594 543
203 1773
1107 563
1676 135
520 1910
1669 774
1974 526
1997 515
1004 404
1925 795
34 1198
3 530
1456 1953
788 393
912 1767
868 632
1696 950
1392 1453
987 214
1817 1292
472 1185
1351 180
1594 1172
1433 1937
879 1889
1925 339
922 1113
268 968
1114 542
37 105
995 960
1460 488
931 678
1443 928
862 1871
1016 1629
370 798
663 168
1683 242
806 837
1913 1296
610 1657
25 59
997 1734
309 146
862 1419
689 623
1818 1343
1970 1807
518 829
818 324
1722 1425
278 361
1728 1365
270 507
1122 765
1550 1287
907 1735
1398 1194
543 1658
1797 1377
104 1636
28 1545
600 504
1467 1927
1073 995
1496 1704
351 538
403 1070
1156 1191
1061 599
108 1268
1589 536
291 1972
1176 1557
602 1594
1982 692
641 420
831 1217
1103 825
199 1335
1445 663
1279 536
173 248
970 244
1468 991
443 880
1500 1154
847 1489
1694 382
152 588
1069 1346
1796 427
657 1314
530 859
330 767
712 1110
1536 870
1584 1474
205 441
642 1241
1644 1132
414 1832
1266 733
1348 1490
1930 287
1713 1601
405 1678
1563 1880
1188 1208
1478 1662
303 441
826 423
178 718
1537 221
1345 1976
397 903
473 1585
593 1119
107 1344
1143 11
923 469
1786 915
306 1187
620 338
1272 775
742 1392
1105 1116
99 1581
982 1526
189 194
966 484
119 556
315 336
308 1964
105 495
1361 1164
1726 412
244 899
568 127
1077 172
1439 1333
762 1268
33 918
1005 1427
698 892
728 1096
1674 706
1043 1476
574 1374
1968 1920
589 1255
1022 451
1666 1278
440 1878
1260 823
1588 509
969 1607
916 569
501 1988
638 712
1703 1812
1199 1220
1708 1772
1888 318
119 413
1208 1471
962 831
478 1414
177 1378
1093 1875
1296 1015
821 120
736 1852
1600 652
8 411
1226 172
1124 1305
887 978
1623 33
953 372
96 949
605 856
382 608
839 1899
1237 1991
323 1944
1115 772
898 843
569 1800
1611 1822
979 1731
821 1613
2000 910
83 1631
497 1574
1937 1840
337 1559
1472 1706
1130 1411
1102 1724
347 851
1934 1922
1418 862
354 802
602 1654
1266 1199
767 655
18 1382
841 1102
818 897
1121 838
407 96
895 1236
1839 1378
1692 1397
105 1123
142 1511
1413 736
133 1410
509 1018
1519 1091
1924 1920
119 1614
910 118
1936 280
812 202
310 1321
1440 389
1187 598
1853 747
442 583
1414 1361
357 1930
1508 1198
12 965
599 1415
1289 957
468 1020
51 1493
932 1843
48 1075
1844 1073
1397 413
69 584
1735 1057
343 90
146 1284
374 1933
1118 779
1655 965
272 205
97 1770
633 38
768 1360
347 136
1162 1517
950 324
169 1752
1610 530
1691 1757
568 1072
1941 1536
549 1024
1127 1665
1810 902
598 512
1903 1793
1141 558
415 818
1345 243
1164 1781
1616 376
1341 1650
1103 1158
1414 91
507 1357
262 94
80 518
135 433
86 772
1240 766
728 1754
226 646
495 1064
1636 689
548 913
1247 1612
1690 105
967 276
1970 1544
939 1645
1516 860
1120 1466
305 978
608 1601
1170 1557
1199 858
105 1809
1976 1061
130 1533
53 1106
224 1551
663 476
1318 1630
1967 94
1074 119
1938 93
1083 538
119 1397
361 1615
1691 106
603 782
830 1587
1191 1287
1108 503
267 1480
19 1373
1107 1454
418 1528
256 604
1337 1277
356 1240
1080 1876
475 132
1784 966
1466 306
990 1985
1056 1128
1135 1124
713 582
330 655
223 1307
1121 1881
1280 389
1363 1884
902 922
1332 305
437 1393
1432 32
842 1546
350 593
1737 1712
674 1419
89 136
464 1934
72 698
1224 626
1092 1890
686 1434
887 150
167 1944
388 1753
804 74
1736 627
1236 1911
63 267
1420 1407
236 1385
309 639
1791 1806
1549 742
419 803
636 686
1744 1906
1068 671
1096 366
504 1023
676 383
603 1594
208 1059
1898 1262
1413 37
1245 1884
1352 1283
1836 915
1013 783
912 1717
1197 1886
287 822
198 348
362 1041
766 1767
1443 467
631 1053
896 1463
245 1254
45 813
1178 1790
688 36
934 1526
754 767
269 855
1956 420
1090 1381
63 942
420 626
25 753
456 1911
229 988
1268 1586
74 31
1246 670
26 1023
1617 188
1072 1120
877 433
1508 796
1952 230
1555 1430
441 1874
618 76
1964 1139
1069 750
66 1025
758 607
956 1721
396 735
1390 352
796 1194
736 367
1667 1564
450 1952
1538 1383
1094 645
1636 623
1358 1278
246 1533
48 39
215 306
545 1843
1938 1798
1828 1315
1515 1598
1165 1584
961 112
903 1325
993 219
1397 1074
1226 1386
1571 774
43 1539
603 526
1159 105
334 1155
1780 1587
1643 1131
1595 955
1054 1890
303 272
766 912
127 1072
1299 331
542 1888
1270 1587
992 1048
261 363
1182 1805
1002 673
832 878
1324 1590
1496 526
1382 295
525 259
1773 1543
440 815
270 774
1619 1369
359 1721
65 131
136 1549
1681 123
1087 716
623 260
373 4
309 282
49 906
414 1580
1136 1770
903 1356
1767 356
135 161
169 1491
919 565
1680 377
1832 972
317 78
67 1177
1548 1043
1747 1520
259 322
1864 655
1578 148
1585 1567
118 1376
1223 1602
710 975
535 1117
193 1261
871 709
1534 1921
1096 1163
1350 1657
807 1360
345 177
1901 1727
1727 1582
761 1421
1348 1632
1812 1990
1468 1925
1723 906
1646 1907
1924 337
1761 1877
1622 1039
1778 1646
1876 1473
474 819
278 813
1715 1727
948 831
646 191
774 1023
623 141
562 432
777 994
1665 373
946 849
931 491
1576 1438
1757 129
276 1486
1516 573
1284 1959
569 1383
598 175
1320 766
589 1098
1736 1150
48 1697
836 699
25 1903
368 1052
916 1802
1151 1829
196 33
869 1278
1900 1266
1205 111
1457 1062
840 1161
399 1722
1504 1144
682 1657
185 1531
1188 633
1621 1640
1921 1044
1583 883
1176 1238
1449 1761
722 1639
186 492
1218 1892
1476 1935
909 973
382 1045
354 1876
1124 162
440 478
1772 409
612 1092
1566 1851
1480 1374
273 450
1293 824
1435 323
1616 1131
1734 1353
687 558
1752 1480
905 1177
1212 109
546 1066
1946 1337
1838 190
1799 996
1853 1601
1175 168
1974 1247
797 332
216 1943
980 131
985 759
894 1230
1197 49
1822 284
334 60
209 575
527 13
1082 948
1359 1023
191 832
647 1210
591 1706
774 1914
742 851
1325 1343
748 657
1802 1538
427 100
104 982
1044 142
1089 1219
910 1526
89 1597
1460 1633
637 771
107 1042
1570 1476
912 1651
202 1506
1172 603
715 485
1981 1836
871 125
245 1575
1830 782
37 367
908 1442
816 1683
567 1786
1997 1140
544 894
106 1101
1816 985
261 591
215 1466
608 234
1637 1002
484 129
40 943
247 1166
636 180
1798 1072
206 1625
713 1226
184 1167
457 282
1414 146
1328 518
1596 1168
1472 390
1039 1173
276 1271
199 9
23 1089
74 803
981 1239
753 714
1980 568
1047 86
1080 354
694 1149
1269 1916
1566 1902
574 775
1499 693
177 747
631 1590
1443 1978
1869 1069
1646 1952
1613 1777
964 29
1485 1072
1372 1042
1192 1634
816 1806
1068 138
1748 1312
844 919
874 1789
1883 1863
1242 1394
1236 834
701 1586
759 153
303 319
672 233
1141 26
1742 1498
220 1138
1317 1270
319 205
1813 1021
1553 821
1875 1438
1736 1228
1123 1690
19 735
1821 1792
1410 1086
1623 1245
530 1275
1101 281
1544 1336
1150 1863
1634 1891
735 1268
87 833
999 677
1681 786
496 133
1349 1990
1756 1708
1760 1327
871 1021
1884 918
899 255
146 755
1614 556
942 267
1243 435
824 395
1171 949
1496 116
1885 59
1333 353
867 1263
1675 261
1368 1563
281 1887
869 1358
507 1023
1734 84
1244 1478
182 1768
395 683
1056 1678
1649 1593
1871 674
1423 673
1797 811
1579 1566
590 212
1284 726
1811 1858
1712 1735
1081 1357
43 1410
647 1179
545 568
1353 606
1370 1380
1951 270
216 778
1503 579
567 1318
645 937
93 343
1820 1104
1911 1677
1895 972
33 1674
1391 856
680 1835
721 849
1182 1763
1622 35
1837 365
2000 250
1573 795
1643 1616
1317 1308
327 1101
1636 1062
1201 1940
874 133
1236 1327
371 353
1081 1430
1787 1487
321 1922
885 36
1026 1313
950 300
1610 715
1583 1111
1824 1517
903 1343
1118 754
1318 915
1651 1775
810 1617
946 721
1282 1590
953 575
1926 1977
1627 1966
818 300
615 1889
1118 1864
235 1724
794 459
1031 1436
150 1332
609 1987
1500 1237
1090 861
1953 1274
1181 860
1180 1068
509 602
1692 556
346 156
1985 1807
1474 425
1771 461
1017 79
530 1231
240 880
427 1608
114 429
277 184
985 1405
3 1610
1205 1644
1743 487
1444 1025
346 864
1319 1479
51 1467
1027 1036
1614 1691
1484 1626
355 14
614 292
912 356
192 1154
331 771
491 678
392 1829
718 1386
903 580
760 1148
1050 1714
1676 877
486 1212
1152 1956
1922 464
1472 1766
188 967
290 1038
351 1824
438 351
266 1011
928 1792
30 1224
1468 1234
523 423
991 1573
1298 471
1614 1692
720 644
1477 74
252 911
106 1323
447 609
617 294
1957 1303
24 1603
1834 1420
1746 1246
772 859
494 1647
360 217
171 81
731 570
1049 239
1914 996
106 336
1246 1145
1592 150
161 773
548 795
779 655
1482 1555
107 1785
750 1869
727 381
1192 1657
939 250
214 748
934 1390
1388 1217
1490 1765
359 956
1520 27
834 456
577 619
1660 498
1666 1358
1154 1991
830 288
1561 26
92 11
839 972
571 395
1756 1299
1718 1368
133 968
1326 1217
1418 1147
1996 976
1984 1855
1610 485
933 97
1206 1682
1131 432
214 1395
442 1756
368 992
76 1569
1921 1173
374 181
892 189
1673 203
1863 1505
472 711
312 1812
1553 1547
929 531
1458 1766
904 223
1383 508
391 1838
395 609
1147 676
1044 523
372 1458
1740 1618
931 1212
233 1259
1066 313
1357 1482
1882 1428
1118 239
1489 1406
1575 204
613 1449
1476 1873
1250 689
685 783
1035 1418
1735 254
372 1706
103 827
339 1234
1196 727
967 402
791 730
1311 690
414 130
1576 1676
74 1935
137 44
1279 1909
730 1210
1297 688
1137 521
1797 1755
1553 380
136 1078
318 427
923 1176
1936 837
1548 1152
916 1800
1205 1488
1925 1234
1308 1028
69 533
925 763
921 635
1334 679
1085 1752
1024 1973
1657 384
1897 455
1166 730
1761 952
5 781
1691 336
1908 1926
1072 418
431 1971
1733 881
1494 820
55 192
1647 801
1225 1563
354 1473
436 363
214 1157
1126 507
560 810
1459 1792
1614 1269
371 38
547 1075
1021 125
734 520
1569 705
1007 1530
767 1864
726 1197
846 860
616 109
1222 1833
428 1031
825 1689
815 66
1430 1252
1713 1694
6 1949
1973 822
873 1793
1232 1299
82 1289
919 1052
67 176
1740 1169
890 1783
225 506
67 333
1645 118
189 1007
1852 1413
628 1852
1828 1273
1522 1928
731 1531
1127 832
361 1797
478 237
765 1661
815 1444
1000 1939
1845 1733
1735 1504
1198 1040
1529 1497
1023 687
234 382
616 931
1600 1237
983 780
1393 1412
365 1176
1820 408
1646 1527
1280 536
1714 1132
826 1511
280 1009
913 179
545 127
1409 1782
963 1491
191 470
587 1465
671 1180
171 912
194 1657
951 1813
525 1714
143 1464
704 1548
588 516
1718 1880
1590 856
1692 1269
286 1753
1741 1251
1580 1420
308 690
1415 870
1480 1272
1185 1492
677 1380
570 1607
1188 1870
786 1372
789 1963
750 154
706 1884
1972 1525
1616 1193
322 954
381 1099
1598 855
1760 993
903 1264
649 381
1452 543
126 1239
1331 1302
1108 702
1099 1072
652 654
1443 354
795 1234
634 1107
1677 834
924 849
340 1741
238 1379
1570 382
154 1346
457 1263
1919 973
1047 1231
783 466
1752 139
1446 1405
769 134
494 1664
195 1110
1576 75
1759 1636
1803 1148
1073 870
1330 354
979 1618
1478 58
759 1998
1674 1624
486 1824
424 636
1248 866
1499 1336
928 912
1003 1143
244 1727
151 813
404 265
1561 132
555 1561
1237 654
1710 1872
624 488
235 1024
1890 1510
1374 1272
1654 543
737 1406
683 1769
310 761
1049 754
355 1618
1705 445
1405 228
284 1154
603 1007
694 1056
886 1603
1298 551
83 335
612 727
771 1514
1759 689
1112 1987
786 1042
1524 238
991 852
139 169
147 1007
1907 230
1466 1938
1397 1614
1385 1499
954 1604
1609 672
1565 382
807 496
1080 1720
591 1458
1742 720
1625 1794
1590 455
1347 532
1764 562
1281 133
1002 85
720 1299
1666 284
43 1669
1908 41
57 255
1498 805
119 1269
1802 1431
1799 1539
1404 751
1118 655
168 1016
1653 1221
646 373
1943 1036
1358 1947
1067 1009
554 1067
21 905
1726 216
230 1778
984 1949
243 264
1666 986
1176 712
691 1337
1219 1804
958 1707
644 1975
1797 262
736 1276
234 1265
723 1666
1942 1564
304 1408
1818 732
1188 1904
1522 293
234 56
1296 1215
1046 289
1874 1865
785 1783
1772 1756
171 354
1292 1663
313 249
1561 1195
420 1342
482 1567
1297 1167
53 174
1810 13
1898 731
839 1626
944 736
420 1400
1212 1339
1770 425
895 1509
666 307
482 473
682 1129
223 1199
1274 579
624 41
295 1498
389 893
529 1006
28 747
621 1441
1440 836
1118 305
475 1561
1721 974
99 259
965 625
1775 995
1418 1075
1516 1181
1151 1505
1966 1002
1736 1847
1299 1494
1692 751
1915 719
1062 1250
1850 306
1792 354
969 1233
736 253
1642 1670
917 1928
518 332
752 592
1381 807
1311 1964
701 1953
1970 1985
375 277
892 1007
717 742
171 1701
745 1003
1722 1977
191 1402
884 1042
1493 1538
1947 869
1533 972
1859 1955
132 555
1624 1364
510 1628
1886 49
507 1482
1675 1472
1891 610
276 722
187 340
1939 405
1573 1468
115 657
273 1625
392 1150
132 756
896 892
1276 251
480 1355
299 294
1409 522
512 215
862 719
1210 835
341 116
60 876
751 1397
182 1103
933 425
1088 1574
128 1836
655 239
1159 1554
346 1211
355 211
919 1319
784 164
1015 1688
590 1684
1068 222
1814 1106
1762 566
179 534
1504 1877
924 1309
146 1826
70 1688
1642 1412
788 1274
695 1152
364 1603
1150 1505
971 977
1967 1849
1498 1130
943 1178
1101 1868
1681 107
1037 1484
991 1847
442 860
551 957
249 1570
1259 331
961 1199
1846 481
1985 521
153 985
703 26
688 1521
1079 995
1989 61
1179 730
1925 1573
484 140
689 1457
683 1119
1103 1768
1299 848
283 1736
1640 223
1769 1293
1730 1221
1978 1717
303 205
209 1523
965 811
1473 1753
1562 1526
887 1332
1918 578
1475 1482
1362 1271
1095 846
48 383
81 980
1974 791
920 867
1071 1818
1677 1236
1477 704
1347 1366
1729 1048
349 144
911 1774
626 529
1455 1211
1926 41
208 231
1123 1554
615 604
198 592
1864 1049
1398 1508
921 1812
107 786
389 221
1453 851
964 18
571 1293
900 959
1947 1666
1991 55
875 1726
272 319
1628 316
946 1309
1022 427
1671 443
1118 767
262 1755
1210 559
517 1149
360 26
774 1887
650 1582
1464 865
580 1697
1726 1036
1127 4
1861 857
1527 1952
268 133
804 704
1785 1115
1832 1533
300 213
747 988
43 1086
277 207
321 1417
122 1176
903 957
1843 1687
312 853
1595 217
450 1625
537 1605
851 136
463 809
1678 197
1443 275
208 1495
1581 1604
1999 1815
1461 1534
619 1573
1599 1158
788 1268
384 1891
1772 1494
795 1362
96 311
1973 87
535 953
1810 220
1466 418
1221 1797
121 77
177 117
434 1396
58 1352
1417 1922
429 978
670 1364
606 1744
687 410
833 1024
1639 827
810 975
1125 1009
233 1609
230 1527
469 1170
1320 912
45 151
204 1107
1961 1573
305 860
1084 1342
1181 305
1862 1163
414 1834
1728 1899
1455 1552
221 893
994 50
623 1062
1558 629
1444 1341
795 276
576 454
372 436
1324 605
326 292
1721 23
781 1791
1849 1797
1797 1356
405 532
1184 1890
1498 29
1953 1015
1436 426
993 1327
993 52
273 1117
497 162
657 540
980 1801
1478 1058
1526 352
963 86
416 845
1448 1175
1273 301
1537 506
654 1154
1131 376
373 226
1592 305
249 1957
1970 236
1404 413
1597 717
10 1987
781 1806
663 342
90 1072
314 1339
1269 1397
447 227
936 410
1513 188
664 1553
1133 1183
1275 715
421 423
242 1945
1711 1727
700 1241
1242 1542
1466 175
434 1540
839 1484
110 1438
931 1827
1874 1869
1745 1535
417 1898
1994 1605
110 1218
1960 1098
1356 1934
1717 354
1302 1159
833 235
1444 511
366 1754
791 1247
1509 1842
1131 1193
1614 1404
1246 596
1805 124
1647 1
112 1108
1223 28
1573 339
1429 1257
718 1226
1517 486
65 1701
857 561
1149 1678
532 197
1573 1828
747 1713
106 1705
153 228
452 191
557 490
1476 704
1491 191
1142 1812
1774 691
1099 90
1227 714
1398 34
314 678
1191 394
1636 982
1678 31
818 828
889 1157
862 244
1391 1282
294 880
1864 779
1340 328
1338 1498
912 1792
422 877
1964 994
1306 395
1606 1156
500 95
1101 1705
1752 963
743 1065
112 881
849 1309
1971 757
424 686
1786 1318
1212 314
110 935
1470 1715
1577 1216
1379 881
653 1998
1247 1704
652 284
1372 1551
532 1939
299 1693
805 1338
1274 762
239 754
701 70
1614 1757
1271 1750
1797 813
399 640
1153 81
697 478
747 382
1006 641
1940 610
1382 805
1714 1969
602 147
1632 1917
1993 1480
1640 901
397 1856
374 1743
274 898
1075 39
718 713
1090 1638
1556 382
1493 916
1589 498
399 1091
1792 275
990 1336
176 1069
979 477
734 914
629 550
673 1288
1519 1926
450 1095
1700 1494
1597 851
979 725
586 687
1213 462
1584 62
1789 1635
451 427
1684 337
309 1408
1115 963
1893 705
181 137
1452 1658
670 1746
1127 373
1655 1653
1114 427
472 1490
1447 812
1090 951
635 1812
474 1547
1665 4
526 1830
751 119
955 26
982 1390
1601 382
907 1818
1540 648
817 511
581 159
676 1075
218 1352
1915 674
662 450
1056 532
1808 1983
764 1182
657 113
1636 1390
1212 1065
1271 1931
1874 205
1550 1606
1455 1186
391 435
1352 1244
682 1192
710 1059
1576 1218
88 1100
136 1012
1387 248
892 1677
953 7
599 1345
1468 1309
1588 1594
1640 1748
471 1122
1786 1627
1124 1097
1190 234
703 174
1355 937
1879 287
1560 88
1115 1047
795 913
68 870
1366 1149
1738 674
158 685
473 1261
1279 326
989 171
180 1434
1818 48
697 999
1211 198
774 996
1776 1361
73 930
1795 844
26 217
1371 1980
1651 1844
1214 1568
1761 1144
408 1577
1753 802
972 1057
1867 623
1979 588
625 1797
537 1160
1749 713
362 242
1383 1493
1185 1857
1670 1648
748 1157
1305 497
1859 1741
318 552
912 1978
117 933
1226 1846
263 252
1259 1609
1264 1313
1480 63
218 1662
1699 696
1246 787
1129 384
617 195
1409 501
1836 1318
1765 1632
1568 665
1099 1463
1665 832
1078 1597
1484 843
192 654
1285 362
495 1331
1601 234
1901 1249
1018 1172
1162 157
493 94
1285 1668
1819 981
389 536
1925 1847
1225 209
1809 1700
11 780
729 250
107 1372
1296 1950
1351 686
664 1777
1649 334
865 611
712 519
192 1991
1222 1858
566 1180
1585 193
466 950
37 253
71 1821
1496 749
1695 1865
1010 432
1367 1167
1281 88
90 1485
1802 508
787 271
1874 272
1776 1399
575 241
169 95
1092 296
1002 1318
1853 1713
56 1920
452 1665
1746 596
1091 1977
675 551
1542 270
541 1280
1793 1995
872 1252
527 1161
680 1210
1432 1677
1335 1558
1780 60
1505 369
969 446
1378 1253
1196 1260
437 223
807 1281
1033 1250
1393 1648
600 687
490 116
659 1413
1445 1032
266 578
289 566
541 893
15 1722
524 1951
504 936
673 173
1542 524
996 1234
1511 1435
648 1671
1899 972
538 1212
1473 802
1996 555
1575 1731
18 805
934 1636
845 107
424 1434
1095 673
603 543
66 1444
1035 676
1426 1749
1878 639
1440 699
1129 1350
1011 1918
1290 531
1002 1836
658 80
1327 1894
1215 621
422 433
1869 1861
932 842
821 474
957 82
56 1923
1565 1556
1948 218
71 1437
1526 1636
1063 633
924 721
1921 857
163 1334
503 702
228 1816
686 180
85 673
304 309
828 324
1560 968
966 1691
1063 1188
1839 1545
1645 950
395 1293
865 428
237 1624
1816 1446
1947 1278
920 1905
1505 1736
1222 435
1921 35
1934 531
1446 153
586 558
550 9
166 853
152 1121
1518 234
416 772
1390 1526
1541 1959
1602 927
1562 104
994 1311
1748 1121
579 393
411 502
1771 565
895 219
1767 1320
688 375
52 219
1657 1634
724 946
1244 1283
1941 1844
195 1693
560 1059
183 789
891 679
613 800
115 214
1914 1799
1134 580
712 1235
927 187
1021 681
1470 708
678 109
677 478
1291 1922
809 219
1232 771
1652 1676
1206 1565
530 1522
1544 693
1011 1189
530 1047
1167 277
1541 1723
152 1748
1433 545
1372 1344
530 86
1541 726
256 879
1932 763
1847 1389
493 1755
593 1769
590 56
902 528
605 631
1955 187
234 1923
1165 1051
18 295
1049 330
1469 1741
268 1281
678 1212
426 1857
121 876
828 213
1286 792
934 104
1405 153
1101 445
412 428
228 759
1326 1030
8 739
1579 1749
1811 1243
22 1813
1689 1258
1614 484
556 1269
473 797
496 1100
722 103
1108 238
1619 546
1874 303
244 1901
315 1705
659 1052
947 585
79 106
327 106
774 1951
1917 1765
375 1521
503 238
454 490
396 823
1692 1074
1335 734
1856 1401
741 1006
345 1839
912 1240
374 137
202 935
206 1794
285 211
1316 1987
220 1113
1300 821
55 1600
479 1862
575 1796
1765 1031
269 1003
753 349
1215 1329
61 1444
1314 113
1558 914
625 1730
1614 413
290 1241
1818 1712
1704 1830
178 1077
1340 534
392 1863
1559 1518
1071 732
735 1403
1118 1049
715 740
838 901
1755 94
1704 513
712 265
566 222
1359 1887
1655 811
1259 672
95 963
1265 382
1945 1806
1219 23
247 647
1201 1634
1544 990
515 466
1940 1129
897 324
351 1203
118 950
1735 808
1917 1031
417 1262
1245 1363
1395 748
181 487
1 494
258 577
451 552
1003 11
1825 1209
114 150
1411 1338
1216 1055
43 1799
408 1104
935 793
1659 268
548 1998
407 575
1749 210
703 53
1389 1248
393 1403
1654 1172
1816 759
1193 376
1739 1714
31 1008
1040 1194
535 1171
232 1696
1052 628
1902 926
1200 1427
108 1503
1463 1406
733 1199
1399 643
1776 1512
1089 220
1498 964
425 1136
306 512
1958 507
1804 1138
116 454
1198 1398
952 78
718 170
1288 1387
525 322
1871 1738
1293 683
934 982
1326 1388
304 867
453 469
1091 640
1218 935
939 910
928 1330
1259 1310
1920 212
1730 1377
568 325
539 1288
947 1879
1670 1393
1825 1987
1495 231
300 1801
936 1962
358 607
196 918
1588 1172
664 380
1402 874
1443 912
771 417
1806 1683
832 646
883 554
575 1368
517 1128
1072 1703
330 754
477 1658
1759 1457
986 723
96 7
1570 1558
224 1344
185 1233
863 195
1025 815
695 1400
1777 1300
584 1087
1092 401
931 109
412 1424
1689 1599
415 1999
731 446
982 1562
1421 1596
1666 488
1015 1679
1325 344
608 1694
2 262
1498 1411
1800 1431
1491 54
1000 1056
1231 1115
384 194
206 1952
1345 870
950 1376
776 366
1515 92
1673 465
1971 156
1524 1379
1906 940
407 535
1126 1475
414 1422
431 941
630 32
278 1615
1422 246
1092 1510
423 1040
711 1492
1641 422
1113 902
104 352
553 1528
176 1177
648 240
163 1633
307 1414
1835 647
141 1139
1448 1016
669 1656
488 891
1040 1511
474 71
1066 1570
1384 1334
628 251
1055 1104
942 1993
1371 1180
1852 944
435 1833
1383 1800
759 1446
1811 190
1200 1629
938 658
332 266
222 1808
940 1122
584 533
743 438
957 1734
384 189
1960 1676
1142 1954
1138 406
1072 1528
664 821
821 1777
1590 1053
370 879
99 525
429 887
276 653
1145 271
1986 245
1228 1248
589 1960
864 198
1997 685
1304 474
842 1843
1936 944
1476 1678
971 489
385 1090
1625 977
111 1488
1199 904
146 478
889 115
1253 229
474 1300
460 453
808 1365
1232 1264
297 1741
866 1241
34 1481
1991 1600
1628 173
508 916
1507 407
329 1521
1754 74
1434 636
1301 937
165 188
1236 1894
72 1007
1277 417
343 1466
1269 751
657 1395
415 1815
722 387
1772 442
1229 1672
467 928
1566 210
1691 315
1984 1735
186 294
681 1578
560 165
1897 1590
903 1309
1169 211
132 1195
880 1396
426 1031
338 1975
795 1468
1812 166
953 1171
96 953
1547 821
1409 1117
1354 543
175 1850
410 504
1349 545
454 341
624 958
356 1320
1740 285
527 840
745 269
461 101
1860 950
853 635
1581 525
539 248
1426 257
1869 1865
1316 1644
1195 976
1750 328
685 232
1774 98
221 1280
1529 1031
1825 1872
860 1943
1002 1627
1284 1723
1883 369
377 380
1931 1362
1455 1971
1132 792
197 1366
1309 1294
384 1940
622 1523
1099 201
552 427
1207 933
536 225
1850 1466
843 1037
216 412
1680 1547
1966 567
1008 1477
219 1842
1811 435
1251 1859
1241 1994
965 400
887 114
716 1779
594 632
290 1389
887 305
1316 1714
919 159
1971 346
1488 10
302 1116
948 1388
1184 1092
1910 1558
1675 1458
957 1906
318 1114
1778 1907
835 247
37 736
1456 762
1469 187
37 1554
1310 233
1071 907
297 1859
1682 888
214 720
652 1237
1354 477
362 584
1819 82
187 1741
1350 1060
415 300
172 1846
594 64
1523 1225
430 1198
1135 402
1546 545
234 1853
1303 313
1532 1259
1893 465
307 1164
1775 1941
143 1768
1894 809
362 5
1139 308
1996 1561
443 908
112 1845
950 1999
191 878
862 1915
512 1187
1001 1209
531 1866
1574 1486
70 1274
816 5
1254 1986
263 1946
963 530
273 1952
1119 601
153 1816
134 604
1833 391
22 1090
503 1845
1979 1312
1929 1758
1574 1135
11 746
944 1009
1090 681
508 1800
1455 1577
1143 269
421 561
855 780
1652 1803
1633 998
1142 635
1638 1445
204 1986
368 581
317 613
73 1909
1293 350
976 475
1636 352
1034 248
847 868
832 373
1406 1082
1853 608
492 1442
1341 1647
448 1989
955 217
1451 1640
833 1724
416 86
1466 1099
1717 1792
129 1691
1792 615
1027 1095
1463 892
32 1677
284 1500
62 1207
1621 1670
1753 1080
884 224
1946 1262
1099 1530
170 1226
1993 63
86 1231
251 1852
1968 1559
624 1707
360 955
1660 536
273 501
145 699
735 762
967 1088
354 1753
540 214
1368 209
1691 484
820 1809
1785 963
279 1637
1651 995
1711 1901
1889 798
1926 640
1397 1404
1007 1594
976 555
1032 1090
1146 1594
168 462
1470 650
96 1171
501 522
672 1310
659 1852
933 62
801 1444
1224 1152
17 1380
537 1328
1679 1441
1286 1644
276 162
1921 1461
1977 155
135 799
1724 239
713 1386
25 714
312 1954
1109 66
484 1757
42 16
1681 1042
1866 1156
342 476
1766 1706
1867 50
1897 1898
601 395
664 819
530 917
63 1272
743 1517
1608 318
843 1626
428 1464
1392 1549
545 842
72 1099
1912 483
1860 415
1386 720
1743 1827
1357 1958
1299 1772
1103 1689
1764 387
1875 793
1759 260
1037 1626
977 206
387 320
284 654
638 299
1456 1503
1443 1717
747 234
1709 1866
207 1297
587 105
417 911
961 595
1147 1075
983 855
622 1796
196 1363
566 1068
1800 1167
1483 575
1352 1948
45 1797
1234 1539
1963 1901
1587 77
862 1738
1570 1556
754 1864
1408 867
514 326
1156 984
1174 708
1861 1228
1859 1026
1813 861
836 145
740 1275
729 939
1215 1912
498 536
1504 1818
1725 1874
1476 1556
1528 1120
1792 1002
1017 106
652 55
1814 1595
103 432
1780 334
760 379
1667 969
766 356
746 1155
1711 899
1444 1650
1427 1629
733 1220
939 2000
1792 1095
494 1444
1371 1762
1363 918
1505 392
1281 1560
1741 1955
1465 1809
1948 1058
311 575
362 1791
1589 1909
547 1035
1692 413
1858 1524
584 1285
429 150
1098 75
1456 735
595 858
385 1854
1869 176
1898 1564
1952 1778
662 1637
729 1526
346 592
679 1633
419 776
1267 1622
1869 1389
1040 1481
1072 325
815 1943
814 634
417 1514
814 1188
61 1664
666 1414
839 274
1092 1982
260 1457
1343 519
1366 532
176 25
963 1047
1452 1575
1254 651
97 425
403 1879
1260 1092
237 1370
478 1698
617 638
940 1734
424 1351
1550 984
1951 42
265 299
239 1257
1175 1213
1942 900
1106 26
11 855
311 241
1962 558
1908 15
1752 63
997 84
464 1417
1014 1534
139 1085
792 1316
1698 1702
139 95
866 1029
155 41
983 1515
1133 248
1504 613
499 1308
1213 1005
404 444
975 165
1972 1748
897 950
1484 898
1338 964
1964 623
627 283
63 574
634 1333
582 1749
400 1377
660 1828
793 1218
1154 652
947 357
612 401
708 1727
1921 1267
273 1782
245 204
488 1384
1982 296
569 508
1666 624
1923 1518
327 1868
254 907
438 1083
1249 1963
143 825
1986 651
135 877
394 1606
1360 88
171 300
1443 171
293 485
430 796
918 1245
1944 142
1433 932
1690 1064
930 595
1462 1625
747 933
1645 250
1804 406
220 314
1182 1266
1805 27
1302 37
768 968
1331 1123
694 1366
1053 1324
707 62
266 518
1463 189
551 1661
423 1511
315 106
692 1092
1968 1190
1767 1240
478 91
385 168
381 1072
989 65
369 1736
386 1557
76 203
441 272
1493 1465
785 332
1399 1788
1778 1527
1223 340
918 1674
71 134
393 1268
614 1909
870 264
1981 128
1609 1310
885 1800
372 390
649 1373
782 1247
1119 571
178 481
1679 483
1666 958
1969 1581
931 1933
1677 698
1659 1281
1134 1856
553 1099
1832 1895
952 656
1489 64
109 314
1326 1893
1483 1718
428 611
1189 1455
1732 1421
115 540
1466 1485
1990 1685
1682 382
1150 1151
1955 927
1316 1256
1916 1397
1894 463
1294 849
1876 388
1342 1152
350 601
274 1484
808 1057
1592 114
557 576
839 898
1601 747
839 1735
1661 1353
71 1889
1171 311
1822 723
312 921
1792 71
1678 704
1728 1385
288 499
1980 1046
1614 140
176 1346
707 933
1453 742
730 116
750 25
1576 1892
567 915
439 40
588 1525
1514 661
293 530
301 1961
1369 1020
354 1720
1436 1765
1999 300
1230 1790
854 1267
857 1944
237 999
1969 525
160 1444
232 950
1874 1038
1738 719
1595 703
200 1354
383 1418
1043 1935
1309 1264
1541 906
1090 476
1562 1636
1419 1871
1101 336
901 291
1529 428
197 694
1877 613
171 980
1685 545
160 817
583 1516
885 329
1366 1450
119 1404
1343 580
1309 364
1168 1319
1501 844
985 1446
1168 1501
725 1658
1745 528
1359 774
1751 1517
19 1092
841 833
453 386
1468 852
1330 467
1150 369
1896 1797
460 1256
1853 1694
940 675
398 678
1666 1822
462 1016
503 1858
125 1813
1957 1066
1451 1648
645 1082
1159 495
759 1750
265 638
566 1980
1831 669
1639 320
1275 1928
1493 763
523 1944
656 298
1165 707
1907 1527
151 1356
439 1825
897 1999
1859 927
1059 810
1478 1352
1298 940
183 597
1117 953
1494 925
251 367
1003 92
54 500
1786 1002
1952 790
742 347
901 588
730 680
407 7
1514 449
1983 671
1386 1975
93 1099
721 1294
1150 1883
1848 1035
206 489
724 849
444 294
1933 44
79 1323
698 189
1595 53
1640 291
584 1945
1734 675
651 1575
893 1280
138 1808
354 1978
107 224
1498 409
1830 116
1332 1592
1090 1105
538 1517
37 1123
1844 960
983 269
854 1173
1675 372
59 83
1855 1057
354 286
986 1707
600 410
1458 1706
1202 1478
297 1955
1900 1805
979 1354
1018 1588
1823 1552
906 755
804 1873
1549 347
1386 582
1891 189
1094 1217
1956 1342
1223 345
763 1467
203 1893
1456 1274
1515 780
479 728
1822 41
1080 802
1502 1859
1618 14
1530 72
1076 1054
1784 484
459 1679
882 1893
1003 1515
1019 1973
1210 1835
1545 229
222 1371
1213 1448
1208 563
402 276
571 1204
376 432
1856 1235
47 660
423 857
1729 565
94 2
1376 729
1060 1201
143 1031
1362 276
255 183
1783 1261
1295 316
1562 934
1653 1797
331 1859
1532 543
1469 1602
158 1140
636 344
1223 1859
216 846
18 1411
1198 1194
722 913
920 282
736 628
358 984
1910 1672
502 739
1962 1141
1444 448
921 166
338 1386
65 1719
1739 525
1416 1895
1139 690
1281 768
625 1377
41 640
191 4
1197 1826
413 1269
1132 1316
1258 182
591 363
512 175
1561 1962
510 1214
733 961
1196 381
1502 1469
265 1110
1516 305
712 1343
373 452
264 599
909 302
611 1464
1058 58
1635 1402
1189 1328
23 956
737 46
856 1053
1701 1992
1449 78
1297 1800
1201 1129
1033 1759
1666 869
255 1901
1877 952
733 223
136 1459
1799 1234
780 1003
1460 1334
1418 48
139 1491
1988 273
519 1697
825 1768
1333 1904
1497 505
1372 884
1628 1034
90 93
1710 696
1279 1660
567 1836
1368 1225
236 1544
267 574
1322 1173
1680 1777
1875 1892
1848 547
903 122
1152 420
1896 1655
1575 1107
1958 872
659 944
1907 1952
1709 1291
1309 126
1479 1321
1415 1929
1782 1117
1435 523
1340 548
1392 1012
668 962
1312 1881
1156 6
858 1220
626 30
1317 32
10 1132
463 1509
1395 889
1064 37
580 122
1908 1425
37 1159
1156 20
630 378
1031 1497
770 1981
1009 883
1367 36
429 1592
1563 575
1125 806
674 719
527 220
1781 643
1095 1637
1414 102
1708 720
1636 1033
1164 1399
1002 915
733 1909
1714 1581
680 1166
1461 1267
837 1583
1737 1071
254 732
1761 613
459 1913
972 414
1575 1354
1024 1620
1513 1495
1096 803
819 1547
1663 1191
1037 274
619 301
540 748
782 116
1841 1437
850 1593
1313 1716
935 771
1781 307
1851 257
1029 642
1575 1454
1675 390
1718 209
1129 1657
1546 1687
1283 1662
1456 108
1352 1095
1539 774
622 1225
322 1581
1189 1216
1868 106
394 1817
1736 392
1836 1627
1146 1172
1894 52
136 256
1084 741
1244 1202
231 165
742 136
464 1709
1212 351
163 488
895 1894
1753 1876
942 1374
357 822
2000 729
215 175
1446 228
1356 1615
1449 952
597 970
675 765
1004 684
572 470
1693 1110
614 1589
1716 1232
1418 57
1019 585
1782 501
206 971
118 1526
661 1447
331 848
1189 408
1773 882
1988 1117
13 528
974 314
807 411
1077 1749
320 722
877 799
1466 1187
1375 1763
859 845
1823 408
1547 1777
1576 935
1085 500
1445 1572
92 1598
1611 1666
1108 1379
296 1076
544 1001
1491 95
1497 143
1107 245
1540 1671
513 1247
1109 1025
692 1054
618 465
1612 1496
1394 281
156 431
952 613
139 500
500 1752
17 237
1263 282
1832 1407
1550 607
1343 1134
586 936
1953 1268
583 305
830 1270
1837 1256
1733 1858
41 1611
25 1793
1761 656
1030 618
1394 1887
673 1133
919 310
1063 1208
1912 1329
314 616
1320 1240
1706 363
104 1526
641 1152
669 1715
317 1504
324 1815
1130 805
564 705
196 1674
543 1882
61 801
486 1203
692 1184
1551 884
717 136
1496 1830
1831 1174
11 60
823 1092
1817 984
1877 298
1886 1541
1608 100
1739 259
738 536
1035 383
932 1937
1041 816
1686 364
711 1490
1752 1374
404 863
1950 483
213 897
700 1847
1706 261
105 925
279 673
984 758
1111 1125
1800 329
293 715
1797 1967
740 917
1531 1607
972 1385
266 1241
791 116
301 1573
853 1142
1506 637
1587 1028
428 744
1854 476
1387 1183
257 1579
839 1037
1711 1418
1265 608
1005 1175
1646 230
1126 1113
1241 829
928 1651
1417 1156
1849 94
1732 844
1686 1468
1350 1940
1097 1088
164 331
1498 1382
1160 518
270 281
1961 1315
1113 1430
1093 1218
522 273
191 373
1916 1074
863 712
1433 1840
877 161
1054 1092
1833 1811
176 533
1328 332
1714 954
1239 1819
360 1814
1158 1258
1746 787
1507 1117
811 400
111 1714
1060 194
987 1395
1812 1954
1282 667
1022 1608
1351 1434
264 1976
74 1008
690 994
350 571
1571 270
1118 442
214 1386
475 555
133 768
352 934
1002 1630
1705 1691
458 549
1613 1680
1797 493
1166 647
1692 119
1847 1234
620 720
1451 1393
1454 204
458 1429
1565 1570
1481 796
1610 293
1677 1007
1336 1137
442 305
858 112
1195 555
87 239
1516 442
1736 1389
478 1624
1626 274
541 145
4 646
1462 489
376 1643
120 1547
769 798
284 55
546 1957
755 1826
671 222
1919 411
648 294
1523 1563
1155 876
1390 1562
1898 1946
1517 157
354 388
522 1117
729 1645
1236 32
360 703
1425 15
750 1631
1577 1823
148 149
1491 133
804 1935
341 576
1637 1792
856 631
1631 1885
1604 259
893 699
1725 319
1668 584
1042 123
1670 1451
1580 130
359 1219
1365 1855
1733 1108
1295 510
1035 1147
477 543
1591 1306
505 428
1374 63
1731 1658
1861 323
223 1642
1665 226
838 152
32 1911
1847 339
201 1463
1719 171
1357 1126
1880 575
501 1117
1500 1600
709 125
1299 771
1424 875
1091 1926
284 1600
122 636
1291 531
297 1502
733 73
1023 600
1552 1577
441 1725
1522 3
1227 873
678 616
1854 1032
982 352
355 979
116 557
1798 418
100 318
374 931
606 84
1694 1265
773 799
1140 232
489 273
474 120
760 75
1423 539
863 684
1905 1263
1455 1055
1800 1493
149 1578
39 547
1561 756
432 1193
254 1071
1295 665
1356 24
1460 163
1678 1450
786 884
828 415
979 200
1707 723
1375 1747
1611 723
284 1991
1834 1416
807 1919
285 14
520 1229
1255 760
1224 1084
984 1191
945 60
388 1080
1255 1803
999 17
735 727
1051 1584
1439 1870
926 210
1167 36
675 957
1904 1471
370 1841
1587 378
1059 1513
1927 1932
1128 197
1992 131
1218 1875
1481 1198
988 28
1134 712
185 959
98 455
1273 47
1057 1728
1688 788
1847 852
593 395
292 1589
130 1834
770 128
1464 1497
475 1195
1351 636
1299 1264
219 1327
112 1379
825 1258
1412 1621
413 556
1963 57
1437 1304
1362 913
1561 586
307 1788
1045 1565
514 498
738 1537
1910 1570
1089 974
1488 1286
1643 1193
1805 1375
689 1033
160 1025
663 1032
80 266
1023 558
568 1685
530 1785
1463 698
281 1705
332 890
817 815
1487 632
30 741
1765 1492
941 198
1811 391
69 21
1556 888
305 573
574 1752
428 860
413 1916
1993 1374
1014 1322
488 1822
325 1685
48 1848
158 950
282 867
1714 1205
620 644
860 1027
1099 1528
39 676
1325 397
1010 1764
1085 54
28 345
424 180
428 1036
1290 1356
1112 696
442 1498
1491 500
402 1124
1304 604
1084 1006
1536 995
1769 1204
277 1800
130 246
1943 1878
563 353
1915 1738
427 1880
1323 1017
1966 1786
431 757
1902 1579
1824 1212
1719 1153
1358 1967
102 1512
398 314
1835 247
367 1052
561 1921
112 503
886 1289
818 1815
1071 1504
135 773
538 1824
286 802
1386 178
1584 1770
752 1186
1403 108
1758 68
1243 1838
109 398
1081 1113
54 963
144 1995
407 311
1584 1136
1829 1150
1066 468
46 1787
504 1962
1752 775
977 1794
877 1641
1189 1577
1746 1674
1634 1350
280 944
1045 1682
598 306
1562 352
722 1931
524 1887
1189 332
864 941
425 1051
885 688
410 558
983 745
1221 12
1352 279
1289 24
945 850
621 1015
1950 794
1500 1991
1582 1656
1070 1973
1332 114
332 1241
1616 432
1572 476
545 932
1095 778
1203 1751
1501 1795
399 1425
167 1965
1075 1035
1826 726
1707 41
1683 1668
1048 581
1699 1591
1460 998
1463 1301
1299 1742
568 1703
329 277
1682 1570
986 1611
1675 591
493 1358
333 716
1802 1383
1747 764
602 1007
635 1954
362 1683
1231 845
609 227
1561 1141
1356 278
1985 1385
559 1166
759 1405
1718 622
497 188
1779 1087
605 667
448 61
662 1095
1272 1752
749 782
124 1747
372 1171
671 568
1455 1820
1669 1234
1324 667
1816 1405
143 865
1795 1479
1506 661
166 312
1352 1637
862 674
29 1411
1124 276
119 1916
1386 1749
1688 1953
588 291
917 1522
1339 931
1965 523
935 1892
1860 324
1077 481
952 800
182 1158
72 201
2000 2000 2000 2000 2000 2000 2000 2000 2000 2000 2000 2000 2000 2000 2000 2000 2000 2000 2000 2000 2000 2000 2000 2000 2000 2000 2000 2000 2000 2000 2000 2000 2000 2000 2000 2000 2000 2000 2000 2000 2000 2000 2000 2000 2000 2000 2000 2000 2000 2000 2000 2000 2000 2000 2000 2000 2000 2000 2000 2000 2000 2000 2000 2000 2000 2000 2000 2000 2000 2000 2000 2000 2000 2000 2000 2000 2000 2000 2000 2000 2000 2000 2000 2000 2000 2000 2000 2000 2000 2000 2000 2000 2000 2000 2000 2000 2000 2000 2000 2000 2000 2000 2000 2000 2000 2000 2000 2000 2000 2000 2000 2000 2000 2000 2000 2000 2000 2000 2000 2000 2000 2000 2000 2000 2000 2000 2000 2000 2000 2000 2000 2000 2000 2000 2000 2000 2000 2000 2000 2000 2000 2000 2000 2000 2000 2000 2000 2000 2000 2000 2000 2000 2000 2000 2000 2000 2000 2000 2000 2000 2000 2000 2000 2000 2000 2000 2000 2000 2000 2000 2000 2000 2000 2000 2000 2000 2000 2000 2000 2000 2000 2000 2000 2000 2000 2000 2000 2000 2000 2000 2000 2000 2000 2000 2000 2000 2000 2000 2000 2000 2000 2000 2000 2000 2000 2000 2000 2000 2000 2000 2000 2000 2000 2000 2000 2000 2000 2000 2000 2000 2000 2000 2000 2000 2000 2000 2000 2000 2000 2000 2000 2000 2000 2000 2000 2000 2000 2000 2000 2000 2000 2000 2000 2000 2000 2000 2000 2000 2000 2000 2000 2000 2000 2000 2000 2000 2000 2000 2000 2000 2000 2000 2000 2000 2000 2000 2000 2000 2000 2000 2000 2000 2000 2000 2000 2000 2000 2000 2000 2000 2000 2000 2000 2000 2000 2000 2000 2000 2000 2000 2000 2000 2000 2000 2000 2000 2000 2000 2000 2000 2000 2000 2000 2000 2000 2000 2000 2000 2000 2000 2000 2000 2000 2000 2000 2000 2000 2000 2000 2000 2000 2000 2000 2000 2000 2000 2000 2000 2000 2000 2000 2000 2000 2000 2000 2000 2000 2000 2000 2000 2000 2000 2000 2000 2000 2000 2000 2000 2000 2000 2000 2000 2000 2000 2000 2000 2000 2000 2000 2000 2000 2000 2000 2000 2000 2000 2000 2000 2000 2000 2000 2000 2000 2000 2000 2000 2000 2000 2000 2000 2000 2000 2000 2000 2000 2000 2000 2000 2000 2000 2000 2000 2000 2000 2000 2000 2000 2000 2000 2000 2000 2000 2000 2000 2000 2000 2000 2000 2000 2000 2000 2000 2000 2000 2000 2000 2000 2000 2000 2000 2000 2000 2000 2000 2000 2000 2000 2000 2000 2000 2000 2000 2000 2000 2000 2000 2000 2000 2000 2000 2000 2000 2000 2000 2000 2000 2000 2000 2000 2000 2000 2000 2000 2000 2000 2000 2000 2000 2000 2000 2000 2000 2000 2000 2000 2000 2000 2000 2000 2000 2000 2000 2000 2000 2000 2000 2000 2000 2000 2000 2000 2000 2000 2000 2000 2000 2000 2000 2000 2000 2000 2000 2000 2000 2000 2000 2000 2000 2000 2000 2000 2000 2000 2000 2000 2000 2000 2000 2000 2000 2000 2000 2000 2000 2000 2000 2000 2000 2000 2000 2000 2000 2000 2000 2000 2000 2000 2000 2000 2000 2000 2000 2000 2000 2000 2000 2000 2000 2000 2000 2000 2000 2000 2000 2000 2000 2000 2000 2000 2000 2000 2000 2000 2000 2000 2000 2000 2000 2000 2000 2000 2000 2000 2000 2000 2000 2000 2000 2000 2000 2000 2000 2000 2000 2000 2000 2000 2000 2000 2000 2000 2000 2000 2000 2000 2000 2000 2000 2000 2000 2000 2000 2000 2000 2000 2000 2000 2000 2000 2000 2000 2000 2000 2000 2000 2000 2000 2000 2000 2000 2000 2000 2000 2000 2000 2000 2000 2000 2000 2000 2000 2000 2000 2000 2000 2000 2000 2000 2000 2000 2000 2000 2000 2000 2000 2000 2000 2000 2000 2000 2000 2000 2000 2000 2000 2000 2000 2000 2000 2000 2000 2000 2000 2000 2000 2000 2000 2000 2000 2000 2000 2000 2000 2000 2000 2000 2000 2000 2000 2000 2000 2000 2000 2000 2000 2000 2000 2000 2000 2000 2000 2000 2000 2000 2000 2000 2000 2000 2000 2000 2000 2000 2000 2000 2000 2000 2000 2000 2000 2000 2000 2000 2000 2000 2000 2000 2000 2000 2000 2000 2000 2000 2000 2000 2000 2000 2000 2000 2000 2000 2000 2000 2000 2000 2000 2000 2000 2000 2000 2000 2000 2000 2000 2000 2000 2000 2000 2000 2000 2000 2000 2000 2000 2000 2000 2000 2000 2000 2000 2000 2000 2000 2000 2000 2000 2000 2000 2000 2000 2000 2000 2000 2000 2000 2000 2000 2000 2000 2000 2000 2000 2000 2000 2000 2000 2000 2000 2000 2000 2000 2000 2000 2000 2000 2000 2000 2000 2000 2000 2000 2000 2000 2000 2000 2000 2000 2000 2000 2000 2000 2000 2000 2000 2000 2000 2000 2000 2000 2000 2000 2000 2000 2000 2000 2000 2000 2000 2000 2000 2000 2000 2000 2000 2000 2000 2000 2000 2000 2000 2000 2000 2000 2000 2000 2000 2000 2000 2000 2000 2000 2000 2000 2000 2000 2000 2000 2000 2000 2000 2000 2000 2000 2000 2000 2000 2000 2000 2000 2000 2000 2000 2000 2000 2000 2000 2000 2000 2000 2000 2000 2000 2000 2000 2000 2000 2000 2000 2000 2000 2000 2000 2000 2000 2000 2000 2000 2000 2000 2000 2000 2000 2000 2000 2000 2000 2000 2000 2000 2000 2000 2000 2000 2000 2000 2000 2000 2000 2000 2000 2000 2000 2000 2000 2000 2000 2000 2000 2000 2000 2000 2000 2000 2000 2000 2000 2000 2000 2000 2000 2000 2000 2000 2000 2000 2000 2000 2000 2000 2000 2000 2000 2000 2000 2000 2000 2000 2000 2000 2000 2000 2000 2000 2000 2000 2000 2000 2000 2000 2000 2000 2000 2000 2000 2000 2000 2000 2000 2000 2000 2000 2000 2000 2000 2000 2000 2000 2000 2000 2000 2000 2000 2000 2000 2000 2000 2000 2000 2000 2000 2000 2000 2000 2000 2000 2000 2000 2000 2000 2000 2000 2000 2000 2000 2000 2000 2000 2000 2000 2000 2000 2000 2000 2000 2000 2000 2000 2000 2000 2000 2000 2000 2000 2000 2000 2000 2000 2000 2000 2000 2000 2000 2000 2000 2000 2000 2000 2000 2000 2000 2000 2000 2000 2000 2000 2000 2000 2000 2000 2000 2000 2000 2000 2000 2000 2000 2000 2000 2000 2000 2000 2000 2000 2000 2000 2000 2000 2000 2000 2000 2000 2000 2000 2000 2000 2000 2000 2000 2000 2000 2000 2000 2000 2000 2000 2000 2000 2000 2000 2000 2000 2000 2000 2000 2000 2000 2000 2000 2000 2000 2000 2000 2000 2000 2000 2000 2000 2000 2000 2000 2000 2000 2000 2000 2000 2000 2000 2000 2000 2000 2000 2000 2000 2000 2000 2000 2000 2000 2000 2000 2000 2000 2000 2000 2000 2000 2000 2000 2000 2000 2000 2000 2000 2000 2000 2000 2000 2000 2000 2000 2000 2000 2000 2000 2000 2000 2000 2000 2000 2000 2000 2000 2000 2000 2000 2000 2000 2000 2000 2000 2000 2000 2000 2000 2000 2000 2000 2000 2000 2000 2000 2000 2000 2000 2000 2000 2000 2000 2000 2000 2000 2000 2000 2000 2000 2000 2000 2000 2000 2000 2000 2000 2000 2000 2000 2000 2000 2000 2000 2000 2000 2000 2000 2000 2000 2000 2000 2000 2000 2000 2000 2000 2000 2000 2000 2000 2000 2000 2000 2000 2000 2000 2000 2000 2000 2000 2000 2000 2000 2000 2000 2000 2000 2000 2000 2000 2000 2000 2000 2000 2000 2000 2000 2000 2000 2000 2000 2000 2000 2000 2000 2000 2000 2000 2000 2000 2000 2000 2000 2000 2000 2000 2000 2000 2000 2000 2000 2000 2000 2000 2000 2000 2000 2000 2000 2000 2000 2000 2000 2000 2000 2000 2000 2000 2000 2000 2000 2000 2000 2000 2000 2000 2000 2000 2000 2000 2000 2000 2000 2000 2000 2000 2000 2000 2000 2000 2000 2000 2000 2000 2000 2000 2000 2000 2000 2000 2000 2000 2000 2000 2000 2000 2000 2000 2000 2000 2000 2000 2000 2000 2000 2000 2000 2000 2000 2000 2000 2000 2000 2000 2000 2000 2000 2000 2000 2000 2000 2000 2000 2000 2000 2000 2000 2000 2000 2000 2000 2000 2000 2000 2000 2000 2000 2000 2000 2000 2000 2000 2000 2000 2000 2000 2000 2000 2000 2000 2000 2000 2000 2000 2000 2000 2000 2000 2000 2000 2000 2000 2000 2000 2000 2000 2000 2000 2000 2000 2000 2000 2000 2000 2000 2000 2000 2000 2000 2000 2000 2000 2000 2000 2000 2000 2000 2000 2000 2000 2000 2000 2000 2000 2000 2000 2000 2000 2000 2000 2000 2000 2000 2000 2000 2000 2000 2000 2000 2000 2000 2000 2000 2000 2000 2000 2000 2000 2000 2000 2000 2000 2000 2000 2000 2000 2000 2000 2000 2000 2000 2000 2000 2000 2000 2000 2000 2000 2000 2000 2000 2000 2000 2000 2000 2000 2000 2000 2000 2000 2000 2000 2000 2000 2000 2000 2000 2000 2000 2000 2000 2000 2000 2000 2000 2000 2000 2000 2000 2000 2000 2000 2000 2000 2000 2000 2000 2000 2000 2000 2000 2000 2000 2000 2000 2000 2000 2000 2000 2000 2000 2000 2000 2000 2000 2000 2000 2000 2000 2000 2000 2000 2000 2000 2000 2000 2000 2000 2000 2000 2000 2000 2000 2000 2000 2000 2000 2000 2000 2000 2000 2000 2000 2000 2000 2000 2000 2000 2000 2000 2000 2000 2000 2000 2000 2000 2000 2000 2000 2000 2000 2000 2000 2000 2000 2000 2000 2000 2000 2000 2000 2000 2000 2000 2000 2000 2000 2000 2000 2000 2000 2000 2000 2000 2000 2000 2000 2000 2000 2000 2000 2000 2000 2000 2000 2000 2000 2000 2000 2000 2000 2000 2000 2000 2000 2000 2000 2000 2000 2000 2000 2000 2000 2000 2000 2000 2000 2000 2000 2000 2000 2000 2000 2000 2000 2000 2000 2000 2000 2000 2000 2000 2000 2000 2000 2000 2000 2000 2000 2000 2000 2000 2000 2000 2000 2000 2000 2000 2000 2000 2000 2000 2000 2000 2000 2000 2000 2000 2000 2000 2000 2000 2000 2000 2000 2000 2000 2000 2000 2000 2000 2000 2000 2000 2000 2000 2000 2000 2000 2000 2000 2000 2000 2000 2000 2000 2000 2000 2000 2000 2000 2000 2000 2000 2000 2000 2000 2000 2000 2000 2000 2000 2000 2000 2000 2000 2000 2000 2000 2000 2000 2000 2000 2000 2000 2000 2000 2000 2000 2000 2000 2000 2000 2000 2000 2000 2000 2000 2000 2000 2000 2000 2000 2000 2000 2000 2000 2000 2000 2000 2000 2000 2000 2000 2000 2000 2000 2000 2000 2000 2000 2000 2000 2000 2000 2000 2000 2000 2000 2000 2000 2000 2000 2000 2000 2000 2000 2000 2000 2000 2000 2000 2000 2000 2000 2000 2000 2000 2000 2000 2000 2000 2000 2000 2000 2000 2000 2000 2000 2000 2000 2000 2000 2000 2000 2000 2000 2000 2000 2000 2000 2000 2000 2000 2000 2000 2000 2000 2000 2000 2000 2000 2000 2000 2000 2000 2000 2000 2000 2000 2000 2000 2000 2000 2000 2000 2000 2000 2000 2000 2000 2000 2000 2000 2000 2000 2000 2000 2000 2000 2000 2000 2000 2000 2000 2000 2000 2000 2000 2000 2000 2000 2000 2000 2000 2000 2000 2000 2000 2000 2000 2000 2000 2000 2000 2000 2000 2000 2000 2000 2000 2000 2000 2000 2000 2000 2000 2000 2000 2000 2000 2000 2000 2000 2000 2000 2000 2000 2000 2000 2000 2000 2000 2000 2000 2000 2000 2000 2000 2000 2000 2000 2000 2000 2000 2000 2000 2000 2000 2000 2000 2000 2000 2000 2000 2000 2000 2000 2000 2000 2000 2000 2000 2000 2000 2000 2000 2000 2000 2000 2000 2000 2000 2000 2000 2000 2000 2000 2000 2000 2000 2000 2000 2000 2000 2000 2000 2000 2000 2000 2000 2000 2000 2000 2000 2000 2000 2000 2000 2000 2000 2000 2000 2000 2000 2000 2000 2000 2000 2000 2000 2000 2000 2000 2000 2000 2000 2000 2000 2000 2000 2000 2000 2000 2000
