2000 4000
26 1051
99 838
1428 1272
518 1099
1585 378
334 1996
241 124
49 452
538 1829
276 472
1012 1790
1897 670
1142 875
933 1567
307 500
789 174
1495 1949
599 113
444 146
258 1518
1006 1916
1080 1011
1939 655
941 790
537 1420
332 1327
1986 208
1320 1480
1273 677
1699 1656
220 1106
210 1347
1454 177
1984 1212
1875 1010
1231 1612
1922 1509
1681 737
752 1966
1702 531
772 320
385 394
1590 1826
1544 1985
28 1541
1425 328
1246 1493
892 1630
1895 534
1024 556
1641 918
1945 357
457 1337
1384 1235
1943 1895
124 515
1422 440
1040 806
1169 816
1324 1312
1344 25
1794 660
730 1337
222 124
650 898
459 1199
34 13
982 352
747 1354
1250 972
1026 1586
1140 1638
1507 1396
1855 1215
1071 1185
1694 959
263 310
714 1834
1272 220
5 129
1597 141
500 963
549 1689
661 421
1528 1022
48 1640
100 348
916 716
423 1563
190 122
1439 91
48 1301
1226 398
1592 927
981 847
860 160
1222 569
1242 984
1122 902
1580 751
1308 58
31 534
1642 1561
115 1034
1707 1452
777 136
530 656
177 447
133 427
1789 382
177 482
482 395
596 1959
85 814
451 36
1144 7
1597 1975
944 1797
735 1914
1676 1095
1838 984
1147 1591
873 1091
1075 1933
194 57
710 210
596 1567
1355 1156
648 901
771 1598
1853 733
986 1381
1615 477
795 1178
1970 843
746 1786
753 1132
1029 1167
24 1062
1385 377
1471 1905
880 1188
1445 753
1685 559
891 1761
381 1712
1344 391
322 1587
1218 935
571 473
1156 989
755 1172
1365 1157
1700 425
1453 161
73 531
1930 1913
1834 397
1501 490
1570 812
90 1104
1748 812
869 759
1840 1296
1611 641
367 1834
196 1140
1248 1472
250 694
1860 1589
1819 1343
695 498
1190 656
337 1086
1966 1166
915 1667
174 1103
365 1521
424 1987
824 1644
984 1922
1002 257
1677 1103
333 1266
947 333
1303 1454
1632 969
563 844
137 1685
1425 1108
878 162
904 71
613 1458
416 672
707 1609
9 952
1446 153
1134 950
961 895
632 1059
680 788
174 1813
866 748
1520 1550
914 1995
787 1092
1000 1832
762 842
375 185
970 116
1884 1712
1382 1661
1269 1659
217 595
1791 436
143 1861
1697 644
1254 1402
581 1364
1843 1618
1225 1074
1922 609
924 564
1709 1669
1530 233
1785 194
740 975
373 294
1615 1054
1714 1070
1055 1579
1473 167
374 591
1866 885
1504 1381
1541 269
346 561
830 579
1502 702
796 1927
1040 1556
877 870
1412 459
1388 1649
929 1031
1067 1709
1767 1938
1127 127
1645 1524
1910 888
1781 1547
798 289
41 1605
1075 1961
121 1344
1326 1093
1718 1522
1815 1071
1142 1752
1489 1317
606 892
281 1023
126 1191
1267 37
1789 1660
267 1315
1769 39
87 504
966 252
220 1132
1896 1571
1032 1027
1492 1749
1628 1497
1852 145
129 578
646 1055
917 848
1019 1863
1218 283
882 1964
1195 1352
1178 629
1385 1876
54 897
782 1280
123 1276
1930 119
1441 316
19 1779
1758 643
1404 905
130 1741
1729 844
1467 1152
589 528
358 664
1275 1047
1188 505
756 1512
1263 73
1050 1878
1444 1117
93 1792
1704 1832
220 1341
157 511
1934 1220
881 187
772 727
78 729
611 437
1031 1225
1394 835
1866 1068
1287 395
454 613
455 1889
1020 575
1703 744
1432 1666
1467 6
1913 1150
67 1818
8 1565
1688 433
1951 363
1516 864
1056 755
410 746
1046 1486
278 1057
1807 1528
1214 1619
1817 475
788 344
815 418
1732 347
1312 439
520 879
685 644
1452 999
776 1443
268 1450
492 315
1290 1907
1924 1984
700 1634
259 787
196 1013
1480 1526
956 1675
1947 1095
1965 1595
597 365
1499 1781
1518 1291
1971 1072
1824 98
1065 1196
713 108
435 166
934 1086
1090 1789
1193 1681
691 104
643 602
1568 1183
1513 1771
777 897
31 1372
493 251
402 241
169 1392
1484 1135
1451 828
34 1569
1413 688
849 768
31 1259
1850 1968
1425 1175
915 770
1112 1230
1265 1397
1345 1689
1747 1862
52 947
968 943
88 1167
1350 285
1342 1112
560 1520
1852 342
867 74
587 1529
943 1597
471 1291
1205 1308
728 1239
582 554
1179 1694
255 802
1081 1014
672 1833
1629 1955
1027 1022
49 492
1154 866
1210 810
1237 991
1711 944
506 1088
696 975
909 384
1015 1213
962 529
1371 1503
676 242
1154 1573
1418 235
790 1100
426 1575
1483 1789
77 1629
390 959
1742 1178
104 969
1203 826
169 1150
520 1942
542 1058
840 904
1945 215
1635 1018
1998 890
611 1608
1398 533
94 143
260 1346
659 1085
1876 1461
982 784
347 1185
370 1358
1395 1588
1283 1455
341 1069
388 1159
630 1188
817 1670
1118 1405
1684 1255
1633 826
88 683
1985 211
1024 1914
488 82
214 1262
1523 99
129 204
808 1896
1811 1268
1810 713
221 1979
44 40
22 1652
1841 157
916 668
1735 595
1743 695
122 1211
1388 450
411 384
924 722
262 217
1122 1010
185 669
1546 1711
124 1632
1932 856
889 72
1053 101
1070 1856
1503 1258
54 287
208 254
1865 292
1316 1335
569 1878
1593 120
458 895
1993 317
1446 1743
878 178
1496 204
2 925
1999 1253
1126 1467
539 1184
462 761
634 1980
469 334
986 1182
948 1546
1716 1537
804 1211
622 1436
422 1878
181 1251
1607 291
814 1237
1122 1559
442 1776
552 1875
116 676
1414 1452
963 361
2000 509
1155 84
1714 736
1316 857
339 922
1877 1286
1716 1733
235 1333
460 1623
1622 1781
846 1598
1462 480
944 917
987 748
1227 326
123 29
7 1939
1521 140
397 1203
1735 991
604 1940
113 1055
1129 1058
1849 609
542 1572
1313 496
1473 1462
1569 1186
1844 379
1054 976
574 1629
590 1548
1838 988
380 1652
340 1161
1707 1505
702 1657
1295 807
1399 1088
697 1236
1692 500
829 783
273 1206
1070 1746
1035 639
1762 1941
206 286
483 1278
1539 972
1855 118
161 1447
86 941
274 317
415 1942
1107 341
1171 350
390 1346
602 375
1992 1781
1279 1971
1188 1143
1246 252
1307 74
857 1817
851 649
585 94
1802 414
1877 743
425 282
939 1786
1036 1145
1380 463
1229 1640
1038 1613
1998 1132
1276 1439
1931 867
858 1185
294 1796
1471 1552
828 1094
299 1562
196 1079
858 1191
1242 634
244 856
564 1669
833 436
1504 1433
150 1382
648 1678
1827 1042
267 1452
1825 1764
1525 530
940 559
1704 1408
1690 1961
1823 1649
272 1664
1625 1159
1447 1658
1194 1769
607 615
1858 1555
1630 651
1739 1871
908 1072
812 1769
300 662
181 585
237 1478
1204 952
1279 1318
1848 1471
1186 701
1584 353
1707 686
1483 595
1976 729
598 547
1209 1215
887 766
444 572
316 831
66 479
1073 846
229 622
138 17
1479 412
1843 955
422 569
1886 1016
458 1239
1861 1449
39 839
905 1729
1042 1422
224 1870
1005 1587
210 1472
1033 1181
724 338
725 442
543 1862
755 613
1767 1987
470 985
1123 1956
1091 626
1668 1063
209 1388
414 1429
918 528
1302 1037
1518 633
1884 138
183 854
775 390
927 1874
1200 90
257 709
1222 125
1995 163
1169 664
1092 375
1863 1645
1836 1555
1387 43
268 1864
535 967
1678 1558
519 883
1199 372
719 1033
228 524
566 821
383 1531
1373 717
584 525
1888 1879
160 1181
347 1122
291 1671
450 366
1116 733
686 426
1798 1718
60 6
1118 917
739 657
1705 594
354 650
499 1539
1676 660
985 1599
1832 549
151 514
930 1753
1686 1660
1882 927
1009 1010
1486 1355
410 668
1095 1456
1453 1720
24 166
1616 174
1404 303
457 411
1645 748
1180 718
1513 473
1805 846
613 1681
1030 1813
348 836
78 1313
1373 470
1838 589
223 792
860 1389
857 487
9 772
1312 903
1593 762
1180 141
22 1648
788 1422
1671 1962
402 1768
117 57
1312 1718
1560 378
1620 1768
1313 796
1591 101
293 1742
798 262
1418 745
1523 354
989 1353
159 1623
1237 1108
75 1764
254 1674
1424 1832
1042 667
548 423
510 1579
1355 1061
1649 417
1299 1148
982 1793
750 976
455 46
1253 1192
596 677
1523 514
1477 889
591 393
1339 126
1841 200
1224 1436
84 1844
1015 360
1191 1222
177 377
1566 1981
183 1573
874 614
932 1052
800 1613
1428 692
1882 43
96 586
798 52
834 1266
1395 745
584 1806
1957 1314
23 645
1009 573
307 563
1976 1226
1202 1209
752 995
1630 1917
1111 254
871 137
1777 1341
636 1707
1946 1171
1459 1552
751 813
125 719
837 1703
1686 1983
1967 311
1236 1243
960 724
1408 745
1297 1506
784 1063
377 1303
1500 1458
1931 158
689 818
1438 818
1336 1481
738 952
1775 754
653 1083
1609 985
1502 310
2 1601
1743 575
1646 133
28 453
331 1690
488 1509
246 341
1275 760
1314 857
1369 364
304 1773
223 887
1382 1742
279 340
1402 1617
592 1271
1640 1199
1067 350
415 535
1235 633
309 1207
1576 1990
1943 344
951 1566
1704 402
631 1652
1298 1347
1869 487
1444 144
1621 1297
359 1870
1085 835
748 374
61 1226
1012 1892
1514 652
1182 1381
1588 1544
1334 1227
1482 1300
1881 480
1228 1155
1806 964
1653 669
794 1685
967 415
1915 1959
593 445
1616 633
928 1738
496 1749
531 427
485 1369
1370 830
492 1145
1918 595
7 332
1358 1146
647 1386
1794 1994
257 109
621 251
62 56
48 1740
905 1933
116 1565
808 1099
1771 256
1269 1131
572 958
1715 80
1333 702
62 850
1016 351
200 9
1989 1929
176 1680
813 203
1298 266
95 1794
258 172
865 836
117 1217
592 1080
129 187
962 340
787 276
104 1476
372 741
384 1860
923 1535
1022 690
1604 1647
871 1756
1773 503
743 1853
715 88
1377 275
848 327
478 198
1691 195
1865 1656
1501 1697
1083 1417
90 338
229 1021
525 231
1916 715
1084 920
1990 1501
173 1561
646 1564
298 799
1953 489
1758 1092
1410 103
661 538
668 1001
999 1318
876 1277
1777 187
67 61
953 649
461 1802
689 532
517 1437
1103 371
512 605
438 27
152 1581
1202 1816
1556 1882
489 451
1097 1766
188 775
154 311
559 1364
1338 214
8 1585
480 1278
1044 919
325 582
570 1021
957 1109
1718 1267
672 310
325 344
1646 531
530 1115
81 737
308 326
555 1308
1141 233
861 1283
1885 1068
655 110
673 983
491 1667
600 156
536 1221
298 1448
888 147
1476 1161
1763 1971
770 452
1533 1055
352 665
961 1952
1256 1153
68 591
92 345
296 1537
1774 229
645 822
1332 652
1815 201
1026 407
232 332
179 1579
1769 1183
873 1587
1778 1370
1492 808
1730 653
1876 433
184 512
1832 816
1993 1489
1739 245
1680 657
1399 1869
459 1003
731 1112
55 151
1357 1121
294 1131
284 5
771 80
219 1534
1685 1808
185 737
429 1224
580 269
527 1390
670 1577
285 372
1840 518
477 232
1981 843
1152 60
342 942
570 996
1143 1365
778 674
1163 899
738 538
763 1716
1084 1596
503 1279
80 1807
1846 1767
593 1249
1383 453
1309 1387
979 984
1826 1194
1637 623
1456 885
1198 1852
766 1019
1129 268
1957 1085
1180 1137
1221 85
1921 1949
1868 859
98 1375
1148 1297
544 582
351 420
960 636
1260 891
1406 526
1767 1000
1943 1309
66 716
964 1244
244 896
35 1625
859 683
1081 383
1461 859
1062 339
403 660
1511 191
555 1957
1816 1209
1083 1663
587 992
413 434
1991 913
823 855
1643 314
1916 782
316 1514
1119 400
625 602
162 965
1986 544
584 950
1457 1433
1212 883
386 1773
851 1356
1501 286
1527 792
181 138
1976 209
739 1600
626 369
1947 750
606 1681
1542 46
1496 621
954 1072
1601 165
456 1496
1525 8
267 1482
568 670
1506 1617
849 778
1582 88
1872 388
796 749
771 1602
829 1796
1470 1264
491 1888
1653 1282
941 166
1405 1119
536 1400
908 1763
210 427
1354 89
280 1287
1662 665
663 11
1835 920
125 1625
125 1352
375 1003
81 1168
719 1276
1109 409
806 128
1426 668
1274 803
119 1683
1520 1337
1103 446
521 1644
1956 1078
504 1336
1260 669
212 1990
994 1618
398 1768
1106 1908
355 328
1588 1806
264 867
680 1051
218 188
553 1245
1235 1440
1514 37
199 1200
1530 1991
654 1911
1783 419
1751 456
497 1914
1800 10
930 1109
1796 448
483 859
1948 936
1106 644
1099 1910
1909 469
1300 1606
411 183
1053 565
1262 412
912 142
96 510
1937 582
189 877
503 782
1713 312
1933 1543
1094 1288
203 1668
418 663
861 1335
428 1142
1221 1912
201 1250
679 209
488 1850
1246 444
199 724
173 954
393 118
98 133
210 1348
906 765
1903 635
1766 992
1322 1965
461 1159
511 780
1024 735
261 1312
617 175
807 285
381 985
711 1967
197 1938
409 799
1270 585
424 1139
1933 52
1105 1654
219 698
1953 1137
911 499
361 121
1384 526
1108 1175
330 588
1703 652
1431 937
1317 610
1872 834
1045 1545
1111 1583
501 624
643 508
1589 593
539 1401
454 177
78 1893
1100 24
764 914
1146 514
79 221
887 485
654 657
216 1396
394 102
257 880
1734 803
203 84
33 1208
420 1400
485 918
1510 625
524 1198
1762 127
1728 930
618 370
1772 1595
152 960
9 1192
204 1985
404 512
964 1714
1294 1906
1507 267
1466 102
1180 360
388 1894
1584 1316
70 328
759 1888
149 1624
311 1439
1681 1127
1609 1692
509 1617
1791 648
1734 1295
1499 1406
97 322
1812 393
779 411
1279 914
1845 211
1530 1782
663 1602
827 581
1053 1860
249 364
882 295
706 1399
1021 441
911 1665
987 1666
1134 368
1044 1611
1018 771
1092 684
728 685
683 1373
312 1359
821 1482
1769 1528
1631 1113
267 441
1223 75
1847 942
1021 1551
1235 1270
461 502
1334 767
1881 1592
1213 140
349 919
1886 543
863 1056
1946 1293
491 142
1136 738
399 223
1425 1360
608 1743
285 226
108 1707
542 1000
982 665
894 1431
1650 655
1433 859
976 197
1777 284
155 1319
961 400
1473 1114
843 1196
4 720
1465 932
1711 1578
540 1446
41 1111
1925 941
922 1714
1830 1068
223 503
1052 1722
1335 1584
72 218
102 521
1624 72
1821 888
1257 430
393 285
1894 1045
555 594
230 1156
1139 476
1489 1328
576 1809
138 1251
1558 367
1186 774
1706 1558
1531 247
1427 713
1145 290
1128 437
1921 213
764 1508
658 779
209 1768
509 1058
1501 523
1813 115
980 1804
1219 112
1621 1673
651 892
1598 937
1076 912
1923 668
1427 84
1374 12
360 1521
1548 608
1569 259
1581 686
1241 1722
17 1423
460 100
484 1647
441 148
1211 396
1729 957
926 247
1469 1173
554 378
1429 728
418 1015
1256 684
1509 1955
466 1989
240 1667
1804 671
949 1821
827 1650
1291 174
521 795
533 1520
1155 1327
513 1793
1316 1274
1957 252
1253 898
995 1041
1491 65
1920 1138
603 1618
552 1793
627 211
358 1424
545 833
47 1036
1779 1577
917 1797
561 1740
965 167
1201 11
471 582
386 352
310 1288
1515 1599
1153 1905
1805 416
1364 1685
899 1170
1180 34
765 121
936 910
1643 591
677 1937
129 600
1079 1751
404 1665
1475 1339
1531 1914
1219 942
978 1381
1001 1669
451 1137
339 601
693 1704
564 720
614 580
628 1017
705 380
991 1611
1964 1708
1151 1458
1011 248
429 744
696 1545
235 1555
999 1013
1258 410
572 868
1126 1391
1810 635
319 14
1478 1366
765 88
329 1714
1792 605
1661 1746
902 578
1598 79
855 28
468 1286
841 406
1647 819
640 445
1311 1651
301 331
1309 1895
551 131
307 361
86 1893
650 1658
1735 1778
1566 1274
1629 133
1683 458
1369 290
576 1795
1025 1937
979 1709
579 1098
112 826
1818 532
935 1810
933 1969
1496 1236
967 973
1516 478
610 731
1643 529
1121 403
485 674
1678 190
921 918
844 303
1417 862
360 1778
1686 1910
1742 47
1639 52
1828 120
1609 1728
806 325
1028 582
1874 257
734 1737
851 207
1820 1738
1325 287
1954 1127
705 276
121 1248
1429 1392
1577 1897
604 192
1785 1760
77 1298
1277 938
1521 1679
1325 1150
226 628
1628 1058
791 196
864 885
848 488
799 725
1704 189
1920 1328
1282 1560
843 207
1767 492
924 1305
831 1393
1343 747
1263 205
1191 354
1574 1825
1232 1449
971 1386
1992 609
1306 780
624 274
1135 1767
1125 1280
875 800
1036 638
1999 1028
554 202
158 1754
476 113
1191 1821
1327 1495
1401 1300
1349 1267
74 862
996 635
1348 1346
1517 569
1930 607
413 213
722 1949
994 1534
972 201
1141 529
283 1736
992 1531
1354 1656
632 804
1622 1499
935 35
1979 986
1229 1138
459 346
1487 1284
35 1264
89 1929
704 1182
1207 882
1706 953
1298 1587
1150 565
51 1320
786 505
1793 832
155 1851
1340 479
1627 1184
396 682
1695 628
353 1867
896 716
937 1208
749 1712
1683 63
1712 1114
96 899
1792 662
10 642
1606 512
1401 1851
723 902
1124 1977
1480 1760
127 1941
477 950
1234 1157
137 511
481 423
37 733
1662 1786
339 1048
647 1086
729 1081
1950 1107
1658 494
943 361
1377 207
1450 1058
1197 1837
636 1390
1241 909
134 1986
93 1114
930 624
1666 910
1998 1623
1550 1337
167 1598
509 89
1989 360
56 1409
1638 803
52 1685
1281 320
224 443
1201 1760
1964 135
467 1374
608 493
477 1730
1705 1188
1701 725
891 323
1 709
537 1543
283 573
314 1198
1465 1448
233 275
1116 13
651 1628
31 835
481 336
283 922
440 876
1564 1243
1292 569
1598 170
338 565
1565 681
612 294
1016 1527
991 647
756 250
1419 1206
1988 313
504 1553
102 300
728 148
1917 587
1231 1407
1210 1830
640 389
1567 1112
744 678
321 1424
1189 1139
1860 1829
1289 698
741 351
1159 237
1380 1665
1603 1526
1898 1338
1363 185
1548 1235
1932 179
765 1652
665 1552
1763 683
1372 188
136 1040
946 297
510 1222
656 1434
522 1656
462 763
1334 697
658 1684
1424 132
1513 773
206 1301
775 218
699 1748
1338 873
1136 543
1547 408
692 1833
1753 888
1692 835
1376 978
845 1853
577 263
737 814
1880 1593
1204 904
990 1715
1437 905
1676 1891
724 280
267 1394
676 161
1006 416
1869 1123
620 1840
1103 1882
1664 1775
975 170
1093 1354
962 1198
1020 180
974 1571
1228 1495
1875 1041
1904 531
958 1854
1753 954
1944 282
1931 1904
852 981
2000 1149
705 1524
800 1672
1969 1329
1987 1921
1245 1924
915 667
1023 1493
354 521
1974 1576
997 1677
282 1287
675 380
65 1564
427 89
1537 839
1523 1475
1539 847
1709 1238
1208 921
428 1063
983 930
1874 1782
273 1345
661 756
578 465
1065 1014
1145 1369
437 1275
774 701
245 1885
1320 1798
841 412
402 182
982 1662
740 1030
1096 1263
1518 1177
709 1002
261 1340
1047 760
1149 525
1613 1756
1506 1059
1829 1334
1639 1165
695 1733
1485 1619
1937 1273
210 1351
1439 1717
1487 886
1078 1892
842 701
1 821
179 1304
898 446
1152 1922
829 131
1976 1768
1431 1188
153 1912
1729 1404
824 876
25 574
1136 1862
429 76
966 1148
1195 1461
1578 1466
1348 1715
1766 689
254 483
1691 960
632 512
1207 295
882 1216
1511 803
633 1440
1612 825
1368 433
1423 94
1353 1358
615 119
777 1142
567 148
1038 149
1540 305
1832 664
1386 1265
1993 1328
733 459
1449 1487
1885 478
853 505
194 775
1451 1946
1485 830
329 736
1716 180
71 47
518 820
136 1668
42 142
632 1852
1037 359
1240 1415
1210 1012
1012 693
793 596
1998 836
167 1447
816 1969
546 1997
1370 1859
1322 693
134 544
1161 231
975 637
1243 1233
1728 869
1511 1196
1670 366
679 1620
1159 267
654 1779
481 1756
172 1814
1786 1307
934 647
367 270
503 1021
1956 1790
1403 1143
1075 185
820 1185
1923 362
1047 147
178 605
1004 265
363 1357
1398 1909
974 1910
434 1137
1321 370
1411 1552
880 870
716 1370
1970 803
1158 1149
1800 1074
1280 1333
1927 293
752 1315
1334 644
1452 601
1059 1561
1236 175
1118 407
335 790
499 206
1908 1925
1987 822
1405 1311
1634 1276
636 686
1553 1467
1258 1375
1431 242
533 1550
1992 1181
362 1760
253 147
1314 993
959 1025
1035 1255
59 659
325 1873
1172 989
1038 1047
755 363
327 1527
1382 1375
171 459
921 1977
1392 5
365 1345
1377 839
973 318
921 45
1169 234
505 630
1592 1606
598 1674
620 599
1957 1612
491 605
1357 613
1022 776
519 463
458 793
1989 1213
123 719
68 1141
1779 1541
645 1441
449 1374
515 569
1629 1886
1116 1180
1850 1724
1585 1968
1634 292
1138 1740
1104 237
1039 1781
1008 802
1695 809
988 1261
1203 1454
1926 810
320 727
172 1273
1452 69
278 1980
666 893
1185 1518
1636 709
1254 1289
1669 924
891 1842
1069 1551
457 467
19 474
1205 1186
1494 1634
1419 1761
392 1536
1249 12
19 947
1570 190
1835 1869
1172 194
234 1424
1011 1363
825 1037
147 218
1866 864
302 1367
1912 708
675 1883
1934 1682
488 1265
106 839
460 1991
1222 840
1426 1652
242 405
1648 1506
1783 1709
593 672
346 1301
1945 1548
1120 933
701 259
1532 1956
1972 415
1421 262
848 82
1160 918
1601 180
89 277
1638 227
590 215
1175 1232
1552 15
1735 1370
212 1293
1947 1780
1444 949
461 751
1903 324
725 1034
1393 1635
1626 1028
1115 1525
1917 892
797 1498
1445 604
1331 1527
1260 1557
1585 261
503 1793
1344 77
607 1873
824 474
1885 1643
1977 522
980 539
333 1392
863 31
1299 1959
1573 305
73 1824
1084 1542
1633 398
502 703
17 737
435 1819
1633 367
382 132
1175 355
1150 1045
743 1522
545 1936
1249 1935
166 620
1622 1464
475 196
1506 1428
144 681
1465 243
1246 868
693 320
1318 425
1696 749
1284 1177
789 1302
300 38
1579 374
401 454
1323 808
881 1494
260 188
603 139
747 541
1201 890
1604 995
883 1124
1305 393
1115 8
945 640
1883 345
955 734
1418 639
1823 1637
365 289
1747 840
1647 1128
1435 1169
1594 526
1323 1765
688 1833
1667 1831
1051 1214
16 391
316 23
116 370
1452 914
353 1455
595 1252
553 1924
251 191
1980 1576
1732 1510
28 588
1900 1084
1229 1041
751 1835
359 272
341 1641
33 45
1782 1881
914 339
1466 1673
972 699
328 211
156 838
1051 917
1212 1417
116 1173
1769 801
570 902
680 1295
1457 1971
860 1453
452 668
758 1674
816 1215
1602 1158
1020 925
742 762
1731 1468
1158 1741
286 344
552 206
1331 1418
1098 277
350 1027
399 1126
1211 1903
928 1319
1974 928
1073 1641
1413 1137
1987 394
421 1238
99 1928
128 1435
312 751
1964 785
1570 1842
1002 1142
890 1470
980 1913
105 38
482 280
358 540
440 938
497 735
1526 830
1130 1530
146 868
693 1785
141 943
1994 230
1368 1517
1684 236
1803 734
681 1173
1030 1350
1563 548
1044 746
1925 1427
1341 1183
776 831
853 1960
989 230
101 734
651 1407
296 244
1830 1926
1657 1237
1332 1383
1156 1794
780 287
1165 889
1943 863
647 1420
1968 319
1323 126
69 32
403 1739
1384 466
1073 50
1259 241
929 530
260 1372
1076 1208
2000 731
903 1917
1991 1505
1986 1605
16 1041
34 1953
501 274
1958 473
1251 265
1904 1702
395 280
131 662
1183 937
1290 597
1582 520
872 1922
1765 1760
1631 1488
917 564
1977 147
1200 1490
149 1275
408 1828
943 1762
321 484
46 380
1608 1556
90 1845
34 1116
499 512
1622 1108
1856 1746
409 1174
639 238
552 360
355 1108
927 1878
874 849
1835 1692
476 1401
747 1196
1985 184
306 1569
1317 501
781 1386
1504 805
642 1438
1636 109
1839 884
1409 675
1107 1576
458 596
1368 1292
408 57
1554 1679
1798 733
1340 485
1748 1782
1030 438
1637 46
513 620
1428 977
1475 1745
1671 546
840 1723
1644 377
225 1430
1658 1973
780 1704
1240 921
893 1223
500 141
384 853
705 56
1845 1366
22 483
273 1476
986 91
1763 1072
1176 1506
1362 185
1382 4
1549 1087
1863 1832
436 1936
1492 62
30 1530
1934 1444
1558 726
1205 149
71 1283
712 1347
1871 1023
1958 814
1361 897
107 369
1440 1302
50 769
27 745
1013 53
1143 1322
381 204
728 844
246 809
920 706
673 750
1178 856
600 881
765 1202
1328 704
1971 1933
1888 1540
1264 1925
623 896
1679 566
1872 873
212 587
1736 1009
540 873
1380 499
796 1351
1722 1538
1693 1247
184 1513
1005 356
1744 165
392 1725
1484 612
1860 1052
275 779
238 1003
1141 410
1428 491
673 959
406 1309
270 826
1062 495
1064 1474
206 832
256 462
1410 1727
376 464
1216 295
466 1499
1306 1325
217 40
1079 205
1061 660
865 159
1891 957
707 275
1645 1277
1557 175
672 1184
383 1195
432 1574
1757 866
754 120
337 192
144 60
1330 1557
723 855
1963 186
1832 1931
527 1691
950 1085
1901 750
694 756
653 1297
599 855
727 1026
1671 292
1306 1483
1291 27
1876 1032
1356 207
29 1222
1651 580
357 1374
247 1607
476 1066
83 953
895 984
1045 1873
903 356
807 1734
1101 319
253 390
1953 36
1564 1187
1230 277
641 764
1604 1247
1034 1402
1759 417
1101 1880
610 945
422 1292
699 1404
650 1447
1085 1813
1135 542
917 1777
1883 1895
532 400
1200 1845
639 1040
1689 1988
1151 403
571 107
1815 628
1798 743
1184 1365
250 1100
480 132
567 221
1625 13
702 1397
1572 1019
1714 1412
372 1787
1247 611
1556 1564
463 911
474 779
856 884
1063 359
1966 1385
1958 1858
73 1904
310 577
682 804
1263 531
1247 1907
139 996
1514 1774
277 396
1655 601
353 16
1341 1374
1659 453
790 1496
49 1916
24 495
618 1146
458 1618
299 1701
1239 1232
717 908
1094 855
187 284
556 799
21 1178
1775 1315
644 469
1620 1354
1896 236
951 271
858 1416
703 526
1351 817
1320 1820
637 1350
685 804
642 1547
1815 1421
255 1973
1867 1657
1936 110
1877 475
1408 1787
379 1898
1420 301
1761 1128
951 1385
1959 1575
313 11
271 803
743 1718
72 194
786 720
593 923
218 1346
493 1011
432 829
1888 962
1933 331
184 1124
239 1942
236 808
1310 1860
994 1901
1008 792
71 538
1100 166
1139 1303
1982 1430
1146 450
84 1719
1437 135
1378 949
1 109
1978 680
1043 467
608 1819
129 465
895 1234
1899 1248
1947 159
1690 1208
388 439
1632 1264
863 344
1627 1391
473 349
770 876
263 1502
985 1204
1489 704
801 697
1951 1500
406 835
586 1889
907 1300
272 174
419 1267
629 961
1915 955
1737 291
1498 631
1902 1266
1090 1918
1594 1539
312 703
75 1825
303 1729
1019 407
1851 900
739 1982
446 326
1454 401
1123 1534
220 691
395 1038
1702 427
233 39
1162 756
1402 1225
924 1968
932 1031
1385 1588
1297 1730
8 205
1954 1488
447 103
408 246
1323 1493
272 1241
619 820
595 1090
1184 1493
219 264
486 1868
463 942
894 1780
910 391
103 150
952 1886
423 871
773 1939
1857 1750
996 232
554 366
1676 1780
837 1383
523 1615
349 506
1750 1938
1162 250
1009 1158
226 1308
1318 339
240 800
83 1268
1498 55
1103 1032
579 238
1307 1379
1414 58
1643 443
906 568
715 412
568 1294
1125 998
908 633
1234 1783
1280 998
23 822
240 1713
1174 688
548 500
603 1784
1053 367
199 899
1681 1560
696 1890
1944 940
124 310
1389 1791
877 1324
1384 1499
931 1754
707 470
1411 801
850 1839
1210 1688
1160 1300
440 1827
364 1145
781 934
563 545
18 913
1638 1670
763 1650
1314 1299
1600 199
160 872
879 811
293 1249
1996 1146
59 1584
1397 982
1289 1239
186 389
669 872
453 294
1367 766
1218 1736
785 1057
1239 1117
976 1410
1375 615
590 1343
1376 1356
1309 890
582 1485
1259 1592
344 1985
1730 366
404 691
1244 560
1435 289
1676 820
885 1825
914 737
696 1588
817 1927
1258 1586
720 549
1018 11
728 228
116 860
1987 590
1383 1213
845 37
575 72
937 1691
557 1102
845 1349
1331 352
402 1799
275 1505
1830 86
817 1781
1489 391
1780 1891
1725 819
468 1504
1749 1460
861 353
1555 1199
1101 762
840 997
1964 830
1418 1055
1529 1519
1716 925
944 1673
472 1386
987 1524
1387 344
149 1527
275 1934
1535 1990
1367 1540
1450 871
1153 903
1657 284
1082 1490
1257 1535
1076 729
1291 172
1353 1156
1398 1049
1258 371
1607 886
805 1110
22 1677
1004 1235
245 864
1315 1159
1748 972
1035 1644
1652 1123
946 1288
1459 718
948 202
653 1560
1854 1857
374 76
398 483
713 100
1277 1007
59 154
1133 1502
1655 1282
1790 992
464 175
472 1515
618 1909
1908 227
929 1585
1783 961
1180 13
1881 591
1057 419
1202 1938
159 1386
1536 1342
343 481
1203 270
1840 330
1016 708
701 813
764 326
13 36
1429 279
1228 550
1223 1614
1494 1887
1310 1282
1355 1973
76 58
1953 13
673 1847
1904 1646
21 947
38 732
680 595
368 91
1613 760
410 1223
213 215
1218 1984
1871 632
1726 1503
1416 1339
191 951
1829 1233
690 1807
674 1311
1728 1515
158 264
1215 1292
1284 817
1127 293
367 714
1902 1288
170 1585
933 1197
1117 901
1664 422
1008 1679
1517 1050
553 584
665 939
1474 983
662 1152
199 1656
1795 414
1941 1661
1178 884
1395 547
1626 942
563 1329
441 657
1944 1364
165 1313
1650 1110
1341 1940
568 1906
1364 1913
1840 1688
521 1519
1728 381
493 248
1688 557
1464 1499
1035 1303
451 718
1211 781
1720 436
226 1017
1901 449
285 1541
28 1340
995 346
42 1789
930 1544
1376 1044
1022 1443
322 1143
104 1765
362 1779
523 1355
706 506
276 884
1604 1796
1451 173
1663 1560
806 374
1950 431
1769 314
445 731
994 1720
18 81
746 1938
1708 1799
356 1840
205 1914
752 1159
606 1231
1401 148
1450 1628
1527 1324
983 959
1993 624
561 48
642 968
190 1706
684 602
1543 997
871 548
1607 1378
1265 82
669 405
1822 105
1486 298
1994 95
583 1770
1435 71
407 377
1345 758
730 1520
224 1995
1021 1510
1338 1544
1304 1793
490 1054
1089 617
59 1999
879 1649
948 1407
1765 1923
598 990
61 1721
1559 1069
517 1651
1407 470
1969 1189
1625 275
449 1410
840 543
1693 1799
671 1554
1371 1726
198 1456
649 83
795 1687
1171 168
1169 1656
250 1849
1008 223
1948 1784
913 66
1782 410
1174 1497
263 672
197 1901
1460 1585
920 1596
1388 1994
750 1727
1672 1675
1785 1586
1351 158
1448 1652
862 426
1007 1378
1241 411
1031 446
755 719
1095 709
1153 1932
1764 1987
1014 1103
120 1238
1257 887
1449 1190
1 929
120 474
101 216
1526 969
810 1102
1900 86
399 1787
1466 21
1099 539
1500 613
840 771
992 1102
1362 621
777 623
938 1042
469 143
640 1833
302 1757
1093 1909
1888 508
1193 298
552 1184
1714 1382
530 1494
819 392
692 997
1132 119
562 1567
1000 1171
904 3
1723 904
1223 570
1900 1264
1480 273
599 908
1168 1978
334 1321
900 1635
1698 1899
320 1785
1745 802
1919 1826
92 380
1336 87
1101 1664
819 1342
243 199
1622 466
44 685
1184 587
1460 1887
1868 908
208 1583
1440 1037
927 136
1525 1887
838 1928
43 616
1401 1101
366 653
1829 1328
144 1575
1887 1011
309 882
1731 1650
507 1240
1042 1485
797 1549
1617 1929
770 1042
1039 357
1725 445
1070 1476
1164 698
1987 385
265 977
1394 1315
594 1153
176 1070
1126 432
1442 820
1783 1700
529 279
1556 1435
920 1893
1113 129
456 497
1129 1930
1217 72
1926 433
1339 1071
474 1440
731 945
366 1043
360 418
1344 1880
1645 488
447 155
1960 549
1201 1998
1187 65
1370 1483
635 1770
592 440
1898 556
880 579
1875 283
1817 1339
618 1417
1766 26
944 21
1466 431
435 1654
1211 1549
767 1829
606 445
638 1688
1509 574
1048 1700
30 275
1835 1434
1281 1978
259 306
1255 1331
875 731
1643 59
464 444
875 1096
1814 1284
710 477
449 1727
111 1897
638 1145
132 1278
1103 1649
551 882
1413 267
577 124
434 14
117 1379
1116 718
193 932
864 1885
960 1801
700 1352
152 636
1997 1327
1409 345
1396 1722
1842 1802
507 937
1271 493
1898 1879
535 239
1965 558
1103 320
266 1698
87 1481
43 1923
819 868
853 444
790 1671
1674 1459
1332 1221
1130 1625
1060 490
661 1542
413 877
134 656
1382 736
1170 971
783 1391
1189 1163
887 923
1846 1135
194 1477
457 1520
1685 481
935 173
1305 854
1951 1056
376 572
307 1780
1965 1107
1792 527
768 407
1594 882
1859 42
258 1085
966 35
1694 145
389 1205
353 910
465 1777
1448 765
103 357
1270 1924
239 973
1652 28
839 1505
270 714
1369 315
1611 561
1458 1056
1327 1801
509 972
333 1305
1348 516
1570 981
1538 265
1669 619
366 1560
821 1690
1602 1502
578 512
1356 978
198 1284
1578 944
375 1437
21 1331
791 1877
1683 1915
662 6
1428 1744
417 1391
1911 80
405 1052
1606 566
288 1463
272 432
997 509
254 544
869 1538
555 333
1805 1073
867 1696
788 915
95 1925
976 1731
106 1839
1314 1228
450 1358
1190 1220
687 1614
1119 269
5 1400
1568 1411
1522 1349
1532 1790
346 1920
1624 1463
1167 1980
1354 509
967 1942
143 1682
106 1744
3 1693
354 126
830 1073
238 625
1414 374
951 843
766 923
48 171
1975 1463
1124 450
1385 1243
1470 230
825 491
1610 1571
763 761
437 1761
477 1737
917 975
532 67
430 1990
1097 1252
1624 272
1626 1712
1072 1986
1483 689
153 358
396 1327
277 1725
1076 518
708 420
1632 222
267 1162
1892 1790
972 809
1811 1919
1597 968
31 296
1256 179
99 1376
170 1460
193 488
629 1932
1091 1403
1939 761
435 1097
1698 1472
766 1242
1490 1366
1292 714
754 742
321 448
998 1589
419 431
619 1264
1734 1184
1085 1864
1917 1723
1545 1388
1712 1064
1669 1921
1495 1903
886 1861
1622 526
1219 930
1083 1670
1656 824
1515 1654
1424 664
178 1446
1026 320
1911 1988
432 305
578 590
133 931
387 1173
27 975
479 1301
1818 795
280 1114
784 939
196 1361
666 1320
1870 1642
820 1561
216 1600
1752 428
49 1710
726 199
574 985
1952 754
1673 917
1893 215
213 579
646 1491
360 1001
1672 508
1040 718
5 578
583 335
1901 1849
1375 1067
227 324
450 1545
70 1175
1865 1033
516 964
956 1713
1442 1579
460 1201
1801 1427
1681 399
1586 1322
5 465
218 1372
1214 1519
1380 1868
584 1194
64 503
1828 12
1147 243
1719 61
1867 64
1655 909
1770 217
666 727
105 844
1175 1360
335 1638
1357 1500
563 1837
395 1047
1468 1887
1235 451
1400 1863
1072 992
1175 328
323 1141
1073 1485
308 1031
1078 1434
1512 661
105 1289
388 297
223 1973
1879 442
976 1598
848 1465
629 1714
677 1025
1028 711
416 732
183 1392
1244 991
1541 1820
1602 1689
1972 973
1108 1214
75 1982
1616 265
1719 1721
110 332
202 1630
1402 1150
241 135
20 15
1096 508
1518 164
238 1016
1273 1667
369 348
1007 1065
1321 618
307 619
1322 1886
1080 1363
1300 1832
484 697
1659 1912
1012 1123
1181 872
1890 1388
807 667
1594 1207
1379 74
1569 500
128 1564
958 68
1726 1375
1126 1627
1575 801
455 206
1645 54
545 899
1975 288
192 259
787 302
1165 194
1785 1508
278 1508
1476 1820
1642 1738
1803 931
1460 531
174 805
1458 546
1509 21
250 1385
1697 1385
1950 1252
1728 470
1371 1876
940 1808
1340 870
1952 1256
1177 1273
200 95
1434 382
1471 927
965 1546
971 1193
995 1301
1244 271
1436 19
1603 318
1432 1948
1314 966
371 1811
1754 546
1816 118
1954 362
1601 326
1622 1005
656 132
1622 1039
1567 1688
836 159
831 1430
680 1421
786 853
1673 687
1160 1089
1110 1144
873 1308
485 1988
296 716
1985 429
1558 649
18 1167
1958 991
580 768
1727 1849
1735 1918
175 1261
460 836
1658 1451
716 1831
1479 811
36 489
1356 99
1097 1609
1317 624
1245 800
333 1781
1215 181
1258 1027
842 1569
188 390
1356 156
195 152
1607 949
726 1285
1172 1639
1348 1347
94 1803
551 240
825 223
1407 606
517 319
728 1643
1536 168
1100 1296
1460 1741
1043 480
1682 1179
769 1598
1469 1849
581 1771
556 301
1495 879
1243 1077
1326 662
1232 1254
1557 891
1100 312
282 482
122 1285
336 1596
1290 1295
1646 1824
737 1538
757 1925
286 396
1386 852
372 1812
1461 1032
574 627
630 4
1975 1624
235 771
1661 1199
1542 616
439 1902
1301 1312
1960 1077
1326 55
932 848
1795 1920
189 897
585 1521
1129 659
1897 906
1053 1591
160 1202
1083 737
610 819
1282 137
218 1058
1401 853
1549 396
932 1788
989 1794
1844 1776
1965 1950
1484 183
103 1454
906 670
386 784
337 701
121 159
1581 1707
970 1389
1717 1073
1983 486
207 99
1078 1790
1436 1755
264 1506
417 1031
1772 419
1164 1239
773 728
1323 1610
1497 1947
496 1203
1998 460
513 107
398 679
111 1577
874 517
488 1777
1669 1944
1251 553
233 1991
1821 354
304 1786
823 1759
1430 1180
382 480
355 453
1142 1507
1758 1689
1565 648
1397 1724
1651 699
108 227
1858 1836
149 760
627 11
300 1916
1464 526
100 1201
730 1049
1281 1681
504 327
1676 1931
1273 164
1426 913
18 40
435 1351
465 1430
911 1966
3 1259
708 1019
119 596
1113 1935
1314 371
1974 887
1214 1653
876 1827
909 847
1077 720
1525 929
1450 1978
1745 223
922 1259
757 1806
893 75
25 77
1630 295
199 1736
1163 1275
1451 1533
1809 623
78 912
827 805
1598 1805
1223 825
1565 970
1171 1055
1693 441
518 1753
137 494
482 264
269 1651
997 1428
479 916
296 1408
1220 1179
1178 1679
675 1278
666 1574
1580 502
529 79
1330 623
1788 488
50 1717
431 1465
1099 613
351 1572
1450 659
1577 1906
63 793
987 313
612 1836
421 1157
563 696
25 280
1196 943
1462 132
188 1472
1013 1135
1995 1870
1863 1016
65 806
414 323
906 111
1272 467
1874 958
1096 1667
943 307
1456 1516
1001 1989
1680 736
1081 1378
1412 657
92 721
327 393
1011 1201
677 481
352 784
1272 1374
53 1637
1277 1845
286 1713
1248 712
1166 1106
446 1829
1197 1969
217 19
1918 1149
1 257
660 1674
1997 1962
550 1721
486 894
1409 721
1103 1225
1078 1074
702 1867
1819 471
49 732
329 720
1290 1647
319 1903
1128 1608
423 343
225 831
1239 698
678 1755
1155 482
44 1831
1496 238
297 992
551 1594
285 1319
752 1801
1059 173
1619 769
699 1056
89 41
77 574
678 429
1071 1821
1061 841
1822 1729
1972 1224
430 766
938 1652
691 51
1144 188
1958 1086
1044 1932
1209 532
185 493
1337 1398
793 1843
307 1597
1549 16
977 483
507 1699
150 1303
163 443
1741 1967
764 203
1809 1557
287 1704
387 116
1353 1470
654 11
1936 971
1832 411
1984 1575
633 1302
685 314
252 142
112 1626
1329 562
1617 1354
1152 119
571 626
235 53
408 12
785 813
1952 1003
1140 1361
1117 1423
395 282
1790 114
272 265
627 1262
658 1804
85 1586
560 1970
1692 1597
1640 1920
787 47
1415 33
724 1396
1519 1667
85 852
1503 1027
318 593
1448 797
860 1469
1590 347
268 1439
1238 979
21 1578
1501 1060
577 1463
507 45
1848 97
234 1446
801 2000
1666 1023
1043 382
854 771
1797 1433
1120 1163
1876 485
780 897
235 1135
315 1842
1322 727
1060 523
1047 1613
1330 297
765 669
939 304
509 1929
268 1208
654 1892
375 831
403 613
1994 1289
1945 1650
1133 515
1198 567
1417 1307
1739 1087
739 687
1590 1641
249 485
840 952
990 1348
979 189
325 286
759 1408
1330 1809
1699 1208
935 285
1941 1963
1252 1735
1235 322
178 167
1537 695
135 689
1813 10
1122 1971
723 168
1720 1302
846 50
1797 1621
594 32
1105 472
1733 575
794 1808
281 1365
1590 309
1945 1064
1572 111
265 1513
103 1580
1104 1082
405 1753
851 978
1887 1666
169 333
373 453
1427 22
1355 1385
84 1327
81 1888
1347 1151
1835 1359
1142 1022
1943 1086
361 1692
521 1066
1894 297
1437 303
87 1553
1593 53
812 201
1406 558
1343 1945
1148 993
205 285
452 938
977 688
1937 471
1906 1561
1453 1660
371 823
1647 1206
1677 1176
844 467
155 1870
1268 1161
245 198
689 1695
357 1341
1103 1687
1806 560
1943 325
172 1937
741 1017
697 958
127 69
20 1674
1846 1858
498 1409
161 894
608 1037
1079 735
1799 182
777 213
1583 254
1246 281
888 1323
324 1076
745 747
922 1218
1346 1433
1201 121
1946 687
1053 692
1345 597
229 837
490 84
1606 907
1884 181
820 1222
1525 170
1734 680
513 473
1979 487
15 289
1844 541
1724 64
158 1534
1117 1791
330 261
505 2000
703 1306
128 1187
815 140
641 506
1867 503
1756 1043
1006 1710
498 1716
130 1769
204 326
1736 573
341 1311
800 1713
1952 1298
819 945
1349 710
29 391
1776 1159
1371 131
1422 452
1990 830
903 1363
1733 925
1098 1002
788 1963
715 841
1170 1046
1227 52
740 450
549 1705
1293 1029
1442 510
599 1533
1976 398
1211 1087
785 223
1851 225
400 1687
1655 1653
1058 1487
1485 805
1248 1698
1315 1631
1849 1468
1601 1743
1915 391
391 1584
1435 646
561 1301
1499 558
1413 148
1063 1783
941 495
1281 1331
440 1626
1562 556
845 1603
1207 1805
78 1076
114 1869
400 182
255 65
1507 1413
1943 1336
875 88
1343 1162
1720 1410
197 1849
464 1764
926 1195
336 912
710 1784
1589 1125
1539 467
1630 1546
488 1527
964 541
1111 12 1210 1476 1198 1192 30 255 345 282 1604 862 1068 834 988 26 446 1048 884 988 1216 817 5 1012 271 1482 40 1564 12 261 527 1663 407 1068 609 1068 1591 1211 261 1048 9 790 891 1048 407 891 1066 1778 1211 1090 1545 884 1323 1160 261 353 58 1594 290 1192 561 143 444 935 901 1048 1535 1490 1663 439 385 58 128 413 1834 1594 271 433 676 1604 1118 1189 34 561 924 433 532 911 140 554 267 353 636 446 214 1101 1731 128 9 676 472 1504 1011 1545 345 143 1143 292 1111 30 1564 208 1800 1043 282 123 58 472 627 1364 676 34 12 1506 12 685 1663 901 1198 628 1192 344 128 9 1210 1705 345 446 72 822 665 748 183 123 208 1465 48 885 959 1011 261 343 1215 290 1555 9 345 118 676 277 133 636 1555 33 143 1012 636 1800 1365 255 1778 33 609 950 1690 1717 1011 636 1101 12 446 1210 1365 553 919 1663 1198 48 1160 34 56 1615 1189 58 343 367 74 10 472 345 337 815 1596 685 136 1101 9 9 7 9 432 1855 834 432 215 472 884 48 118 234 676 1506 1414 1555 1847 1246 292 676 1726 214 541 72 261 1215 1323 316 554 1458 1513 921 1210 133 472 1048 10 862 153 919 1660 508 919 748 48 9 1414 30 1111 33 1615 48 1564 884 1506 118 950 9 885 267 1266 15 56 950 1545 243 261 1066 650 1596 676 484 1465 484 503 1198 1246 527 1160 669 988 1660 313 12 1244 1624 1107 1048 1761 134 12 1211 845 1665 345 1510 1665 1615 665 685 1107 1506 290 1002 1604 676 1660 5 243 1506 834 1613 1588 1731 1502 292 527 685 1189 439 1717 1564 845 30 1365 261 292 433 1615 472 1575 676 1485 208 77 527 353 1778 1485 676 442 921 1385 1510 26 685 439 1731 234 1215 950 822 665 1545 286 1660 988 161 15 267 1143 261 891 1246 1624 1594 1458 1465 1011 161 12 353 228 344 153 1142 1504 1510 123 1761 1663 48 26 650 1246 1504 484 243 15 7 1118 1535 1011 1210 286 553 1142 527 1266 862 32 1490 1142 911 834 1502 1513 1211 891 822 1286 1385 1202 34 77 1504 1575 413 128 1705 1726 1855 1286 1192 52 834 228 134 1588 40 1761 1080 885 12 1555 1465 650 685 1011 1588 74 316 1068 1080 1624 1011 1101 136 8 444 1778 676 1002 30 553 1465 1198 455 234 367 261 228 33 228 1143 1284 367 1504 72 10 1048 344 77 484 817 1588 1660 133 367 1189 1068 614 748 1660 919 345 1012 143 136 12 553 665 243 1002 935 532 1476 442 407 921 140 1101 345 553 1143 261 1506 295 1266 609 553 911 1504 407 614 676 541 455 343 1690 676 255 128 1535 8 527 1513 1385 845 385 1396 1215 295 1323 385 9 134 313 295 77 1476 561 1107 1101 446 161 1663 12 52 455 37 56 1778 764 764 834 472 1396 676 1564 34 1485 1143 1465 503 271 12 1502 1506 1198 1111 1266 30 33 292 541 446 1101 1482 1564 1690 215 1490 919 1506 1663 790 444 988 295 1800 1198 1575 1458 72 234 636 815 627 215 277 650 1588 1323 286 1266 627 891 1690 261 609 1012 919 1726 1502 243 1458 1143 432 1246 1066 1476 949 243 950 1855 292 343 40 1660 1284 650 442 862 1458 432 5 901 924 123 34 345 815 1726 161 1604 30 344 1717 1284 267 214 508 1192 1604 1215 1510 1834 1080 1048 1142 1564 1396 1506 208 1266 353 133 33 1726 7 1246 123 243 828 1458 676 343 1834 817 862 1610 1545 817 1613 508 12 316 685 173 337 12 1615 935 1002 243 353 442 228 1385 1111 72 290 9 292 15 911 1048 828 1068 12 1476 353 834 1800 472 12 34 1613 676 433 8 650 1211 1591 313 136 1717 1118 385 1834 40 1246 1364 1591 1726 295 1490 295 1657 118 74 1002 885 234 1364 286 508 432 988 1118 959 30 1364 30 1596 949 1855 685 1266 1090 1080 1604 1613 30 1615 48 1610 1705 1266 1284 1160 924 935 1192 1510 1596 1476 1066 1080 950 1012 367 1414 444 37 1535 118 949 884 12 921 628 1414 56 243 30 901 1246 316 862 52 911 337 1596 924 822 1215 118 862 650 609 1396 5 891 1284 748 15 30 1800 1192 1090 1847 1101 134 1761 527 676 1726 9 261 385 911 1615 56 345 1591 1090 337 1189 1266 143 9 924 1476 1365 1800 1066 367 685 828 123 26 413 527 10 676 1665 118 1465 1118 1564 77 277 1731 1266 921 1080 1564 636 911 1111 1198 1107 553 1066 10 183 1855 316 58 676 1502 815 1834 133 1202 1048 1160 345 134 1847 123 1485 1731 385 345 1564 1396 828 1142 26 553 433 1048 1575 1080 1048 1216 1690 442 433 407 503 1855 834 12 153 1490 1555 255 208 313 1189 764 924 609 26 407 1080 1510 37 1012 208 665 1216 650 1761 884 815 506 267 56 385 34 609 444 921 32 1490 208 343 1202 676 665 295 636 748 1513 665 1506 123 134 337 1513 316 40 74 817 9 1202 1396 337 1510 208 1202 228 367 1657 1690 214 295 924 1482 748 74 1778 72 817 935 1575 1323 822 1111 1458 950 1731 1211 506 1414 503 503 919 1043 1323 506 822 1385 1246 1604 1385 12 1485 1610 1465 136 33 1613 921 290 1855 40 685 921 12 282 1284 1660 950 959 455 901 1778 1080 344 442 627 134 959 1575 8 34 1482 1142 472 614 1800 286 1596 267 609 614 214 1012 1705 208 506 1504 921 10 1485 1717 685 828 1090 282 845 433 1476 1043 136 919 506 554 161 433 267 924 243 442 1690 790 1731 1458 261 1800 32 921 228 1111 316 1012 1364 52 891 554 228 432 1286 439 32 30 9 650 1244 636 255 1068 123 1266 1266 764 286 1485 1043 553 935 1192 1244 1588 267 261 1624 234 1506 267 1323 385 1068 1778 1504 367 1490 1705 1731 30 1660 261 472 748 628 627 286 1192 1731 1665 561 214 1202 628 885 1690 541 508 764 173 58 432 1855 1118 1215 134 1800 58 123 32 439 817 33 1066 183 1068 277 367 628 1465 685 1615 901 1476 764 183 685 345 134 541 153 56 764 676 1778 554 676 472 15 385 1663 1588 1107 407 472 52 243 413 822 1482 472 1107 58 503 208 183 1385 12 1834 1726 282 7 685 561 1778 650 815 173 685 1202 950 685 924 1202 173 407 1142 1855 685 56 446 1465 1588 9 1244 337 446 790 345 173 1284 1458 1855 921 1210 1502 1690 432 128 609 1189 1761 1591 541 1624 446 919 234 33 56 959 12 1080 344 1575 935 1118 1142 26 33 34 367 484 1761 173 1588 33 34 1855 1564 1246 1012 161 9 748 1396 1778 950 1011 1101 1365 1160 413 1663 527 1142 1266 1564 143 748 885 26 243 1575 1555 1545 261 1613 316 1564 1160 261 561 243 764 1502 1284 1726 935 685 26 532 8 432 685 1564 234 650 215 271 988 48 9 295 1591 40 118 12 214 140 214 9 286 261 1002 439 367 919 919 37 1465 554 1665 34 1660 790 921 48 828 234 921 9 261 506 413 553 367 1717 1726 455 432 924 527 316 123 343 1192 1365 1847 885 295 472 1189 8 442 1385 1396 282 1731 345 1266 455 815 1118 353 74 628 1717 885 1594 407 685 413 1284 1588 845 1246 1080 446 1215 439 1048 561 817 676 1847 133 26 828 344 901 1726 345 862 267 950 5 1101 1610 123 234 1215 345 949 183 267 1800 1575 133 1011 26 10 828 286 988 255 921 344 669 455 1189 1216 1192 74 123 214 1731 9 636 208 685 1545 58 554 911 1545 532 1396 790 1323 1090 134 183 1244 243 554 901 143 1465 255 561 685 32 949 455 286 614 1506 921 367 261 817 885 1596 271 1485 56 508 30 1726 228 10 34 33 1482 8 822 1591 685 1657 255 1506 1189 1610 1482 261 153 1043 1800 118 1855 650 12 1118 337 1665 1545 891 845 432 316 815 862 215 243 8 1485 988 532 1396 1323 901 1502 34 1485 161 609 12 77 901 123 56 764 628 1615 337 316 1385 1665 1834 413 1855 1564 1216 1101 1002 343 911 9 26 255 1613 1731 432 935 1485 472 1490 1364 1107 1286 433 665 1090 228 472 12 1604 1506 1588 9 1396 506 1588 228 316 442 748 959 1834 614 950 140 444 1090 7 1216 455 676 669 261 208 1192 267 271 815 1244 1506 15 12 1847 1111 891 292 58 1778 1485 1555 676 1284 1657 128 1588 817 891 30 1266 949 1142 228 1142 407 935 345 1624 133 1717 1510 161 1364 553 26 921 1705 834 161 313 921 1216 988 921 32 817 34 1396 1717 1118 183 444 1284 37 133 1535 52 1604 845 343 665 1210 208 862 118 432 9 407 1575 12 128 1726 1160 1476 34 343 1210 1202 1211 1216 208 921 1717 295 12 1090 1591 561 74 561 1142 385 1189 650 921 74 228 345 161 74 1485 12 1246 790 503 313 1555 243 1778 628 1066 12 143 1414 1717 385 337 143 1490 136 1705 609 313 1726 77 1665 1458 891 1545 1588 1663 828 1834 1545 1482 1323 7 628 292 30 1286 1510 1726 1364 12 1198 790 1545 32 455 1490 1202 72 1613 1510 1118 1189 790 1043 123 636 1101 214 1502 1588 1216 1591 1210 282 561 1502 313 1396 1090 432 1610 37 1502 292 541 1246 282 33 1246 472 367 1535 215 1545 685 345 891 128 1834 541 1080 862 685 52 1048 1215 817 15 1002 1323 764 1690 143 1012 345 1502 444 12 554 1323 208 1731 74 1189 1847 208 1591 1490 472 1717 1490 1323 790 1142 183 385 1385 267 12 10 935 828 1043 1555 243 1761 627 1490 503 921 367 34 12 1364 1490 891 353 446 10 385 255 1118 1101 316 32 1043 433 1761 527 316 1564 12 9 433 74 1761 292 128 1731 1564 1588 432 261 316 1604 1385 627 136 444 1211 815 790 541 1778 834 277 1545 446 432 52 118 9 140 627 118 1066 845 183 1244 134 33 1490 30 234 1663 1513 527 37 215 1800 32 26 834 1286 286 1458 1068 1244 271 1043 748 924 444 1476 845 313 1663 1210 1286 432 290 834 764 56 828 1513 1414 1855 669 7 407 1118 367 1855 56 1834 133 413 432 9 1504 1604 822 1855 261 277 243 214 1555 261 313 676 290 628
