1 1804
1804 1681
1681 1102
1102 1193
1193 1680
1680 392
392 487
487 1422
1422 554
554 408
408 1334
1334 1906
1906 326
326 1456
1456 1114
1114 1018
1018 434
434 1691
1691 1797
1797 917
917 1398
1398 307
307 1859
1859 512
512 1728
1728 255
255 270
270 1647
1647 1243
1243 26
26 1545
1545 526
526 564
564 1277
1277 94
94 710
710 975
975 718
718 730
730 1966
1966 1280
1280 1294
1294 506
506 1684
1684 1024
1024 1225
1225 589
589 1554
1554 1130
1130 235
235 821
821 1738
1738 1650
1650 1710
1710 543
543 1936
1936 1446
1446 281
281 1672
1672 1715
1715 787
787 1298
1298 1293
1293 756
756 1123
1123 1406
1406 235
1406 1138
1138 1887
1887 1285
1285 441
441 1999
1999 603
603 813
813 1247
1247 1913
1913 1807
1807 174
174 742
742 1479
1479 66
66 1340
1340 1810
1810 462
462 1945
1945 1561
1561 1318
1318 1579
1579 1480
1480 1894
1894 80
80 1921
1921 659
659 1506
1506 1555
1555 1170
1170 554
1170 148
148 1358
1358 509
509 654
654 1472
1472 918
918 410
410 234
234 904
904 756
904 1421
1421 1790
1790 1417
1417 669
669 1870
1870 63
63 1996
1996 1939
1939 1042
1042 888
888 114
114 976
976 275
275 481
481 222
222 1995
1995 504
504 1084
1084 809
809 1951
1951 1165
1165 1533
1533 384
384 142
142 800
800 427
427 1601
1601 1159
1159 929
929 894
894 188
188 1892
1892 916
916 1388
1388 1876
1876 703
703 581
581 1909
1909 717
717 826
826 1923
1923 390
390 863
863 331
331 1959
1959 1151
1151 1657
1657 391
391 983
983 1601
983 1469
1469 294
294 1930
1930 801
801 213
213 819
819 744
744 188
744 166
166 1217
1217 341
341 956
956 948
948 1050
1050 1021
1021 35
35 1129
1129 718
1129 452
452 1376
1376 225
225 405
405 1514
1514 1933
1933 658
658 295
295 697
697 423
423 824
824 841
841 495
495 403
403 370
370 358
358 1603
1603 1295
1295 1591
1591 1716
1716 1698
1698 63
1698 859
859 1856
1856 1492
1492 1015
1015 629
629 1671
1671 1493
1493 1643
1643 1748
1748 1490
1490 927
927 132
132 1816
1816 954
954 1122
1122 1630
1630 30
30 105
105 1177
1177 1450
1450 1452
1452 933
933 1951
933 772
772 586
586 1357
1357 756
1357 1083
1083 425
425 1041
1041 1902
1902 548
548 993
993 1441
1441 1287
1287 1520
1520 534
534 1110
1110 498
498 217
217 591
591 1080
1080 1714
1714 1882
1882 599
599 1453
1453 1749
1749 1868
1868 1407
1407 1566
1566 1595
1595 1881
1881 368
368 636
636 69
69 775
775 862
862 1512
1512 1473
1473 1852
1852 1780
1780 1042
1780 1485
1485 1250
1250 1507
1507 1441
1507 613
613 1449
1449 852
852 1994
1994 245
245 857
857 579
579 271
271 643
643 1584
1584 1224
1224 601
601 1414
1414 720
720 1075
1075 1964
1964 1556
1556 436
436 421
421 494
494 191
191 125
125 1421
125 131
131 1680
131 1080
131 1031
1031 1884
1884 1890
1890 69
1890 576
576 1244
1244 1897
1897 139
139 290
290 1249
1249 160
160 194
194 714
714 1204
1204 999
999 793
793 124
124 327
327 272
272 838
838 1116
1116 511
511 1995
511 1917
1917 1605
1605 1145
1145 747
747 1239
1239 856
856 47
47 1787
1787 600
600 981
981 1948
1948 680
680 1149
1149 1542
1542 466
466 284
284 291
291 424
424 703
424 701
701 474
474 1486
1486 118
118 1950
1950 1503
1503 1226
1226 866
866 982
982 1458
1458 945
945 684
684 172
172 450
450 144
144 1000
1000 1839
1839 1709
1709 634
634 1608
1608 1236
1236 1392
1392 624
624 1062
1062 1173
1173 1854
1854 923
923 1900
1900 1158
1158 288
288 771
771 845
845 688
688 309
309 1652
1652 712
712 1171
1171 1784
1784 510
510 1960
1960 502
502 1779
1779 1432
1432 42
42 1646
1646 585
585 335
335 1977
1977 1983
1983 963
963 367
367 1895
1895 442
442 1618
1618 5
5 1852
5 713
713 73
73 60
60 286
286 1416
1416 948
1416 502
1416 363
363 665
665 1817
1817 635
635 1044
1044 1563
1563 651
651 840
840 1662
1662 877
877 74
74 379
379 653
653 516
516 1420
1420 102
102 1782
1782 1721
1721 1502
1502 1243
1721 371
371 214
214 876
876 1303
1303 805
805 1162
1162 1095
1095 928
928 1867
1867 1571
1571 1808
1808 1074
1074 1252
1252 782
782 1206
1206 1323
1323 1397
1397 128
128 1496
1496 1688
1688 153
153 761
761 1349
1349 1284
1284 1807
1284 1600
1600 1081
1081 1385
1385 670
670 68
68 121
121 3
3 886
886 296
296 1683
1683 156
156 1631
1631 1294
1631 868
868 1436
1436 1577
1577 883
883 695
695 477
477 869
869 1260
1260 1017
1017 631
631 1268
1268 1807
1268 1197
1197 663
663 1708
1708 900
900 673
673 37
37 86
86 1254
1254 990
990 519
519 1489
1489 1515
1515 885
885 250
250 1153
1153 1858
1858 899
899 1690
1690 90
90 1643
90 1314
1314 1029
1029 640
640 1549
1549 554
640 532
532 962
962 741
741 480
480 7
7 97
97 1781
1781 40
40 1804
40 3
40 1996
1781 807
807 134
134 1497
1497 255
1497 1845
1845 1414
1845 531
531 533
533 1685
1685 491
491 1166
1166 243
243 420
420 59
59 1114
59 1823
1823 1209
1209 57
57 1113
1113 155
155 1744
1744 149
149 1544
1544 303
303 127
127 1315
1315 1623
1623 589
1623 718
1315 1635
1635 164
164 513
513 1766
1766 291
1766 468
468 1494
1494 1078
1078 503
503 1207
1207 1887
1207 465
465 288
465 61
61 398
398 1319
1319 1610
1610 932
932 1983
932 806
806 185
185 694
694 141
141 947
947 1927
1927 1968
1968 1826
1826 1082
1082 786
786 520
520 1347
1347 152
152 240
240 1746
1746 1937
1937 278
278 1096
1096 1753
1753 757
757 788
788 15
15 1742
1742 1307
1307 1536
1536 538
538 1437
1437 1389
1389 552
552 1124
1124 386
386 1537
1537 97
1537 1626
1626 1087
1087 336
336 842
842 432
432 557
557 1880
1880 1199
1199 1291
1291 602
602 859
602 1339
1339 1283
1283 1400
1400 1253
1253 1434
1434 1061
1061 1099
1099 652
652 767
767 1154
1154 301
301 428
428 1951
428 1716
301 937
937 754
754 735
735 1296
1296 1978
1978 687
687 377
377 1089
1089 1891
1891 288
1891 111
111 783
783 547
547 637
637 280
280 1191
1191 1943
1943 1521
1521 1935
1935 922
922 215
215 1921
215 1178
1178 1707
1707 814
814 789
789 1409
1409 432
1409 36
36 262
262 695
262 1655
1655 153
1655 1602
1602 1083
1602 1948
1602 1726
1726 1372
1372 1560
1560 759
759 1070
1070 1019
1019 482
482 578
578 902
902 256
256 332
332 1538
1538 1526
1526 23
23 1693
1693 835
835 593
593 906
906 432
906 212
212 376
376 600
376 1176
1176 1722
1722 708
708 1274
1274 560
560 627
627 700
700 79
79 1719
1719 1169
1169 1501
1501 145
145 24
24 100
100 1651
1651 220
220 1207
220 1849
1849 1332
1332 92
92 627
92 1998
1998 1269
1269 1560
1269 1874
1874 709
709 505
505 1006
1006 1558
1558 720
1558 749
749 1367
1367 942
942 1378
1378 1727
1727 1329
1329 1761
1761 847
847 970
970 1460
1460 655
655 726
726 225
726 794
794 1011
1011 1840
1840 944
944 575
575 524
524 1228
1228 1673
1673 824
1673 1736
1736 140
140 12
12 794
12 73
140 790
790 153
790 1920
1920 1740
1740 1009
1009 645
645 757
1009 1889
1889 1374
1374 1908
1908 322
322 957
957 499
499 1539
1539 1379
1379 173
173 1911
1911 1581
1581 1877
1877 317
317 1380
1380 180
180 157
157 1772
1772 1428
1428 1860
1860 181
181 574
574 336
574 1717
1717 1132
1132 579
1132 1142
1142 1841
1841 1009
1841 527
527 435
435 1120
1120 1483
1483 686
686 779
779 388
388 69
388 1722
388 159
159 991
991 1241
1241 425
1241 108
108 1128
1128 1089
1128 1164
1164 794
1164 746
746 583
583 537
537 1282
1282 1847
1847 668
668 83
83 1377
1377 1325
1325 1494
1325 1198
1198 911
911 497
497 522
522 1244
522 244
244 1198
244 1967
1967 1701
1701 1448
1448 1421
1448 1244
1701 318
318 120
120 437
437 1377
437 642
642 478
478 1363
1363 594
594 714
478 678
678 1592
1592 458
458 123
123 1033
1033 1076
1076 202
202 621
621 1196
1196 935
935 179
179 774
774 13
13 418
418 1726
418 209
209 1345
1345 1479
1345 1412
1412 830
830 451
451 294
451 980
980 1926
1926 1259
1259 397
397 990
1259 1179
1179 446
446 1765
1765 1542
1765 489
489 1949
1949 1665
1665 903
903 1297
1297 358
903 401
401 1457
1457 1561
1457 436
1457 350
350 440
440 1145
440 1557
1557 947
1557 1486
1557 91
91 625
625 1864
1864 1421
1864 927
625 715
715 383
383 187
187 791
791 402
402 875
875 103
103 963
103 1590
1590 1468
1468 1143
1143 959
959 1958
1958 1014
1014 656
656 38
38 415
415 694
415 82
82 711
711 483
483 1903
1903 1599
1599 627
1599 1812
1812 1494
1812 95
95 1299
1299 1246
1246 1660
1660 233
233 1188
1188 1673
1188 1146
1146 139
1146 1621
1621 441
1146 11
11 1750
1750 1857
1857 1616
1616 1402
1402 1445
1445 564
1445 1269
1445 753
753 1885
1885 802
802 93
93 1875
1875 563
563 244
1875 549
549 256
549 1107
1107 1007
1007 608
608 1693
608 1785
1785 1324
1324 72
72 644
644 4
4 1108
1108 305
305 683
683 121
683 1290
1290 1419
1419 1500
1500 1456
1500 622
622 666
666 1635
666 405
666 898
898 1800
1800 1751
1751 654
1751 1263
1263 926
926 1865
1865 1065
1065 1662
1065 1456
1065 1251
1251 348
348 464
464 127
348 1777
1777 1187
1187 1758
1758 1884
1758 1622
1622 272
1622 1625
1625 1133
1133 92
1187 63
1187 1420
1187 1289
1289 893
893 1635
893 1559
1559 1907
1907 1425
1425 1883
1883 279
279 1861
1861 638
638 1628
1628 1240
1240 1613
1613 16
16 1980
1980 1772
1980 123
1980 1913
16 248
248 1762
1762 1309
1309 32
32 1605
32 395
395 115
115 1447
1447 1798
1798 876
1798 1695
1695 258
258 969
969 721
721 503
721 1736
969 1461
1461 1082
1461 1709
258 1661
1661 1331
1331 1497
1331 405
258 635
258 1327
1327 760
760 117
117 1010
1010 1760
1760 1931
1931 859
1931 1513
1513 1498
1498 59
1498 1759
1759 274
274 1003
1003 75
75 39
39 1336
1336 1951
39 258
39 133
133 1521
133 1676
1676 877
1676 71
71 1093
1093 242
242 263
263 306
306 1799
1799 1510
1510 727
727 774
1510 776
776 520
776 157
1799 169
169 982
169 1870
1799 919
919 1211
1211 323
323 810
810 560
810 1673
810 1369
1369 494
1369 499
1369 1294
323 1524
1524 698
698 1570
1570 1094
1094 74
1094 1282
1094 754
1570 1871
1871 1732
1732 216
216 1266
1266 541
541 1427
1427 1739
1739 1125
1125 146
146 1304
1304 1955
1955 623
623 610
610 1139
1139 391
610 1192
1192 1699
1699 1321
1321 1175
1175 1548
1548 895
895 1036
1036 411
411 221
221 1304
221 1850
1850 955
955 126
126 812
812 570
570 1639
1639 1824
1824 469
469 9
9 875
9 475
475 1330
1330 1888
1888 655
1888 934
934 693
693 119
119 1585
1585 628
628 1466
1466 1801
1801 1141
1141 258
1141 1302
1302 1952
1952 668
1952 892
892 944
892 413
413 329
329 1366
1366 1299
1366 1298
1366 1587
1587 1550
1550 1582
1582 69
1582 356
356 777
777 223
223 751
751 882
882 1594
1594 779
1594 1872
1872 1718
1718 1465
1465 1312
1312 795
795 1565
1565 875
1565 1879
1879 116
116 1476
1476 1713
1713 1540
1540 1607
1607 1381
1381 1113
1381 1098
1098 266
266 1433
1433 1532
1532 334
334 416
416 639
639 1542
639 399
399 783
399 1274
399 1904
1904 567
567 1002
1002 1408
1408 295
1408 1356
1356 1818
1818 1760
1818 894
1818 848
848 1147
1147 1017
1147 482
848 1020
1020 1030
1030 287
287 1730
1730 1385
1030 839
839 545
545 664
664 364
364 875
364 1586
1586 1989
1989 835
1989 1874
1989 1194
1194 1820
1820 956
1820 433
433 251
251 974
974 1436
974 1429
1429 1979
1979 236
236 302
302 1451
1451 736
736 1508
1508 1902
1508 1203
1203 784
784 1778
1778 1082
1778 825
825 1350
1350 456
456 1857
456 291
1350 678
1350 733
733 353
353 1966
353 158
158 1620
1620 785
785 463
463 409
409 1442
1442 1859
1442 1982
1982 952
952 843
843 635
843 1395
1395 327
1395 81
81 880
880 1364
1364 28
28 76
76 1125
76 1806
1806 148
1806 611
611 179
611 636
1806 928
1806 493
493 207
207 708
207 1130
207 1928
1928 1077
1077 1731
1731 182
182 470
470 255
470 636
182 708
182 692
692 1012
1012 673
1012 239
239 1328
1328 1495
1495 685
685 1054
1054 1347
1054 1299
1054 1343
1343 1085
1085 45
45 500
500 481
500 900
500 484
484 1534
1534 951
951 1561
951 592
592 1885
592 596
596 1957
1957 85
85 1664
1664 723
723 985
985 1183
1183 97
985 1593
1593 1080
1593 493
1593 201
201 471
471 73
201 1263
985 334
985 1743
1743 565
565 1475
1475 81
1475 533
1475 1861
1475 263
1475 1770
1770 884
884 1737
1737 1563
1737 1367
1737 661
661 503
661 1239
661 1925
1925 517
517 629
517 75
517 319
319 449
449 1198
449 1009
449 146
449 886
449 556
556 252
252 792
792 468
792 1319
792 1039
1039 1355
1355 302
1355 269
269 138
138 206
206 1198
138 24
138 634
269 835
1039 866
1039 1474
1474 1213
1213 1993
1993 293
293 1897
293 1391
1391 501
501 1443
1443 1358
1443 525
525 1914
1914 1541
1541 588
588 1172
1172 1130
1172 170
170 1032
1032 129
129 508
508 582
582 1884
582 1660
582 759
508 618
618 1814
1814 760
1814 517
618 86
508 1439
1439 1476
1439 887
887 1332
1439 340
340 978
978 1507
978 672
672 805
672 796
796 1259
796 798
798 526
798 410
798 1532
796 763
763 1564
1564 1794
1794 1373
1373 1579
1794 1671
1564 1624
1624 1245
1245 1517
1517 509
1517 797
797 1222
1222 630
630 833
833 1674
1674 1451
1674 1129
1674 1323
1674 1476
833 1860
630 1629
1629 1912
1912 1034
1034 109
109 1279
1279 62
62 1179
62 1686
1686 1512
1686 942
1686 298
298 1692
1692 197
197 606
606 1767
1767 1511
1511 1802
1802 859
1802 1427
1802 1584
1802 1248
1248 263
1248 1247
1511 673
1767 122
122 404
404 875
122 1736
122 677
677 1999
677 711
122 1035
1035 542
542 1957
542 544
544 1663
1663 366
366 1200
1200 1787
1200 939
939 1563
939 1585
366 1741
1741 1734
1734 1144
1144 742
1734 1109
1109 1202
1202 472
472 165
165 226
226 285
285 987
987 1776
1776 498
1776 1228
987 384
285 675
675 512
226 716
716 173
165 1988
1988 1136
1136 1362
1362 1097
1097 648
648 1656
1656 154
154 671
671 1236
671 1234
1234 1714
1234 1598
1598 1136
1598 1861
1234 463
671 838
154 1390
1390 246
246 688
246 1620
246 1849
246 514
514 861
861 818
818 153
861 1844
1844 815
815 1316
1316 275
815 70
70 865
865 1332
865 360
360 617
617 580
580 1617
1617 979
979 762
762 823
823 1465
823 676
676 1040
1040 143
143 837
837 977
977 784
977 1262
1262 1400
977 997
997 1405
1405 129
1405 567
997 1042
977 1714
977 414
414 261
261 1953
1953 832
832 990
1953 419
419 950
950 1530
1530 1403
1403 941
941 147
147 1327
147 1323
147 1342
1342 846
846 1135
1135 343
343 94
343 1914
343 320
320 1013
1013 1479
320 371
320 1939
343 881
881 1333
1333 764
764 1520
764 1109
764 1654
1654 1306
1306 989
989 920
920 1478
1478 1759
1478 175
175 308
308 1104
1104 1092
1092 46
46 1258
1258 1563
1258 1066
1066 421
1066 734
734 1929
1929 139
1929 254
254 1261
1261 973
973 1572
1572 1504
1504 88
88 836
836 1305
1305 402
1305 1793
1793 48
48 930
930 1690
930 304
304 1090
1090 1890
1090 48
1090 1198
304 984
984 1319
984 21
21 64
64 1491
1491 1292
1292 392
1292 140
1491 1204
1491 1811
1811 986
986 1828
1828 1885
1828 1611
1611 1615
1615 346
346 817
817 1641
1641 972
972 1229
1229 1947
1947 822
822 1546
1546 1568
1568 1711
1711 198
198 882
198 378
378 1237
1237 1518
1518 1551
1551 361
361 1220
1220 1606
1606 704
704 1702
1702 232
232 1763
1763 228
228 1649
1649 547
1649 420
232 84
84 1475
232 1282
1702 1914
1702 844
844 1789
1789 237
237 190
190 1591
190 300
300 1663
300 1464
1464 1922
1922 1243
1922 136
136 422
422 94
422 807
136 1335
1335 360
1335 1042
1335 863
1335 1637
1637 1882
1637 1871
1637 866
1637 1723
1723 1941
1941 1903
1723 579
1335 1237
136 836
1922 686
1922 1777
1464 1694
1694 406
406 1617
1694 1873
1873 587
587 1805
1805 1148
1148 315
315 1311
1311 155
1311 195
195 828
828 89
89 82
89 1026
1026 863
1026 577
577 193
193 1660
193 907
907 411
907 1028
1028 1208
1208 1569
1569 338
338 1788
1788 1089
1788 1227
1227 1298
1227 1897
1227 1399
1399 1542
1399 1712
1712 1838
1838 674
674 1956
1956 626
626 1785
626 279
1956 1309
1956 1937
1956 720
1956 238
238 1333
238 914
914 1339
914 1612
1612 879
879 809
1612 1819
1819 1035
1819 407
407 372
372 1791
1791 831
831 1675
1675 1635
1675 1705
1705 1507
1705 794
831 1967
831 1898
1898 571
571 1420
571 972
571 1946
1946 1909
1946 1544
1946 1858
1946 194
571 114
1898 674
372 1724
1724 1652
1724 1975
1975 1351
1351 1006
1351 1640
1640 967
967 1753
967 773
773 1713
967 591
1351 54
54 160
54 28
54 1876
1975 1923
1975 1061
1724 1570
372 1391
1612 145
238 903
674 1185
1185 412
412 690
690 799
799 1775
1775 1744
1775 1353
1353 748
748 591
748 1958
748 670
1353 1071
1071 947
1071 628
799 1207
690 1582
412 584
584 732
732 1370
1370 99
99 1963
1963 282
282 920
282 298
282 1145
282 1080
1963 1041
99 1345
99 9
1370 427
732 463
732 779
732 726
732 149
584 529
529 729
729 1659
1659 557
1659 1677
1677 1829
1829 371
1677 25
25 467
467 1384
1384 533
467 29
29 294
29 465
29 822
25 382
382 1962
1962 1926
1962 1136
1962 1722
1962 1958
382 1450
382 1043
1043 1666
1666 1032
1666 829
829 203
203 1588
1588 264
264 1600
264 1400
264 259
259 335
259 105
264 479
479 919
479 1741
479 538
479 951
264 1207
1588 2
2 1226
2 45
1588 1914
1588 72
203 292
292 1746
829 566
566 44
44 751
44 248
44 577
44 1844
44 179
566 1182
1182 1938
1938 633
633 31
31 612
612 1702
612 1023
1023 17
17 86
17 132
31 1341
1341 707
707 148
707 1321
707 768
768 1944
1944 1965
1965 495
1944 926
768 1226
768 1824
1341 934
31 296
31 1581
31 1359
1359 507
507 1571
507 1004
1004 1300
1300 1747
1747 1509
1509 1241
1509 382
1747 1299
1300 1440
1440 445
445 889
889 1771
1771 1671
1771 1156
1156 719
719 811
811 1411
1411 1515
811 1045
1045 325
325 1536
811 490
490 515
515 1421
515 1918
1918 1746
490 709
490 1209
490 1442
490 1801
811 1711
719 1696
1696 726
1696 1038
1038 225
1696 720
719 538
719 1662
719 1768
1768 1958
1768 711
1768 941
1768 905
905 476
476 1699
476 1792
1792 106
106 528
528 685
528 1436
528 249
249 555
555 1836
1836 271
1836 700
1836 1943
555 1181
1181 367
1181 1155
1155 454
454 1652
454 113
113 173
113 253
253 6
6 1837
1837 1041
1837 455
455 1191
455 755
755 316
316 913
913 1521
316 1877
316 1466
755 1969
1969 1618
1969 1282
1969 1214
1214 253
1214 1150
1150 1512
1150 1568
455 24
455 1190
1190 1987
1987 1916
1916 1690
1916 1979
1916 587
1987 691
691 850
850 1700
1700 150
150 392
150 1468
1700 107
107 1378
107 840
107 1303
850 459
459 1978
459 1087
459 851
851 1958
851 877
851 574
851 854
854 1025
1025 956
1025 1151
1025 1602
1025 715
854 1089
459 1525
1525 400
400 1998
400 129
400 460
460 1609
1609 230
230 1999
230 1195
1195 909
909 635
909 1787
909 1062
909 1163
1163 1120
1163 581
1163 1294
1195 393
393 559
559 1663
559 98
98 1153
98 1543
1543 855
855 577
855 888
855 1227
1543 148
1543 1822
1822 393
1543 1383
1383 344
344 425
1383 945
1383 925
925 86
925 547
1543 1033
98 936
936 35
559 1781
559 3
559 1565
393 1971
1971 523
523 739
739 245
739 1514
739 992
992 1418
1418 1831
1831 670
1831 1088
1088 1282
1088 181
1831 986
523 1986
1986 595
595 461
461 1573
1573 692
1573 1450
461 378
461 354
354 1352
1352 1261
1352 953
953 1242
1242 322
953 33
33 1714
33 1122
33 1736
33 1272
1272 1469
1272 254
1272 140
953 366
1352 1872
1352 1539
354 1136
595 1028
595 1584
595 236
595 1069
1069 1892
1069 706
706 1059
1059 1669
1669 1289
1669 1188
1059 337
337 1089
337 646
646 678
646 1008
1008 1499
1499 1796
1796 756
1796 1488
1488 1859
1796 1062
1499 1685
1499 968
968 1603
968 1477
1477 794
1477 67
67 1752
1752 835
1752 2000
2000 1317
1317 569
569 1298
1317 1149
1317 1005
1005 1441
1005 644
1005 1452
2000 423
2000 1469
1752 234
1752 1377
1752 1473
1752 1180
1180 1157
1157 1029
1180 1089
1477 873
873 170
1477 821
1477 1854
968 1261
968 1462
1462 1338
1338 539
539 308
539 701
539 1392
539 758
758 87
87 1552
1552 1113
1552 859
1552 1899
1899 367
539 1321
539 1768
539 526
1338 1616
1462 76
1462 1295
1462 938
938 1218
1218 1100
1100 1443
1218 1865
1218 393
1218 514
1218 963
1218 1601
938 886
1462 995
995 1605
995 607
607 1909
607 1537
968 192
192 200
200 1901
1901 1301
1301 1863
1863 1567
1567 297
297 1256
1256 738
738 446
738 597
597 210
210 208
208 689
689 227
227 1371
1371 1173
1371 1821
1821 486
486 1528
1528 1153
1528 241
241 590
590 1263
590 1078
590 1211
241 1456
241 784
1528 1224
1821 247
247 1589
1589 1882
1589 1018
247 662
662 403
662 1247
227 724
724 1538
724 429
429 991
208 1480
208 204
204 1131
1131 804
804 1783
1783 819
804 209
804 1784
204 312
312 1330
312 1060
1060 209
1060 1639
204 657
657 24
657 525
657 1376
657 1344
1344 1811
1344 781
781 853
853 396
396 1464
853 1393
1393 641
641 1578
1578 784
1578 119
1578 1235
1235 498
1578 1431
1431 1231
1231 895
1231 867
867 1854
867 1997
1997 176
176 1115
1115 588
1115 1184
1184 545
176 614
614 1030
614 583
176 1445
1997 966
966 584
966 1364
1997 597
1997 1844
867 235
867 296
1231 1089
1578 588
641 1638
1638 888
1638 1728
641 1871
1393 1795
1795 1968
1795 14
14 1632
1632 1264
1264 345
345 780
780 1781
780 1354
1354 483
345 252
1632 996
996 1396
1396 1834
1834 1267
1267 1560
1267 421
1834 1412
1834 1087
1396 546
546 1237
546 1055
1055 895
1055 1887
1055 1042
1055 1535
1535 1753
1535 532
546 1524
1396 248
1632 865
1632 1689
1689 1394
1394 766
766 1562
1562 551
551 1757
1757 1830
1830 453
453 1595
453 516
1830 1249
1830 670
1830 1590
1757 588
551 392
551 575
1562 1024
1562 1067
1067 1101
1101 1365
1365 560
1365 1453
1365 1900
1101 236
1067 1604
1604 1261
1604 801
1604 573
573 1098
1067 1194
1562 346
766 547
1394 427
1689 547
1632 841
1632 1283
14 53
53 15
1393 1972
1972 254
1972 60
853 1663
781 148
657 313
313 276
276 1417
210 347
347 186
186 181
597 1805
738 1874
1256 1015
1256 1482
1482 1842
1842 644
1842 827
827 864
864 1495
827 1049
1049 70
1049 231
231 1057
1057 1520
231 1056
1056 1473
1842 1900
1256 857
297 1568
297 431
431 1106
1106 1430
1430 769
769 482
1430 104
104 236
1430 509
1106 1398
1106 1436
1567 635
1567 41
41 336
41 350
41 115
1863 1653
1653 1970
1970 498
1970 1887
1653 1004
1863 1239
1863 1468
1901 1109
1901 921
921 1973
1973 1266
1973 1494
921 676
921 1289
200 171
171 110
110 877
171 1968
192 1454
1454 699
699 1849
192 1158
968 1542
646 3
646 1325
646 85
337 726
337 1574
1574 816
816 1014
816 234
1574 1950
1574 647
647 1607
1574 132
706 362
362 1932
1932 1052
1052 1687
1687 916
1687 438
438 1072
1072 311
311 653
311 457
457 1678
1678 942
1678 115
1678 1529
1529 318
1529 1532
1529 747
1529 1201
1201 575
1201 1364
1201 695
1678 1083
1072 34
34 667
667 373
373 754
373 1729
1729 1753
1729 163
163 78
78 1160
1160 446
1160 835
1160 1086
1086 1118
1118 462
1118 1171
1118 179
1086 625
78 189
189 1843
1843 971
971 808
808 679
679 1690
808 1329
1843 1070
189 1247
189 1270
1270 598
598 393
598 1516
1516 328
328 174
328 1576
1576 378
1576 168
168 586
168 425
1576 1873
1516 1949
1516 782
598 731
731 483
731 681
681 410
681 814
681 1887
681 619
619 1346
1346 560
619 159
731 1522
1522 754
1522 606
1522 1707
598 1667
1667 443
443 839
443 1382
1382 1294
1382 1169
1382 1119
1119 1190
1119 59
1119 1444
1444 1134
1134 401
1134 1064
1064 1804
1064 1977
1134 483
1134 710
1444 1304
1444 1793
1382 1816
443 923
443 1913
1270 411
163 846
163 1048
1048 963
667 144
438 1519
1519 882
1519 529
1519 60
438 1404
1404 1073
1073 660
660 1605
660 1652
1073 236
1404 338
438 1176
438 493
438 1514
438 591
1687 1112
1112 1423
1423 839
1423 1547
1547 800
1547 1753
1423 603
1687 1372
1052 1614
1614 1212
1212 1753
1212 336
1212 1769
1769 1542
1212 1720
1720 349
349 669
1720 196
196 1250
196 1010
1720 1042
1212 1245
1212 365
365 393
365 1265
1265 564
365 945
1614 1706
1706 1426
1426 1216
1216 410
1426 132
1614 1095
1614 1827
1827 1278
1278 96
96 1634
1634 235
96 377
96 36
1278 970
1614 141
1052 1245
1932 1654
1932 1712
1932 1915
1915 1560
1915 1790
362 1176
362 130
130 271
130 416
706 1905
1905 79
1905 426
426 271
706 712
706 839
706 1563
1986 1853
1853 1746
1986 1467
1467 483
1467 1869
1869 782
1869 702
702 217
702 496
496 1613
496 129
1467 374
374 585
374 369
369 778
778 433
778 837
778 1233
1233 547
1233 1835
1835 49
49 1813
1813 550
550 1437
1813 1753
49 1895
49 1215
1215 205
205 705
705 1992
1992 183
183 1320
1320 352
352 105
352 132
1320 1427
183 1124
183 956
183 1091
1091 1484
1484 1182
1484 540
540 1924
1924 146
540 1611
540 117
540 1797
1091 139
1091 1433
1091 1704
1704 609
609 1679
1679 1413
1413 260
260 881
260 1664
260 1797
1413 1947
1413 1307
1413 492
492 1660
1413 182
1679 274
1704 1849
1992 1460
705 572
572 1435
1435 1865
1435 1512
572 72
572 1927
205 868
1215 908
908 52
52 162
162 1298
162 973
162 300
908 1613
1215 151
151 1152
1152 1164
1152 1859
1152 18
18 209
18 1893
1893 1293
1893 1217
1893 1811
18 1189
1189 1542
1189 1919
1919 257
257 253
257 717
257 553
553 509
553 759
553 897
897 1279
897 1874
897 308
897 142
897 83
1919 142
1919 916
1189 592
18 1378
18 949
949 813
949 121
949 709
949 948
1152 1923
151 1734
49 181
49 1105
1105 1050
1105 825
1835 1127
1127 340
1127 317
778 1745
1745 1159
369 268
268 1098
369 670
369 722
722 447
447 712
447 1029
722 950
374 185
1986 385
385 1310
1310 1328
1310 789
385 1934
1934 1375
1375 221
1375 1848
1848 1867
1934 70
385 178
178 112
112 1138
112 800
1971 574
1971 1699
393 812
1609 543
460 1532
400 919
400 524
850 1074
850 233
1987 1658
1658 579
1190 1955
1190 488
488 1671
1190 1155
1190 119
1837 1927
253 143
253 350
253 556
454 1846
1846 135
135 1618
135 849
849 88
849 1011
849 1171
528 1006
106 380
380 1526
380 1330
380 105
380 1313
1313 1109
1313 1892
1313 1624
1792 933
905 733
905 56
56 1847
1156 295
1156 1833
1833 1781
889 872
872 1866
1866 1587
1866 871
871 735
1866 1633
1633 304
1633 1664
872 1306
445 89
507 570
1359 1492
1938 1221
1221 1570
1221 1323
1221 307
1182 30
1182 1481
1481 1910
1910 1044
1910 411
1481 632
632 51
51 473
473 725
725 960
960 990
960 504
725 1213
725 1581
473 1028
51 899
51 367
632 356
566 682
682 912
912 1686
682 1408
682 1620
1043 401
25 923
1677 1102
1659 944
529 1213
584 1372
1185 1434
674 1885
1838 1037
1037 543
1838 334
1712 1276
1276 164
1712 902
1227 82
1227 1754
1754 202
1754 199
199 1126
1126 1238
1238 1903
199 649
649 250
199 883
199 184
184 915
915 899
915 1979
199 433
1754 1890
1754 1631
1227 1626
1788 1520
1788 1584
338 1275
1275 1662
1275 468
1208 55
55 814
55 948
55 1949
1208 1800
1028 1931
907 1882
193 273
273 1896
1896 737
737 1018
193 1668
1668 1733
1733 1322
1322 1850
1322 164
1668 1401
1401 1540
577 1154
577 924
924 340
924 1540
1026 1539
1026 1991
1991 711
1991 815
89 564
89 1472
89 1290
828 886
195 604
604 1285
604 557
604 383
604 888
195 484
195 575
315 708
315 567
1148 896
896 419
896 1167
1167 613
587 1437
587 1583
1583 695
1873 1748
1694 789
1464 720
190 1075
844 1051
1051 1592
704 160
1220 139
361 802
1551 137
137 57
137 617
137 1673
1551 525
1518 1110
1518 1398
1518 388
1518 326
1237 998
998 1952
1237 1075
1237 923
378 989
1568 1851
1851 1293
1568 1070
1568 1019
822 1046
1046 1283
1046 1303
822 263
822 1867
822 1082
822 1692
1947 994
994 1911
1947 930
1229 281
1229 1451
972 463
1641 1388
1615 68
1615 557
1611 221
1811 1665
64 1135
984 746
48 1083
48 1240
1793 875
1793 499
1305 1803
1803 824
1803 386
1803 787
1803 1402
836 102
88 1936
1504 520
1504 425
1504 1998
1572 140
973 1726
973 1002
973 37
1261 820
820 1348
1348 1772
1348 1124
1261 1929
1258 1191
46 298
46 620
620 942
46 1759
46 215
308 1840
308 145
989 318
1306 1422
1306 1205
1205 430
430 1710
1205 877
1333 1982
1333 1548
846 694
1342 631
1342 1989
147 58
58 129
58 1437
941 1165
1403 1332
1403 359
359 1469
359 762
359 1954
1954 1779
1954 1741
1954 1627
1627 1844
1627 128
359 214
359 185
419 693
261 124
414 420
414 50
50 1645
1645 77
77 692
77 1174
1174 813
1174 723
77 364
837 451
837 875
1040 1254
676 1179
823 543
823 446
762 902
762 1018
979 1452
1617 1891
1617 1895
1617 1850
360 164
865 750
750 255
70 1084
70 1619
1619 669
1619 1682
1682 1204
1682 1391
1682 1870
1682 1021
1619 290
1619 1850
70 314
314 506
314 1196
1844 567
861 1357
861 229
229 1455
1455 194
514 296
514 1930
514 963
514 1191
514 1561
1390 593
1390 1928
1656 1114
648 1269
1097 383
1097 1472
1362 1739
1362 245
1136 234
1136 1772
1136 726
1988 686
1988 462
1202 1398
1734 1628
1741 1870
1741 622
1741 1459
1459 101
101 1939
1459 219
219 1022
1022 82
1022 976
1035 1476
1767 213
606 329
606 1361
1361 1407
1361 1648
1648 355
355 402
1648 982
298 1326
1326 286
1326 934
298 1321
298 1631
1686 745
745 926
1686 574
1686 1207
1686 1681
62 1443
62 1447
1279 518
518 1858
518 659
518 38
109 1079
1079 174
1034 1255
1255 1009
1255 1849
1255 759
1034 1545
1034 1539
1912 1309
1912 1889
1222 1981
1981 1284
1981 901
901 1110
901 893
901 42
1981 262
1222 8
8 1718
8 1494
1222 535
535 209
535 1897
535 1429
797 1165
797 1967
1517 1722
1517 1211
1517 1117
1117 391
1564 1254
1564 1017
796 10
10 1697
1697 1271
1271 1191
1697 860
860 794
860 239
860 549
10 1548
978 508
508 943
943 68
508 793
129 1409
129 82
1032 1041
1032 1571
1032 493
170 1878
1878 779
588 1594
588 757
1914 670
1914 1560
1443 591
1443 1636
1636 635
501 93
1391 917
293 593
1993 383
252 1009
252 575
252 180
556 1990
1990 1753
556 120
517 1556
517 519
661 1787
661 974
661 1597
1597 1047
1047 591
1737 1260
884 601
884 1263
884 1089
884 1571
565 1786
1786 80
1743 1377
985 1453
723 474
723 1284
1664 1058
1058 299
299 533
299 651
299 1894
299 1855
1855 1441
1855 1631
299 1594
1058 270
1664 1417
85 1736
592 793
951 1247
484 326
500 1826
45 394
394 1644
1644 526
45 283
283 1438
1438 1989
283 1377
283 318
283 859
283 140
283 444
444 1358
444 83
444 1989
444 814
444 591
444 1194
45 1940
1940 27
27 63
27 1162
1085 1247
1343 1494
1343 61
1328 1273
1273 558
558 1288
1288 235
1288 1960
1273 1642
1642 1897
1642 1657
1642 974
1012 991
1012 616
616 1081
616 1647
1012 1259
1012 752
752 1774
1774 463
692 1608
692 1798
182 543
1731 388
1731 281
1731 383
1077 47
1077 305
1928 157
493 336
493 814
493 160
493 1859
493 83
493 726
493 65
65 708
65 326
65 709
65 161
161 902
161 1736
161 958
958 513
958 583
958 631
65 1861
65 963
65 835
76 114
76 982
28 1400
1364 1161
1161 1513
1161 23
1395 1302
952 1746
1982 1197
463 1809
1809 277
277 179
277 1376
277 1095
277 1503
1620 759
1620 1492
1620 69
1620 339
339 116
339 1447
339 1330
339 600
339 1897
1620 747
353 425
353 395
825 1820
784 1224
1203 310
310 767
310 1223
1223 1186
1186 638
1186 212
1186 1471
1471 673
1471 1671
1471 1253
1223 644
1223 886
1223 805
736 1308
1308 1137
1137 284
1137 482
302 1142
302 1772
302 787
236 1852
236 1968
236 1886
1886 243
1979 963
1429 22
22 760
22 117
22 303
251 576
251 749
1820 1721
1194 1514
1989 1019
1989 1958
1586 552
364 342
342 1825
1825 1114
342 379
364 102
664 568
568 1976
1976 1290
839 1892
839 1120
839 659
1030 684
1356 167
167 1191
167 591
167 834
834 1861
834 494
834 1274
1356 711
1356 489
1408 549
639 1324
639 1385
416 1592
416 1191
416 1958
416 1506
334 1779
334 899
1532 1650
1532 1865
1433 390
266 1374
1098 1428
1381 411
1607 1719
1540 759
1540 1680
1540 1082
1713 1693
1476 1890
116 1584
1312 937
1312 477
1312 1744
1312 772
1312 271
1465 1537
1465 1670
1670 1463
1463 1917
1465 1171
1465 751
1465 1681
1718 306
1718 1596
1596 891
891 1084
891 1559
1872 1232
1232 1554
1232 1
1594 835
1594 1537
1594 687
356 174
1582 1977
1550 814
1366 425
413 838
1302 770
770 1801
770 180
1302 728
728 1845
728 1527
1527 384
1527 1917
1801 1722
1466 532
1466 1006
1585 1790
119 1876
693 1917
693 1537
934 1207
934 1385
1330 1584
1824 1790
1639 700
1639 1673
570 1001
1001 92
126 1191
1850 1299
221 549
221 16
411 1967
1036 1715
895 376
1175 1452
1175 1847
1192 1536
1955 1561
1955 919
1304 1087
1304 448
448 711
448 747
1125 306
1427 1132
541 270
1266 841
216 1542
1871 1684
1871 1473
1524 1672
919 1984
1984 1708
1799 75
306 858
858 696
696 1974
1974 1939
696 856
1093 931
931 1544
931 485
485 483
931 530
530 478
1093 389
389 1815
1815 309
389 878
878 124
878 1452
71 383
71 222
75 351
351 1168
1168 390
75 1068
1068 1985
1985 94
1068 687
75 1721
1003 1756
1756 821
1756 1715
1003 1287
274 188
1759 1076
1513 1533
117 1950
117 1927
1327 47
1695 651
1447 330
330 491
330 80
1309 605
605 1410
1410 910
910 859
1762 1847
248 1885
248 942
1613 1994
1613 1449
1628 1490
1628 1470
1470 1673
1628 1883
279 1031
279 1074
1907 1937
1289 1456
1289 1165
1289 452
1777 1966
1865 441
1263 441
1751 1422
1500 1854
1419 1961
1961 771
305 1977
644 439
439 451
439 281
72 1561
72 441
1324 711
1785 902
1007 1780
549 1761
549 538
549 1897
549 959
93 423
93 139
802 1385
1885 296
753 1998
753 420
1445 1449
1402 1078
1750 144
1750 1113
233 870
870 1286
1286 1377
1286 654
233 1412
1660 1389
1660 579
1660 481
1299 1087
1299 1719
1812 244
1812 759
1903 1293
483 436
711 835
82 1294
82 1332
415 267
267 181
415 1400
38 410
656 317
1014 963
1014 1575
1575 536
536 718
1014 1075
1958 1154
959 262
959 392
959 127
959 1555
959 1591
1143 1080
1468 1487
1487 20
20 1592
1468 1024
1590 1386
1386 874
874 803
803 1998
803 1050
803 888
874 520
1386 650
650 1019
1386 1804
875 322
875 1826
402 1920
791 1111
1111 1773
1773 1130
791 446
187 224
224 43
43 1210
1210 153
43 1179
187 956
383 1243
383 1942
1942 144
383 3
383 988
988 1121
1121 1736
988 1472
715 1937
715 1779
350 1421
1457 1890
1665 19
19 1755
1755 1120
19 1591
446 294
446 524
1179 894
1926 845
1926 793
980 1446
980 387
387 1219
1219 1603
451 1736
935 970
202 918
1076 1505
1505 603
1076 291
123 1044
458 1486
642 498
642 1387
1387 1849
1387 1204
1387 255
1387 847
1387 890
890 1937
642 562
562 1808
562 1772
562 561
561 375
375 1129
562 668
1377 524
1377 1114
83 1708
83 945
83 697
83 1082
83 1226
83 591
83 524
668 1230
1230 1999
1282 324
324 1407
583 336
583 1709
583 1673
108 1862
1862 434
1862 410
108 1159
1241 697
159 1199
159 102
388 1943
388 166
779 1492
779 1671
779 759
686 1968
686 1114
686 629
1120 917
1120 1226
435 1360
1360 1764
1764 1684
1764 1738
1841 869
1142 615
615 1374
615 1560
1717 1708
574 948
574 1563
181 295
181 1075
1772 211
211 1736
211 1531
1531 1897
1772 358
1581 1681
1539 1000
499 1019
322 659
1009 1006
1009 149
1740 1130
140 69
140 1781
140 1197
1736 964
964 809
1736 1579
524 695
524 775
575 1512
575 771
794 1062
726 474
726 1171
726 1087
970 384
1761 1357
942 631
942 651
1367 1635
1367 756
749 1852
749 420
1006 747
709 1019
1874 1999
1269 1684
1998 961
961 742
961 1388
92 712
1332 651
1849 877
1849 759
220 1561
1651 534
100 47
24 1061
24 144
79 902
79 370
700 1906
560 999
1274 1074
1274 564
1722 654
1722 835
1176 1735
1735 1116
906 390
593 271
593 576
1693 1601
23 390
1538 1681
332 377
332 513
256 1018
256 521
521 947
902 57
902 631
902 1114
578 290
482 1804
1070 1173
1070 547
759 819
759 1977
1560 333
333 806
333 1691
1560 747
1560 1154
1372 1293
1726 468
1655 787
1655 701
36 1520
1409 1937
1409 1434
1409 1895
789 653
814 1537
814 1691
1707 1703
1703 1647
215 1708
922 367
922 1209
280 965
965 1683
965 234
547 1999
111 1140
1140 153
1891 1610
687 673
687 450
687 1781
1978 1250
1296 127
735 564
754 720
754 240
937 1710
937 1114
301 1368
1368 927
1368 1252
1368 533
1154 807
767 643
652 1746
652 1584
1434 1868
1253 80
1400 468
1400 788
1283 421
1339 929
602 357
357 680
602 243
1291 42
1199 743
743 809
743 663
557 1114
432 294
432 272
336 1042
336 520
336 1643
336 1537
1087 177
177 296
1626 90
552 3
1437 462
1437 1414
1307 1357
1307 1000
1742 327
15 218
218 740
740 1415
1415 1206
218 1684
1753 1561
1753 1472
1096 118
1096 217
278 900
152 1826
152 513
1347 47
1347 442
1347 1683
1082 694
1826 1859
1826 1808
1826 963
1826 591
1968 1921
141 1881
694 513
806 586
1319 121
398 1145
465 275
1207 102
503 1485
1078 585
1078 425
1494 1027
1027 1110
468 450
513 613
164 97
1635 1103
1103 1523
1523 1130
1103 1738
1315 294
303 741
1544 1268
149 1563
155 1171
155 105
155 1605
420 148
1166 425
491 1839
1685 956
533 1029
1497 153
134 548
1029 1281
1281 1095
90 993
1858 1683
250 658
885 564
990 1252
86 1277
86 335
37 410
1708 153
1708 160
1017 1473
869 1571
695 1945
1436 993
156 1424
1424 1165
296 1999
3 945
121 862
1385 940
940 1016
1016 1887
1081 1469
1284 756
761 1257
1257 1493
153 591
1397 534
805 1804
371 877
1420 894
516 1053
1053 1647
1053 172
1563 391
1044 474
1817 271
665 1671
73 809
963 1225
1977 1601
1977 1249
1432 1492
502 1217
510 66
309 441
1854 1021
1000 945
172 47
945 213
1458 255
1226 543
701 1605
291 659
680 1691
1239 436
1145 381
381 813
1605 1902
1605 1337
1337 1906
327 1277
327 512
124 94
124 917
714 841
1249 289
289 765
765 888
1897 1887
1897 946
946 1492
576 1159
191 548
643 1520
271 1024
1512 975
636 1358
636 1042
368 265
265 321
321 434
368 1469
1595 1285
1868 629
1749 1580
1580 1129
1441 756
425 1553
1553 94
1553 821
105 255
859 1832
1832 1406
1716 1725
1725 1469
1603 408
697 1647
1514 1930
452 1554
948 1294
1930 441
1930 654
1930 564
1657 589
581 813
703 1456
703 114
1951 1063
1063 1102
1421 417
417 1193
918 1684
742 1422
1293 1024
1446 1018
1650 1334
94 1018
1545 1422
1334 487
