623 1988
1494 302
1798 221
549 459
1819 1721
1524 1068
1341 1726
1016 1220
1425 620
1304 383
834 249
207 1155
206 1052
694 935
410 188
658 912
1513 293
1442 88
747 581
119 1139
1572 1269
1548 927
1397 1049
895 915
634 563
967 982
1561 1980
510 1232
1391 1672
487 457
429 1366
1218 889
987 1520
1805 1514
17 49
358 917
728 1989
14 525
627 731
180 1789
1430 1498
1394 1522
957 1636
229 569
1207 1824
1548 1036
853 1421
1484 706
1035 234
628 1634
1142 181
1086 1110
1598 1617
1999 590
1619 1499
832 1471
1163 1287
241 1536
1119 1324
646 993
1660 647
342 1270
443 1693
1940 212
468 1464
12 745
586 1327
1930 310
1546 985
1104 1566
165 946
1002 722
432 700
1174 1393
806 120
1795 1257
672 1115
282 1468
977 970
296 1433
58 1009
1425 207
235 1263
1701 695
1154 1973
776 1962
836 1553
149 246
52 806
814 772
376 1698
495 1537
1414 87
1064 1619
609 1292
607 880
1054 1394
252 616
1852 716
562 369
1971 154
1920 22
1177 1659
1668 1847
485 1466
326 1154
1496 958
1668 848
1318 1174
1216 573
1468 649
306 208
1139 228
1878 391
96 1011
1475 1842
124 712
783 1927
513 1099
357 485
1898 1228
1474 164
984 589
711 440
632 292
687 192
1306 906
451 1405
1798 1870
568 1422
1121 143
1608 1444
236 1085
1714 1930
744 1911
54 749
848 748
1457 1633
536 961
463 326
761 1787
1211 674
131 416
121 1156
1146 487
188 1691
322 990
31 1591
678 96
51 854
1035 1467
120 206
1179 1275
1413 824
1746 683
1441 1768
260 1050
1019 1133
876 1233
565 1001
1530 1606
796 1089
1272 1441
1449 1896
589 1762
1837 1823
225 308
1047 1806
745 859
1303 1361
1553 488
1723 550
162 150
1088 711
1500 50
556 668
345 1233
1021 1530
573 180
10 1106
690 244
663 539
459 1543
302 1073
642 1176
869 241
1696 1817
1229 697
142 176
1393 1785
350 758
1459 1539
1669 548
1890 394
34 1179
183 1013
1077 248
1649 704
2 345
1979 434
1984 633
1463 1430
293 1604
1050 467
671 1948
916 263
1648 1299
544 363
953 303
1209 856
1355 640
1422 666
460 1704
674 770
1687 215
656 119
838 1608
1140 1958
1389 1738
1559 138
171 577
682 1737
1408 1552
1192 1917
290 197
1282 1985
1110 1711
1100 1110
974 280
452 703
865 1496
1371 1259
90 649
536 1343
1855 1221
543 1970
268 1184
959 1739
548 146
644 559
1601 288
1879 1741
1327 1310
1109 195
143 617
1121 621
1066 1298
367 1766
105 1379
1995 1059
846 1403
1975 203
1218 1856
970 1301
1698 428
592 1731
1331 1992
1078 1488
933 1433
421 454
563 1663
30 210
33 1260
1714 883
242 1636
911 494
1990 144
1709 427
621 617
891 1580
825 16
1573 364
1883 367
716 1760
1158 169
180 520
98 691
956 1104
1763 662
773 1933
1440 829
1095 1201
826 269
217 905
722 83
86 1915
630 91
455 1223
135 908
274 489
973 427
1755 1977
314 1615
1847 436
316 644
1926 1283
697 918
147 1372
1540 1819
524 886
1388 1644
191 1810
499 598
126 1803
1096 1659
855 448
1270 790
1107 611
337 1401
439 122
751 1128
1167 1330
1506 1783
1323 1428
771 1144
1963 545
1847 275
1302 1778
680 1969
1213 380
306 1466
749 412
617 1727
994 222
719 98
613 198
395 1203
650 1297
660 1899
867 1597
621 988
965 773
1385 1937
1727 1531
1532 1000
1938 1521
597 59
1654 404
44 50
408 1031
1994 503
1392 291
1496 1323
311 1625
734 998
412 1147
1830 481
1994 421
1938 117
300 170
442 123
122 812
405 465
1762 1989
1741 214
418 629
726 247
384 54
866 459
1757 1164
1161 1242
1091 1961
1661 561
279 546
1072 172
363 1533
810 1646
1689 1039
98 730
687 1591
234 778
996 1018
1310 1571
1297 810
1598 1756
179 438
1865 992
949 1010
372 225
1137 2000
534 1866
501 1118
728 1103
194 1518
215 1336
1760 1298
910 1272
311 277
1953 1366
662 1623
1479 412
1609 285
1670 543
87 636
1344 1395
318 888
19 1323
44 974
1203 1226
91 811
821 653
841 1541
955 1358
1563 548
893 285
1180 1453
1623 13
70 1135
1770 1459
25 63
147 422
1378 1370
1007 55
285 1442
982 1244
1011 456
1359 952
1892 1654
780 1165
1783 1209
1435 1809
317 954
1230 867
952 1897
1706 1112
417 984
1351 1008
1872 305
16 1614
156 489
1480 1337
831 1073
64 901
709 1935
1513 1363
1604 1044
145 347
898 1268
1025 381
1901 1027
850 1184
956 832
938 1668
1453 1856
1773 1530
968 404
1725 1423
509 916
1510 1224
905 338
1504 1723
572 1037
1261 1019
1132 1019
1855 458
507 1734
741 632
541 1161
1822 2
1481 742
590 1876
1435 1445
1196 1633
1671 764
1682 133
1625 1562
1027 1240
1755 941
1358 715
319 1335
639 1015
1031 799
195 1594
1620 1577
27 1820
1561 505
1243 1315
74 1164
79 1814
1112 541
1591 306
1473 246
1883 257
1004 442
1012 162
503 1915
1742 762
106 1558
1509 1455
456 1339
194 727
747 1087
1947 1987
228 511
1221 1354
1353 1479
570 490
804 1929
546 780
320 207
1186 853
634 474
596 656
846 1454
729 199
760 576
854 1621
1960 743
87 1867
307 1585
1348 1192
27 238
1202 1294
23 331
1826 325
1717 625
387 1788
291 401
1287 157
359 99
433 294
1633 539
913 1061
790 1177
158 449
207 840
1041 209
1022 1180
671 651
1368 1357
694 978
1289 82
1871 24
1379 1084
1653 830
605 1671
659 1080
742 169
439 1375
879 1216
770 1406
788 1843
1376 272
1730 1449
61 1541
789 850
669 621
531 1175
1728 1662
589 728
244 1040
1516 1320
645 1646
122 1881
1813 881
86 421
286 147
475 232
930 173
1132 29
289 1978
223 872
238 1588
497 583
366 38
425 1681
850 1934
564 1481
1202 866
7 1173
940 651
1769 1777
640 1210
703 895
1936 672
1451 540
1147 1854
1955 1535
190 980
1703 638
1966 75
1052 1648
1647 1493
1879 1745
1815 1737
1381 960
461 700
488 809
1910 634
1169 98
120 566
1631 570
1882 360
43 1415
1026 986
650 645
1979 234
268 1458
750 1077
492 480
435 1058
786 652
129 1854
381 296
1858 424
422 1527
553 1705
1965 415
640 1899
1034 783
89 1046
610 1974
675 66
1164 19
1461 823
818 463
273 1383
208 545
1916 1579
748 210
1987 1086
995 245
964 861
1123 665
711 455
1465 403
925 1862
224 1238
731 1595
109 160
1497 1271
630 159
49 1026
239 1532
1280 585
1878 987
989 917
1273 1149
1090 260
1531 874
770 536
1973 934
1732 956
1493 1106
222 1603
144 405
713 553
1293 119
1903 155
143 552
825 896
1104 999
97 1613
753 430
1245 1700
706 960
999 953
809 532
923 1151
1539 42
1502 1990
1585 685
892 521
612 889
949 1336
217 1213
773 1637
755 339
583 1111
466 752
335 482
1156 1085
1783 1827
1803 1259
1090 1304
675 863
1954 579
405 124
1856 1191
1210 1592
1092 7
40 1026
483 65
92 975
430 1324
21 687
693 1749
1181 1115
11 1150
1518 1439
1996 1780
491 1724
1137 910
1228 670
616 759
830 1911
1046 446
80 944
1019 572
1443 1384
1242 817
1335 1293
1088 855
1983 864
1968 242
1820 392
793 1172
1249 1217
992 586
1309 1994
511 1600
1124 1746
1133 1841
271 462
1433 433
465 712
1993 971
1247 243
572 1841
932 717
114 669
962 1544
1381 605
1262 1276
128 433
264 720
1846 704
560 996
106 1858
1719 1060
1507 199
1110 1673
1491 707
1771 996
1244 968
1410 909
909 1316
1058 991
24 1305
795 871
1280 1352
1034 1570
517 1556
45 170
1139 522
1674 1189
1312 1242
1047 1064
457 1238
579 1030
1115 115
424 407
575 432
1811 1554
1654 6
343 724
1380 128
762 1431
504 551
754 195
843 1476
820 1748
715 722
1939 367
1383 1798
523 1697
961 1792
1267 1376
55 589
461 1955
1123 602
1764 1252
1853 343
57 86
1839 1678
1307 1907
680 1826
1943 1137
1982 175
503 127
1616 1698
947 1674
1780 407
577 1226
1857 1015
148 825
1303 852
1892 968
1832 873
1525 852
715 1436
1802 1249
1049 1328
1235 1542
489 1325
1812 685
1454 1485
1615 696
665 519
1236 130
1130 587
1257 1808
1662 1726
935 69
920 333
1603 1271
401 908
136 1805
914 94
1859 692
871 1036
1094 591
1433 1618
1398 1391
699 1500
951 301
1947 686
105 377
1851 1404
1937 1304
800 1993
1754 408
649 1260
1379 366
250 490
1816 1951
1459 740
231 1461
1298 978
353 1648
700 3
1102 437
620 1155
1629 1984
1416 31
1349 715
983 1489
196 1996
118 54
774 689
472 1508
58 1265
654 1750
1819 1626
1297 938
312 1967
1718 1950
46 1266
1471 953
1508 726
804 757
237 1311
759 1833
1775 1855
875 322
1037 1377
1771 369
1661 523
1756 776
891 776
398 1482
1953 1123
1043 1696
1184 1388
445 335
1384 239
197 893
1455 693
998 284
216 1166
372 535
43 1977
1970 1069
1278 1235
1120 710
720 1939
393 1545
419 771
247 320
544 713
1133 1641
505 1383
1951 180
1664 1793
581 1262
82 32
201 323
581 1273
842 843
823 640
1008 1578
193 1706
1993 1342
1818 727
1522 1597
742 464
241 1504
157 472
1596 1791
894 357
1741 955
1187 1811
860 1512
1311 930
1917 1877
735 132
1868 1675
554 980
969 243
598 770
1609 1098
1915 101
574 409
1014 286
796 879
337 1761
908 1225
328 1122
321 624
950 936
287 1046
1286 1829
1462 1369
1403 1735
541 882
192 186
443 922
855 440
656 646
1152 1317
1848 1016
221 1075
1895 428
1347 1246
451 1623
1175 286
1998 34
629 1712
963 445
1197 135
1326 1397
781 1141
53 382
1420 1268
837 231
85 1012
765 3
247 620
942 1512
975 1669
1605 1722
1039 296
686 1086
508 1866
1205 295
1286 1321
1439 108
387 857
874 1998
253 157
125 53
722 1779
133 1628
1827 856
1604 1666
530 603
1971 1153
1082 46
1436 601
834 959
186 1963
31 357
777 358
1695 638
1926 1784
72 1356
1545 814
1622 205
818 690
1136 1612
1589 1710
822 1888
458 1057
950 1606
518 1196
115 1596
1969 1264
1582 742
1739 657
420 203
1697 1857
1814 1643
1494 266
214 1349
576 492
1902 752
1033 1758
974 1786
203 524
595 1159
1111 508
411 1786
623 187
938 93
716 1066
153 761
54 558
1776 871
358 530
1172 1447
935 1834
1542 1640
1040 20
1555 976
1102 1441
653 164
447 1101
102 300
540 1537
1757 1496
56 592
685 973
1217 1725
1967 1318
1145 145
498 239
1726 1408
1108 403
1219 1764
1128 1475
1911 663
1327 791
945 1322
764 819
1010 1569
1207 1499
1 80
1057 1561
1087 1262
878 964
1318 1200
1036 1494
1632 1887
160 998
610 595
101 184
110 74
1735 1456
1699 1039
1388 1140
388 508
1370 222
1054 13
706 1171
1776 1548
1362 1425
1836 108
1167 1937
146 1551
1905 1161
1986 1988
243 1013
1786 648
870 1966
1404 1487
484 937
965 1426
1401 1125
1109 1608
1874 1741
606 309
297 1649
1914 425
1646 718
718 275
1456 122
89 491
168 441
1005 525
883 310
1299 1964
396 283
445 1116
1076 1105
175 105
951 500
603 1654
1082 1022
362 1749
782 109
635 1918
1461 767
1632 1004
1375 1881
800 1470
1784 808
1208 74
1735 439
11 1960
211 420
107 1063
1031 597
1715 643
491 446
1723 1761
60 557
1538 498
1113 840
1745 95
1785 236
53 486
93 718
479 1753
1046 1724
1877 574
1227 1202
1159 410
537 878
198 538
1713 1063
550 1401
582 1440
704 1195
434 1114
1401 1982
1775 657
1356 1771
385 875
1659 64
1717 1517
1030 438
1828 1141
657 1221
494 223
1079 1137
1529 773
882 537
1893 263
1667 880
170 1419
267 1313
1795 419
1340 318
574 1902
928 947
32 826
1361 1389
1244 6
966 578
1258 48
1929 1754
1341 493
124 923
1390 613
755 756
1176 733
1423 1872
1376 1546
50 411
1558 1780
1307 1508
2000 1272
1364 1254
8 792
1490 41
365 1082
1834 1818
1974 619
346 48
1454 1735
1669 1596
1758 532
765 341
66 1126
1179 881
1234 1574
134 1566
1657 1907
1861 181
1173 230
404 1975
1822 542
988 1531
1688 997
584 1502
88 1245
1183 1476
85 1084
1611 940
1365 1360
1344 1082
1039 897
661 844
276 544
1849 1762
1569 618
409 754
55 1438
37 959
614 1521
398 1936
1880 1985
515 18
104 1358
1268 1163
854 1081
1969 325
1780 1599
1395 46
1682 1517
667 465
1997 1318
1515 974
1460 1120
1601 1212
602 1302
75 374
679 1444
1748 1525
168 777
1188 372
704 1553
1339 690
1046 77
1266 1218
655 1503
1897 1228
308 245
1473 991
978 194
599 688
1718 1215
1508 1362
808 1598
1125 254
263 940
766 1136
856 1736
1624 608
888 1419
779 1289
1387 554
1048 373
1020 452
60 931
1193 1673
450 14
1067 804
810 93
784 21
664 736
314 97
283 1
1201 1506
1485 1456
256 1367
296 1380
1492 126
496 320
37 67
493 1552
863 292
1906 1003
865 19
1572 487
323 384
757 12
91 1290
776 1132
1188 805
423 151
1991 1500
816 468
29 572
1003 1996
406 1347
1587 1586
551 1921
1675 8
116 1216
1810 376
901 471
1055 273
1472 695
1600 336
982 1892
486 588
769 145
1170 1243
1405 1054
403 680
1976 816
823 660
482 390
118 1353
977 1797
1429 822
735 507
1486 785
41 846
996 1478
648 94
1285 261
582 819
1952 305
230 1431
618 1360
251 1319
1789 278
414 913
152 1034
1000 1878
303 1420
208 1831
174 1171
1313 703
954 1409
48 1790
701 1406
1519 527
1578 256
1026 1172
1934 1388
218 1941
1521 1565
1343 544
727 1836
1614 979
1637 907
494 23
1627 1753
1175 340
81 860
1317 906
1024 858
226 1657
1901 140
753 1119
280 648
1600 39
733 1053
1956 16
1354 1561
1231 216
1306 1429
885 1435
291 1197
1482 1544
972 1793
1911 1457
786 1714
417 1007
102 1340
347 1482
1965 1048
775 1555
1752 117
1621 1979
1138 513
1093 1699
929 1239
1818 1439
1731 1902
1620 1033
1161 537
1836 1981
1913 1187
1510 782
1889 1192
1712 758
1981 418
108 418
1915 454
520 148
1606 217
540 1232
426 952
947 1946
309 1491
1550 1462
1850 884
1393 698
1305 1949
68 1121
787 555
259 784
757 1754
1126 954
1591 485
538 1253
844 644
550 708
807 1944
1693 1853
1721 630
424 1399
1014 1329
614 1378
1875 118
1603 190
1700 1107
1869 1901
1085 892
889 1295
1423 1952
1524 1995
676 779
915 388
1506 802
1612 1545
689 1445
1361 1417
788 750
1899 1231
309 297
1792 713
968 211
1476 1344
1841 1717
737 268
631 784
1357 957
1477 573
351 1379
1906 196
723 143
260 1665
799 925
99 1470
1946 1752
34 1813
677 1279
197 1098
157 226
6 211
1616 1895
1566 1471
696 1763
265 1273
1579 1451
1862 789
1232 981
1323 235
1582 1852
1430 1702
1466 1831
1594 1432
68 723
1346 311
1211 499
1290 312
802 1827
863 317
926 1607
1621 1467
1120 484
1113 1032
1662 233
1258 1322
42 61
240 1976
880 1437
190 478
415 373
1612 1148
1576 1774
1862 416
136 5
1985 153
413 1185
817 861
1099 1400
1259 1145
1131 1209
292 939
345 903
1442 483
65 476
379 467
801 1800
987 307
187 678
384 1821
353 732
1697 1894
1888 185
1432 35
21 31
246 219
164 781
1647 1719
1250 1197
242 1904
1808 1309
537 1928
1918 1877
1852 464
948 1025
160 875
1850 585
1924 1240
1747 1023
185 1124
271 201
1665 1047
1180 1337
941 1415
1317 1576
1978 461
1406 961
841 25
603 1244
408 565
298 969
1060 899
379 1806
1380 1618
1279 313
1062 764
833 1108
1896 1516
134 832
1539 841
1226 1583
966 1427
1408 213
1531 1523
679 1432
565 597
836 529
117 1378
1864 792
1045 1978
462 772
814 201
205 1461
1881 1167
1320 969
1810 1616
110 1757
1788 1931
1412 719
998 990
1365 396
934 261
1956 593
1399 1733
896 593
1527 447
515 1403
721 569
1270 1096
806 1684
1702 556
525 1966
1308 1437
1237 611
882 1312
298 1873
469 1700
1187 1861
1251 1309
1419 1205
729 862
1304 1665
962 1936
1382 293
233 493
779 1212
332 781
1417 1738
709 1708
1467 778
649 854
129 1859
571 1923
832 999
282 90
1013 1014
402 1028
636 1796
1181 975
236 1871
1636 1352
1315 452
361 1319
1235 1170
1989 1038
315 398
877 1200
1900 1011
123 313
1716 920
967 530
1992 729
641 462
1164 958
1652 1247
877 1568
934 1481
1787 528
1691 44
899 348
468 1484
1212 82
906 822
344 146
364 1093
1338 1386
1580 1261
1284 262
1749 714
393 641
1457 78
67 1855
990 684
121 1871
346 945
1754 745
22 1822
642 730
1617 1751
1073 1472
713 1533
1178 359
1996 1858
915 1111
1803 1292
1702 1802
38 162
1637 168
1615 1743
844 1574
1747 542
84 1188
1673 1288
1437 297
738 1888
1163 253
1426 168
1145 591
1371 609
61 63
1093 948
232 1356
1672 756
1239 73
1476 365
545 637
1597 445
128 1986
1904 1850
1567 429
790 354
579 179
1449 1833
1075 1529
1801 470
1125 105
886 1498
177 408
943 1368
1638 1880
25 1021
416 268
1070 1391
1976 919
751 1932
1199 174
1825 714
887 789
164 1925
349 1815
244 431
1247 1873
338 1424
672 92
1089 1816
1446 549
369 1478
1443 321
1902 754
377 366
1679 698
17 40
1067 1487
578 167
633 137
335 449
1194 1720
1796 151
264 1883
1918 592
59 352
922 1070
1753 1134
593 820
994 397
1016 926
176 1022
1801 568
1952 193
923 191
1051 1208
1013 340
1489 1808
620 1113
293 1204
1743 1763
840 628
979 702
354 64
1860 43
1256 533
1419 709
1645 1428
1547 1134
375 1102
816 1199
254 351
1061 1003
1062 1440
1585 1884
1283 368
1238 1246
868 1020
1634 560
1973 1285
1963 1677
624 1091
377 85
1131 802
1831 1677
313 1723
570 430
513 486
664 213
665 1302
177 859
508 1105
1428 1729
937 1787
517 1331
471 1562
1779 601
1406 1807
402 2000
1844 216
35 1104
1182 876
380 1424
1351 926
539 719
1352 884
1296 956
493 664
450 1587
598 1838
601 596
604 1895
1644 1811
436 4
1678 209
1680 946
302 1701
1925 735
991 1219
225 655
95 955
505 1688
77 977
576 1420
990 1926
1272 1495
1403 1957
1745 214
1696 796
651 1819
527 1264
1337 612
1291 1685
873 198
1935 229
470 1422
1215 1162
1094 769
30 1799
1703 857
1319 40
1596 344
894 687
1932 1255
453 387
297 1846
1006 135
600 1925
73 1965
382 1099
48 654
109 734
4 1799
608 581
1083 1752
744 1196
514 383
1148 641
1468 33
714 1278
1511 370
907 441
237 1573
1412 1169
1080 10
63 1773
778 1338
418 1505
1630 1997
1215 1667
1987 1193
1230 1394
783 1662
1021 950
254 377
1112 172
867 963
1214 1628
1922 1167
1760 935
137 110
1168 1450
1050 1047
1867 1796
502 1473
340 1629
1584 1770
1730 759
992 1914
1672 1222
1517 1214
1185 1821
1059 99
1538 1384
1105 1160
1044 1373
1707 1961
1740 499
1525 1417
797 966
849 1693
371 250
1213 1414
964 1820
785 783
41 18
395 1770
1126 460
270 564
692 1204
843 142
2 299
1337 1218
688 1589
1335 656
1910 269
234 1114
1619 659
1150 237
1807 1343
1069 393
116 1477
989 967
1772 1150
100 399
1197 1715
1390 1767
115 1563
228 1863
1788 399
381 933
606 1308
1490 515
1893 1611
733 675
64 1346
1528 1096
184 725
1634 1190
1053 632
628 232
1469 1610
1726 664
622 1543
1068 1059
1294 622
1592 885
36 316
1806 1207
1352 1903
959 1775
558 1890
1336 618
1838 536
1710 619
1606 1823
1342 873
1432 1296
1007 1849
1541 1021
78 890
518 1457
251 725
864 843
1356 560
667 923
708 1125
1897 1990
275 748
813 1851
1151 604
376 1326
1607 289
890 642
233 1408
1671 582
1749 1277
1400 1747
652 1930
1951 1769
1610 1617
695 785
95 104
1762 627
1192 1918
1625 847
1967 877
1469 1598
883 71
195 679
1872 1706
1529 1122
551 1331
378 1714
691 1053
933 128
265 1087
904 251
1641 1717
1032 72
1957 1485
1733 450
246 1764
1162 607
1799 723
1012 1840
1291 456
1769 520
447 110
1387 190
937 1488
1140 1187
1143 451
162 1835
1833 1320
63 950
1226 1539
809 1947
695 1034
1488 1942
1183 526
1301 680
366 1012
1212 798
1264 1893
1099 588
343 1157
1804 521
304 62
20 1285
277 1186
1041 60
212 1676
789 737
1966 806
1768 249
1115 828
65 1237
858 1560
1721 775
808 1602
1692 1538
1017 810
1397 1800
88 469
944 1095
1997 1568
1405 1230
1742 102
80 835
897 1380
175 351
1835 1765
637 1227
1917 1731
554 1687
1541 1773
510 125
1709 1932
1374 586
327 1355
1984 1372
812 1385
1373 804
904 361
1707 1532
1912 1241
219 252
1002 141
1424 423
1556 1029
906 1774
310 1680
725 1655
331 1945
3 1744
100 330
952 1898
396 1759
1565 397
74 865
1683 1709
329 524
1172 1016
1626 1593
292 1126
953 492
769 315
1061 1694
1840 615
781 735
283 274
142 1344
1924 140
1273 1940
1650 463
546 750
161 497
1292 1145
1204 813
658 1505
183 1175
1081 1035
1004 677
428 1397
1217 920
206 732
1447 1351
666 1123
1407 1374
1959 512
278 1956
462 413
1939 1043
39 1601
440 479
1015 1135
1227 1446
1628 1097
1837 1213
1289 288
81 942
547 1680
569 1609
284 334
94 919
756 1572
277 847
212 837
214 104
255 1163
1281 839
1238 1509
532 1987
1599 1399
446 1797
82 1910
1239 185
638 1788
542 1182
828 1669
336 1601
1288 111
1355 166
276 356
976 1630
96 1194
748 4
173 839
822 929
1434 189
1347 1455
827 259
7 590
506 1152
135 643
478 1845
1276 837
908 504
1260 1621
1584 171
1409 1675
1135 766
1737 699
797 911
1005 1587
1543 599
1796 782
1170 1640
295 229
725 17
9 1884
399 1314
1542 1643
221 768
340 1329
1072 182
78 1412
399 821
835 1095
71 282
126 1371
73 1746
1176 691
1333 389
354 1024
1058 149
516 1900
528 1605
1851 1067
464 1066
1767 1954
392 650
1724 833
669 552
1863 1658
1141 1734
318 787
1573 1281
1345 224
927 400
594 1434
1838 1807
1640 868
1704 1864
1933 777
200 1116
1833 1652
1312 878
1998 1908
1744 291
615 1088
981 513
1064 1207
555 1708
1688 221
1948 1540
811 976
1908 1813
1245 65
1495 437
1073 152
1029 1507
1733 1005
1534 1795
29 1206
1203 1459
1241 1725
394 1483
259 1416
76 279
522 1658
1324 477
344 1042
1135 1970
1629 422
1708 295
528 1452
504 517
607 1308
1896 1652
1015 1670
752 1109
1923 921
1886 1293
1295 1885
1171 1071
1743 451
566 1052
1366 602
352 1862
281 694
1505 350
1369 1710
167 872
829 1874
1118 743
262 1863
888 555
132 342
552 988
874 26
1811 1142
884 155
1724 977
161 895
137 1208
1763 1405
213 1656
512 272
360 156
637 1782
1277 79
780 1333
28 77
1791 1959
660 166
737 1934
1863 1600
873 1767
341 1744
875 284
1266 1453
477 1843
1553 1620
1157 1672
1841 1377
1322 654
909 720
1068 1178
919 468
1528 1177
820 702
1766 1696
1716 1423
1096 354
1298 1834
1663 945
1806 139
885 1166
1774 929
542 299
661 1234
1334 1724
35 134
130 1068
415 1534
1404 757
480 673
683 983
736 763
701 1838
928 1049
1753 136
1586 75
931 1660
338 636
710 1078
240 1559
1909 326
1246 693
768 1891
383 1050
1127 259
1499 1647
520 924
717 795
391 1520
1144 1994
1588 1017
1220 1008
1343 1792
835 594
1949 1127
1705 1443
1440 204
534 1160
627 1103
47 1998
1487 12
991 219
1870 1891
1933 907
592 574
791 1256
980 949
1694 106
1790 972
308 1503
1162 606
1765 711
1206 1037
1478 849
432 765
1570 1728
1874 95
1224 385
1705 1538
191 604
440 1627
1271 554
913 985
409 1109
133 1236
1456 1922
1444 1296
1728 1341
739 1194
1251 1144
731 258
378 1549
1281 1093
1781 8
380 87
1418 43
1108 1301
1051 447
1350 1880
199 316
1441 626
1748 1303
1278 1814
156 1
72 1634
1767 538
1983 1183
1691 1515
238 650
754 838
1876 762
1877 466
1009 1418
1770 577
1360 360
10 899
1407 1914
1080 1493
983 1257
812 1330
154 1557
674 701
1797 1108
1533 1443
1677 567
262 522
1328 1946
1018 849
911 578
1001 1056
1843 1077
1166 689
406 1509
97 696
1268 673
1483 1382
958 1645
531 1014
1752 614
104 1002
741 675
670 405
586 1681
1861 1554
732 84
1095 1434
740 1583
1254 717
803 1885
1866 314
167 23
732 1635
1310 1256
561 1857
220 830
890 1169
472 1657
327 823
993 228
940 1540
903 1830
172 882
470 1567
700 1535
1452 1317
1124 1048
1618 623
249 67
26 1179
364 173
1171 605
2000 375
1644 1958
712 1151
235 1130
761 1942
1832 613
203 1430
419 1251
662 1054
1636 1850
1797 1465
1182 345
1269 457
383 379
1679 121
1593 159
1540 1944
485 186
108 658
833 970
943 1968
643 1225
323 1185
1640 267
245 112
1384 624
1750 1983
150 1765
686 1100
927 1494
1587 870
1623 1230
1232 1138
252 1730
1787 506
294 187
33 1081
1458 1913
1255 1842
1942 1605
1205 1935
1935 721
1891 1529
1006 401
588 22
222 1387
1097 1995
1236 1524
1223 1547
878 817
1614 1748
831 266
1114 107
583 705
1141 132
511 676
1666 1373
1962 1261
1785 121
1185 118
1329 147
880 309
896 1614
1860 1755
758 921
1253 1624
295 290
423 1510
1309 57
1367 432
864 526
1084 1840
1101 1757
785 1728
1086 851
1149 1622
119 993
39 1289
708 175
1626 630
1233 481
266 1701
1467 434
300 318
1263 587
859 1001
1551 1376
1477 1769
1450 540
1276 1622
394 129
480 255
1523 34
1274 1278
1710 595
1564 1201
763 1697
389 1943
1558 424
139 1824
1941 1005
602 220
1020 161
1680 282
1725 333
1690 1065
1700 1237
1448 158
1063 1041
884 1916
647 869
1777 1789
1199 1464
28 491
1420 480
1143 662
1761 1982
272 444
1128 1255
1928 964
1119 279
464 281
114 1121
148 278
474 346
514 260
171 1203
1411 862
629 350
762 1340
1160 97
1330 514
684 1784
879 1816
1024 1346
1509 362
1189 1938
1366 519
553 1692
527 1826
1396 1919
1196 663
1899 1844
1385 1090
459 1550
648 1976
918 1307
196 1558
638 100
299 876
1424 1867
646 1284
1320 1247
871 400
496 1425
1856 803
1683 751
26 1908
1571 1794
1370 1497
567 1202
1098 202
726 496
1042 1267
1499 1080
1551 512
99 971
281 1760
457 1347
1225 1921
1345 1269
1853 1398
1358 141
1075 328
1740 746
320 1113
1713 1839
734 322
1334 491
807 1626
954 1868
407 355
721 290
1848 1351
352 131
303 898
127 101
274 80
868 1315
692 1363
476 1107
683 1534
1275 378
263 1948
1667 606
1301 1519
487 224
333 1872
1413 1968
181 1407
1844 1592
502 149
322 334
1204 1044
1118 1311
1890 1147
1084 38
594 1564
719 642
677 869
441 358
1656 763
1414 338
219 1252
360 283
1821 1353
1894 70
595 349
270 934
1628 1524
1815 410
652 1549
19 1645
84 1964
1030 580
1315 1313
1643 1243
1399 218
1923 797
1684 566
1842 1999
556 1249
1165 389
1656 523
1586 52
1144 86
1651 1584
427 1128
1392 1250
1416 894
1957 439
1782 1294
626 834
1059 800
1284 1139
1786 240
1764 1730
596 1886
1389 301
1761 708
1908 1275
1750 842
1421 984
389 402
1252 616
1594 1732
577 740
1032 628
404 420
1873 183
1085 1804
70 543
1887 647
1029 729
1396 932
1929 177
1658 336
1972 1371
1854 1513
705 1076
307 9
1593 775
1759 156
410 699
1056 925
1056 352
759 1516
1326 801
984 1849
557 1632
1350 1282
1800 1328
407 218
486 1920
924 825
1681 791
1736 666
401 1715
1649 1642
1018 324
1465 1519
1578 1045
170 787
1944 1593
819 204
1977 502
1378 994
1922 812
670 667
326 431
521 827
1563 344
1550 599
1246 362
1481 1158
1200 227
1314 653
172 1905
112 1153
558 1479
1190 562
588 1747
403 527
999 760
1248 1945
1106 348
969 183
473 1265
979 1303
316 1234
1190 1771
1592 774
1194 1291
516 96
792 126
8 1972
1101 865
59 887
852 1389
1784 1469
24 1804
365 176
730 741
870 52
1921 1556
140 11
373 983
232 1190
1444 1732
1027 1772
1945 1321
159 811
255 1229
79 1542
978 69
101 251
569 893
1415 1058
1690 88
1452 1722
1253 1030
269 1663
158 1869
587 1889
939 1868
1715 504
362 1825
261 1582
1042 1551
1332 1590
1968 1357
1505 571
1913 1644
294 1581
1040 1154
957 1280
243 531
1777 148
727 681
821 1474
910 1102
1153 1413
370 1999
526 365
497 915
1116 482
1970 1612
559 1211
1734 1270
1354 273
1645 1130
1670 766
608 265
872 1286
288 798
1843 780
663 78
710 153
1359 584
1250 1006
718 848
1069 1148
421 127
454 904
1451 510
1325 594
1464 706
339 1345
955 1349
611 264
1577 1758
1613 1143
1028 910
1809 1638
921 911
1330 1090
1446 866
1231 885
543 1136
798 826
535 995
210 68
1418 941
506 1452
1611 671
342 1528
1571 533
1394 963
317 939
123 1504
132 1402
1864 1492
329 1463
391 9
1274 1277
411 914
862 661
1483 1859
1222 339
69 1518
1195 529
1445 1350
1805 1651
601 1335
94 1559
1240 11
1995 359
146 1959
287 28
712 1810
1415 502
1732 35
400 302
103 47
1781 1492
482 1869
869 123
71 165
1676 1198
1466 1963
1708 721
837 205
1186 1686
1375 1922
1438 627
778 1526
13 867
1033 1947
805 995
1533 1692
1894 1670
1434 1506
1500 1515
1336 815
866 622
1871 892
1907 1362
1065 1245
1055 505
917 603
811 312
1240 501
635 56
1134 5
1044 1851
1927 1341
1177 1024
1562 1117
138 1484
1078 761
673 1287
851 1288
1076 534
266 1472
1117 417
149 1219
1789 924
916 671
1919 795
1342 1390
1931 330
1782 1446
1698 801
332 1828
756 1146
83 596
1758 686
495 510
881 652
1402 1528
861 238
492 898
1936 1181
319 1886
1103 258
433 623
261 1158
1426 1933
1849 1438
1530 1837
1470 1342
315 962
1295 1215
1580 1132
169 716
1117 1686
139 1619
413 1875
1630 877
334 684
714 79
361 17
431 1973
593 979
1943 1028
697 226
155 1579
187 516
529 1577
1655 1501
355 1941
939 460
166 1844
1386 1839
455 1627
198 579
1146 1345
1248 1829
1719 10
1734 1402
1129 932
600 332
919 138
1484 174
501 1960
1823 905
705 388
1431 300
192 306
905 380
178 1876
590 1742
368 808
771 57
1547 1805
1792 356
1638 1460
857 1931
1136 393
918 472
1928 27
288 32
4 68
887 131
1028 375
230 102
1534 1489
1622 1676
429 665
422 633
507 342
752 838
456 818
226 1307
1756 1751
840 475
248 1079
188 1991
1045 1367
328 965
301 1364
442 1279
1817 116
1903 1168
584 1897
386 609
90 51
801 928
532 1100
1824 659
1331 1639
720 257
1400 1822
509 1611
926 1578
1722 1306
312 1997
519 220
1233 900
1931 821
193 1072
696 1143
1689 381
995 655
1362 247
425 1310
625 1214
746 674
624 1707
1631 753
1882 396
1319 1655
828 1563
392 1017
1357 1904
324 1575
872 1248
321 498
1071 1062
334 1283
89 1334
1845 215
426 1502
645 938
330 1314
1549 883
557 1660
1554 1407
339 1572
481 1695
1296 134
1588 1297
374 1074
976 1967
397 1603
1597 1448
1554 1865
454 184
1613 1743
838 679
1955 765
1618 1986
1512 391
587 635
258 58
1583 61
1981 912
707 1846
215 1569
1774 738
1545 271
580 747
348 250
1799 114
944 1564
1627 1547
560 562
324 443
881 378
1858 1599
1411 1507
1658 676
1148 271
1460 1282
438 608
1961 942
216 774
1768 37
547 71
369 324
278 896
1372 1051
1766 1590
912 571
213 1661
764 829
1866 902
40 1501
1942 506
1778 518
724 755
1501 986
1875 384
1074 206
489 835
441 967
269 474
772 1875
1447 1220
1536 550
730 733
1287 697
356 363
107 1386
1648 84
390 1027
1655 49
131 737
1681 1571
1122 1637
1790 1664
1581 516
651 807
1191 1295
1739 458
1746 415
336 779
639 1894
1964 535
47 1523
1635 1188
1925 1828
763 561
857 100
1313 161
46 1180
1265 1418
900 1695
1008 289
1927 233
209 931
1332 796
787 709
182 541
452 497
1840 1835
1502 1898
284 1926
688 610
1311 364
1930 547
1098 1690
740 42
1701 152
1155 475
1521 994
824 957
1048 683
1428 1263
1178 800
325 1893
750 1333
1605 1152
1462 1589
184 361
111 515
205 1198
1257 1251
795 927
997 768
1575 922
1686 1421
351 85
575 1955
1514 395
1692 321
1568 227
1685 1650
275 30
1693 1070
28 1046
1259 1094
945 1790
1676 231
1674 1083
273 1980
1049 1674
819 1879
245 1971
414 1546
1003 106
839 1699
1885 1950
444 1906
1826 509
1794 426
367 1332
1729 1348
585 1903
1106 371
1905 1312
1829 845
1158 1852
799 59
1633 1412
23 1248
805 225
1156 24
1338 1713
1646 1668
702 1525
1308 1491
858 901
1986 294
1353 749
227 1785
1812 1683
922 1398
530 1892
522 511
1294 549
45 888
1515 411
1522 200
1074 353
174 1381
519 1653
1751 1580
250 753
1252 1449
571 1712
1198 767
1060 371
772 323
853 417
348 570
374 120
1543 62
1751 1962
1260 1035
1595 1009
471 277
1886 646
985 1694
477 546
117 1565
1949 631
1448 335
75 1684
1091 81
798 1910
860 987
636 423
1264 509
559 746
52 374
1214 130
1193 851
1765 448
1206 1133
182 1905
1537 125
1391 724
69 1818
66 317
924 1956
1624 580
760 303
829 1879
1383 997
159 1555
1427 494
289 256
666 429
1898 144
1489 419
1518 1836
659 1719
1511 1092
1152 1306
1149 212
1438 728
1737 1991
465 191
1607 1045
1153 943
986 1848
1846 836
1324 788
1498 556
1711 111
767 660
851 1711
1464 1381
287 1334
774 1435
1458 1140
1471 576
1116 158
1507 36
490 1119
1071 582
349 682
5 1514
1888 15
1557 1413
1975 329
1225 517
1189 614
1159 682
57 503
1999 178
1503 154
1659 858
925 887
654 972
151 1224
970 1465
1493 1060
430 76
1364 1396
889 803
1210 1231
476 1410
1526 107
1868 1704
1635 1299
56 1917
223 331
448 479
368 1610
1978 575
793 1848
842 1183
900 453
1057 1055
815 1365
936 1837
936 217
1711 1490
1720 1685
1989 731
239 1091
1314 600
1173 1742
1089 116
92 828
555 1205
538 179
1610 1602
690 1909
703 583
1876 230
644 1740
1802 1912
1001 799
633 1051
1427 167
1437 707
1373 1404
359 1993
815 1882
1261 1206
563 346
826 563
15 73
466 409
830 518
981 382
1990 670
902 1613
1665 379
490 76
1130 1729
1523 26
1501 793
1154 270
619 1159
189 1131
1271 478
946 1468
1825 1274
125 981
1807 276
434 1526
169 281
1944 1721
985 1906
1736 1567
140 1772
231 327
707 1642
758 966
848 436
181 992
1065 483
151 109
1066 694
1037 1641
1155 1032
1945 845
227 1679
1835 1088
886 1802
145 398
647 442
1242 1928
1022 1480
567 1782
1369 610
1950 1667
1485 1375
1642 836
371 1631
1738 500
331 1286
481 1703
1583 841
643 551
1900 1291
585 1916
1712 797
562 1018
973 751
1520 1585
1519 1969
15 1124
616 1896
609 1094
1322 1664
847 1117
1334 77
849 1575
1036 831
1103 1038
898 255
1053 863
1958 1142
272 913
382 1920
446 833
1127 163
1727 47
218 450
1077 1165
390 1924
1129 1254
1566 760
1255 1511
386 1803
285 1690
141 1436
1867 1510
13 1522
1921 1639
611 1316
14 870
1200 1393
1920 1400
920 1952
1839 60
1023 1182
1417 951
1660 1004
1706 182
1517 1236
1602 1756
980 1845
1686 1007
1666 1067
1549 547
736 1661
1895 1326
229 197
153 937
631 163
1025 897
83 319
1535 341
685 1709
1169 1176
1907 496
1000 860
1887 677
1421 55
1241 1716
1722 1576
893 202
310 165
676 39
1778 744
1884 973
525 1586
1516 298
895 705
467 1064
1653 744
1831 637
428 928
152 1486
1916 1168
6 1975
1216 1951
475 72
657 1057
1410 264
1675 1864
1498 1912
960 1071
448 455
1328 1083
1639 1411
1972 386
20 270
141 1779
862 36
49 793
1514 171
1453 612
150 855
1 1325
449 390
1941 14
813 1666
1360 1759
782 385
1229 253
856 470
1639 1029
859 1031
211 329
210 114
1555 1290
437 1768
248 1943
304 1550
1570 1927
1382 692
1873 531
1565 1370
498 1707
1695 387
186 208
1699 1025
1562 1186
200 1448
1368 824
1720 1339
460 1409
1842 1092
738 1239
113 1475
176 1395
946 51
1793 864
1063 1678
892 1305
1889 56
512 414
1964 805
220 1778
499 701
38 615
1363 1604
1262 1149
201 413
305 1072
1552 1656
1738 1364
1436 83
1537 1138
591 315
1950 607
699 1691
1759 274
1608 1594
743 1573
1429 738
488 1033
1821 558
1813 786
333 193
1293 1284
1590 1817
897 933
1349 1002
1300 667
463 244
1512 307
363 1705
948 1689
1526 1713
280 914
1823 1414
1948 807
16 820
960 1671
1138 53
1487 1929
914 240
971 1390
330 1474
975 115
723 669
622 304
1017 645
1577 809
1808 771
521 1127
615 150
724 1222
1279 241
625 133
988 103
1079 402
1650 1909
1828 507
1265 1755
1348 635
817 27
325 916
165 90
1643 868
1959 1267
478 1687
1223 136
435 1473
580 265
1567 1953
9 1812
1829 794
1402 790
1377 1682
313 1536
1532 81
1992 1411
1865 1374
1023 2
1111 1076
173 948
548 1791
1299 372
1576 1429
42 25
500 1129
204 1874
416 850
1209 1801
209 1632
767 1355
154 943
473 1860
784 894
1504 337
373 1795
1377 625
1934 1458
1491 1649
972 1983
1560 471
1773 936
1595 473
202 1442
1472 1486
1455 1825
204 1745
18 1454
689 1638
684 368
1729 1889
166 1210
1687 949
1560 1625
305 1112
1480 1266
1557 1368
1544 92
1869 1924
1224 160
1122 1426
5 1584
1300 124
113 1511
1685 818
535 308
539 890
257 1043
1316 1883
1256 1359
1107 909
32 634
144 1300
1546 444
1222 1146
1954 1253
902 1615
1269 406
127 904
1569 1365
573 1777
1038 58
1809 1350
279 788
1977 435
1234 559
1105 314
388 534
678 739
397 1497
479 1223
1431 45
1486 1570
1684 1074
185 1965
717 1548
1305 827
561 639
552 1727
62 1462
1479 394
852 951
1870 1075
1083 1938
1221 1055
1857 70
1985 484
827 631
257 1766
1520 1812
1574 1211
1988 1581
1038 1595
1325 944
1793 842
437 834
1602 891
1263 1348
22 1023
605 1062
1958 1861
523 639
929 15
1340 45
1151 1616
1581 739
458 1354
438 747
578 223
1363 813
357 192
1184 1913
618 1882
632 66
1834 194
301 1129
1617 891
1439 681
1346 1560
604 376
431 20
1409 1781
931 1887
267 1020
1932 113
566 353
526 142
412 129
1243 267
626 37
76 477
958 235
1275 786
1475 370
901 311
824 242
93 1847
1536 337
599 1369
1817 879
1495 626
67 1739
876 1830
1885 1162
1302 1653
1114 1338
347 962
682 188
1814 1170
370 7
202 1065
941 435
597 1056
1191 1718
453 1703
942 1878
777 989
62 688
803 1718
1316 1939
533 426
1919 1776
138 1199
1283 1469
1820 1588
1564 189
1157 755
702 1361
420 1463
1794 1359
224 406
1168 1451
1544 1181
1395 1480
1704 1781
698 1156
802 1801
1503 112
189 1783
1249 1241
1779 319
1237 1410
1367 461
1590 1089
912 629
341 1250
1891 965
3 1392
1070 343
436 30
1552 736
681 658
1694 196
1333 248
1208 1101
1909 1040
1195 1620
1463 886
1816 1477
1652 298
1422 1953
739 1900
256 575
290 1609
1488 528
474 1258
698 236
467 139
673 1229
1982 254
1980 1798
103 874
549 304
768 328
961 276
1914 1327
1800 947
653 332
963 200
469 476
1651 395
1174 1679
775 91
50 280
1961 1000
1219 252
1912 668
1267 414
568 1736
1664 1750
921 1427
36 844
1470 1832
1160 902
899 1631
253 918
500 1396
356 553
427 113
1321 794
1772 501
1497 1387
1097 1178
749 1890
1574 1740
1285 564
1845 1010
612 1191
1374 425
1092 178
1228 1300
163 21
1556 1992
286 1629
1988 678
1292 769
693 1274
668 1217
847 853
1589 1974
617 103
971 1832
533 584
163 1416
1731 466
745 565
619 1815
1087 1940
51 33
449 1901
112 1557
524 1702
111 846
1559 816
1960 237
997 1870
1198 327
746 598
641 814
932 1776
350 1923
1884 1683
1290 1630
12 177
1678 557
18 1957
1010 815
299 903
1100 1193
1165 1079
1744 1006
1372 1527
385 734
444 1061
1043 1332
861 392
655 1971
1974 349
1482 672
1445 1460
1599 355
1339 1650
1478 443
1940 1276
591 347
1277 1235
155 1450
1220 1607
564 1582
691 741
1880 1120
1282 710
1288 41
1134 1651
529 488
986 1447
1677 1227
1166 1809
178 1173
839 1689
903 900
1329 1984
668 1716
1827 568
1824 1647
1804 1949
1398 1157
1575 1853
766 1069
400 831
1641 1682
258 473
1830 453
917 982
1535 1392
249 1775
1492 1972
1854 1382
1450 495
1011 1720
930 1281
1946 1189
1657 726
1527 137
907 989
1147 1483
1474 600
1052 1635
792 386
1937 514
1386 1041
77 446
1673 1490
1904 1280
375 1495
993 262
1081 1979
681 1981
355 1733
1254 1919
1859 1513
1881 1385
1962 29
1009 1860
791 1794
1791 1042
483 469
1579 495
1980 1688
1991 44
743 930
1663 1258
1568 1174
613 1954
1201 1131
1142 1865
1642 1195
484 1078
1150 1118
199 661
130 1097
545 567
179 1624
