2000 3997
1994 1603
383 331
107 383
231 383
383 1958
383 325
529 1994
708 1994
1994 1225
383 690
383 378
829 1994
1994 1421
383 1713
1994 1649
1999 383
153 1994
1994 1706
1994 1496
383 178
383 717
1118 383
383 1750
1822 383
383 629
1663 1994
383 523
1832 383
383 742
1357 383
430 1994
207 383
1585 383
621 1994
1766 383
382 383
1994 899
383 1707
797 383
631 383
383 803
1896 1994
1994 1821
1489 383
1994 1202
1403 1994
1018 383
619 383
431 1994
1333 1994
1994 204
383 1468
376 1994
1994 1124
559 383
1994 1630
383 1981
1994 596
934 383
1311 1994
1912 1994
1017 1994
15 1994
1044 1994
383 1568
383 1106
1994 1111
383 676
526 383
383 1705
383 1128
1994 1828
589 1994
1545 1994
1994 1685
148 1994
1333 383
1241 1994
1994 664
383 1196
267 383
1258 1994
1302 1994
470 383
451 383
383 286
1994 1168
383 695
383 424
1670 1994
889 1994
1994 1175
1994 738
383 779
804 1994
383 908
1906 1994
166 1994
1028 383
327 383
1684 383
1007 1994
1652 1994
1994 1766
693 1994
1994 293
272 1994
383 948
383 1739
1994 1474
383 1951
1994 1556
383 718
1994 279
447 1994
383 1110
1264 1994
458 383
803 1994
802 383
383 653
383 957
1994 50
1467 383
1763 1994
1676 383
498 383
1994 162
383 937
1675 1994
1021 383
1994 455
1994 645
383 930
472 1994
383 1267
383 102
1908 1994
270 1994
1994 1814
383 188
1918 1994
1544 383
1403 383
506 1994
1586 1994
1994 1656
1994 1012
1994 1535
383 117
273 383
19 1994
1351 1994
1994 217
73 1994
1994 535
383 898
383 1382
203 383
1994 1110
1683 1994
383 1126
1757 1994
1238 1994
383 857
1994 1454
383 1736
383 1323
1994 1767
1994 1742
288 1994
383 1034
1792 383
1571 383
1472 383
383 1195
1359 383
1164 1994
383 1414
1288 1994
1994 154
1623 383
1994 873
383 1329
1274 383
1994 1070
454 383
383 391
1994 1793
1348 1994
383 1010
1658 383
1373 1994
1994 617
383 1259
407 383
1575 1994
383 448
1200 383
383 1912
383 591
1292 383
1994 864
177 383
1994 1974
383 1929
1019 383
383 969
1994 564
1081 1994
383 1645
383 317
939 383
1994 1344
1115 383
1103 383
607 383
1508 383
383 1690
383 1422
1994 1805
489 383
383 1020
383 954
1894 383
1032 383
383 278
383 1828
1994 289
1504 383
383 1450
92 1994
383 517
127 1994
390 1994
812 1994
383 1099
1501 383
1065 383
383 1608
383 104
383 642
383 808
1387 1994
1582 383
1994 1593
325 1994
620 383
383 1593
383 1748
479 383
383 1399
1994 268
1531 1994
1994 1187
1994 1801
383 158
383 541
451 1994
1305 1994
1614 1994
1200 1994
1994 786
481 383
383 1122
1739 1994
918 1994
1856 383
383 235
383 478
1719 383
1994 1234
1994 1499
1842 1994
1519 383
1001 1994
1994 1189
383 416
1636 1994
806 383
1740 1994
1994 1473
1679 383
383 480
1805 383
383 689
383 1956
560 383
383 508
514 1994
1256 383
1994 1658
1994 1436
743 1994
833 1994
383 1943
634 1994
1994 1507
383 9
1968 1994
584 1994
1897 1994
860 1994
648 383
1994 1967
1849 383
1994 610
927 1994
322 1994
316 1994
469 383
383 1664
1994 1565
383 88
1994 1772
5 383
1924 383
383 1768
383 1117
1994 958
1994 14
493 1994
1994 1734
1994 27
383 935
413 1994
383 374
1994 1775
736 383
1983 383
1994 435
1994 1463
191 383
383 1686
1994 879
484 1994
383 65
1994 1992
1462 383
383 73
440 1994
383 594
383 373
580 383
549 1994
1738 383
1199 383
383 1537
1689 383
383 303
1920 383
383 630
383 1858
1994 1477
383 519
413 383
1498 383
1994 704
383 547
26 383
1994 1853
75 1994
1245 383
1994 915
383 1829
1387 383
1552 383
383 1526
918 383
842 1994
1994 1836
303 1994
1994 923
1703 1994
1609 1994
383 426
383 1415
500 1994
383 1651
43 1994
1822 1994
185 383
1932 383
1994 1207
383 1668
1994 311
121 383
383 1930
383 558
1182 383
383 1538
501 1994
1730 1994
509 1994
1994 32
1261 1994
866 383
1616 383
383 364
383 884
1994 1700
338 383
1994 103
656 1994
234 383
1573 1994
1994 1353
579 383
1994 1546
1994 1629
633 1994
784 383
100 383
383 1158
466 1994
1994 1252
155 1994
1994 1898
1994 1079
955 1994
1642 383
1994 381
1604 383
1994 668
702 1994
1994 609
1994 1854
122 383
19 383
1994 1903
1994 1873
1994 1292
1966 383
383 1043
553 1994
383 830
383 1111
1982 383
149 383
1994 306
686 383
383 238
146 1994
1883 1994
1863 383
1994 1442
383 997
383 159
1994 1441
383 1152
521 383
515 1994
1040 383
383 1835
1510 383
322 383
961 1994
1994 1907
383 112
383 1514
386 383
383 475
432 1994
1994 849
1592 383
801 383
1994 1840
383 770
1994 70
383 1617
1994 343
248 383
1017 383
1994 1399
1994 1345
262 383
1994 624
1994 1038
1994 1863
1994 539
1386 383
312 383
1114 1994
397 1994
1994 862
1994 191
1994 1813
1994 1058
1729 383
1628 1994
192 1994
383 1134
383 1277
1728 1994
383 956
34 1994
70 383
99 1994
279 383
992 383
383 655
509 383
383 105
1994 1209
1556 383
1994 1063
383 647
1994 1448
1806 383
1994 550
383 914
1500 383
1994 327
383 392
1196 1994
2 383
383 161
1994 88
1994 734
1994 365
1927 1994
569 383
1994 827
383 1499
263 383
365 383
1727 1994
533 383
383 55
648 1994
595 383
362 1994
1969 1994
1938 1994
383 926
240 1994
682 1994
576 383
1994 1161
1006 383
1994 1913
1230 383
1100 383
620 1994
383 171
383 1119
383 1810
1682 1994
1089 1994
1994 825
552 1994
383 341
979 383
727 383
547 1994
383 1369
1354 383
383 1306
1886 1994
1677 383
1994 1450
1746 383
1184 383
1994 1045
236 1994
1962 383
1994 341
1994 1145
383 1486
1994 1275
1994 1921
1994 1086
4 383
106 1994
383 257
324 1994
1562 383
1994 1768
383 297
905 1994
1994 874
1994 411
383 622
949 383
722 383
383 945
383 1016
1561 383
473 1994
464 1994
1994 1098
1994 1355
383 1255
383 1681
383 1476
1169 1994
383 1280
1220 383
1994 1745
1994 1359
1590 1994
629 1994
1749 383
383 1384
1947 1994
383 114
383 764
383 77
975 383
1994 361
795 383
383 35
383 1531
1994 410
805 383
1324 1994
615 383
383 1254
1231 383
383 245
383 1051
1994 1790
745 1994
1994 12
383 1968
29 383
1117 1994
383 328
1994 723
1239 383
1994 1521
383 739
1994 1522
1994 55
383 924
383 635
1994 1483
383 1540
1994 1427
847 1994
1994 1892
1994 198
1994 1414
1332 1994
324 383
558 1994
1796 383
383 1148
383 1431
1994 1024
1893 1994
1994 135
1412 383
476 383
1994 1631
1994 1173
383 1023
1374 1994
681 383
968 383
1005 1994
183 383
383 132
1895 1994
931 383
1994 84
557 1994
1011 1994
1515 1994
383 645
921 1994
1727 383
1041 383
1994 987
1994 1674
1712 1994
383 1406
1748 1994
643 1994
383 993
1551 383
1994 1610
797 1994
1991 1994
762 1994
733 383
1994 1082
1792 1994
1698 383
1700 383
1994 1256
383 1311
876 1994
383 1363
383 516
383 1090
1994 437
383 1074
1994 531
593 383
1428 383
383 1935
1553 383
992 1994
1994 1390
253 1994
1994 1322
1251 383
383 706
1949 383
1306 1994
1994 366
383 1867
294 383
284 1994
1526 1994
1994 1848
1961 1994
1994 1795
1994 1159
793 1994
383 45
607 1994
886 383
383 776
1994 1479
46 1994
1938 383
383 1132
1994 716
383 894
116 383
90 383
1647 1994
383 285
1193 383
1301 383
383 1546
383 536
1676 1994
1994 1752
383 818
383 1692
173 1994
383 1046
1580 1994
358 1994
170 1994
1706 383
598 383
1994 304
623 1994
1462 1994
452 383
1823 383
308 383
419 1994
383 723
583 1994
1278 1994
1994 1943
383 1543
1653 383
1994 930
1994 1964
86 1994
384 383
1994 1855
504 383
1873 383
1994 1756
1994 1053
1994 257
1994 652
691 383
781 1994
1994 1916
1064 1994
178 1994
962 1994
383 1174
383 708
1994 1520
911 383
383 1252
900 1994
383 193
83 383
1600 383
383 1557
1596 1994
458 1994
1917 383
1635 383
383 1071
1726 383
1994 1299
1227 1994
1574 383
383 1395
383 1487
1994 1849
383 991
1711 383
383 1825
383 600
383 1534
261 1994
1049 1994
946 1994
910 383
1380 383
570 383
1279 1994
540 1994
106 383
1180 383
1398 383
625 1994
891 383
1147 1994
252 1994
1725 383
1584 1994
755 1994
383 1191
1994 1158
1042 383
1994 1831
1365 1994
1994 1513
1994 1060
383 389
383 1837
1994 1343
1798 383
383 1907
1407 383
383 1783
1994 340
383 1469
383 724
1753 383
126 1994
1994 1950
383 1919
1235 1994
383 528
658 1994
383 1288
1994 168
1994 758
1824 383
383 128
383 1675
1994 1091
121 1994
896 383
383 1147
383 822
383 181
383 632
383 715
30 383
590 383
1858 1994
1925 383
1994 1888
1236 383
383 1426
1994 1920
383 1909
1641 383
1285 1994
626 1994
1875 383
383 337
349 1994
1659 1994
251 1994
383 538
83 1994
1994 479
369 1994
1375 1994
1197 1994
731 383
1775 383
1994 1407
1736 1994
1994 1860
223 383
161 1994
1994 917
1291 383
1994 1260
1994 1369
897 1994
215 383
1517 383
1018 1994
383 244
1313 383
230 1994
1994 969
193 1994
1711 1994
169 383
21 383
1994 591
1093 1994
1263 1994
1317 1994
1994 562
390 383
1994 641
1994 988
1994 281
1994 266
1093 383
383 256
120 383
383 1665
1773 1994
383 929
1994 985
1994 1440
1947 383
1245 1994
1759 383
937 1994
1498 1994
1994 834
680 1994
383 923
383 129
1994 1078
1994 125
686 1994
383 831
383 953
383 860
383 887
1994 49
1994 9
134 1994
383 78
428 383
748 1994
1625 383
1994 259
374 1994
383 288
1780 1994
1401 383
1802 1994
383 315
1994 1702
1994 1277
1994 1476
1109 383
821 383
616 1994
1994 1059
383 1350
383 496
207 1994
1596 383
1994 231
1666 383
383 1418
605 1994
1781 1994
1851 383
1994 981
383 1853
1994 691
893 1994
976 383
383 844
383 1482
1651 1994
1948 383
117 1994
1994 1470
1994 1386
383 847
1763 383
1994 1718
1994 719
383 716
1994 1782
669 383
1003 1994
1699 1994
1297 383
1525 1994
1816 1994
383 1584
1239 1994
1994 1808
1994 1413
220 383
935 1994
1994 819
1454 383
1994 1945
568 383
41 383
383 1400
1224 1994
383 858
839 1994
1368 383
1572 383
383 1559
383 1383
383 636
1994 1021
1994 1354
383 981
1994 1319
383 1710
1994 352
1994 519
1994 383
383 408
301 383
1994 1080
595 1994
1346 383
1151 1994
383 1594
85 1994
1243 383
1994 1494
1509 1994
655 1994
1994 683
383 1388
1994 1425
62 383
1579 383
1994 337
1994 894
1576 383
383 761
1994 336
383 880
1994 8
321 383
1994 1199
947 1994
309 383
1994 1677
1437 1994
383 361
152 383
156 383
383 646
1271 1994
1994 1826
467 1994
383 901
1954 383
1994 1769
1480 1994
48 1994
1994 1385
383 197
383 227
1994 725
383 1682
383 232
383 817
1994 444
1994 965
523 1994
1028 1994
1994 176
1271 383
383 575
1869 1994
1356 1994
1795 383
1994 110
1809 383
1994 1123
59 1994
1262 383
383 766
383 734
1994 1619
615 1994
834 383
383 544
669 1994
1994 1192
1056 1994
383 1440
1994 792
383 314
1994 870
596 383
1715 1994
1994 520
1012 383
82 1994
383 1993
1307 1994
1994 593
383 685
383 778
383 1304
1512 1994
375 383
1994 1294
383 1874
1994 1696
383 1691
666 383
1994 1492
383 229
638 383
1994 177
383 1320
1994 1465
1994 1996
345 383
383 1860
417 383
1392 383
1465 383
383 1811
486 1994
1994 765
439 383
1851 1994
383 1799
1516 383
383 1854
486 383
1994 418
732 1994
311 383
1994 1141
1994 859
1994 902
785 383
383 39
1994 866
869 1994
1296 1994
1994 119
1994 654
1994 1904
921 383
1994 590
383 1737
1050 383
1433 383
329 1994
1994 771
383 1632
1994 1444
383 46
1994 1316
383 654
1297 1994
1536 383
1994 1205
373 1994
1901 383
1994 940
614 1994
383 1237
518 383
383 1868
1994 57
856 383
1994 1193
1994 189
1994 16
383 1217
712 383
1994 1129
491 383
1555 1994
1397 383
383 1934
260 1994
1994 828
456 383
383 353
127 383
383 1921
383 379
1994 1867
383 1114
115 1994
1044 383
17 1994
1764 1994
87 1994
1994 378
1009 1994
1994 77
1994 796
685 1994
1328 1994
383 165
1914 1994
772 1994
713 1994
525 383
383 889
305 1994
577 1994
712 1994
1994 344
1609 383
1994 498
507 1994
1331 1994
383 1339
383 1891
1994 335
1442 383
1576 1994
1629 383
1826 383
1847 383
1026 1994
1217 1994
1979 1994
1994 1729
490 383
383 661
422 1994
1994 780
1518 1994
1575 383
383 36
1631 383
1994 1137
1994 1574
383 1453
383 1002
1995 383
1267 1994
772 383
383 743
1072 1994
1650 383
508 1994
1642 1994
932 383
383 1084
1564 383
383 1212
1994 1102
1338 1994
255 383
383 1558
705 383
1601 383
1099 1994
383 1649
383 960
406 1994
1764 383
1994 705
383 1410
426 1994
1994 1779
1134 1994
652 383
383 1459
1481 1994
605 383
1994 1959
167 383
383 98
1994 1280
1994 1777
64 383
395 1994
383 68
383 217
1032 1994
383 938
1112 1994
377 383
1994 1691
383 940
1402 383
682 383
1247 1994
206 1994
1312 1994
60 1994
1201 1994
1031 1994
1811 1994
1994 554
1301 1994
1994 1744
1994 1595
1880 383
1685 383
1122 1994
1994 1495
454 1994
453 383
1994 505
1994 377
1765 1994
1994 262
922 1994
383 913
1994 934
1161 383
1410 1994
383 1276
1994 1704
383 634
461 1994
1994 770
383 589
1994 642
1994 164
383 1326
574 383
1872 1994
383 1273
679 383
925 1994
383 1566
1944 383
1994 1039
383 239
1743 1994
1647 383
1994 1432
383 205
258 383
1994 1121
1994 724
79 383
1628 383
383 1325
1248 383
1994 184
598 1994
383 1299
383 1308
1253 1994
1464 383
383 962
713 383
122 1994
908 1994
838 1994
754 1994
383 973
1190 1994
383 804
383 1475
1223 1994
1994 1293
1031 383
383 1427
1955 383
1994 1934
1994 56
347 383
1994 760
1994 470
2 1994
1994 534
1077 1994
1994 1532
684 1994
599 1994
383 84
1994 1203
485 1994
766 1994
192 383
383 1463
1994 1540
662 1994
383 1367
1389 1994
736 1994
383 552
1689 1994
383 1443
1994 1930
139 1994
383 1054
464 383
383 1198
383 1077
383 1911
1310 1994
404 1994
1994 1146
383 833
1994 1928
1994 93
1257 1994
44 383
242 1994
612 383
1994 1452
1994 1911
1954 1994
383 141
1095 1994
1898 383
1994 1408
383 828
1994 1865
1265 1994
180 383
1080 383
1994 569
1370 1994
1994 1315
1570 1994
1994 1000
1804 1994
1994 1789
1994 360
383 1800
1850 383
913 1994
1830 1994
1994 152
300 1994
383 548
1194 383
1994 1504
1497 383
720 1994
906 383
383 1116
185 1994
383 1735
383 1670
1906 383
1994 936
439 1994
290 383
289 383
383 1151
1237 1994
383 515
202 383
979 1994
551 383
383 1366
383 403
1994 851
383 744
1994 1347
92 383
383 271
1994 1418
383 882
749 383
1758 383
383 532
1289 383
1709 1994
1994 297
383 1098
1612 1994
1603 383
546 383
383 2000
1994 570
1994 1597
1994 586
660 1994
1994 1167
1645 1994
959 1994
1850 1994
383 1063
4 1994
1482 1994
383 184
1994 1554
763 383
1994 1119
1903 383
527 1994
672 383
1777 383
131 383
1994 950
1589 383
1994 1394
1994 1419
1994 104
1995 1994
637 1994
1994 347
1207 383
1069 383
1994 1891
383 425
1005 383
265 1994
750 1994
1994 1796
136 1994
1165 383
1608 1994
383 1211
1994 280
383 1803
449 1994
947 383
387 383
295 383
386 1994
1348 383
1994 319
383 1680
383 58
1626 383
441 383
383 846
1994 1668
383 1481
611 383
1994 653
1994 40
1994 124
667 383
581 1994
1458 383
383 397
1976 383
1994 1144
1994 1157
1289 1994
1364 383
164 383
383 810
1569 383
1994 696
1881 1994
1994 672
383 641
1994 429
383 777
1900 1994
383 1445
1994 887
1994 1501
1994 541
1025 383
1994 1838
539 383
1269 383
1797 383
1994 221
383 1884
1797 1994
383 168
1349 1994
1994 97
1163 383
54 1994
383 838
383 1242
643 383
1994 1240
383 988
1994 1592
1621 1994
383 1004
711 383
301 1994
1750 1994
1195 1994
51 1994
246 383
1377 1994
383 313
606 383
1994 442
265 383
52 1994
383 1097
383 1404
1345 383
383 984
383 867
1230 1994
1994 1713
383 1172
875 383
1340 383
1994 283
1085 1994
383 1154
182 1994
1994 212
819 383
383 1902
1994 1737
1994 632
1994 763
1994 1380
1420 1994
1994 275
893 383
383 854
383 69
383 166
383 170
383 1841
1322 383
485 383
1679 1994
1994 453
383 1776
383 543
1751 383
317 1994
119 383
1994 321
1967 383
1994 213
383 1923
1772 383
474 1994
383 1003
1994 777
943 383
990 383
1712 383
1994 1812
863 1994
383 1241
560 1994
1994 678
575 1994
1994 1461
1401 1994
421 383
383 794
383 1247
375 1994
271 1994
1411 383
1994 1062
383 31
1994 116
383 1515
383 907
1806 1994
1994 742
383 1222
1994 1817
1994 233
901 1994
1994 1074
1807 383
1994 1870
315 1994
383 1284
1447 383
1994 1171
1340 1994
383 460
1083 1994
368 383
491 1994
443 383
383 1997
383 1429
1994 203
383 1164
1994 1084
1994 1262
1994 1939
1661 1994
1994 229
383 780
1994 1626
1178 1994
383 1189
1932 1994
383 1091
1844 1994
383 22
512 383
383 1394
1557 1994
1009 383
1662 383
1994 756
1027 1994
1457 383
383 1793
1994 1508
1325 1994
383 113
649 383
1994 37
1994 452
613 1994
1994 158
1396 1994
1264 383
884 1994
94 1994
1994 757
383 963
1156 383
1165 1994
383 1270
383 1435
383 1377
383 1974
414 383
1994 822
1994 665
209 383
1615 1994
939 1994
1709 383
320 1994
1762 1994
383 933
891 1994
869 383
741 1994
383 768
1994 1487
853 383
612 1994
147 383
383 765
383 651
1994 1
383 1056
1994 1654
1231 1994
210 1994
630 1994
26 1994
1186 383
1994 475
383 459
1486 1994
307 1994
623 383
749 1994
383 692
383 1206
520 383
1336 1994
383 1101
1042 1994
1648 1994
1994 1194
1994 1149
1994 837
505 383
1994 932
1994 1539
269 383
998 383
123 1994
1879 1994
1192 383
1994 10
1994 143
385 1994
383 1998
383 16
1994 239
383 1542
1994 963
1994 1552
1994 907
1994 1283
1859 1994
383 91
54 383
383 1413
1994 1955
1877 383
383 1545
1848 383
383 1266
1318 1994
1994 1426
1096 1994
1994 1568
1994 41
1994 1050
1081 383
1614 383
383 1434
383 1857
383 1813
1994 61
1336 383
1933 1994
1087 1994
903 383
1994 852
176 383
383 1490
1994 1787
1176 1994
1994 806
1994 1684
383 1448
1657 1994
1994 867
187 1994
383 1187
312 1994
383 752
1994 338
383 409
383 897
1761 383
225 1994
1066 383
383 1965
1687 383
1994 830
837 383
383 332
1994 290
1994 1874
1994 904
549 383
383 1480
383 1565
1994 943
1113 383
1994 933
1052 383
717 1994
1994 1220
604 1994
383 1485
298 383
383 704
1994 1388
1994 29
617 383
1994 510
1665 1994
53 1994
383 57
1994 314
1265 383
383 1258
383 6
722 1994
476 1994
18 383
23 1994
1838 383
1994 1708
1994 844
1109 1994
848 1994
1994 1488
1667 383
383 412
1994 292
1293 383
1994 1357
895 1994
383 154
879 383
10 383
383 677
1994 1466
1994 310
888 383
383 1908
1272 383
383 179
1798 1994
1994 294
383 1946
383 60
1205 383
690 1994
1994 799
308 1994
1994 398
1994 1226
1994 1825
1002 1994
237 383
383 465
383 1812
1994 1926
1310 383
1994 551
775 383
997 1994
383 501
383 1278
472 383
383 738
383 1755
955 383
692 1994
678 383
159 1994
423 1994
157 1994
383 23
1243 1994
260 383
1994 1819
782 1994
383 503
383 561
1994 1599
1994 42
1090 1994
67 383
383 12
706 1994
1994 1125
1527 383
1994 811
1714 383
1994 1416
1287 383
1994 1732
1994 1604
1988 1994
1124 383
1994 1358
832 383
383 276
1994 603
1162 383
383 358
1598 1994
180 1994
670 1994
383 737
1994 1128
383 189
1994 896
1994 427
383 1523
1994 1471
383 1120
383 1375
639 1994
1761 1994
1594 1994
668 383
383 1129
1994 1400
94 383
824 383
1994 1368
1330 383
1302 383
383 1801
394 1994
383 1312
383 1652
888 1994
1896 383
165 1994
383 319
854 1994
1705 1994
1249 383
1994 942
383 1505
1752 383
1334 383
1588 383
1994 264
1994 1221
857 1994
1172 1994
1627 1994
1612 383
1994 1785
221 383
383 1409
273 1994
383 1532
1994 1837
1640 383
1103 1994
147 1994
1610 383
1536 1994
1994 1346
1994 1204
775 1994
1829 1994
1994 649
1994 1618
383 1358
1994 24
1512 383
667 1994
383 1170
1994 699
1470 383
1160 383
835 383
383 500
754 383
1994 1878
1228 383
1987 1994
383 1939
1548 383
383 1646
1994 816
383 850
383 225
383 34
383 1089
296 1994
383 983
1815 1994
383 226
1994 1274
1994 1617
1116 1994
383 1390
1994 994
1055 383
383 899
1994 512
381 383
383 1621
366 383
1611 1994
412 1994
1994 1989
610 383
383 1238
1973 383
1994 108
726 1994
789 383
1994 909
1524 1994
1307 383
1171 383
15 383
1994 910
138 383
22 1994
1181 383
1994 929
383 774
383 1885
1994 368
383 1141
383 1928
524 1994
383 1088
85 383
1994 1411
383 1007
383 674
1073 383
1131 1994
1994 1585
812 383
383 372
383 1305
1994 156
1994 1641
525 1994
383 1814
383 1704
915 383
383 1524
383 277
1994 740
383 1787
383 230
246 1994
1169 383
1994 1066
1215 1994
383 1008
936 383
1994 286
1724 1994
1378 1994
1994 393
592 383
383 684
383 1260
383 710
1309 1994
13 1994
674 1994
383 1597
1222 1994
1994 1010
53 383
1994 1068
383 1630
383 1062
1582 1994
1994 1464
1994 391
1298 1994
388 1994
1569 1994
200 383
383 1839
855 383
383 1940
383 148
383 1865
383 8
1994 635
768 1994
1223 383
383 1027
902 383
1523 1994
1068 383
383 495
1994 576
383 725
1994 679
1994 342
82 383
1960 383
922 383
1994 1484
383 1355
383 751
383 534
1029 1994
1994 1514
383 351
383 1408
135 383
1502 1994
383 194
796 383
383 145
1994 592
1994 960
1994 1889
383 259
69 1994
383 17
109 1994
1994 416
1503 383
81 1994
383 1331
383 1024
383 762
383 340
1587 1994
1488 383
67 1994
658 383
107 1994
1994 1163
410 383
65 1994
383 96
11 383
419 383
383 1701
1703 383
980 383
1493 1994
42 383
1138 383
163 1994
1994 36
914 1994
1994 1475
249 1994
228 1994
1667 1994
1337 383
1994 1395
300 383
662 383
1779 383
383 1121
1694 383
208 1994
292 383
1994 1653
1994 1528
1701 1994
752 1994
360 383
1015 1994
383 1268
1994 1405
1994 1126
816 383
1994 1972
383 240
1994 1366
383 208
951 1994
359 1994
1606 1994
383 767
853 1994
62 1994
1352 383
1994 882
1994 1259
1069 1994
840 383
1417 383
1757 383
1176 383
1994 1875
383 1085
383 1157
383 1188
383 951
1150 383
1935 1994
1013 383
545 383
383 1754
383 1892
383 1246
1952 1994
383 890
383 602
383 1881
1533 1994
990 1994
1994 701
383 1365
504 1994
1994 938
825 383
383 190
1791 1994
1994 138
1656 383
1994 80
383 1953
1962 1994
1994 657
383 1202
383 1424
383 1724
383 1673
1290 1994
383 1461
383 1327
1994 258
1994 1735
1320 1994
1994 521
298 1994
1994 1572
1994 402
1994 727
383 1495
1994 588
383 431
1994 1323
1438 1994
1212 1994
1994 1980
182 383
383 1789
383 1637
383 1563
1655 1994
1136 1994
134 383
383 1479
183 1994
1362 1994
1994 1177
1170 1994
1959 383
21 1994
383 919
1994 33
383 66
735 383
574 1994
1919 1994
1474 383
356 383
1994 276
383 1029
383 1883
989 383
1978 1994
1994 1303
383 1654
1994 494
1994 1415
794 1994
490 1994
1174 1994
1683 383
1994 433
278 1994
1994 1100
383 247
1994 1671
383 436
383 1221
1852 383
1994 697
1994 1384
1994 1578
1922 383
1644 383
383 1381
892 383
1720 383
383 462
482 383
1318 383
383 123
1994 1273
1994 502
1994 255
383 952
1057 383
1771 1994
383 198
1445 1994
1242 1994
1994 1398
995 1994
710 1994
383 283
1994 970
1973 1994
383 1613
639 383
747 1994
1994 113
1439 1994
492 383
1994 602
1994 331
1072 383
1994 382
1994 137
1286 1994
1937 1994
1994 20
1899 1994
1994 1662
1994 409
1577 383
1268 1994
383 463
974 1994
1468 1994
689 1994
254 383
1351 383
383 540
383 1466
211 1994
1716 383
1979 383
1994 809
1994 44
383 411
1994 1071
1177 383
383 1298
1994 194
383 972
302 1994
383 1864
892 1994
1994 759
1994 1975
1517 1994
383 393
1986 1994
1108 1994
1162 1994
1994 405
791 1994
1770 1994
1994 370
1598 383
323 1994
1994 1313
1057 1994
336 383
383 1555
1994 1491
585 383
383 473
383 965
953 1994
1037 1994
1994 219
1107 383
383 1730
383 637
1994 1236
1341 1994
383 38
383 741
383 750
224 1994
383 562
241 1994
751 1994
633 383
1339 1994
383 1659
383 950
383 1771
1994 1714
747 383
383 714
343 383
1211 1994
709 383
326 1994
28 383
383 964
383 799
599 383
202 1994
199 1994
1940 1994
383 756
383 1168
1261 383
383 1521
383 1478
222 1994
1965 1994
1144 383
1416 383
140 1994
1905 1994
1994 223
383 1872
1994 456
1396 383
383 1341
1994 245
1887 1994
1503 1994
78 1994
1994 1958
1994 1637
1000 383
1913 383
1105 1994
383 222
383 1437
1078 383
760 383
227 1994
1149 383
1035 383
1458 1994
843 383
1994 675
759 383
7 383
600 1994
345 1994
383 530
1942 383
383 1460
151 383
1392 1994
383 1773
1076 383
1994 1075
1994 415
773 383
214 383
553 383
1624 1994
383 917
1184 1994
1994 601
1790 383
813 383
1364 1994
1994 721
383 432
1885 1994
449 383
511 383
383 299
871 383
383 75
51 383
1994 1019
687 1994
354 383
1994 120
1994 977
383 793
1994 38
364 1994
115 383
383 93
1983 1994
383 1988
1994 1153
195 1994
1994 1758
1559 1994
1994 1832
349 383
769 1994
1847 1994
1846 383
118 1994
1994 1218
242 383
1817 383
383 1281
1929 1994
1092 1994
307 383
1886 383
1994 1249
1497 1994
1721 383
1722 1994
1994 677
1436 383
1643 1994
1994 495
1994 1588
848 383
1994 1510
383 941
1994 868
1925 1994
1846 1994
1216 383
1741 383
1762 383
502 383
383 587
344 383
383 199
224 383
383 1643
798 383
1994 179
1994 1824
1994 1871
264 383
1538 1994
1338 383
1994 350
149 1994
1994 1094
1994 832
1108 383
1994 1185
1794 383
384 1994
773 1994
160 1994
1876 383
1994 1567
383 1879
1994 1006
739 1994
920 383
1878 383
1994 1073
1961 383
1941 1994
1890 383
1633 1994
1994 216
640 1994
1864 1994
1363 1994
1994 1997
383 1026
1994 1949
403 1994
1774 383
480 1994
383 1389
383 1048
1994 367
474 383
1666 1994
1994 778
383 1096
1901 1994
1562 1994
1459 1994
383 72
709 1994
1972 383
383 1015
783 1994
1506 383
968 1994
1717 383
383 1125
383 450
1994 250
383 461
1734 383
383 966
527 383
1994 1043
1994 354
1994 730
1861 383
1490 1994
1964 383
96 1994
565 383
1994 58
383 581
1994 205
383 272
383 584
1994 865
237 1994
56 383
1887 383
1994 238
1993 1994
1994 1876
614 383
1994 784
757 383
383 640
660 383
1994 172
1994 1981
383 1356
407 1994
383 800
1234 383
1840 383
125 383
383 1405
1248 1994
418 383
1994 1076
836 1994
1994 1581
1669 1994
383 306
580 1994
872 1994
1994 1527
1905 383
383 162
1300 1994
1994 627
1966 1994
619 1994
1994 141
435 383
1871 383
1507 383
1994 1393
1049 383
383 582
1994 594
841 1994
1994 68
383 608
573 1994
1975 383
492 1994
1602 1994
1549 1994
383 1915
383 1927
383 1471
95 383
1994 105
978 383
1994 1660
1994 1731
383 1294
383 1319
383 1893
383 1931
383 1324
383 1131
1728 383
1994 1542
1561 1994
383 249
383 514
383 1282
112 1994
1067 1994
1994 688
964 1994
1994 1334
218 383
698 1994
1994 980
1994 1783
1397 1994
1455 383
383 1244
383 1742
861 383
383 782
1530 383
383 334
1994 256
383 74
1994 1097
675 383
383 284
383 792
383 1732
383 211
585 1994
1994 1856
383 447
383 1214
1638 383
383 1438
644 383
764 1994
1802 383
1994 339
1455 1994
1994 528
906 1994
522 1994
383 1145
1994 389
383 1092
140 383
852 383
1994 1022
1573 383
1105 383
1994 845
877 1994
1449 1994
1994 1835
383 61
383 252
383 1033
383 1335
215 1994
1678 1994
383 1362
1994 1284
1699 383
383 213
383 1723
702 383
383 310
1994 1489
424 1994
1868 1994
1344 383
383 1378
1451 383
1994 1033
604 383
1994 71
1994 700
383 865
218 1994
1994 1852
383 236
1994 1721
1539 383
1984 1994
380 383
1627 383
103 383
81 383
383 555
399 1994
1843 383
572 1994
383 1518
1153 383
383 323
1648 383
1931 1994
986 1994
1994 1857
1994 1232
190 1994
631 1994
1994 949
1994 101
1693 383
1008 1994
383 904
1994 1101
1994 1681
1094 383
836 383
133 1994
1799 1994
1402 1994
1987 383
383 862
1634 383
1143 383
542 1994
201 1994
1994 532
1460 1994
868 383
1537 1994
383 958
1994 516
383 700
1994 2000
1067 383
1994 1326
1544 1994
1994 1571
1994 1800
1994 1505
1994 463
383 1218
1477 383
383 522
383 457
1916 383
1994 1155
383 1862
1428 1994
379 1994
173 383
1511 383
1994 1025
1994 1827
383 1240
383 1070
1353 383
299 1994
1994 1687
383 282
1994 1469
408 1994
1321 383
1994 1566
1994 392
944 383
3 383
383 210
383 109
849 383
1616 1994
626 383
1611 383
1061 1994
1994 1014
383 1233
1994 606
385 383
483 383
1286 383
383 628
383 143
1994 1690
1509 383
383 1743
130 383
383 1155
1980 383
383 398
787 383
383 567
383 1672
1994 1944
383 542
1924 1994
1910 383
587 1994
1888 383
400 383
711 1994
740 383
383 1452
399 383
1994 999
383 839
383 228
383 586
1994 1308
1994 1266
11 1994
383 1349
1994 1447
76 383
1994 282
1994 353
1257 383
1994 1843
465 1994
383 1491
139 383
383 1827
383 1014
1836 383
1756 383
1619 383
291 383
1994 840
1994 1710
383 1583
1190 383
204 383
1994 1733
383 1127
1994 1807
1994 983
383 376
1130 1994
37 383
72 1994
1994 39
814 383
564 383
28 1994
1994 234
1994 1922
991 1994
76 1994
80 383
1994 538
383 1449
1946 1994
557 383
383 928
383 513
383 1075
1994 537
1994 753
499 1994
1994 129
383 1290
383 370
1994 1923
383 1815
396 383
1994 1367
703 383
1994 555
108 383
1839 1994
1803 1994
1760 1994
1994 332
383 126
1994 1417
1613 1994
1994 956
572 383
820 1994
1435 1994
1936 383
1183 1994
383 422
383 753
95 1994
1890 1994
1533 383
383 206
1994 1135
383 1140
25 383
383 1226
1994 975
383 1446
235 1994
1213 1994
1994 128
482 1994
1994 274
1994 1148
383 1064
1754 1994
1372 1994
1994 561
383 720
1994 513
383 982
1065 1994
824 1994
383 369
1994 333
383 497
383 1419
746 1994
1229 383
790 383
1969 383
1899 383
1276 1994
1579 1994
1352 1994
1994 1143
1823 1994
47 383
1432 383
601 383
1994 1755
1548 1994
383 985
1251 1994
383 573
383 781
1560 1994
71 383
383 977
383 1059
1382 1994
383 1253
845 383
984 1994
383 970
1780 383
1994 1673
1994 1948
295 1994
1529 383
1726 1994
1994 1638
383 815
1166 1994
383 1473
1061 383
383 33
1371 383
941 1994
383 186
1046 1994
263 1994
383 971
1994 916
1994 1457
383 688
646 1994
383 1570
383 442
790 1994
342 383
948 1994
1601 1994
924 1994
1994 1337
1605 383
383 707
624 383
1034 1994
1994 488
383 1957
214 1994
1342 1994
1994 220
616 383
383 1971
383 346
383 670
90 1994
1994 957
1142 383
791 383
507 383
671 1994
268 383
383 335
1994 130
1994 443
1657 383
579 1994
383 1977
383 1441
1994 1634
383 1624
613 383
401 1994
1335 1994
1994 200
1900 383
383 111
529 383
383 566
1994 171
181 1994
35 1994
197 1994
1994 526
1994 244
1994 1723
383 659
1818 1994
383 14
383 1760
1994 1016
1994 417
383 1275
383 1314
1994 450
1994 544
1994 151
74 1994
1530 1994
1697 1994
621 383
1146 383
383 155
1994 694
383 1550
1994 890
1198 1994
1160 1994
1994 1154
1992 383
383 395
873 383
1994 91
383 1135
383 40
1786 1994
881 383
477 383
1994 944
383 650
383 1984
383 1201
383 48
1994 788
1391 1994
687 383
1994 1118
1404 1994
383 196
735 1994
383 404
1994 1625
625 383
1994 45
434 1994
383 1933
1485 1994
383 1639
383 823
978 1994
1994 536
414 1994
1342 383
1994 1132
1215 383
383 1011
383 320
383 1945
1994 718
383 89
728 383
1423 1994
383 1914
877 383
1994 186
496 1994
1994 638
383 1821
746 383
1431 1994
448 1994
1209 383
383 1715
466 383
1213 383
24 383
383 1986
1877 1994
537 383
383 554
1963 1994
383 1112
383 556
1994 1052
1370 383
383 719
383 758
383 430
1178 383
1994 1880
1970 1994
97 383
1994 728
1994 928
1994 1453
243 383
1994 1138
1541 1994
1994 98
383 445
1600 1994
383 755
1994 883
1994 568
1607 383
986 383
383 1769
1744 383
1994 1055
201 383
1142 1994
1472 1994
352 383
982 1994
100 1994
1994 530
175 383
1994 659
1994 31
993 1994
1994 1139
420 383
608 1994
1639 1994
383 1567
583 383
1994 1329
1263 383
769 383
1994 1233
131 1994
1383 1994
973 1994
1994 142
1529 1994
383 788
1994 1041
383 172
440 383
1994 1747
383 563
1022 383
383 1502
383 987
1035 1994
1994 1511
1994 462
13 383
1994 1717
1731 383
383 571
1994 1845
383 895
383 1678
1994 1884
383 437
1882 1994
383 999
1994 566
277 1994
1994 1424
1577 1994
1203 383
1994 1550
383 427
1994 1553
843 1994
511 1994
1994 64
383 1047
1994 871
1095 383
807 1994
383 1819
383 1166
911 1994
383 1133
1994 1564
383 362
701 383
1994 428
1994 1156
383 1123
1994 421
388 383
821 1994
383 1882
1554 383
1994 1862
1994 858
1994 1985
348 1994
1636 383
1605 1994
383 1870
1994 1776
1994 998
563 1994
850 1994
1994 363
1785 383
1994 1716
1994 1833
1994 926
823 1994
1671 383
1371 1994
406 383
383 1990
966 1994
383 1102
967 1994
1994 1004
438 383
1994 1788
471 1994
1994 351
1994 420
1719 1994
1994 813
1834 1994
1994 481
1994 1254
1994 517
383 1591
1994 1051
1994 174
79 1994
967 383
533 1994
383 1361
270 383
795 1994
1994 1127
145 1994
1430 383
1918 383
383 1483
383 603
383 597
697 383
383 1250
1994 1381
1994 1957
1516 1994
1994 1902
518 1994
383 1620
401 383
1054 1994
383 1444
89 1994
1994 175
383 1179
383 909
1994 737
304 383
383 468
274 383
1633 383
774 1994
1175 383
383 721
383 1669
1738 1994
383 696
1994 1152
383 656
744 1994
1994 898
3 1994
1741 1994
383 1784
383 1661
1994 1547
383 1104
1778 383
1 383
1446 1994
1620 1994
383 1889
831 1994
1994 1694
371 1994
383 1985
618 1994
383 699
1650 1994
1994 861
400 1994
383 1087
1285 383
1976 1994
1038 383
818 1994
1623 1994
383 1660
1816 383
499 383
383 680
457 1994
1269 1994
1994 814
1994 196
1332 383
348 383
383 1937
1547 383
383 487
1558 1994
1994 1270
872 383
118 383
357 383
1182 1994
1994 1695
1037 383
1994 707
1159 383
1994 856
1994 167
885 383
383 305
1994 1820
383 1082
383 1235
1994 1047
383 1866
383 859
383 253
330 383
1722 383
989 1994
287 1994
1956 1994
1994 1350
1994 920
1316 383
1478 1994
1994 1048
383 1941
1831 383
383 1897
383 50
1053 383
1994 1951
644 1994
383 1788
1492 383
383 588
383 1421
1994 565
383 1599
1379 1994
383 429
383 1745
1994 1953
383 807
1718 383
961 383
383 531
383 1770
383 1347
383 1587
1994 1942
285 1994
1994 1304
1994 66
383 1039
1994 1998
618 383
1425 383
783 383
318 383
1994 1219
546 1994
1180 1994
870 383
434 383
296 383
1500 1994
383 219
779 1994
1784 1994
302 383
651 1994
1915 1994
1994 954
383 1781
383 153
817 1994
1859 383
1861 1994
1655 383
383 698
1030 383
383 1549
647 1994
1467 1994
1994 1113
1393 383
383 1855
1994 1140
810 1994
1809 1994
383 729
1960 1994
383 863
383 355
1994 582
1994 597
169 1994
383 1581
1680 1994
1317 383
1330 1994
383 1137
383 333
383 1535
1060 383
63 383
455 383
503 1994
1214 1994
1120 1994
355 1994
383 1926
383 1697
383 363
383 1782
1250 1994
673 1994
1646 1994
460 1994
383 1167
1994 380
1725 1994
800 1994
383 1845
1994 328
441 1994
383 326
1895 383
144 1994
1208 1994
383 157
1456 1994
383 535
383 730
20 383
383 1484
102 1994
383 446
241 383
1058 383
436 1994
611 1994
556 1994
1287 1994
468 1994
636 1994
789 1994
383 1595
1994 1434
402 383
805 1994
650 1994
163 383
383 281
1994 269
160 383
694 383
383 86
309 1994
383 136
267 1994
1994 1982
383 49
266 383
1994 1635
1994 18
745 383
1361 1994
1994 912
1229 1994
488 383
1994 445
383 1844
1994 63
383 133
1994 1422
383 1303
1372 383
1778 1994
383 1173
1543 1994
478 1994
1994 346
1990 1994
1994 1295
261 383
1412 1994
1810 1994
1994 188
886 1994
383 1210
383 577
1994 1023
1522 383
383 841
1994 714
1030 1994
1707 1994
187 383
1994 787
383 1493
383 1295
1994 1664
1994 114
1702 383
1994 1632
383 1541
1994 571
243 1994
383 732
1994 1246
1994 567
1994 676
1374 383
1606 383
666 1994
251 383
1204 383
1586 383
150 383
383 1385
1910 1994
1994 1133
383 946
1994 1688
802 1994
483 1994
1991 383
878 1994
919 1994
1994 487
733 1994
1994 1519
1994 1686
383 110
1994 1228
287 383
996 383
1994 695
1950 383
1994 209
1439 383
446 1994
383 1224
383 1791
383 671
383 32
1994 1360
1994 248
1688 383
1994 1746
1994 1644
1994 1971
916 383
1520 383
1708 383
1045 383
820 383
1994 1040
1373 383
1692 1994
1994 971
885 1994
383 1309
786 383
383 663
1994 731
383 494
506 383
195 383
1591 1994
900 383
1001 383
1994 356
383 280
1994 330
1977 1994
383 350
811 383
1994 1936
383 1208
1994 111
383 467
254 1994
829 383
383 1674
212 383
383 1279
1186 1994
371 383
1994 1753
1994 1720
383 1328
1994 5
1590 383
1420 383
681 1994
1994 459
47 1994
912 383
329 383
383 1185
339 383
1909 1994
1989 383
1583 1994
359 383
383 693
1994 372
846 1994
627 383
959 383
661 1994
383 1360
1994 150
383 1904
1751 1994
1994 628
1994 880
383 1560
1994 1866
1994 1291
1994 396
815 1994
174 383
383 1834
383 1842
994 383
1999 1994
394 383
543 1994
383 748
367 383
1733 383
1036 383
976 1994
383 826
383 137
1765 383
493 383
1994 1281
383 1225
383 1496
1994 291
383 1315
1525 383
1994 1749
383 524
383 1136
489 1994
132 1994
383 995
1996 383
383 1978
1994 1272
996 1994
874 383
1994 1534
835 1994
1640 1994
383 1343
1994 1894
383 1130
1088 1994
1994 7
1767 383
334 1994
1994 548
1994 578
383 927
471 383
387 1994
1622 1994
550 383
1994 425
1994 6
1994 767
1994 715
275 383
383 1970
1994 1321
383 578
864 383
383 405
1115 1994
1833 383
1528 383
1693 1994
1994 357
25 1994
232 1994
383 43
1747 383
1994 30
1695 383
1869 383
1994 703
383 250
433 383
383 1696
1994 1774
657 383
1963 383
1994 881
247 1994
1423 383
1698 1994
383 683
952 1994
1994 798
1994 1188
1830 383
1139 383
383 316
142 383
855 1994
1804 383
383 99
1578 383
216 383
1210 1994
383 1494
383 423
383 1740
1994 826
559 1994
383 851
444 383
1181 1994
383 415
726 383
905 383
383 1602
1994 875
1994 1917
1622 383
945 1994
1563 1994
383 1083
1994 1672
477 1994
1759 1994
878 383
383 942
52 383
1206 1994
972 1994
383 974
1227 383
383 1197
146 383
1818 383
1994 1036
87 383
1994 903
383 1618
1451 1994
1994 1216
101 383
1994 931
383 1663
1994 1282
1994 1013
1994 1430
1183 383
1409 1994
1406 1994
383 1615
383 510
383 876
383 1391
1994 469
383 1296
1994 776
1314 1994
1994 808
318 1994
438 1994
383 1079
383 1232
313 1994
664 383
1994 1429
383 59
1020 1994
233 383
883 383
383 1513
801 1994
1086 383
383 1786
1607 1994
1244 1994
785 1994
383 293
1106 1994
1841 1994
1506 1994
1433 1994
383 484
383 144
383 124
673 383
1820 383
1376 383
1794 1994
1107 1994
383 1300
383 1808
383 1379
1283 383
27 383
1191 1994
1219 383
761 1994
383 842
1994 1589
609 383
1952 383
383 771
497 1994
1994 729
1994 622
226 1994
665 383
1104 1994
663 1994
1551 1994
383 809
1456 383
383 925
1994 1255
1327 1994
383 827
1994 545
1179 1994
1994 1443
1376 1994
1994 1150
383 1580
2000 2000 2000 2000 2000 2000 2000 2000 2000 2000 2000 2000 2000 2000 2000 2000 2000 2000 2000 2000 2000 2000 2000 2000 2000 2000 2000 2000 2000 2000 2000 2000 2000 2000 2000 2000 2000 2000 2000 2000 2000 2000 2000 2000 2000 2000 2000 2000 2000 2000 2000 2000 2000 2000 2000 2000 2000 2000 2000 2000 2000 2000 2000 2000 2000 2000 2000 2000 2000 2000 2000 2000 2000 2000 2000 2000 2000 2000 2000 2000 2000 2000 2000 2000 2000 2000 2000 2000 2000 2000 2000 2000 2000 2000 2000 2000 2000 2000 2000 2000 2000 2000 2000 2000 2000 2000 2000 2000 2000 2000 2000 2000 2000 2000 2000 2000 2000 2000 2000 2000 2000 2000 2000 2000 2000 2000 2000 2000 2000 2000 2000 2000 2000 2000 2000 2000 2000 2000 2000 2000 2000 2000 2000 2000 2000 2000 2000 2000 2000 2000 2000 2000 2000 2000 2000 2000 2000 2000 2000 2000 2000 2000 2000 2000 2000 2000 2000 2000 2000 2000 2000 2000 2000 2000 2000 2000 2000 2000 2000 2000 2000 2000 2000 2000 2000 2000 2000 2000 2000 2000 2000 2000 2000 2000 2000 2000 2000 2000 2000 2000 2000 2000 2000 2000 2000 2000 2000 2000 2000 2000 2000 2000 2000 2000 2000 2000 2000 2000 2000 2000 2000 2000 2000 2000 2000 2000 2000 2000 2000 2000 2000 2000 2000 2000 2000 2000 2000 2000 2000 2000 2000 2000 2000 2000 2000 2000 2000 2000 2000 2000 2000 2000 2000 2000 2000 2000 2000 2000 2000 2000 2000 2000 2000 2000 2000 2000 2000 2000 2000 2000 2000 2000 2000 2000 2000 2000 2000 2000 2000 2000 2000 2000 2000 2000 2000 2000 2000 2000 2000 2000 2000 2000 2000 2000 2000 2000 2000 2000 2000 2000 2000 2000 2000 2000 2000 2000 2000 2000 2000 2000 2000 2000 2000 2000 2000 2000 2000 2000 2000 2000 2000 2000 2000 2000 2000 2000 2000 2000 2000 2000 2000 2000 2000 2000 2000 2000 2000 2000 2000 2000 2000 2000 2000 2000 2000 2000 2000 2000 2000 2000 2000 2000 2000 2000 2000 2000 2000 2000 2000 2000 2000 2000 2000 2000 2000 2000 2000 2000 2000 2000 2000 2000 2000 2000 2000 2000 2000 2000 2000 2000 2000 2000 2000 2000 2000 2000 2000 2000 2000 2000 2000 2000 2000 2000 2000 2000 2000 2000 2000 2000 2000 2000 2000 2000 2000 2000 2000 2000 2000 2000 2000 2000 2000 2000 2000 2000 2000 2000 2000 2000 2000 2000 2000 2000 2000 2000 2000 2000 2000 2000 2000 2000 2000 2000 2000 2000 2000 2000 2000 2000 2000 2000 2000 2000 2000 2000 2000 2000 2000 2000 2000 2000 2000 2000 2000 2000 2000 2000 2000 2000 2000 2000 2000 2000 2000 2000 2000 2000 2000 2000 2000 2000 2000 2000 2000 2000 2000 2000 2000 2000 2000 2000 2000 2000 2000 2000 2000 2000 2000 2000 2000 2000 2000 2000 2000 2000 2000 2000 2000 2000 2000 2000 2000 2000 2000 2000 2000 2000 2000 2000 2000 2000 2000 2000 2000 2000 2000 2000 2000 2000 2000 2000 2000 2000 2000 2000 2000 2000 2000 2000 2000 2000 2000 2000 2000 2000 2000 2000 2000 2000 2000 2000 2000 2000 2000 2000 2000 2000 2000 2000 2000 2000 2000 2000 2000 2000 2000 2000 2000 2000 2000 2000 2000 2000 2000 2000 2000 2000 2000 2000 2000 2000 2000 2000 2000 2000 2000 2000 2000 2000 2000 2000 2000 2000 2000 2000 2000 2000 2000 2000 2000 2000 2000 2000 2000 2000 2000 2000 2000 2000 2000 2000 2000 2000 2000 2000 2000 2000 2000 2000 2000 2000 2000 2000 2000 2000 2000 2000 2000 2000 2000 2000 2000 2000 2000 2000 2000 2000 2000 2000 2000 2000 2000 2000 2000 2000 2000 2000 2000 2000 2000 2000 2000 2000 2000 2000 2000 2000 2000 2000 2000 2000 2000 2000 2000 2000 2000 2000 2000 2000 2000 2000 2000 2000 2000 2000 2000 2000 2000 2000 2000 2000 2000 2000 2000 2000 2000 2000 2000 2000 2000 2000 2000 2000 2000 2000 2000 2000 2000 2000 2000 2000 2000 2000 2000 2000 2000 2000 2000 2000 2000 2000 2000 2000 2000 2000 2000 2000 2000 2000 2000 2000 2000 2000 2000 2000 2000 2000 2000 2000 2000 2000 2000 2000 2000 2000 2000 2000 2000 2000 2000 2000 2000 2000 2000 2000 2000 2000 2000 2000 2000 2000 2000 2000 2000 2000 2000 2000 2000 2000 2000 2000 2000 2000 2000 2000 2000 2000 2000 2000 2000 2000 2000 2000 2000 2000 2000 2000 2000 2000 2000 2000 2000 2000 2000 2000 2000 2000 2000 2000 2000 2000 2000 2000 2000 2000 2000 2000 2000 2000 2000 2000 2000 2000 2000 2000 2000 2000 2000 2000 2000 2000 2000 2000 2000 2000 2000 2000 2000 2000 2000 2000 2000 2000 2000 2000 2000 2000 2000 2000 2000 2000 2000 2000 2000 2000 2000 2000 2000 2000 2000 2000 2000 2000 2000 2000 2000 2000 2000 2000 2000 2000 2000 2000 2000 2000 2000 2000 2000 2000 2000 2000 2000 2000 2000 2000 2000 2000 2000 2000 2000 2000 2000 2000 2000 2000 2000 2000 2000 2000 2000 2000 2000 2000 2000 2000 2000 2000 2000 2000 2000 2000 2000 2000 2000 2000 2000 2000 2000 2000 2000 2000 2000 2000 2000 2000 2000 2000 2000 2000 2000 2000 2000 2000 2000 2000 2000 2000 2000 2000 2000 2000 2000 2000 2000 2000 2000 2000 2000 2000 2000 2000 2000 2000 2000 2000 2000 2000 2000 2000 2000 2000 2000 2000 2000 2000 2000 2000 2000 2000 2000 2000 2000 2000 2000 2000 2000 2000 2000 2000 2000 2000 2000 2000 2000 2000 2000 2000 2000 2000 2000 2000 2000 2000 2000 2000 2000 2000 2000 2000 2000 2000 2000 2000 2000 2000 2000 2000 2000 2000 2000 2000 2000 2000 2000 2000 2000 2000 2000 2000 2000 2000 2000 2000 2000 2000 2000 2000 2000 2000 2000 2000 2000 2000 2000 2000 2000 2000 2000 2000 2000 2000 2000 2000 2000 2000 2000 2000 2000 2000 2000 2000 2000 2000 2000 2000 2000 2000 2000 2000 2000 2000 2000 2000 2000 2000 2000 2000 2000 2000 2000 2000 2000 2000 2000 2000 2000 2000 2000 2000 2000 2000 2000 2000 2000 2000 2000 2000 2000 2000 2000 2000 2000 2000 2000 2000 2000 2000 2000 2000 2000 2000 2000 2000 2000 2000 2000 2000 2000 2000 2000 2000 2000 2000 2000 2000 2000 2000 2000 2000 2000 2000 2000 2000 2000 2000 2000 2000 2000 2000 2000 2000 2000 2000 2000 2000 2000 2000 2000 2000 2000 2000 2000 2000 2000 2000 2000 2000 2000 2000 2000 2000 2000 2000 2000 2000 2000 2000 2000 2000 2000 2000 2000 2000 2000 2000 2000 2000 2000 2000 2000 2000 2000 2000 2000 2000 2000 2000 2000 2000 2000 2000 2000 2000 2000 2000 2000 2000 2000 2000 2000 2000 2000 2000 2000 2000 2000 2000 2000 2000 2000 2000 2000 2000 2000 2000 2000 2000 2000 2000 2000 2000 2000 2000 2000 2000 2000 2000 2000 2000 2000 2000 2000 2000 2000 2000 2000 2000 2000 2000 2000 2000 2000 2000 2000 2000 2000 2000 2000 2000 2000 2000 2000 2000 2000 2000 2000 2000 2000 2000 2000 2000 2000 2000 2000 2000 2000 2000 2000 2000 2000 2000 2000 2000 2000 2000 2000 2000 2000 2000 2000 2000 2000 2000 2000 2000 2000 2000 2000 2000 2000 2000 2000 2000 2000 2000 2000 2000 2000 2000 2000 2000 2000 2000 2000 2000 2000 2000 2000 2000 2000 2000 2000 2000 2000 2000 2000 2000 2000 2000 2000 2000 2000 2000 2000 2000 2000 2000 2000 2000 2000 2000 2000 2000 2000 2000 2000 2000 2000 2000 2000 2000 2000 2000 2000 2000 2000 2000 2000 2000 2000 2000 2000 2000 2000 2000 2000 2000 2000 2000 2000 2000 2000 2000 2000 2000 2000 2000 2000 2000 2000 2000 2000 2000 2000 2000 2000 2000 2000 2000 2000 2000 2000 2000 2000 2000 2000 2000 2000 2000 2000 2000 2000 2000 2000 2000 2000 2000 2000 2000 2000 2000 2000 2000 2000 2000 2000 2000 2000 2000 2000 2000 2000 2000 2000 2000 2000 2000 2000 2000 2000 2000 2000 2000 2000 2000 2000 2000 2000 2000 2000 2000 2000 2000 2000 2000 2000 2000 2000 2000 2000 2000 2000 2000 2000 2000 2000 2000 2000 2000 2000 2000 2000 2000 2000 2000 2000 2000 2000 2000 2000 2000 2000 2000 2000 2000 2000 2000 2000 2000 2000 2000 2000 2000 2000 2000 2000 2000 2000 2000 2000 2000 2000 2000 2000 2000 2000 2000 2000 2000 2000 2000 2000 2000 2000 2000 2000 2000 2000 2000 2000 2000 2000 2000 2000 2000 2000 2000 2000 2000 2000 2000 2000 2000 2000 2000 2000 2000 2000 2000 2000 2000 2000 2000 2000 2000 2000 2000 2000 2000 2000 2000 2000 2000 2000 2000 2000 2000 2000 2000 2000 2000 2000 2000 2000 2000 2000 2000 2000 2000 2000 2000 2000 2000 2000 2000 2000 2000 2000 2000 2000 2000 2000 2000 2000 2000 2000 2000 2000 2000 2000 2000 2000 2000 2000 2000 2000 2000 2000 2000 2000 2000 2000 2000 2000 2000 2000 2000 2000 2000 2000 2000 2000 2000 2000 2000 2000 2000 2000 2000 2000 2000 2000 2000 2000 2000 2000 2000 2000 2000 2000 2000 2000 2000 2000 2000 2000 2000 2000 2000 2000 2000 2000 2000 2000 2000 2000 2000 2000 2000 2000 2000 2000 2000 2000 2000 2000 2000 2000 2000 2000 2000 2000 2000 2000 2000 2000 2000 2000 2000 2000 2000 2000 2000 2000 2000 2000 2000 2000 2000 2000 2000 2000 2000 2000 2000 2000 2000 2000 2000 2000 2000 2000 2000 2000 2000 2000 2000 2000 2000 2000 2000 2000 2000 2000 2000 2000 2000 2000 2000 2000 2000 2000 2000 2000 2000 2000 2000 2000 2000 2000 2000 2000 2000 2000 2000 2000 2000 2000 2000 2000 2000 2000 2000 2000 2000 2000 2000 2000 2000 2000 2000 2000 2000 2000 2000 2000 2000 2000 2000 2000 2000 2000 2000 2000 2000 2000 2000 2000 2000 2000 2000 2000 2000 2000 2000 2000 2000 2000 2000 2000 2000 2000 2000 2000 2000 2000 2000 2000 2000 2000 2000 2000 2000 2000 2000 2000 2000 2000 2000 2000 2000 2000 2000 2000 2000 2000 2000 2000 2000 2000 2000 2000 2000 2000 2000 2000 2000 2000 2000 2000 2000 2000 2000 2000 2000 2000 2000 2000 2000 2000 2000 2000 2000 2000 2000 2000 2000 2000 2000 2000 2000 2000 2000 2000 2000 2000 2000 2000 2000 2000 2000 2000 2000 2000 2000 2000 2000 2000 2000 2000 2000 2000 2000 2000 2000 2000 2000 2000 2000 2000 2000 2000 2000 2000 2000 2000 2000 2000 2000 2000 2000 2000 2000 2000 2000 2000 2000 2000 2000 2000 2000 2000 2000 2000 2000 2000 2000 2000 2000 2000 2000 2000 2000 2000 2000 2000 2000 2000 2000 2000 2000 2000 2000 2000 2000 2000 2000 2000 2000 2000 2000 2000 2000 2000 2000 2000 2000 2000 2000 2000 2000 2000 2000 2000 2000 2000 2000 2000 2000 2000 2000 2000 2000 2000 2000 2000 2000 2000 2000 2000 2000 2000 2000 2000 2000 2000 2000 2000 2000 2000 2000 2000 2000 2000 2000 2000 2000 2000 2000 2000 2000 2000 2000 2000 2000 2000 2000 2000 2000 2000 2000 2000 2000 2000 2000 2000 2000 2000 2000 2000 2000 2000 2000 2000 2000 2000 2000 2000 2000 2000 2000 2000 2000 2000 2000 2000 2000 2000 2000 2000 2000 2000 2000 2000 2000 2000 2000 2000 2000 2000 2000 2000 2000 2000 2000 2000 2000 2000 2000 2000 2000 2000 2000 2000 2000 2000 2000 2000 2000 2000 2000 2000 2000 2000 2000 2000 2000 2000 2000 2000 2000 2000 2000 2000 2000 2000 2000 2000 2000 2000 2000 2000 2000 2000 2000 2000 2000 2000 2000
